loss_total
-20.245450973510742
-20.407140731811523
-20.371156692504883
-20.469253540039062
-20.597444534301758
-20.753156661987305
-20.773433685302734
-20.770219802856445
-20.856266021728516
-20.9307918548584
-20.984615325927734
-20.906578063964844
-21.049423217773438
-21.22808837890625
-21.14681625366211
-21.188007354736328
-21.025602340698242
-21.49673843383789
-21.38620376586914
-21.395463943481445
-21.587905883789062
-21.507591247558594
-21.660398483276367
-21.922304153442383
-21.99294090270996
-22.08494758605957
-22.05693817138672
-22.334930419921875
-22.252111434936523
-22.622339248657227
-22.77536392211914
-22.894866943359375
-23.043521881103516
-23.589784622192383
-23.511150360107422
-23.910263061523438
-24.195423126220703
-24.40545654296875
-24.369224548339844
-25.148700714111328
-25.110122680664062
-25.62316131591797
-26.412038803100586
-26.881759643554688
-27.676149368286133
-28.067415237426758
-28.269704818725586
-27.80872344970703
-27.938236236572266
-27.975263595581055
-28.257984161376953
-28.25771141052246
-28.832700729370117
-29.15401840209961
-29.204286575317383
-29.093170166015625
-29.038970947265625
-29.20792007446289
-29.44393539428711
-29.396947860717773
-29.693016052246094
-29.80166244506836
-29.742759704589844
-29.66362953186035
-29.984743118286133
-29.914772033691406
-29.953454971313477
-30.188949584960938
-30.13367462158203
-30.231578826904297
-30.274484634399414
-30.382553100585938
-30.347553253173828
-30.496389389038086
-30.445030212402344
-30.554353713989258
-30.650854110717773
-30.629878997802734
-30.77212905883789
-30.771215438842773
-30.805675506591797
-30.86803436279297
-31.013671875
-31.068464279174805
-31.182151794433594
-31.211536407470703
-31.08182144165039
-31.199783325195312
-31.26235580444336
-31.44563102722168
-31.465774536132812
-31.471092224121094
-31.515018463134766
-31.649002075195312
-31.7683162689209
-31.91541290283203
-31.94999885559082
-32.04819107055664
-32.2713623046875
-32.339149475097656
-32.472965240478516
-32.543949127197266
-32.72311019897461
-32.883262634277344
-32.70414733886719
-32.97343063354492
-33.070613861083984
-33.09710693359375
-33.099365234375
-33.28195571899414
-33.33883285522461
-33.36159896850586
-33.51871871948242
-33.59344482421875
-33.57176971435547
-33.73533248901367
-33.847206115722656
-33.82416915893555
-33.768218994140625
-34.112606048583984
-34.26210021972656
-34.37581253051758
-34.430580139160156
-34.5611572265625
-34.79325866699219
-34.75288772583008
-34.89017105102539
-35.10658264160156
-35.0059814453125
-35.496402740478516
-35.388362884521484
-35.484012603759766
-35.45160675048828
-35.575313568115234
-35.49921417236328
-35.67407989501953
-35.82189178466797
-35.65525436401367
-35.98174285888672
-35.96115493774414
-36.223846435546875
-36.172462463378906
-36.22226333618164
-36.5877799987793
-36.61090850830078
-36.77320098876953
-37.030364990234375
-36.875091552734375
-37.30748748779297
-36.78612518310547
-37.605445861816406
-37.183753967285156
-37.49592208862305
-37.67250442504883
-37.641944885253906
-37.94389343261719
-37.83988952636719
-38.03986358642578
-37.66401672363281
-38.44972610473633
-38.25259780883789
-38.42805862426758
-38.61008071899414
-38.47259521484375
-38.37071990966797
-38.71315002441406
-38.84088897705078
-38.5268669128418
-38.894866943359375
-38.79833221435547
-38.76910400390625
-39.22825241088867
-39.18113327026367
-39.207557678222656
-39.19157791137695
-39.341400146484375
-39.48698043823242
-39.53546142578125
-39.624202728271484
-39.379634857177734
-39.64669418334961
-39.450218200683594
-39.63393783569336
-39.428672790527344
-39.94053268432617
-39.582942962646484
-39.90202331542969
-39.889739990234375
-39.91104507446289
-39.958953857421875
-40.0622673034668
-40.2076530456543
-40.16492462158203
-40.318824768066406
-40.350372314453125
-40.345096588134766
-40.49003601074219
-40.40043640136719
-40.444786071777344
-40.58663558959961
-40.63887405395508
-40.59611129760742
-40.72085189819336
-40.62504577636719
-40.81196594238281
-40.87881851196289
-40.76717758178711
-40.94221115112305
-40.87396240234375
-40.783809661865234
-40.867027282714844
-41.07984924316406
-40.676231384277344
-41.020660400390625
-40.65964889526367
-41.059471130371094
-40.536407470703125
-40.53068161010742
-41.29067611694336
-40.73623275756836
-41.29151153564453
-40.48936462402344
-40.45075988769531
-41.190757751464844
-40.80923080444336
-40.55592727661133
-41.60538864135742
-41.119873046875
-40.81511306762695
-41.554534912109375
-40.92481231689453
-40.85087203979492
-41.43959426879883
-41.19872283935547
-40.861122131347656
-41.285491943359375
-41.949954986572266
-41.30127716064453
-41.39516830444336
-42.09416198730469
-41.507102966308594
-41.4367561340332
-42.05519485473633
-41.737735748291016
-41.49068832397461
-42.04168701171875
-42.11348342895508
-41.82394790649414
-42.312744140625
-42.19355392456055
-42.0054817199707
-42.28485107421875
-42.126251220703125
-42.26485824584961
-42.522796630859375
-42.27510452270508
-42.29026412963867
-42.585968017578125
-42.52740478515625
-42.37738800048828
-42.543636322021484
-42.67498779296875
-42.934085845947266
-42.66205978393555
-42.824222564697266
-43.12242889404297
-42.89237976074219
-43.087158203125
-43.1367073059082
-42.955448150634766
-43.156314849853516
-43.13818359375
-43.224571228027344
-43.34465408325195
-43.41488265991211
-43.44751739501953
-43.40324783325195
-43.44526672363281
-43.64765167236328
-43.7708740234375
-43.77391052246094
-43.43016052246094
-43.62586212158203
-43.87833023071289
-43.62469482421875
-43.738643646240234
-43.99201965332031
-43.872222900390625
-43.93861389160156
-43.98440170288086
-44.09642791748047
-43.978702545166016
-44.30027770996094
-44.12287521362305
-43.91818618774414
-44.331825256347656
-43.98405075073242
-44.31864547729492
-43.9837760925293
-44.401920318603516
-43.9265251159668
-44.33259582519531
-44.34295654296875
-44.59518814086914
-44.28575134277344
-44.429115295410156
-44.47356414794922
-44.653709411621094
-44.86412048339844
-44.77754592895508
-44.869239807128906
-44.89751434326172
-44.979496002197266
-44.997928619384766
-45.01803970336914
-44.98081588745117
-45.074737548828125
-44.998905181884766
-45.127174377441406
-44.958396911621094
-45.11643981933594
-45.00193405151367
-45.183265686035156
-45.0290412902832
-45.13321304321289
-45.25725555419922
-45.271915435791016
-45.253116607666016
-45.43367385864258
-45.35734939575195
-45.33417892456055
-45.39179229736328
-45.289127349853516
-45.28201675415039
-45.42815399169922
-45.43561935424805
-45.467933654785156
-45.53271484375
-45.46723175048828
-45.59033203125
-45.59646987915039
-45.39196014404297
-45.56035614013672
-45.38078689575195
-45.51997756958008
-45.65562057495117
-45.66758346557617
-45.60668182373047
-45.65352249145508
-45.625213623046875
-45.85902786254883
-45.71672821044922
-45.636932373046875
-45.279300689697266
-45.42348861694336
-45.795799255371094
-45.07294464111328
-45.65179443359375
-45.75579833984375
-45.4028434753418
-45.49994659423828
-45.6522216796875
-45.89342498779297
-45.618831634521484
-45.90937042236328
-45.48747634887695
-45.84864807128906
-45.44145202636719
-45.78993225097656
-45.73301315307617
-45.82673645019531
-45.863224029541016
-45.761375427246094
-46.09217834472656
-45.77014923095703
-46.174049377441406
-46.07840347290039
-46.16604995727539
-46.23078536987305
-46.13899230957031
-46.38853454589844
-46.05437088012695
-46.25711441040039
-46.12146759033203
-46.36890411376953
-46.33253479003906
-46.33647155761719
-46.266056060791016
-46.20664978027344
-46.116207122802734
-46.35675048828125
-46.188575744628906
-46.33964157104492
-46.388389587402344
-46.40209197998047
-46.515045166015625
-46.46152114868164
-46.62190246582031
-46.51226806640625
-46.365570068359375
-46.508384704589844
-46.40840148925781
-46.58937454223633
-46.44306182861328
-46.533546447753906
-46.46391296386719
-46.53770065307617
-46.59219741821289
-46.52347183227539
-46.2456169128418
-46.650543212890625
-46.500701904296875
-46.66276550292969
-46.48828125
-46.57704162597656
-46.786293029785156
-46.66157913208008
-46.690677642822266
-46.398536682128906
-46.70952606201172
-46.73985290527344
-46.51634216308594
-46.67451477050781
-46.778533935546875
-46.58443832397461
-46.699501037597656
-46.56260681152344
-46.910606384277344
-46.7580451965332
-46.60546875
-46.7691764831543
-46.67509460449219
-46.797996520996094
-46.76169204711914
-46.6583251953125
-47.086326599121094
-46.852962493896484
-46.889678955078125
-47.06734085083008
-46.841468811035156
-46.95298767089844
-46.981964111328125
-46.902748107910156
-46.97578430175781
-46.877811431884766
-47.04511642456055
-46.881614685058594
-46.969051361083984
-46.955055236816406
-46.971553802490234
-47.11578369140625
-47.05182647705078
-47.063026428222656
-47.017921447753906
-47.18624496459961
-47.25082778930664
-47.135108947753906
-47.01603698730469
-47.29600143432617
-47.221229553222656
-47.241973876953125
-47.239295959472656
-47.23843765258789
-47.138702392578125
-47.282222747802734
-47.271392822265625
-47.29398727416992
-47.35836410522461
-47.28773498535156
-47.38125228881836
-47.344905853271484
-47.33160400390625
-47.22151184082031
-47.16461944580078
-47.40081024169922
-47.26629638671875
-47.35557174682617
-47.29670333862305
-47.214454650878906
-47.46337127685547
-47.330345153808594
-47.28137969970703
-47.31983947753906
-47.321266174316406
-47.48968505859375
-47.35597229003906
-47.109798431396484
-47.503509521484375
-47.379634857177734
-47.433353424072266
-47.35368728637695
-47.46803283691406
-47.38227844238281
-47.299285888671875
-47.427188873291016
-47.41238784790039
-47.58294677734375
-47.446014404296875
-47.4044075012207
-47.42384719848633
-47.53484344482422
-47.22483825683594
-47.34086990356445
-47.499507904052734
-47.59624099731445
-47.485084533691406
-47.58757781982422
-47.59962844848633
-47.486534118652344
-47.398399353027344
-47.56758117675781
-47.65144348144531
-47.68825912475586
-47.726837158203125
-47.7407341003418
-47.65285873413086
-47.55514144897461
-47.74584197998047
-47.56452178955078
-47.55527877807617
-47.43324279785156
-47.66953659057617
-47.60523986816406
-47.85518264770508
-47.65768051147461
-47.703800201416016
-47.77101135253906
-47.73597717285156
-47.75164031982422
-47.79069900512695
-47.8338737487793
-47.785667419433594
-47.87269592285156
-47.79649353027344
-47.693687438964844
-47.90279769897461
-47.86574172973633
-47.866119384765625
-47.89505386352539
-47.81681442260742
-47.787681579589844
-47.9134635925293
-47.83730697631836
-47.77264404296875
-47.75300598144531
-47.976951599121094
-47.88185119628906
-47.70438766479492
-47.69536209106445
-47.876800537109375
-47.98860168457031
-47.54665756225586
-47.7275390625
-48.0191764831543
-48.003746032714844
-47.79261779785156
-48.031070709228516
-47.97637939453125
-47.84922409057617
-47.948455810546875
-47.92078399658203
-48.037681579589844
-48.00742721557617
-48.040618896484375
-48.04267501831055
-48.01789855957031
-48.05693054199219
-47.82295227050781
-47.868194580078125
-47.740867614746094
-47.980804443359375
-48.04813766479492
-48.062294006347656
-48.06147766113281
-48.07124328613281
-48.133689880371094
-48.106998443603516
-48.024879455566406
-48.16680908203125
-48.124725341796875
-48.00896072387695
-48.158897399902344
-48.097782135009766
-48.181915283203125
-48.17570495605469
-48.134368896484375
-48.246707916259766
-48.2462158203125
-48.183475494384766
-48.11333465576172
-48.20571517944336
-48.12621307373047
-48.150901794433594
-48.18250274658203
-48.272193908691406
-48.28313064575195
-48.1756591796875
-48.24192428588867
-48.284324645996094
-48.298789978027344
-48.20442199707031
-48.129493713378906
-48.0867919921875
-48.27965545654297
-48.35587692260742
-48.40501022338867
-48.34910202026367
-48.34938049316406
-48.37558364868164
-48.37367630004883
-48.342288970947266
-48.439125061035156
-48.11509704589844
-47.87308883666992
-48.15789031982422
-48.45555114746094
-48.245025634765625
-48.08305740356445
-48.35258865356445
-48.296207427978516
-48.08692932128906
-48.218658447265625
-48.31843948364258
-48.429222106933594
-48.179176330566406
-47.99554443359375
-48.41552734375
-48.38087463378906
-48.29611587524414
-48.18553924560547
-48.0170783996582
-48.2710075378418
-48.494773864746094
-48.32181167602539
-48.39282989501953
-48.30414962768555
-48.257041931152344
-48.439056396484375
-48.450008392333984
-48.545066833496094
-48.519020080566406
-48.35264587402344
-48.374664306640625
-48.3565788269043
-48.533084869384766
-48.46992874145508
-48.57646179199219
-48.603660583496094
-48.61836242675781
-48.57391357421875
-48.51946258544922
-48.57649612426758
-48.58094787597656
-48.547245025634766
-48.621517181396484
-48.71638107299805
-48.66996765136719
-48.65428161621094
-48.56739807128906
-48.53312683105469
-48.46004867553711
-48.736351013183594
-48.65814208984375
-48.54648208618164
-48.64663314819336
-48.67035675048828
-48.395137786865234
-48.51738739013672
-48.6663703918457
-48.72793960571289
-48.63392639160156
-48.675315856933594
-48.69615936279297
-48.721336364746094
-48.65083694458008
-48.705928802490234
-48.65864944458008
-48.737274169921875
-48.76929473876953
-48.7728271484375
-48.715599060058594
-48.65011978149414
-48.688697814941406
-48.822479248046875
-48.670902252197266
-48.83490753173828
-48.82404327392578
-48.881874084472656
-48.92466735839844
-48.60271072387695
-48.49875259399414
-48.91009521484375
-48.853065490722656
-48.70717239379883
-48.4172248840332
-48.69487762451172
-48.99253845214844
-48.93875503540039
-48.753379821777344
-48.65680694580078
-48.80124282836914
-48.99171447753906
-49.021888732910156
-48.798004150390625
-48.75865173339844
-48.68777847290039
-48.904541015625
-48.8028450012207
-48.714141845703125
-48.95637130737305
-48.67768859863281
-48.57490921020508
-48.991127014160156
-48.9732666015625
-48.78074264526367
-48.77887725830078
-48.807098388671875
-48.66712188720703
-48.67174530029297
-48.9599494934082
-48.982460021972656
-48.81031799316406
-48.84508514404297
-48.94523620605469
-48.86054611206055
-49.0498161315918
-49.068946838378906
-49.00350570678711
-48.83659362792969
-48.7359504699707
-49.10586929321289
-49.12128448486328
-49.000205993652344
-48.82273864746094
-48.97377014160156
-49.1833610534668
-49.07054901123047
-49.08808517456055
-49.09765625
-48.93804168701172
-48.92381286621094
-49.05780029296875
-49.2447395324707
-49.03367614746094
-49.04554748535156
-49.133140563964844
-49.17212677001953
-49.09419250488281
-49.18734359741211
-48.96071243286133
-48.9513053894043
-48.67817306518555
-49.0758056640625
-49.23795700073242
-49.29719924926758
-49.147125244140625
-48.97262191772461
-48.978660583496094
-49.150840759277344
-49.089927673339844
-48.981895446777344
-49.06117248535156
-49.09665298461914
-49.17411422729492
-49.14253234863281
-49.20919418334961
-49.18516159057617
-48.99232482910156
-49.112239837646484
-48.98844909667969
-49.193511962890625
-49.34676742553711
-49.281925201416016
-49.13575744628906
-49.25090026855469
-49.24671936035156
-49.258270263671875
-49.400909423828125
-49.29732131958008
-49.25485610961914
-49.02880096435547
-49.02106475830078
-49.275978088378906
-49.34832000732422
-49.20792770385742
-49.23799133300781
-49.1334228515625
-48.99504089355469
-49.11250305175781
-49.385986328125
-49.223541259765625
-49.20231628417969
-49.21614074707031
-49.07917404174805
-49.097084045410156
-49.32151412963867
-49.3385124206543
-49.210479736328125
-49.20934295654297
-49.22217559814453
-49.15897750854492
-49.39713668823242
-49.50824737548828
-49.26106262207031
-49.382598876953125
-49.39288330078125
-49.28321075439453
-49.30792999267578
-49.43138122558594
-49.356712341308594
-49.456398010253906
-49.515804290771484
-49.428077697753906
-49.423770904541016
-49.41994857788086
-49.29951477050781
-49.44051742553711
-49.47801208496094
-49.55850601196289
-49.54227066040039
-49.552940368652344
-49.43733215332031
-49.19148254394531
-49.30744552612305
-49.33070373535156
-49.53881072998047
-49.435821533203125
-49.560543060302734
-49.456390380859375
-49.34528732299805
-49.47520065307617
-49.550777435302734
-49.49478530883789
-49.49806213378906
-49.445152282714844
-49.426544189453125
-49.52507019042969
-49.4764289855957
-49.539154052734375
-49.538055419921875
-49.487674713134766
-49.42027282714844
-49.465484619140625
-49.63916778564453
-49.50852966308594
-49.39604949951172
-49.23625183105469
-49.42676544189453
-49.56488800048828
-49.55595779418945
-49.47159194946289
-49.37122344970703
-49.351646423339844
-49.54180908203125
-49.51762008666992
-49.582916259765625
-49.66759490966797
-49.733909606933594
-49.652732849121094
-49.56450271606445
-49.50339126586914
-49.50493621826172
-49.41828918457031
-49.62257766723633
-49.79717254638672
-49.60748291015625
-49.711090087890625
-49.66067123413086
-49.69905090332031
-49.611446380615234
-49.49282455444336
-49.50825500488281
-49.614471435546875
-49.71404266357422
-49.644569396972656
-49.593021392822266
-49.495643615722656
-49.453521728515625
-49.734230041503906
-49.75137710571289
-49.79647445678711
-49.84160614013672
-49.76993942260742
-49.58507537841797
-49.591461181640625
-49.57109069824219
-49.508724212646484
-49.66908264160156
-49.658226013183594
-49.48141860961914
-49.57948684692383
-49.74931335449219
-49.50981521606445
-49.50804138183594
-49.7140007019043
-49.47890090942383
-49.296993255615234
-49.677581787109375
-49.761905670166016
-49.44818115234375
-49.61613464355469
-49.64685821533203
-49.66328811645508
-49.674476623535156
-49.90065002441406
-49.79609298706055
-49.470035552978516
-49.64672088623047
-49.77027130126953
-49.96504592895508
-49.921478271484375
-49.91643142700195
-49.78839874267578
-49.86927795410156
-49.745948791503906
-49.69753646850586
-49.74740982055664
-49.79085922241211
-49.86797332763672
-49.822975158691406
-49.78022766113281
-49.70683288574219
-49.829872131347656
-49.841007232666016
-49.846099853515625
-49.81674575805664
-49.758975982666016
-49.810150146484375
-49.79477310180664
-49.77997589111328
-49.89268493652344
-49.88663101196289
-49.862667083740234
-49.87598419189453
-49.89383316040039
-49.86966323852539
-49.818603515625
-49.843746185302734
-49.74889373779297
-49.82276153564453
-49.93556213378906
-49.881874084472656
-49.6934814453125
-49.87594985961914
-49.91565704345703
-49.70311737060547
-49.8592414855957
-49.98468017578125
-49.92155838012695
-49.96339416503906
-49.97011947631836
-49.936248779296875
-49.988338470458984
-49.868080139160156
-49.721107482910156
-49.87374496459961
-49.961639404296875
-49.91310501098633
-50.024635314941406
-49.98658752441406
-49.96767044067383
-49.93062973022461
-49.97102355957031
-49.99635314941406
-50.07990264892578
-49.976776123046875
-49.970970153808594
-49.88471603393555
-49.832740783691406
-49.88828659057617
-49.99363327026367
-49.8759651184082
-50.074668884277344
-49.97516632080078
-49.8533821105957
-49.947792053222656
-50.08997344970703
-50.09598922729492
-50.127899169921875
-50.128257751464844
-50.09056091308594
-49.90434265136719
-49.77073669433594
-50.03075408935547
-50.03363037109375
-49.74679946899414
-49.70158767700195
-50.03901290893555
-50.10624313354492
-49.80987548828125
-49.76328659057617
-49.98390579223633
-49.895103454589844
-49.66374969482422
-49.96743392944336
-50.127071380615234
-49.80635070800781
-49.96651840209961
-50.12788391113281
-50.195682525634766
-50.158546447753906
-50.20282745361328
-50.23642349243164
-50.18928527832031
-49.89832305908203
-49.745567321777344
-49.845054626464844
-50.06875228881836
-50.240177154541016
-50.23469543457031
-50.014102935791016
-49.86442947387695
-50.04239273071289
-50.14072036743164
-50.24797058105469
-50.29271697998047
-50.24195861816406
-50.11594009399414
-49.96320724487305
-50.004539489746094
-50.066707611083984
-50.27231979370117
-50.23537063598633
-50.11650848388672
-49.99553298950195
-49.98787307739258
-50.05357360839844
-50.21729278564453
-50.24907302856445
-50.21196365356445
-50.1673583984375
-50.017765045166016
-50.137062072753906
-50.20567321777344
-50.194549560546875
-50.13579559326172
-50.13277053833008
-50.19867706298828
-50.11687088012695
-50.116722106933594
-50.132530212402344
-50.20060348510742
-50.10044860839844
-50.2252197265625
-50.27743148803711
-50.27709197998047
-50.25058364868164
-50.178001403808594
-49.95580291748047
-50.18151092529297
-50.21895217895508
-50.24633026123047
-50.2598762512207
-50.05712127685547
-50.09381866455078
-50.215049743652344
-50.33082580566406
-50.218894958496094
-50.34815979003906
-50.1470947265625
-49.863407135009766
-50.33563995361328
-50.04736328125
-49.68590545654297
-50.262657165527344
-49.69901657104492
-50.017547607421875
-50.25788497924805
-50.00313186645508
-50.08049392700195
-50.34639358520508
-50.28070831298828
-50.06061935424805
-50.11595916748047
-50.378761291503906
-50.389217376708984
-50.34938430786133
-50.24477767944336
-50.026947021484375
-50.22026824951172
-50.27397918701172
-50.289913177490234
-50.41599655151367
-50.454978942871094
-50.39628601074219
-50.320919036865234
-50.18539047241211
-50.30069351196289
-50.399314880371094
-50.35115051269531
-50.312522888183594
-50.25434875488281
-50.24069595336914
-50.21418762207031
-50.2095947265625
-50.27944564819336
-50.25896072387695
-50.21106719970703
-50.39776611328125
-50.416893005371094
-50.27089309692383
-50.275428771972656
-50.189449310302734
-50.31324005126953
-50.29075622558594
-50.23479080200195
-50.182838439941406
-50.33678436279297
-50.4139518737793
-50.45302963256836
-50.40078353881836
-50.11628723144531
-50.360233306884766
-50.4583854675293
-50.2166633605957
-50.11054229736328
-50.31476974487305
-50.421730041503906
-50.35316848754883
-50.24390411376953
-50.24266052246094
-50.38528060913086
-50.3267936706543
-50.19008255004883
-50.24754333496094
-50.44694519042969
-50.48370361328125
-50.32292175292969
-50.36207580566406
-50.31373596191406
-50.340911865234375
-50.34932327270508
-50.249061584472656
-50.336570739746094
-50.225791931152344
-50.07712173461914
-50.352054595947266
-50.42869186401367
-50.3841552734375
-50.293575286865234
-50.547367095947266
-50.48792266845703
-50.27098846435547
-50.15082550048828
-50.315853118896484
-50.456756591796875
-50.452659606933594
-50.4228515625
-50.48313903808594
-50.33232879638672
-50.2198486328125
-50.32497024536133
-50.34576416015625
-50.278377532958984
-50.29754638671875
-50.39970016479492
-50.29818344116211
-50.22126388549805
-50.35435485839844
-50.45729064941406
-50.242454528808594
-50.15950393676758
-50.39951705932617
-50.46525573730469
-50.52447509765625
-50.47575378417969
-50.454246520996094
-50.37828826904297
-50.10265350341797
-50.4809684753418
-50.48093032836914
-50.39812469482422
-50.359580993652344
-50.44672775268555
-50.53474426269531
-50.55669021606445
-50.49125289916992
-50.33490753173828
-50.42138671875
-50.54832458496094
-50.49811553955078
-50.55229568481445
-50.5103874206543
-50.39919662475586
-50.30343246459961
-50.51491165161133
-50.64540100097656
-50.645145416259766
-50.513511657714844
-50.217071533203125
-50.376953125
-50.64219665527344
-50.69515609741211
-50.56488037109375
-50.18717575073242
-50.447296142578125
-50.61431884765625
-50.62474822998047
-50.48154067993164
-50.33190155029297
-50.559288024902344
-50.647132873535156
-50.725337982177734
-50.579551696777344
-50.27144241333008
-50.49563980102539
-50.70220184326172
-50.67707061767578
-50.700767517089844
-50.60870361328125
-50.45139694213867
-50.512271881103516
-50.65521240234375
-50.61616134643555
-50.68132019042969
-50.66873550415039
-50.54835891723633
-50.35061264038086
-50.559326171875
-50.692081451416016
-50.7040901184082
-50.64031982421875
-50.667510986328125
-50.686424255371094
-50.66133117675781
-50.6885871887207
-50.55973815917969
-50.297889709472656
-50.48397445678711
-50.62350845336914
-50.70979309082031
-50.685874938964844
-50.56397247314453
-50.52759552001953
-50.37407302856445
-50.489505767822266
-50.645179748535156
-50.66761016845703
-50.74527359008789
-50.60901641845703
-50.54692840576172
-50.44606399536133
-50.65666961669922
-50.5482292175293
-50.54292297363281
-50.59142303466797
-50.644317626953125
-50.61518096923828
-50.359615325927734
-50.365692138671875
-50.47031784057617
-50.64513397216797
-50.68305969238281
-50.71616744995117
-50.61268997192383
-50.53326416015625
-50.42369842529297
-50.547271728515625
-50.67146301269531
-50.69845962524414
-50.68332290649414
-50.53468704223633
-50.52135467529297
-50.60927200317383
-50.70531463623047
-50.75762939453125
-50.78257751464844
-50.641258239746094
-50.527313232421875
-50.49885559082031
-50.63196563720703
-50.65414047241211
-50.68241500854492
-50.611942291259766
-50.752750396728516
-50.60676574707031
-50.674346923828125
-50.54989242553711
-50.439884185791016
-50.59010696411133
-50.75233459472656
-50.728172302246094
-50.69038772583008
-50.70413589477539
-50.525211334228516
-50.45183563232422
-50.632835388183594
-50.776241302490234
-50.745975494384766
-50.62098693847656
-50.418060302734375
-50.678462982177734
-50.80923843383789
-50.737342834472656
-50.76728439331055
-50.603485107421875
-50.445045471191406
-50.73242950439453
-50.81610870361328
-50.72926712036133
-50.69498825073242
-50.754302978515625
-50.570823669433594
-50.49909210205078
-50.52410125732422
-50.719451904296875
-50.80061721801758
-50.759613037109375
-50.60013198852539
-50.59734344482422
-50.61296463012695
-50.733009338378906
-50.68672180175781
-50.702842712402344
-50.66093826293945
-50.54051971435547
-50.64221954345703
-50.634037017822266
-50.752506256103516
-50.83319091796875
-50.706092834472656
-50.49812316894531
-50.5223388671875
-50.750709533691406
-50.74403762817383
-50.78413772583008
-50.712703704833984
-50.52865982055664
-50.5598258972168
-50.711185455322266
-50.87982177734375
-50.82278060913086
-50.85152053833008
-50.72666549682617
-50.544010162353516
-50.66963577270508
-50.849151611328125
-50.84397506713867
-50.91465377807617
-50.828392028808594
-50.552215576171875
-50.682518005371094
-50.82493209838867
-50.75053405761719
-50.78229904174805
-50.6905632019043
-50.68696975708008
-50.69450378417969
-50.80358123779297
-50.771644592285156
-50.65732955932617
-50.623355865478516
-50.76926803588867
-50.80162048339844
-50.855934143066406
-50.67918395996094
-50.57637023925781
-50.80110168457031
-50.863441467285156
-50.895973205566406
-50.75204849243164
-50.59452819824219
-50.77134704589844
-50.88051223754883
-50.87965774536133
-50.916954040527344
-50.91120529174805
-50.93809127807617
-50.95209884643555
-50.77814483642578
-50.563148498535156
-50.50584411621094
-50.75300216674805
-50.86365509033203
-50.846778869628906
-50.893497467041016
-50.77509307861328
-50.62721252441406
-50.75465393066406
-50.74116134643555
-50.747196197509766
-50.79352569580078
-50.72596740722656
-50.686607360839844
-50.64480209350586
-50.66557312011719
-50.78718185424805
-50.809593200683594
-50.68404006958008
-50.67231750488281
-50.79456329345703
-50.85951232910156
-50.76600646972656
-50.734561920166016
-50.8150634765625
-50.902774810791016
-50.92117691040039
-50.83815383911133
-50.90364074707031
-50.66554260253906
-50.64249038696289
-50.83858871459961
-50.90812683105469
-50.92580795288086
-50.87348175048828
-50.61986541748047
-50.64406967163086
-50.72673797607422
-50.801025390625
-50.74766540527344
-50.81194305419922
-50.75458526611328
-50.75619888305664
-50.696407318115234
-50.74578094482422
-50.86113739013672
-50.77906036376953
-50.79745101928711
-50.77128982543945
-50.734619140625
-50.751373291015625
-50.90250015258789
-50.90773391723633
-50.794166564941406
-50.741973876953125
-50.64876937866211
-50.74166488647461
-50.8388671875
-50.931053161621094
-50.96336364746094
-51.00179672241211
-50.96558380126953
-50.870635986328125
-50.68988037109375
-50.50154113769531
-50.86642074584961
-51.015071868896484
-50.868507385253906
-50.74265670776367
-50.67707061767578
-50.84046173095703
-50.91473388671875
-50.96160888671875
-50.9095344543457
-50.73992156982422
-50.6329345703125
-50.78908157348633
-50.91459655761719
-50.872314453125
-50.922340393066406
-50.96198272705078
-50.89164352416992
-50.6805419921875
-50.65972900390625
-50.78434753417969
-50.92682647705078
-50.87001037597656
-50.729347229003906
-50.77722930908203
-50.72826385498047
-50.71489334106445
-50.79942321777344
-50.8194694519043
-50.77942657470703
-50.701751708984375
-50.862770080566406
-50.97309875488281
-50.963653564453125
-50.93156051635742
-50.957096099853516
-50.79616165161133
-50.583213806152344
-50.904476165771484
-51.130401611328125
-51.07570266723633
-51.04237365722656
-50.96614074707031
-50.806365966796875
-50.833396911621094
-50.98462677001953
-51.11994171142578
-51.00013732910156
-50.74412155151367
-50.559471130371094
-50.85960388183594
-50.99668884277344
-51.01807403564453
-51.05424499511719
-51.07466125488281
-50.905540466308594
-50.56652069091797
-50.93804931640625
-51.02330780029297
-50.98765563964844
-50.72465515136719
-50.799278259277344
-51.02263641357422
-51.029693603515625
-50.9899787902832
-50.651611328125
-50.768497467041016
-50.879417419433594
-50.94189453125
-50.810665130615234
-50.523250579833984
-50.886627197265625
-50.907066345214844
-50.72203063964844
-50.678077697753906
-50.825157165527344
-50.992645263671875
-50.89141082763672
-50.702491760253906
-50.719520568847656
-50.936500549316406
-50.994239807128906
-50.96592712402344
-50.92255783081055
-50.93099594116211
-50.586875915527344
-50.8121337890625
-50.99590301513672
-50.96381378173828
-50.67594528198242
-50.653297424316406
-51.0582275390625
-50.958030700683594
-50.60509490966797
-50.66682434082031
-50.780818939208984
-50.95130157470703
-51.070823669433594
-50.85430145263672
-50.45252227783203
-50.88445281982422
-50.82890701293945
-50.73291015625
-50.96076965332031
-51.156341552734375
-50.94675064086914
-50.60135269165039
-50.88854217529297
-50.97841262817383
-51.12169647216797
-50.9281120300293
-50.857566833496094
-50.88043975830078
-50.552345275878906
-50.76337814331055
-51.01089859008789
-51.087364196777344
-50.87285232543945
-50.88546371459961
-50.75455856323242
-50.85923385620117
-50.93601989746094
-51.054664611816406
-51.00468826293945
-50.86296463012695
-51.02582931518555
-50.83988952636719
-50.59479522705078
-50.88850402832031
-51.030029296875
-50.795597076416016
-50.660850524902344
-50.77622604370117
-50.807037353515625
-50.94533157348633
-51.02210998535156
-50.9796028137207
-50.98588562011719
-50.9391975402832
-50.7974739074707
-50.91547393798828
-51.015960693359375
-50.89558410644531
-50.94915771484375
-50.95637130737305
-50.94749069213867
-51.07212448120117
-51.03464889526367
-51.024559020996094
-50.93821716308594
-50.96965026855469
-50.86319351196289
-50.93170928955078
-50.98860549926758
-51.07694625854492
-50.96898651123047
-50.80720901489258
-50.874053955078125
-50.96589279174805
-50.982242584228516
-50.94221496582031
-50.9598274230957
-51.04846954345703
-51.12401580810547
-51.02153778076172
-50.991004943847656
-50.90125274658203
-51.06449890136719
-51.084373474121094
-50.949676513671875
-50.92736053466797
-50.80686950683594
-50.9273681640625
-51.08734130859375
-51.07422637939453
-50.99785232543945
-50.882110595703125
-50.94934844970703
-50.958072662353516
-51.028533935546875
-50.880027770996094
-50.928680419921875
-51.052452087402344
-51.10356903076172
-51.136253356933594
-51.05818176269531
-50.81969451904297
-50.87400436401367
-51.07898712158203
-51.08172607421875
-51.14414978027344
-51.009578704833984
-50.83415222167969
-51.007545471191406
-51.16310119628906
-51.07915115356445
-50.824466705322266
-50.857566833496094
-51.098594665527344
-51.25748825073242
-51.11688232421875
-50.917457580566406
-50.75881576538086
-51.08912658691406
-51.17899703979492
-51.06444549560547
-50.76283264160156
-51.049068450927734
-51.209442138671875
-51.10652542114258
-50.82084655761719
-50.96770095825195
-51.22294616699219
-51.2434196472168
-51.228065490722656
-51.167747497558594
-51.020999908447266
-50.956912994384766
-51.11848449707031
-51.19116973876953
-51.179344177246094
-50.89415740966797
-50.992332458496094
-51.103614807128906
-51.210845947265625
-51.26357650756836
-51.259544372558594
-51.20354461669922
-50.958133697509766
-50.71448516845703
-50.995025634765625
-51.13262939453125
-51.188114166259766
-50.955745697021484
-50.894561767578125
-51.06950378417969
-50.98879623413086
-51.225006103515625
-51.229732513427734
-51.000205993652344
-50.85344696044922
-51.122283935546875
-51.219539642333984
-51.1411247253418
-51.058345794677734
-50.884361267089844
-51.03041076660156
-51.14753341674805
-51.1787223815918
-51.057167053222656
-51.03628158569336
-51.055267333984375
-50.88898849487305
-50.97856903076172
-50.966575622558594
-51.19157028198242
-51.11781311035156
-50.892494201660156
-50.73699188232422
-50.927696228027344
-51.07769012451172
-51.08244323730469
-51.009613037109375
-50.63618087768555
-50.978515625
-51.183998107910156
-50.998077392578125
-50.5217399597168
-50.97791290283203
-50.8927001953125
-50.66266632080078
-51.21359634399414
-50.21224594116211
-51.041046142578125
-49.80971145629883
-49.99461364746094
-50.996742248535156
-50.66413497924805
-50.63994598388672
-51.069740295410156
-50.101539611816406
-50.61674880981445
-49.9288215637207
-49.7527961730957
-50.93882751464844
-49.52586364746094
-49.099700927734375
-49.742549896240234
-50.93700408935547
-50.177955627441406
-50.90342330932617
-50.06793975830078
-50.15485382080078
-50.82643127441406
-50.63721466064453
-50.67035675048828
-51.11223602294922
-50.45573425292969
-51.033119201660156
-50.02770233154297
-50.346744537353516
-50.59342956542969
-50.585533142089844
-50.59354019165039
-50.72575378417969
-50.303985595703125
-50.30933380126953
-50.77690505981445
-50.728729248046875
-50.60099792480469
-50.965736389160156
-50.149410247802734
-50.172969818115234
-50.95603942871094
-50.786903381347656
-50.60943603515625
-51.006507873535156
-50.108673095703125
-50.245479583740234
-50.82670211791992
-50.816856384277344
-50.60657501220703
-50.93431854248047
-50.07496643066406
-50.32714080810547
-50.5332145690918
-50.482017517089844
-50.74026870727539
-50.85886001586914
-50.3314208984375
-50.59844207763672
-50.26851272583008
-50.25511169433594
-50.884464263916016
-50.949989318847656
-50.59760665893555
-51.157371520996094
-50.31621551513672
-50.69777297973633
-50.20842742919922
-50.091224670410156
-51.221458435058594
-50.49533462524414
-51.17054748535156
-50.1157341003418
-50.28569030761719
-50.786720275878906
-50.79670715332031
-50.68634033203125
-50.97144317626953
-50.29167556762695
-50.27444076538086
-50.97678756713867
-50.81510925292969
-50.61993408203125
-50.992610931396484
-50.24647521972656
-50.34453582763672
-50.87031555175781
-50.80727005004883
-50.59589767456055
-50.93101119995117
-50.37834930419922
-50.427486419677734
-50.73190689086914
-50.88876724243164
-50.548255920410156
-50.666839599609375
-50.59187316894531
-50.658206939697266
-50.55480194091797
-50.61146545410156
-50.63584899902344
-50.75460433959961
-50.56359100341797
-50.75450897216797
-50.54888916015625
-50.6331901550293
-50.63558578491211
-50.74770736694336
-50.53575897216797
-50.669029235839844
-50.66286849975586
-50.649288177490234
-50.759456634521484
-50.851783752441406
-50.71054458618164
-50.85599899291992
-50.570152282714844
-50.71651077270508
-50.52313995361328
-50.50817108154297
-50.88682174682617
-50.91172409057617
-50.46175765991211
-50.74488067626953
-50.394195556640625
-50.51213836669922
-50.81090545654297
-50.731597900390625
-50.62372589111328
-50.861961364746094
-50.528221130371094
-50.7275390625
-50.60733413696289
-50.70293426513672
-50.675418853759766
-50.72639083862305
-50.60725402832031
-50.815582275390625
-50.576087951660156
-50.49873352050781
-51.02543640136719
-50.91240692138672
-50.75886917114258
-51.134437561035156
-50.488712310791016
-50.704315185546875
-50.664031982421875
-50.634979248046875
-50.863975524902344
-50.94902801513672
-50.826171875
-51.13486862182617
-50.45863723754883
-50.665184020996094
-50.621700286865234
-50.61872482299805
-51.082603454589844
-51.0594482421875
-50.763336181640625
-51.061153411865234
-50.484657287597656
-50.69245910644531
-50.729251861572266
-50.684906005859375
-51.058170318603516
-50.8984375
-50.8358039855957
-51.09535217285156
-50.4792594909668
-50.811424255371094
-50.56464767456055
-50.46885299682617
-51.0228271484375
-50.89925765991211
-51.07513427734375
-51.259368896484375
-50.78718185424805
-51.26165008544922
-50.4468994140625
-50.84949493408203
-50.318504333496094
-50.2100715637207
-51.22719955444336
-50.68278121948242
-51.289466857910156
-50.69715118408203
-51.2657470703125
-50.742733001708984
-51.22643280029297
-50.68069076538086
-51.288150787353516
-50.77794647216797
-51.27989196777344
-50.68395233154297
-51.3117790222168
-51.10948181152344
-51.054595947265625
-51.290374755859375
-51.08308410644531
-50.995391845703125
-51.318763732910156
-51.1123161315918
-51.0799674987793
-51.28689956665039
-51.28969192504883
-51.14522933959961
-51.135414123535156
-51.27959442138672
-51.260475158691406
-51.29613494873047
-51.24495315551758
-51.233612060546875
-51.223628997802734
-51.285587310791016
-51.3775634765625
-51.18655014038086
-51.12354278564453
-51.341800689697266
-51.35491943359375
-51.33373260498047
-51.36689758300781
-51.33934020996094
-51.397193908691406
-51.41221237182617
-51.36601638793945
-51.3155403137207
-51.30889129638672
-51.368072509765625
-51.44367980957031
-51.38108825683594
-51.41693878173828
-51.373050689697266
-51.34465026855469
-51.31766128540039
-51.31828308105469
-51.32782745361328
-51.39088439941406
-51.343589782714844
-51.37053680419922
-51.45802307128906
-51.37449645996094
-51.27373504638672
-51.33943176269531
-51.38640594482422
-51.41481399536133
-51.39179229736328
-51.39995193481445
-51.425453186035156
-51.33742141723633
-51.28101348876953
-51.327720642089844
-51.38282012939453
-51.36385726928711
-51.40577697753906
-51.428470611572266
-51.44617462158203
-51.412349700927734
-51.34263610839844
-51.38418960571289
-51.29972457885742
-51.369346618652344
-51.429466247558594
-51.36539840698242
-51.43729782104492
-51.40902328491211
-51.40503692626953
-51.411773681640625
-51.35184097290039
-51.352787017822266
-51.25273132324219
-51.2609748840332
-51.33681869506836
-51.40898132324219
-51.349117279052734
-51.35918426513672
-51.3372802734375
-51.33543395996094
-51.224884033203125
-51.281681060791016
-51.36271667480469
-51.306495666503906
-51.348960876464844
-51.35851287841797
-51.368995666503906
-51.39984893798828
-51.34346389770508
-51.26713943481445
-51.347328186035156
-51.385406494140625
-51.25517272949219
-51.17332458496094
-51.32469177246094
-51.40825653076172
-51.474456787109375
-51.42102813720703
-51.33427429199219
-51.17096710205078
-51.36561584472656
-51.34953308105469
-51.263999938964844
-51.228023529052734
-51.346168518066406
-51.35057067871094
-51.31970977783203
-51.264949798583984
-51.3018798828125
-51.28401184082031
-51.38914489746094
-51.41011428833008
-51.45201110839844
-51.38833999633789
-51.36846160888672
-51.39732360839844
-51.43642807006836
-51.44420623779297
-51.44062042236328
-51.41555404663086
-51.3922119140625
-51.442535400390625
-51.42750930786133
-51.479942321777344
-51.4849967956543
-51.471988677978516
-51.376914978027344
-51.31369400024414
-51.26311111450195
-51.31514358520508
-51.38743591308594
-51.395877838134766
-51.4337272644043
-51.375308990478516
-51.4019889831543
-51.27071762084961
-51.225215911865234
-51.351341247558594
-51.42073059082031
-51.471195220947266
-51.48046875
-51.491573333740234
-51.3936767578125
-51.314212799072266
-51.29917907714844
-51.35822296142578
-51.399559020996094
-51.41236877441406
-51.45550537109375
-51.505069732666016
-51.50114822387695
-51.49847412109375
-51.49697494506836
-51.42634582519531
-51.417510986328125
-51.33104705810547
-51.309226989746094
-51.296058654785156
-51.38440704345703
-51.349937438964844
-51.369537353515625
-51.40166091918945
-51.410369873046875
-51.47941589355469
-51.4195556640625
-51.422393798828125
-51.24164962768555
-51.030120849609375
-51.21233367919922
-51.48508071899414
-51.54117202758789
-51.396949768066406
-51.30003356933594
-51.19950866699219
-51.23487091064453
-51.410667419433594
-51.51605987548828
-51.49240493774414
-51.47576141357422
-51.402320861816406
-51.39040756225586
-51.44255065917969
-51.49311065673828
-51.45429229736328
-51.37171173095703
-51.273193359375
-51.2960090637207
-51.338706970214844
-51.459800720214844
-51.475318908691406
-51.46210479736328
-51.266845703125
-51.11150360107422
-51.31196594238281
-51.4647331237793
-51.376617431640625
-51.21864700317383
-51.218936920166016
-51.37701416015625
-51.434505462646484
-51.43289566040039
-51.320777893066406
-51.25193405151367
-51.24594497680664
-51.437713623046875
-51.435279846191406
-51.428428649902344
-51.31781005859375
-51.18340301513672
-51.3750114440918
-51.49388885498047
-51.34303283691406
-51.35363006591797
-51.188602447509766
-51.38054656982422
-51.52412414550781
-51.554298400878906
-51.47203826904297
-51.34162902832031
-51.280372619628906
-51.368629455566406
-51.44817352294922
-51.459625244140625
-51.48954391479492
-51.5393180847168
-51.50352478027344
-51.483219146728516
-51.35144805908203
-51.32670593261719
-51.43425369262695
-51.510414123535156
-51.55065155029297
-51.554359436035156
-51.399566650390625
-51.23203659057617
-51.399932861328125
-51.530670166015625
-51.55811309814453
-51.52691650390625
-51.520416259765625
-51.48318099975586
-51.566322326660156
-51.60880661010742
-51.47459411621094
-51.449466705322266
-51.26332473754883
-51.28102111816406
-51.461036682128906
-51.515113830566406
-51.52284240722656
-51.515316009521484
-51.45063018798828
-51.41462707519531
-51.33872985839844
-51.316986083984375
-51.35453796386719
-51.502037048339844
-51.51255798339844
-51.43464279174805
-51.419673919677734
-51.43280029296875
-51.264312744140625
-51.27133560180664
-51.26062774658203
-51.33597946166992
-51.398643493652344
-51.3746452331543
-51.326847076416016
-51.28773498535156
-51.31861114501953
-51.338531494140625
-51.3057861328125
-51.41313934326172
-51.48504638671875
-51.4434814453125
-51.35700988769531
-51.31684112548828
-51.27474594116211
-51.36247253417969
-51.38666534423828
-51.36665725708008
-51.50742721557617
-51.46567153930664
-51.37892150878906
-51.33375549316406
-51.311649322509766
-51.43955993652344
-51.519432067871094
-51.54072570800781
-51.26962661743164
-51.20634460449219
-51.30242156982422
-51.42295837402344
-51.52552032470703
-51.45582580566406
-51.41223907470703
-51.450286865234375
-51.12690734863281
-51.23066329956055
-51.39398956298828
-51.519187927246094
-51.45842742919922
-51.444190979003906
-51.39720916748047
-51.310821533203125
-51.38304138183594
-51.505008697509766
-51.4377555847168
-51.47287368774414
-51.45561218261719
-51.42609405517578
-51.31975173950195
-51.3607177734375
-51.44057846069336
-51.47193908691406
-51.54283905029297
-51.5158576965332
-51.52928924560547
-51.546546936035156
-51.43590545654297
-51.31581115722656
-51.449974060058594
-51.517784118652344
-51.60063171386719
-51.49756622314453
-51.226776123046875
-51.29160690307617
-51.5689811706543
-51.53700256347656
-51.41011428833008
-51.37584686279297
-51.409908294677734
-51.41930389404297
-51.470054626464844
-51.53067398071289
-51.54666519165039
-51.55345916748047
-51.5789909362793
-51.488563537597656
-51.36039733886719
-51.384246826171875
-51.430294036865234
-51.53416061401367
-51.384788513183594
-51.457157135009766
-51.51525115966797
-51.51724624633789
-51.538124084472656
-51.560394287109375
-51.43267822265625
-51.2768440246582
-51.38140869140625
-51.45541763305664
-51.53965377807617
-51.511322021484375
-51.54848861694336
-51.46452713012695
-51.36101150512695
-51.35124206542969
-51.48613739013672
-51.558807373046875
-51.555625915527344
-51.525352478027344
-51.41328811645508
-51.259254455566406
-51.410240173339844
-51.52730941772461
-51.57433319091797
-51.58396911621094
-51.60016632080078
-51.532440185546875
-51.54093933105469
-51.38320541381836
-51.27037048339844
-51.48114776611328
-51.510520935058594
-51.629058837890625
-51.58031463623047
-51.59620666503906
-51.564178466796875
-51.46478271484375
-51.314422607421875
-51.317100524902344
-51.44974136352539
-51.49637222290039
-51.50413131713867
-51.36351013183594
-51.48711395263672
-51.53971481323242
-51.48448944091797
-51.3734245300293
-51.27236557006836
-51.35826110839844
-51.37886047363281
-51.48662185668945
-51.54151916503906
-51.346282958984375
-51.41638946533203
-51.337608337402344
-51.33904266357422
-51.29835891723633
-51.331260681152344
-51.40803909301758
-51.42347717285156
-51.55584716796875
-51.55971145629883
-51.41973876953125
-51.38750457763672
-51.326290130615234
-51.396488189697266
-51.52287673950195
-51.56101608276367
-51.46034622192383
-51.47023010253906
-51.46925354003906
-51.38705062866211
-51.44972610473633
-51.48283767700195
-51.299766540527344
-51.42033767700195
-51.49879455566406
-51.495880126953125
-51.595130920410156
-51.65620422363281
-51.61427307128906
-51.54259490966797
-51.47269058227539
-51.38429641723633
-51.427093505859375
-51.50126266479492
-51.56468200683594
-51.58293533325195
-51.53081130981445
-51.58051681518555
-51.41814422607422
-51.29276657104492
-51.3993034362793
-51.50491714477539
-51.55034637451172
-51.64852523803711
-51.634765625
-51.605712890625
-51.25704574584961
-51.320831298828125
-51.52366256713867
-51.57371520996094
-51.428138732910156
-51.103111267089844
-51.4978141784668
-51.63085174560547
-51.54640197753906
-51.4246711730957
-51.42723846435547
-51.48212432861328
-51.57304763793945
-51.6285514831543
-51.65009307861328
-51.505584716796875
-51.25151824951172
-51.168853759765625
-51.47285842895508
-51.61493682861328
-51.651119232177734
-51.625301361083984
-51.54336929321289
-51.39219665527344
-51.328094482421875
-51.5366096496582
-51.60005187988281
-51.619842529296875
-51.57568359375
-51.584808349609375
-51.32725524902344
-51.17964553833008
-51.53472900390625
-51.569053649902344
-51.64411544799805
-51.586883544921875
-51.252220153808594
-51.30701446533203
-51.48271942138672
-51.579864501953125
-51.60078430175781
-51.700286865234375
-51.58115005493164
-51.55915451049805
-51.616966247558594
-51.41267013549805
-51.147159576416016
-51.56353759765625
-51.627197265625
-51.498111724853516
-51.48169708251953
-51.12343978881836
-51.621742248535156
-51.55989074707031
-51.24933624267578
-51.5181884765625
-51.622615814208984
-51.576168060302734
-51.374305725097656
-51.28727340698242
-51.58937072753906
-51.67900848388672
-51.48115539550781
-51.17494201660156
-51.49353790283203
-51.424076080322266
-51.60651779174805
-51.62480926513672
-51.540287017822266
-51.542381286621094
-51.35898208618164
-51.291160583496094
-51.46059036254883
-51.56855392456055
-51.63748550415039
-51.529029846191406
-51.43073272705078
-51.40883255004883
-51.32936096191406
-51.507240295410156
-51.52131271362305
-51.601192474365234
-51.488075256347656
-51.45064163208008
-51.42375946044922
-51.330291748046875
-51.458641052246094
-51.527400970458984
-51.60448455810547
-51.605201721191406
-51.550148010253906
-51.465694427490234
-51.31945037841797
-51.300514221191406
-51.4710807800293
-51.58807373046875
-51.658084869384766
-51.61349105834961
-51.587646484375
-51.4138298034668
-51.36143493652344
-51.5933837890625
-51.66168212890625
-51.680938720703125
-51.67042541503906
-51.58014678955078
-51.5570182800293
-51.35239791870117
-51.281558990478516
-51.4786376953125
-51.51010513305664
-51.65568161010742
-51.65899658203125
-51.57841873168945
-51.377235412597656
-51.411949157714844
-51.552581787109375
-51.62394714355469
-51.6795654296875
-51.64899444580078
-51.56367874145508
-51.375221252441406
-51.490211486816406
-51.62504577636719
-51.669315338134766
-51.64124298095703
-51.311885833740234
-51.34315490722656
-51.49396514892578
-51.55194091796875
-51.55472183227539
-51.538719177246094
-51.421443939208984
-51.46232604980469
-51.594871520996094
-51.66109085083008
-51.5300178527832
-51.40330505371094
-51.563232421875
-51.65303421020508
-51.62553024291992
-51.603431701660156
-51.38374328613281
-51.38108825683594
-51.5875129699707
-51.5787353515625
-51.57872772216797
-51.42585372924805
-51.315223693847656
-51.52302551269531
-51.65022659301758
-51.68315505981445
-51.64390563964844
-51.48108673095703
-51.343502044677734
-51.56057357788086
-51.65028381347656
-51.652652740478516
-51.600830078125
-51.535972595214844
-51.514915466308594
-51.497554779052734
-51.51976013183594
-51.6249885559082
-51.61417770385742
-51.615692138671875
-51.672828674316406
-51.55006790161133
-51.51362991333008
-51.388877868652344
-51.45573806762695
-51.53759765625
-51.61246109008789
-51.570152282714844
-51.40919494628906
-51.39863586425781
-51.42048263549805
-51.521949768066406
-51.69709777832031
-51.66453552246094
-51.693626403808594
-51.697845458984375
-51.63871765136719
-51.539066314697266
-51.398887634277344
-51.62256622314453
-51.647483825683594
-51.72837448120117
-51.643165588378906
-51.54595947265625
-51.41123962402344
-51.518028259277344
-51.60541915893555
-51.5384521484375
-51.440555572509766
-51.46949005126953
-51.41004943847656
-51.51350402832031
-51.583953857421875
-51.525089263916016
-51.52730178833008
-51.49747848510742
-51.53908157348633
-51.6785888671875
-51.70280075073242
-51.61687469482422
-51.53760528564453
-51.4560546875
-51.49740219116211
-51.394798278808594
-51.492462158203125
-51.52907180786133
-51.522926330566406
-51.521881103515625
-51.550445556640625
-51.46614074707031
-51.50883483886719
-51.61223220825195
-51.53238296508789
-51.50275802612305
-51.46656799316406
-51.4203987121582
-51.54771041870117
-51.55055236816406
-51.58629608154297
-51.62732696533203
-51.68892288208008
-51.756446838378906
-51.661643981933594
-51.41429901123047
-51.289974212646484
-51.54860305786133
-51.6646728515625
-51.70436096191406
-51.73942565917969
-51.64836502075195
-51.557437896728516
-51.43978500366211
-51.53133773803711
-51.64314651489258
-51.70708465576172
-51.64339065551758
-51.395992279052734
-51.32780075073242
-51.68467712402344
-51.71345138549805
-51.668296813964844
-51.457881927490234
-51.32806396484375
-51.61970901489258
-51.69718933105469
-51.573936462402344
-51.3255500793457
-51.469451904296875
-51.61292266845703
-51.67236328125
-51.679176330566406
-51.657371520996094
-51.516029357910156
-51.316585540771484
-51.49346923828125
-51.619224548339844
-51.66954040527344
-51.59465026855469
-51.45563507080078
-51.53902053833008
-51.64342498779297
-51.695030212402344
-51.69999694824219
-51.664459228515625
-51.533172607421875
-51.38181686401367
-51.671207427978516
-51.7454719543457
-51.73904800415039
-51.692378997802734
-51.66014862060547
-51.36222839355469
-51.36669158935547
-51.6685905456543
-51.662261962890625
-51.57310485839844
-51.74831771850586
-51.58517837524414
-51.25635528564453
-51.58885955810547
-51.72793960571289
-51.675811767578125
-51.662899017333984
-51.73701477050781
-51.53535461425781
-51.25017166137695
-51.626853942871094
-51.642513275146484
-51.708251953125
-51.761695861816406
-51.7586555480957
-51.75745391845703
-51.685386657714844
-51.546443939208984
-51.334781646728516
-51.55455017089844
-51.71375274658203
-51.67295837402344
-51.612525939941406
-51.420528411865234
-51.48805236816406
-51.67019271850586
-51.693077087402344
-51.73176574707031
-51.6286735534668
-51.41328811645508
-51.318023681640625
-51.522178649902344
-51.62989807128906
-51.7430419921875
-51.46221160888672
-51.37190628051758
-51.37450408935547
-51.58253860473633
-51.674652099609375
-51.729068756103516
-51.41367721557617
-51.41727066040039
-51.70652770996094
-51.74188995361328
-51.715606689453125
-51.4632453918457
-51.444217681884766
-51.60289764404297
-51.7149772644043
-51.7127685546875
-51.23312759399414
-51.31793212890625
-51.737754821777344
-51.617820739746094
-51.60674285888672
-51.44831848144531
-51.20149230957031
-51.50425720214844
-51.68362045288086
-51.359169006347656
-51.3297119140625
-51.58415985107422
-51.67241668701172
-51.54127502441406
-51.33363723754883
-51.533668518066406
-51.67926788330078
-51.60848617553711
-51.46907043457031
-51.33055114746094
-51.68778991699219
-51.737281799316406
-51.75608825683594
-51.43528747558594
-51.45127487182617
-51.690608978271484
-51.816253662109375
-51.7170524597168
-51.67504119873047
-51.456207275390625
-51.37175750732422
-51.54507827758789
-51.66324996948242
-51.69884490966797
-51.6932373046875
-51.705902099609375
-51.640830993652344
-51.45296859741211
-51.47728729248047
-51.56130599975586
-51.584999084472656
-51.65997314453125
-51.51268005371094
-51.57452392578125
-51.655181884765625
-51.62478256225586
-51.571083068847656
-51.47013854980469
-51.54024887084961
-51.64617919921875
-51.762168884277344
-51.53547286987305
-51.30955505371094
-51.547943115234375
-51.67064666748047
-51.67068099975586
-51.57633590698242
-51.36191177368164
-51.38434982299805
-51.60343551635742
-51.78651428222656
-51.80561828613281
-51.740352630615234
-51.70446014404297
-51.52827453613281
-51.39816665649414
-51.56690216064453
-51.72394943237305
-51.576744079589844
-51.55547332763672
-51.4963493347168
-51.512001037597656
-51.683631896972656
-51.69354248046875
-51.643028259277344
-51.63618469238281
-51.5963134765625
-51.58952331542969
-51.581382751464844
-51.499847412109375
-51.494384765625
-51.49554443359375
-51.52485656738281
-51.652225494384766
-51.649749755859375
-51.63188171386719
-51.75738525390625
-51.66038131713867
-51.49306106567383
-51.551185607910156
-51.70752716064453
-51.76902770996094
-51.7225456237793
-51.68217468261719
-51.604393005371094
-51.572200775146484
-51.56302261352539
-51.51198959350586
-51.54960250854492
-51.62858200073242
-51.59016418457031
-51.60219192504883
-51.54711151123047
-51.600948333740234
-51.68787384033203
-51.728641510009766
-51.6579475402832
-51.366455078125
-51.469383239746094
-51.731815338134766
-51.66957092285156
-51.560123443603516
-51.42161560058594
-51.51423263549805
-51.76051712036133
-51.7227783203125
-51.585750579833984
-51.39075469970703
-51.55915832519531
-51.74264907836914
-51.771400451660156
-51.746238708496094
-51.61309814453125
-51.57637023925781
-51.468711853027344
-51.5764274597168
-51.68574142456055
-51.720916748046875
-51.64515686035156
-51.5130500793457
-51.51924514770508
-51.545860290527344
-51.685333251953125
-51.64451599121094
-51.67914581298828
-51.625850677490234
-51.53662872314453
-51.740272521972656
-51.75339889526367
-51.79884338378906
-51.571311950683594
-51.46408462524414
-51.58285140991211
-51.74107360839844
-51.77095031738281
-51.742637634277344
-51.70512008666992
-51.78440856933594
-51.746055603027344
-51.682037353515625
-51.51588439941406
-51.516319274902344
-51.532413482666016
-51.57220458984375
-51.668190002441406
-51.6651725769043
-51.747337341308594
-51.53107833862305
-51.48334884643555
-51.57493591308594
-51.67024230957031
-51.82647705078125
-51.81121063232422
-51.72184753417969
-51.556800842285156
-51.259254455566406
-51.65404510498047
-51.74711227416992
-51.6513786315918
-51.23551559448242
-51.58106994628906
-51.75511169433594
-51.78294372558594
-51.51094436645508
-51.49188995361328
-51.658164978027344
-51.75092315673828
-51.782955169677734
-51.635711669921875
-51.4921875
-51.570526123046875
-51.71826171875
-51.77430725097656
-51.76720428466797
-51.67107391357422
-51.46894454956055
-51.6671142578125
-51.69075012207031
-51.767276763916016
-51.71610641479492
-51.54827117919922
-51.49053955078125
-51.58723449707031
-51.66004943847656
-51.6787109375
-51.769683837890625
-51.648006439208984
-51.655277252197266
-51.62371063232422
-51.56279754638672
-51.618045806884766
-51.69190979003906
-51.76130676269531
-51.732540130615234
-51.71894836425781
-51.57061004638672
-51.53864669799805
-51.68115234375
-51.75135803222656
-51.804283142089844
-51.827537536621094
-51.68463134765625
-51.7393684387207
-51.637142181396484
-51.56806182861328
-51.6561164855957
-51.71288299560547
-51.57986068725586
-51.64456558227539
-51.701805114746094
-51.6502685546875
-51.653377532958984
-51.69696044921875
-51.58763122558594
-51.607452392578125
-51.70977020263672
-51.576934814453125
-51.6084098815918
-51.58817672729492
-51.62320327758789
-51.72915267944336
-51.753631591796875
-51.63662338256836
-51.55179977416992
-51.6265754699707
-51.56880187988281
-51.74285888671875
-51.66676330566406
-51.54323196411133
-51.57798767089844
-51.72152328491211
-51.689273834228516
-51.572471618652344
-51.65275955200195
-51.641605377197266
-51.710487365722656
-51.71169662475586
-51.71159362792969
-51.73210525512695
-51.692176818847656
-51.60732650756836
-51.49893569946289
-51.722801208496094
-51.7262077331543
-51.823299407958984
-51.8358154296875
-51.825592041015625
-51.649959564208984
-51.50970458984375
-51.68700408935547
-51.748374938964844
-51.87480926513672
-51.87751007080078
-51.76703643798828
-51.804847717285156
-51.635250091552734
-51.569034576416016
-51.59052658081055
-51.70760726928711
-51.69216537475586
-51.71925354003906
-51.645530700683594
-51.662906646728516
-51.7333984375
-51.735137939453125
-51.72077178955078
-51.741153717041016
-51.761566162109375
-51.777687072753906
-51.73048400878906
-51.703277587890625
-51.737300872802734
-51.702999114990234
-51.64830780029297
-51.71304702758789
-51.80400085449219
-51.75274658203125
-51.59647750854492
-51.673667907714844
-51.788028717041016
-51.735321044921875
-51.74086380004883
-51.70863342285156
-51.6136474609375
-51.51713180541992
-51.70714569091797
-51.69547653198242
-51.77223587036133
-51.74341583251953
-51.68463134765625
-51.604766845703125
-51.56172561645508
-51.7643928527832
-51.80767822265625
-51.83680725097656
-51.75403594970703
-51.68214416503906
-51.464012145996094
-51.53401565551758
-51.71387481689453
-51.85166549682617
-51.8807373046875
-51.776004791259766
-51.76434326171875
-51.82648468017578
-51.74939727783203
-51.801979064941406
-51.736778259277344
-51.50483322143555
-51.58784484863281
-51.67173385620117
-51.66077423095703
-51.62130355834961
