loss_h
-5.725733757019043
-5.728583812713623
-5.751720428466797
-5.754124641418457
-5.791325569152832
-5.800100326538086
-5.813700199127197
-5.841541767120361
-5.854557037353516
-5.859228610992432
-5.8856425285339355
-5.892690658569336
-5.933978080749512
-5.9415459632873535
-5.962332248687744
-5.981496810913086
-6.003810405731201
-6.021726131439209
-6.040687084197998
-6.058279991149902
-6.073806285858154
-6.110513687133789
-6.103033542633057
-6.14717435836792
-6.151413917541504
-6.161352634429932
-6.179254055023193
-6.197702884674072
-6.2063984870910645
-6.286258220672607
-6.270338535308838
-6.270010471343994
-6.307743072509766
-6.334456443786621
-6.353507995605469
-6.379822254180908
-6.414964199066162
-6.423205852508545
-6.451738357543945
-6.490787506103516
-6.481650352478027
-6.526540756225586
-6.5559282302856445
-6.593079566955566
-6.622738361358643
-6.656524658203125
-6.6951470375061035
-6.726059436798096
-6.744274139404297
-6.770479202270508
-6.791750431060791
-6.855506420135498
-6.8670148849487305
-6.905777454376221
-6.942338466644287
-6.971737384796143
-6.9956746101379395
-7.031688690185547
-7.033484935760498
-7.022006034851074
-7.048926830291748
-7.071411609649658
-7.058825969696045
-7.079007625579834
-7.031565189361572
-7.004518032073975
-7.017176628112793
-7.025173664093018
-7.013619899749756
-7.059065818786621
-7.050495624542236
-7.035378456115723
-7.073047161102295
-7.0560383796691895
-7.056146621704102
-7.049217224121094
-7.051520824432373
-7.084955215454102
-7.047822952270508
-7.076307773590088
-7.0575361251831055
-7.069181442260742
-7.069672107696533
-7.05169677734375
-7.0673956871032715
-7.067919731140137
-7.068169116973877
-7.064112186431885
-7.067676067352295
-7.057557106018066
-7.075303077697754
-7.064092636108398
-7.074047565460205
-7.0639142990112305
-7.103819370269775
-7.087949752807617
-7.074913024902344
-7.067117691040039
-7.073400020599365
-7.087097644805908
-7.0831990242004395
-7.096696376800537
-7.065123558044434
-7.098874568939209
-7.07603120803833
-7.08060884475708
-7.071911334991455
-7.063100814819336
-7.092766761779785
-7.052724361419678
-7.0814337730407715
-7.109681129455566
-7.079555034637451
-7.0596513748168945
-7.065866947174072
-7.059840202331543
-7.085940837860107
-7.082228183746338
-7.07184362411499
-7.076723098754883
-7.071903705596924
-7.095990180969238
-7.080533981323242
-7.070450305938721
-7.076792240142822
-7.074019432067871
-7.07624626159668
-7.064633369445801
-7.080892086029053
-7.099828243255615
-7.093979835510254
-7.09119987487793
-7.077650547027588
-7.100094318389893
-7.079048156738281
-7.063406467437744
-7.09243631362915
-7.071858882904053
-7.071182727813721
-7.055168151855469
-7.090363025665283
-7.094784259796143
-7.095331192016602
-7.098156452178955
-7.092779636383057
-7.0818915367126465
-7.09501838684082
-7.078545570373535
-7.088799476623535
-7.084011077880859
-7.091937065124512
-7.092869281768799
-7.088812351226807
-7.089399814605713
-7.080852031707764
-7.08588981628418
-7.088921546936035
-7.0836334228515625
-7.076913356781006
-7.083296775817871
-7.104423522949219
-7.0869646072387695
-7.106387138366699
-7.119563579559326
-7.099639892578125
-7.10812520980835
-7.095222473144531
-7.090176582336426
-7.093444347381592
-7.083874225616455
-7.12278413772583
-7.107430934906006
-7.099396705627441
-7.12086820602417
-7.081185340881348
-7.095349311828613
-7.09879207611084
-7.091172218322754
-7.113279819488525
-7.120689868927002
-7.093966007232666
-7.0993828773498535
-7.110510349273682
-7.090623378753662
-7.090640544891357
-7.088205814361572
-7.08914041519165
-7.099196910858154
-7.088377952575684
-7.115490436553955
-7.108946800231934
-7.0692949295043945
-7.087320804595947
-7.084777355194092
-7.1001458168029785
-7.123295307159424
-7.0839762687683105
-7.096856117248535
-7.064594268798828
-7.112757682800293
-7.109739303588867
-7.108641624450684
-7.119503498077393
-7.124058723449707
-7.112910270690918
-7.109129428863525
-7.096357345581055
-7.102543354034424
-7.104191780090332
-7.102078437805176
-7.143614768981934
-7.118319034576416
-7.118388652801514
-7.120950222015381
-7.122706890106201
-7.1148200035095215
-7.135871887207031
-7.118724346160889
-7.1229248046875
-7.111260890960693
-7.1107587814331055
-7.11140775680542
-7.137619972229004
-7.128110885620117
-7.143747806549072
-7.1299896240234375
-7.150633811950684
-7.130102157592773
-7.125059127807617
-7.129107475280762
-7.123047351837158
-7.115355968475342
-7.140612602233887
-7.142969131469727
-7.110539436340332
-7.157875061035156
-7.145859241485596
-7.152496337890625
-7.125335216522217
-7.146047592163086
-7.156436920166016
-7.1705756187438965
-7.15453577041626
-7.154680252075195
-7.166109561920166
-7.148826599121094
-7.162421226501465
-7.166821002960205
-7.177325248718262
-7.167407035827637
-7.170548439025879
-7.174434661865234
-7.187262535095215
-7.173843860626221
-7.166674613952637
-7.154294967651367
-7.211925029754639
-7.169660568237305
-7.172813415527344
-7.201647758483887
-7.201676368713379
-7.174946308135986
-7.207964897155762
-7.177955150604248
-7.219882011413574
-7.215691089630127
-7.220331192016602
-7.206042766571045
-7.237077236175537
-7.218048095703125
-7.230309009552002
-7.266259670257568
-7.24558162689209
-7.269403457641602
-7.238667011260986
-7.228226661682129
-7.2705278396606445
-7.24876594543457
-7.262457847595215
-7.263558387756348
-7.279199123382568
-7.285141944885254
-7.311130523681641
-7.301624774932861
-7.310192584991455
-7.304587364196777
-7.3194661140441895
-7.339303970336914
-7.351408958435059
-7.370353698730469
-7.398983478546143
-7.405510425567627
-7.387852191925049
-7.394218921661377
-7.425402641296387
-7.429769515991211
-7.468378067016602
-7.473830699920654
-7.464310646057129
-7.516369342803955
-7.531359672546387
-7.545098304748535
-7.5197930335998535
-7.5404815673828125
-7.587162017822266
-7.600769519805908
-7.620414733886719
-7.688905239105225
-7.661736011505127
-7.704661846160889
-7.700372695922852
