loss_s
-4.870158672332764
-4.8478007316589355
-4.911838054656982
-4.797523498535156
-4.9564056396484375
-5.057676792144775
-4.993510723114014
-4.950631141662598
-5.035899639129639
-4.959691047668457
-4.9673590660095215
-4.988349914550781
-5.106789588928223
-5.05670166015625
-5.083601951599121
-4.972343444824219
-5.071633815765381
-5.05783748626709
-5.065096378326416
-5.176118850708008
-5.144941329956055
-5.192023754119873
-5.08508825302124
-5.214667320251465
-5.2061004638671875
-5.283646583557129
-5.234183311462402
-5.3276286125183105
-5.31788444519043
-5.2894816398620605
-5.324704647064209
-5.332783222198486
-5.346089839935303
-5.387203216552734
-5.363713264465332
-5.360864639282227
-5.388164043426514
-5.353545665740967
-5.475150108337402
-5.434391498565674
-5.444009304046631
-5.419975757598877
-5.36347770690918
-5.408158302307129
-5.453563213348389
-5.471001625061035
-5.484280586242676
-5.411659240722656
-5.4263434410095215
-5.48472785949707
-5.469263553619385
-5.525384902954102
-5.532869815826416
-5.490335941314697
-5.561339855194092
-5.499691963195801
-5.541697978973389
-5.620789051055908
-5.564736366271973
-5.593843936920166
-5.602076053619385
-5.59527587890625
-5.658038139343262
-5.635611534118652
-5.685288906097412
-5.674895763397217
-5.711552143096924
-5.772465229034424
-5.6753315925598145
-5.698846340179443
-5.779675483703613
-5.772590637207031
-5.76781702041626
-5.830722808837891
-5.876287460327148
-5.88023567199707
-5.874227523803711
-5.887570381164551
-5.991668224334717
-5.912139892578125
-6.064273834228516
-6.00375509262085
-6.070637226104736
-6.123336315155029
-6.169341564178467
-6.191255569458008
-6.270650386810303
-6.12337589263916
-6.2996506690979
-6.34188175201416
-6.377244472503662
-6.450560569763184
-6.445037841796875
-6.444713592529297
-6.430812358856201
-6.597691059112549
-6.561983585357666
-6.57212495803833
-6.664233207702637
-6.748758316040039
-6.731847286224365
-6.735087871551514
-6.883314609527588
-6.794744491577148
-6.916296005249023
-6.822450637817383
-7.040693759918213
-7.0722198486328125
-6.980437755584717
-7.07713508605957
-6.881899833679199
-7.088642597198486
-7.118868350982666
-7.06348991394043
-7.025186061859131
-7.175244331359863
-7.141482353210449
-7.075299263000488
-7.2137227058410645
-7.206798076629639
-7.283316135406494
-7.214285373687744
-7.435313701629639
-7.37156343460083
-7.111556529998779
-7.341967582702637
-7.3324127197265625
-7.381648540496826
-7.422545909881592
-7.1251044273376465
-7.194453239440918
-7.583613872528076
-7.526189804077148
-7.288124084472656
-7.67218542098999
-7.665771484375
-7.624317169189453
-7.726379871368408
-7.8004536628723145
-7.803377151489258
-7.813410758972168
-7.838049411773682
-7.863743782043457
-7.814290523529053
-7.920068740844727
-7.9056925773620605
-7.993231296539307
-7.916102409362793
-7.99337100982666
-7.989170551300049
-7.980398178100586
-8.04940414428711
-8.019585609436035
-7.9681010246276855
-7.984033584594727
-8.00880241394043
-8.034278869628906
-8.045515060424805
-8.109295845031738
-8.074005126953125
-8.0993070602417
-8.085847854614258
-8.124211311340332
-8.150163650512695
-8.073588371276855
-8.114869117736816
-8.097500801086426
-8.188724517822266
-8.113744735717773
-8.135132789611816
-8.039861679077148
-8.145849227905273
-8.149216651916504
-8.116687774658203
-8.106744766235352
-8.147318840026855
-8.179620742797852
-8.117338180541992
-8.093411445617676
-8.094765663146973
-8.140002250671387
-8.177242279052734
-8.14769172668457
-8.161142349243164
-8.185151100158691
-8.133075714111328
-8.194079399108887
-8.118456840515137
-8.17531681060791
-8.196666717529297
-8.16342544555664
-8.234502792358398
-8.196773529052734
-8.121663093566895
-8.176884651184082
-8.184626579284668
-8.218165397644043
-8.228857040405273
-8.238035202026367
-8.262709617614746
-8.208806037902832
-8.2357816696167
-8.255090713500977
-8.204793930053711
-8.203703880310059
-8.243324279785156
-8.22289752960205
-8.230607032775879
-8.239635467529297
-8.213768005371094
-8.24974250793457
-8.238932609558105
-8.24251937866211
-8.273576736450195
-8.270715713500977
-8.25907039642334
-8.244964599609375
-8.242818832397461
-8.275355339050293
-8.317206382751465
-8.280706405639648
-8.282751083374023
-8.269765853881836
-8.286420822143555
-8.30177116394043
-8.256848335266113
-8.280652046203613
-8.279763221740723
-8.272814750671387
-8.253377914428711
-8.265705108642578
-8.291193962097168
-8.225873947143555
-8.278493881225586
-8.302440643310547
-8.285600662231445
-8.294783592224121
-8.250243186950684
-8.295896530151367
-8.257000923156738
-8.311848640441895
-8.226236343383789
-8.294038772583008
-8.310336112976074
-8.268758773803711
-8.296667098999023
-8.316449165344238
-8.226927757263184
-8.297940254211426
-8.33839225769043
-8.273141860961914
-8.322877883911133
-8.247587203979492
-8.318281173706055
-8.279690742492676
-8.266786575317383
-8.344621658325195
-8.167596817016602
-8.336587905883789
-8.271159172058105
-8.300630569458008
-8.304654121398926
-8.219911575317383
-8.313420295715332
-8.30887508392334
-8.290689468383789
-8.298444747924805
-8.276412963867188
-8.332919120788574
-8.325698852539062
-8.322969436645508
-8.326190948486328
-8.338748931884766
-8.3074312210083
-8.343512535095215
-8.324599266052246
-8.360457420349121
-8.31864070892334
-8.345916748046875
-8.242362022399902
-8.351078033447266
-8.262991905212402
-8.307924270629883
-8.266932487487793
-8.313414573669434
-8.310111045837402
-8.342996597290039
-8.372733116149902
-8.3184175491333
-8.376114845275879
-8.301912307739258
-8.293228149414062
-8.346270561218262
-8.185790061950684
-8.355752944946289
-8.30746078491211
-8.320709228515625
-8.354040145874023
-8.325509071350098
-8.344557762145996
-8.28859806060791
-8.364958763122559
-8.353235244750977
-8.348916053771973
-8.344223976135254
-8.370570182800293
-8.199222564697266
-8.278512001037598
-8.319862365722656
-8.226127624511719
-8.336362838745117
-8.30228042602539
-8.242108345031738
-8.354899406433105
-8.239097595214844
-8.348286628723145
-8.362337112426758
-8.3479585647583
-8.364465713500977
-8.352437019348145
-8.341987609863281
-8.36190128326416
-8.382430076599121
-8.360058784484863
-8.35501480102539
-8.351836204528809
-8.323810577392578
-8.372842788696289
-8.346360206604004
-8.343610763549805
-8.39053726196289
-8.256185531616211
-8.35698413848877
-8.387640953063965
-8.294365882873535
-8.365337371826172
-8.3850679397583
-8.306272506713867
-8.264396667480469
-8.286554336547852
-8.244587898254395
-8.376253128051758
-8.281567573547363
-8.36262035369873
-8.35684585571289
-8.31467342376709
-8.381003379821777
-8.348037719726562
-8.349130630493164
-8.355588912963867
-8.35511589050293
-8.353897094726562
-8.330450057983398
-8.361913681030273
-8.38439655303955
-8.371030807495117
-8.317090034484863
-8.368714332580566
-8.316070556640625
-8.382911682128906
-8.295211791992188
-8.352696418762207
-8.37391471862793
-8.352179527282715
-8.365208625793457
-8.377262115478516
-8.356561660766602
-8.380782127380371
-8.394505500793457
-8.36837387084961
-8.385692596435547
-8.350212097167969
-8.398027420043945
-8.366150856018066
-8.401935577392578
-8.394010543823242
-8.386431694030762
-8.383971214294434
-8.386401176452637
-8.393946647644043
-8.361207962036133
-8.401616096496582
-8.401772499084473
-8.345508575439453
-8.400105476379395
-8.395922660827637
-8.397562980651855
-8.386774063110352
-8.398958206176758
-8.386590003967285
-8.40117359161377
-8.39822006225586
-8.398078918457031
-8.404095649719238
-8.394338607788086
-8.409675598144531
-8.395075798034668
-8.366958618164062
-8.406368255615234
-8.398370742797852
-8.39081859588623
-8.402738571166992
-8.379800796508789
-8.384947776794434
-8.393104553222656
-8.38356876373291
-8.398908615112305
-8.383482933044434
-8.409634590148926
-8.386260986328125
-8.401308059692383
-8.408777236938477
-8.388577461242676
-8.39640998840332
-8.415002822875977
-8.406354904174805
-8.380646705627441
-8.406306266784668
-8.349215507507324
-8.393298149108887
-8.38045597076416
-8.407703399658203
-8.40880012512207
-8.365375518798828
-8.404106140136719
-8.384307861328125
-8.384116172790527
-8.40252685546875
-8.363570213317871
-8.337149620056152
-8.353649139404297
-8.343178749084473
-8.390911102294922
-8.337127685546875
-8.399698257446289
-8.394815444946289
-8.387471199035645
-8.404252052307129
-8.382566452026367
-8.382970809936523
-8.422266960144043
-8.350411415100098
-8.399243354797363
-8.371432304382324
-8.399069786071777
-8.401386260986328
-8.390095710754395
-8.40889835357666
-8.381585121154785
-8.329004287719727
-8.39389419555664
-8.37255859375
-8.403440475463867
-8.380112648010254
-8.331254959106445
-8.396403312683105
-8.373725891113281
-8.40828800201416
-8.390007972717285
-8.406856536865234
-8.369741439819336
-8.360595703125
-8.393325805664062
-8.380329132080078
-8.389448165893555
-8.388355255126953
-8.393111228942871
-8.41584300994873
-8.39649486541748
-8.410552978515625
-8.389922142028809
-8.39794635772705
-8.408498764038086
-8.382658958435059
-8.415709495544434
-8.408947944641113
-8.425012588500977
-8.394757270812988
-8.392813682556152
-8.415761947631836
-8.402060508728027
-8.417391777038574
-8.37720012664795
-8.407642364501953
-8.405516624450684
-8.305516242980957
-8.408660888671875
-8.338372230529785
-8.339468002319336
-8.408957481384277
-8.25373363494873
-8.416608810424805
-8.38587474822998
-8.280980110168457
-8.409841537475586
-8.269161224365234
-8.380239486694336
-8.35094928741455
-8.302939414978027
-8.383045196533203
-8.342367172241211
-8.429569244384766
-8.42735481262207
-8.370085716247559
-8.421669960021973
-8.365976333618164
-8.409933090209961
-8.42784309387207
-8.380805015563965
-8.396585464477539
-8.386836051940918
-8.3646240234375
-8.423724174499512
-8.377701759338379
-8.413689613342285
-8.407279014587402
-8.37504768371582
-8.420729637145996
-8.386077880859375
-8.40477466583252
-8.429142951965332
-8.335543632507324
-8.40555191040039
-8.321359634399414
-8.387574195861816
-8.41948413848877
-8.357117652893066
-8.435464859008789
-8.414063453674316
-8.348112106323242
-8.42149543762207
-8.398982048034668
-8.39495849609375
-8.417537689208984
-8.412495613098145
-8.414003372192383
-8.405533790588379
-8.40748405456543
-8.417695999145508
-8.369098663330078
-8.426257133483887
-8.383434295654297
-8.432462692260742
-8.385305404663086
-8.419751167297363
-8.399834632873535
-8.42060661315918
-8.423079490661621
-8.398635864257812
-8.405353546142578
-8.431418418884277
-8.43924617767334
-8.409551620483398
-8.435652732849121
-8.420278549194336
-8.42980670928955
-8.421259880065918
-8.388104438781738
-8.428047180175781
-8.408599853515625
-8.404641151428223
-8.419445991516113
-8.367420196533203
-8.41361141204834
-8.393762588500977
-8.40662956237793
-8.428916931152344
-8.34216022491455
-8.417642593383789
-8.372440338134766
-8.345937728881836
-8.347119331359863
-8.344341278076172
-8.4288330078125
-8.400480270385742
-8.374969482421875
-8.41855239868164
-8.398448944091797
-8.431405067443848
-8.41916561126709
-8.410176277160645
-8.429548263549805
-8.404706001281738
-8.426560401916504
-8.419084548950195
-8.428450584411621
-8.426765441894531
-8.414581298828125
-8.439249038696289
-8.405278205871582
-8.441202163696289
-8.409745216369629
-8.367533683776855
-8.409168243408203
-8.43287467956543
-8.391889572143555
-8.361466407775879
-8.409698486328125
-8.332255363464355
-8.439207077026367
-8.391949653625488
-8.351933479309082
-8.408747673034668
-8.272979736328125
-8.393186569213867
-8.389368057250977
-8.333937644958496
-8.41749382019043
-8.398712158203125
-8.279871940612793
-8.429505348205566
-8.37725830078125
-8.369695663452148
-8.428299903869629
-8.332001686096191
-8.439889907836914
-8.406827926635742
-8.425308227539062
-8.42895793914795
-8.432640075683594
-8.427680015563965
-8.453214645385742
-8.417725563049316
-8.40864086151123
-8.424896240234375
-8.428403854370117
-8.414834022521973
-8.41473388671875
-8.420367240905762
-8.43781852722168
-8.392789840698242
-8.427203178405762
-8.429117202758789
-8.426968574523926
-8.424942016601562
-8.427633285522461
-8.445558547973633
-8.421342849731445
-8.4324951171875
-8.436138153076172
-8.449318885803223
-8.42665958404541
-8.425228118896484
-8.426277160644531
-8.417779922485352
-8.436308860778809
-8.36365032196045
-8.430728912353516
-8.397744178771973
-8.426056861877441
-8.418957710266113
-8.451179504394531
-8.411704063415527
-8.439264297485352
-8.39046859741211
-8.447132110595703
-8.445777893066406
-8.433852195739746
-8.44801139831543
-8.435234069824219
-8.415489196777344
-8.434860229492188
-8.422775268554688
-8.423952102661133
-8.423871040344238
-8.44048023223877
-8.417715072631836
-8.424027442932129
-8.391331672668457
-8.426767349243164
-8.412171363830566
-8.428516387939453
-8.42714786529541
-8.411211967468262
-8.437081336975098
-8.378401756286621
-8.414137840270996
-8.396992683410645
-8.42514419555664
-8.365927696228027
-8.407660484313965
-8.397582054138184
-8.394204139709473
-8.437231063842773
-8.389813423156738
-8.433548927307129
-8.33512020111084
-8.423763275146484
-8.401093482971191
-8.353788375854492
-8.444818496704102
-8.323060989379883
-8.44340705871582
-8.422746658325195
-8.421987533569336
-8.407658576965332
-8.434967041015625
-8.424053192138672
-8.432234764099121
-8.434722900390625
-8.417243003845215
-8.437583923339844
-8.439289093017578
-8.422369003295898
-8.423974990844727
-8.43431568145752
-8.454753875732422
-8.424216270446777
-8.44250202178955
-8.439556121826172
-8.432894706726074
-8.434894561767578
-8.44131851196289
-8.442848205566406
-8.433084487915039
-8.44101619720459
-8.434640884399414
-8.433578491210938
-8.433259010314941
-8.464937210083008
-8.411077499389648
-8.438511848449707
-8.408489227294922
-8.433881759643555
-8.44687557220459
-8.438081741333008
-8.414127349853516
-8.423455238342285
-8.417041778564453
-8.449503898620605
-8.372323036193848
-8.421457290649414
-8.369426727294922
-8.408791542053223
-8.41123104095459
-8.342428207397461
-8.449045181274414
-8.376290321350098
-8.434406280517578
-8.435696601867676
-8.441155433654785
-8.422333717346191
-8.430252075195312
-8.421553611755371
-8.432116508483887
-8.433412551879883
-8.42384147644043
-8.429057121276855
-8.424081802368164
-8.443157196044922
-8.41506290435791
-8.427204132080078
-8.436797142028809
-8.390392303466797
-8.444963455200195
-8.427505493164062
-8.415900230407715
-8.446247100830078
-8.37664794921875
-8.428434371948242
-8.42579460144043
-8.379034042358398
-8.44485855102539
-8.393209457397461
-8.411483764648438
-8.422463417053223
-8.432064056396484
-8.44497013092041
-8.433900833129883
-8.432877540588379
-8.444422721862793
-8.439522743225098
-8.448014259338379
-8.432476043701172
-8.437332153320312
-8.429251670837402
-8.432971000671387
-8.44022274017334
-8.414820671081543
-8.442172050476074
-8.437134742736816
-8.381243705749512
-8.436521530151367
-8.395432472229004
-8.435855865478516
-8.414388656616211
-8.42584228515625
-8.433403968811035
-8.415556907653809
-8.451171875
-8.424161911010742
-8.429115295410156
-8.411825180053711
-8.414501190185547
-8.436504364013672
-8.3663330078125
-8.431479454040527
-8.391018867492676
-8.442880630493164
-8.426864624023438
-8.442293167114258
-8.40037727355957
-8.426734924316406
-8.429944038391113
-8.395235061645508
-8.43648624420166
-8.431178092956543
-8.419351577758789
-8.445985794067383
-8.415661811828613
-8.44049072265625
-8.44188404083252
-8.464028358459473
-8.273285865783691
-8.443727493286133
-8.208449363708496
-8.38910961151123
-8.41963005065918
-8.316668510437012
-8.418087005615234
-8.426117897033691
-8.318854331970215
-8.428751945495605
-8.363499641418457
-8.373863220214844
-8.436138153076172
-8.388301849365234
-8.39326286315918
-8.415285110473633
-8.338589668273926
-8.439327239990234
-8.421039581298828
-8.399712562561035
-8.450496673583984
-8.442452430725098
-8.406923294067383
-8.438343048095703
-8.43662166595459
-8.439221382141113
-8.434785842895508
-8.441231727600098
-8.441557884216309
-8.43772029876709
-8.44507122039795
-8.442313194274902
-8.448038101196289
-8.443142890930176
-8.43277645111084
-8.442740440368652
-8.451826095581055
-8.435644149780273
-8.434048652648926
-8.444973945617676
-8.438093185424805
-8.41898250579834
-8.442110061645508
-8.381321907043457
-8.454219818115234
-8.389841079711914
-8.400541305541992
-8.429335594177246
-8.339909553527832
-8.434778213500977
-8.407522201538086
-8.421119689941406
-8.45647144317627
-8.404176712036133
-8.409330368041992
-8.431140899658203
-8.370450019836426
-8.452433586120605
-8.419920921325684
-8.427772521972656
-8.445406913757324
-8.446311950683594
-8.446910858154297
-8.425956726074219
-8.439263343811035
-8.432624816894531
-8.426135063171387
-8.429657936096191
-8.433704376220703
-8.420297622680664
-8.432117462158203
-8.444108963012695
-8.453630447387695
-8.391264915466309
-8.454931259155273
-8.437403678894043
-8.44071102142334
-8.422883987426758
-8.4553804397583
-8.44685173034668
-8.446887969970703
-8.460427284240723
-8.429701805114746
-8.448663711547852
-8.430049896240234
-8.438392639160156
-8.439743995666504
-8.444374084472656
-8.429272651672363
-8.448309898376465
-8.447373390197754
-8.44660472869873
-8.444074630737305
-8.42482852935791
-8.422608375549316
-8.43804931640625
-8.435197830200195
-8.42422866821289
-8.442146301269531
-8.422927856445312
-8.433963775634766
-8.439278602600098
-8.425650596618652
-8.43193244934082
-8.417960166931152
-8.399083137512207
-8.433204650878906
-8.403621673583984
-8.448240280151367
-8.42474365234375
-8.422050476074219
-8.438551902770996
-8.445287704467773
-8.427070617675781
-8.442952156066895
-8.417770385742188
-8.41748046875
-8.439676284790039
-8.42323112487793
-8.449188232421875
-8.4341402053833
-8.435139656066895
-8.450313568115234
-8.418950080871582
-8.45156478881836
-8.445114135742188
-8.439314842224121
-8.450913429260254
-8.43264389038086
-8.442378997802734
-8.44305419921875
-8.441508293151855
-8.435558319091797
-8.450945854187012
-8.391420364379883
-8.443676948547363
-8.436652183532715
-8.38537883758545
-8.437870025634766
-8.36298656463623
-8.435158729553223
-8.271510124206543
-8.406453132629395
-8.43463134765625
-8.367676734924316
-8.441484451293945
-8.401731491088867
-8.425884246826172
-8.43836784362793
-8.433526039123535
-8.448330879211426
-8.452760696411133
-8.417520523071289
-8.432389259338379
-8.438374519348145
-8.431107521057129
-8.441703796386719
-8.450311660766602
-8.447409629821777
-8.398975372314453
-8.442893028259277
-8.4619779586792
-8.382328033447266
-8.450857162475586
-8.422183990478516
-8.436800003051758
-8.43329906463623
-8.440272331237793
-8.448278427124023
-8.441855430603027
-8.433513641357422
-8.438613891601562
-8.454638481140137
-8.445047378540039
-8.429360389709473
-8.40371322631836
-8.435890197753906
-8.437429428100586
-8.438128471374512
-8.373046875
-8.446586608886719
-8.421734809875488
-8.400121688842773
-8.384024620056152
-8.450052261352539
-8.446492195129395
-8.43871784210205
-8.447962760925293
-8.443587303161621
-8.443498611450195
-8.41945743560791
-8.443792343139648
-8.44324779510498
-8.447683334350586
-8.450153350830078
-8.45123291015625
-8.446791648864746
-8.44408130645752
-8.44668960571289
-8.45517349243164
-8.448931694030762
-8.441170692443848
-8.444977760314941
-8.4446439743042
-8.43964958190918
-8.447990417480469
-8.440614700317383
-8.437198638916016
-8.458036422729492
-8.468674659729004
-8.395421981811523
-8.452874183654785
-8.446812629699707
-8.442754745483398
-8.43005084991455
-8.446049690246582
-8.440574645996094
-8.443205833435059
-8.41063404083252
-8.448858261108398
-8.447434425354004
-8.434096336364746
-8.441418647766113
-8.453542709350586
-8.44510269165039
-8.445148468017578
-8.4429349899292
-8.43038558959961
-8.442802429199219
-8.438767433166504
-8.447415351867676
-8.44948959350586
-8.464791297912598
-8.413714408874512
-8.433895111083984
-8.409581184387207
-8.446362495422363
-8.39521598815918
-8.435219764709473
-8.398340225219727
-8.38582706451416
-8.397822380065918
-8.408185958862305
-8.434608459472656
-8.450172424316406
-8.443089485168457
-8.427104949951172
-8.42229175567627
-8.424903869628906
-8.409557342529297
-8.426302909851074
-8.423707962036133
-8.446969032287598
-8.445573806762695
-8.42695426940918
-8.44425106048584
-8.439434051513672
-8.455096244812012
-8.448385238647461
-8.439538955688477
-8.438905715942383
-8.459068298339844
-8.436861991882324
-8.443285942077637
-8.434097290039062
-8.436450958251953
-8.455582618713379
-8.442177772521973
-8.455032348632812
-8.452503204345703
-8.455522537231445
-8.446572303771973
-8.409069061279297
-8.454245567321777
-8.402905464172363
-8.46025562286377
-8.356334686279297
-8.459220886230469
-8.405439376831055
-8.416908264160156
-8.441072463989258
-8.420700073242188
-8.430920600891113
-8.419642448425293
-8.428450584411621
-8.428897857666016
-8.436958312988281
-8.44920825958252
-8.460506439208984
-8.45275592803955
-8.445167541503906
-8.445544242858887
-8.437978744506836
-8.46135139465332
-8.400585174560547
-8.449888229370117
-8.415562629699707
-8.445810317993164
-8.459789276123047
-8.390990257263184
-8.442381858825684
-8.42200756072998
-8.45044231414795
-8.44197940826416
-8.4392671585083
-8.45643424987793
-8.418537139892578
-8.449088096618652
-8.442248344421387
-8.374486923217773
-8.448883056640625
-8.34785270690918
-8.425726890563965
-8.4054594039917
-8.417190551757812
-8.447723388671875
-8.421360969543457
-8.444748878479004
-8.369187355041504
-8.423391342163086
-8.343986511230469
-8.410533905029297
-8.389744758605957
-8.430272102355957
-8.421526908874512
-8.428034782409668
-8.387256622314453
-8.449936866760254
-8.44946002960205
-8.443828582763672
-8.423091888427734
-8.455353736877441
-8.402911186218262
-8.445613861083984
-8.428420066833496
-8.44091796875
-8.44066333770752
-8.425175666809082
-8.431734085083008
-8.446146011352539
-8.439623832702637
-8.445318222045898
-8.4466552734375
-8.424593925476074
-8.452210426330566
-8.45267105102539
-8.431670188903809
-8.449373245239258
-8.427349090576172
-8.419068336486816
-8.436365127563477
-8.439881324768066
-8.450638771057129
-8.458572387695312
-8.45213508605957
-8.441865921020508
-8.417595863342285
-8.456526756286621
-8.455020904541016
-8.449313163757324
-8.458528518676758
-8.444796562194824
-8.440449714660645
-8.454655647277832
-8.465569496154785
-8.407196044921875
-8.442778587341309
-8.398272514343262
-8.449695587158203
-8.451823234558105
-8.418069839477539
-8.447102546691895
-8.37111759185791
-8.44007396697998
-8.42733097076416
-8.413617134094238
-8.456811904907227
-8.451373100280762
-8.444820404052734
-8.446623802185059
-8.423604011535645
-8.450386047363281
-8.419157981872559
-8.45544147491455
-8.458436965942383
-8.444391250610352
-8.452298164367676
-8.455471992492676
-8.439725875854492
-8.420308113098145
-8.446314811706543
-8.410125732421875
-8.467015266418457
-8.450966835021973
-8.441816329956055
-8.448063850402832
-8.446711540222168
-8.445713996887207
-8.451757431030273
-8.44416332244873
-8.453907012939453
-8.460829734802246
-8.425007820129395
-8.431809425354004
-8.39779281616211
-8.447347640991211
-8.351897239685059
-8.454646110534668
-8.44123363494873
-8.423514366149902
-8.448909759521484
-8.44497013092041
-8.455230712890625
-8.448687553405762
-8.45371150970459
-8.378454208374023
-8.456368446350098
-8.433836936950684
-8.432073593139648
-8.428914070129395
-8.42116928100586
-8.45483684539795
-8.420347213745117
-8.404027938842773
-8.406791687011719
-8.387317657470703
-8.446642875671387
-8.425310134887695
-8.432433128356934
-8.452208518981934
-8.436184883117676
-8.429166793823242
-8.431282043457031
-8.450835227966309
-8.458327293395996
-8.44271183013916
-8.441347122192383
-8.451400756835938
-8.44017505645752
-8.412934303283691
-8.449728965759277
-8.396818161010742
-8.444067001342773
-8.396822929382324
-8.415739059448242
-8.45168399810791
-8.32486629486084
-8.44287395477295
-8.315650939941406
-8.428217887878418
-8.419609069824219
-8.390336990356445
-8.436290740966797
-8.379280090332031
-8.432548522949219
-8.445189476013184
-8.413891792297363
-8.450571060180664
-8.44450569152832
-8.448213577270508
-8.448005676269531
-8.447240829467773
-8.365209579467773
-8.449127197265625
-8.291954040527344
-8.38589859008789
-8.446429252624512
-8.320624351501465
-8.409070014953613
-8.426033020019531
-8.414491653442383
-8.446130752563477
-8.414579391479492
-8.440321922302246
-8.449862480163574
-8.447423934936523
-8.438721656799316
-8.443787574768066
-8.41915512084961
-8.403850555419922
-8.444707870483398
-8.385624885559082
-8.445635795593262
-8.418436050415039
-8.433618545532227
-8.453335762023926
-8.422954559326172
-8.44633960723877
-8.438735961914062
-8.431036949157715
-8.456191062927246
-8.46424388885498
-8.414338111877441
-8.44704532623291
-8.44878101348877
-8.363040924072266
-8.445472717285156
-8.399979591369629
-8.452354431152344
-8.44591236114502
-8.438520431518555
-8.422829627990723
-8.453783988952637
-8.439350128173828
-8.414999961853027
-8.441265106201172
-8.392167091369629
-8.44788932800293
-8.414910316467285
-8.426002502441406
-8.434832572937012
-8.430825233459473
-8.445106506347656
-8.454822540283203
-8.431037902832031
-8.453447341918945
-8.446606636047363
-8.430224418640137
-8.441296577453613
-8.435555458068848
-8.439159393310547
-8.454336166381836
-8.455643653869629
-8.405673027038574
-8.453783988952637
-8.427571296691895
-8.44796371459961
-8.446137428283691
-8.46510124206543
-8.438789367675781
-8.45278263092041
-8.449398040771484
-8.453019142150879
-8.446818351745605
-8.447327613830566
-8.449975967407227
-8.453357696533203
-8.449939727783203
-8.449156761169434
-8.449854850769043
-8.4600830078125
-8.458026885986328
-8.41895580291748
-8.414605140686035
-8.441109657287598
-8.455819129943848
-8.428414344787598
-8.456430435180664
-8.453119277954102
-8.417006492614746
-8.457025527954102
-8.369304656982422
-8.460382461547852
-8.393434524536133
-8.454586029052734
-8.456328392028809
-8.356476783752441
-8.416449546813965
-8.412602424621582
-8.444255828857422
-8.392000198364258
-8.336997032165527
-8.453930854797363
-8.32502269744873
-8.414095878601074
-8.424574851989746
-8.358195304870605
-8.426424026489258
-8.366665840148926
-8.361515998840332
-8.463960647583008
-8.325419425964355
-8.410215377807617
-8.458281517028809
-8.32509994506836
-8.367330551147461
-8.427408218383789
-8.323990821838379
-8.431830406188965
-8.383312225341797
-8.423431396484375
-8.449642181396484
-8.437833786010742
-8.449495315551758
-8.426416397094727
-8.456619262695312
-8.449716567993164
-8.441530227661133
-8.443726539611816
-8.453526496887207
-8.450479507446289
-8.455035209655762
-8.450124740600586
-8.453608512878418
-8.463231086730957
-8.438591003417969
-8.414789199829102
-8.452714920043945
-8.444235801696777
-8.444869041442871
-8.439379692077637
-8.449895858764648
-8.44830322265625
-8.460976600646973
-8.441937446594238
-8.45087718963623
-8.449941635131836
-8.436057090759277
-8.450200080871582
-8.450241088867188
-8.446393013000488
-8.454981803894043
-8.462918281555176
-8.41081428527832
-8.456398010253906
-8.438332557678223
-8.451556205749512
-8.455111503601074
-8.431262016296387
-8.455132484436035
-8.398672103881836
-8.455025672912598
-8.432218551635742
-8.434412956237793
-8.443375587463379
-8.44932746887207
-8.449024200439453
-8.43979263305664
-8.438078880310059
-8.427040100097656
-8.443359375
-8.406805992126465
-8.453363418579102
-8.443156242370605
-8.421311378479004
-8.437764167785645
-8.360542297363281
-8.461009979248047
-8.432312965393066
-8.436430931091309
-8.45395278930664
-8.408276557922363
-8.441471099853516
-8.45702075958252
-8.417533874511719
-8.424982070922852
-8.450790405273438
-8.414895057678223
-8.441598892211914
-8.443947792053223
-8.42234992980957
-8.459773063659668
-8.429248809814453
-8.46026611328125
-8.446555137634277
-8.464111328125
-8.472259521484375
-8.449555397033691
-8.45122241973877
-8.457894325256348
-8.443824768066406
-8.451419830322266
-8.450599670410156
-8.427772521972656
-8.42627239227295
-8.427180290222168
-8.396315574645996
-8.393009185791016
-8.398605346679688
-8.443815231323242
-8.427578926086426
-8.449360847473145
-8.455671310424805
-8.418827056884766
-8.450211524963379
-8.405908584594727
-8.379014015197754
-8.454916954040527
-8.391153335571289
-8.453335762023926
-8.458451271057129
-8.425247192382812
-8.437911033630371
-8.445051193237305
-8.459016799926758
-8.455425262451172
-8.452960014343262
-8.452149391174316
-8.453206062316895
-8.445963859558105
-8.440648078918457
-8.45362377166748
-8.44275188446045
-8.443085670471191
-8.440064430236816
-8.439949035644531
-8.452485084533691
-8.457601547241211
-8.453030586242676
-8.449238777160645
-8.458547592163086
-8.452179908752441
-8.443992614746094
-8.454663276672363
-8.437376976013184
-8.450056076049805
-8.456233978271484
-8.43806266784668
-8.393272399902344
-8.414144515991211
-8.434881210327148
-8.436290740966797
-8.43708324432373
-8.387978553771973
-8.457231521606445
-8.41478157043457
-8.432247161865234
-8.44694709777832
-8.37749195098877
-8.457306861877441
-8.404086112976074
-8.450873374938965
-8.377012252807617
-8.44300365447998
-8.444439888000488
-8.428421974182129
-8.453271865844727
-8.441630363464355
-8.44494915008545
-8.448678016662598
-8.456438064575195
-8.46135425567627
-8.409661293029785
-8.450973510742188
-8.410305976867676
-8.4488525390625
-8.434036254882812
-8.43580436706543
-8.450896263122559
-8.411185264587402
-8.434614181518555
-8.434596061706543
-8.362494468688965
-8.448651313781738
-8.348857879638672
-8.352645874023438
-8.45032024383545
-8.327733993530273
-8.41679573059082
-8.416318893432617
-8.352559089660645
-8.448004722595215
-8.398946762084961
-8.385809898376465
-8.446210861206055
-8.381016731262207
-8.445399284362793
-8.430366516113281
-8.440254211425781
-8.432021141052246
-8.425085067749023
-8.432849884033203
-8.440937995910645
-8.411622047424316
-8.429648399353027
-8.453553199768066
-8.390365600585938
-8.448346138000488
-8.452194213867188
-8.382611274719238
-8.453927040100098
-8.419721603393555
-8.432039260864258
-8.437054634094238
-8.437079429626465
-8.454917907714844
-8.434566497802734
-8.448390007019043
-8.460015296936035
-8.400228500366211
-8.447137832641602
-8.445893287658691
-8.407883644104004
-8.453756332397461
-8.417967796325684
-8.445554733276367
-8.455458641052246
-8.46393871307373
-8.437718391418457
-8.440056800842285
-8.442072868347168
-8.372912406921387
-8.455389022827148
-8.446738243103027
-8.397789001464844
-8.451335906982422
-8.407682418823242
-8.370683670043945
-8.448266983032227
-8.364340782165527
-8.452356338500977
-8.413179397583008
-8.447366714477539
-8.448098182678223
-8.388154983520508
-8.45515251159668
-8.456768989562988
-8.443703651428223
-8.453773498535156
-8.440901756286621
-8.436338424682617
-8.4464750289917
-8.4140625
-8.440555572509766
-8.410825729370117
-8.397847175598145
-8.455270767211914
-8.361343383789062
-8.448127746582031
-8.423741340637207
-8.429738998413086
-8.454376220703125
-8.461188316345215
-8.436662673950195
-8.46422290802002
-8.457085609436035
-8.447293281555176
-8.436389923095703
-8.456718444824219
-8.425567626953125
-8.381214141845703
-8.43499755859375
-8.33585262298584
-8.420804977416992
-8.35837173461914
-8.42905330657959
-8.460498809814453
-8.433614730834961
-8.443608283996582
-8.451189041137695
-8.450820922851562
-8.404500007629395
-8.45866870880127
-8.413755416870117
-8.4061861038208
-8.453201293945312
-8.338630676269531
-8.405499458312988
-8.387758255004883
-8.38116455078125
-8.446980476379395
-8.436981201171875
-8.449629783630371
-8.454861640930176
-8.413894653320312
-8.463135719299316
-8.457953453063965
-8.45825481414795
-8.439213752746582
-8.450248718261719
-8.455795288085938
-8.442914009094238
-8.453021049499512
-8.447291374206543
-8.386667251586914
-8.449249267578125
-8.383167266845703
-8.372794151306152
-8.446688652038574
-8.40544319152832
-8.446986198425293
-8.454205513000488
-8.392810821533203
-8.458703994750977
-8.442117691040039
-8.399633407592773
-8.449660301208496
-8.384879112243652
-8.443069458007812
-8.407269477844238
-8.434144973754883
-8.456442832946777
-8.439888000488281
-8.446830749511719
-8.456061363220215
-8.417935371398926
-8.435133934020996
-8.45046329498291
-8.368634223937988
-8.436843872070312
-8.452588081359863
-8.344186782836914
-8.444397926330566
-8.354373931884766
-8.367035865783691
-8.456796646118164
-8.359881401062012
-8.39201831817627
-8.394062995910645
-8.390849113464355
-8.449844360351562
-8.404393196105957
-8.4070405960083
-8.446619987487793
-8.406652450561523
-8.38448715209961
-8.450729370117188
-8.403794288635254
-8.449581146240234
-8.445211410522461
-8.46503734588623
-8.45212459564209
-8.45394229888916
-8.445072174072266
-8.450740814208984
-8.438006401062012
-8.457965850830078
-8.426483154296875
-8.446744918823242
-8.455982208251953
-8.407879829406738
-8.451993942260742
-8.431984901428223
-8.44733715057373
-8.457852363586426
-8.449662208557129
-8.438894271850586
-8.463462829589844
-8.350492477416992
-8.453818321228027
-8.43715763092041
-8.430092811584473
-8.453695297241211
-8.443242073059082
-8.3798189163208
-8.464263916015625
-8.456127166748047
-8.457619667053223
-8.452494621276855
-8.446741104125977
-8.452707290649414
-8.455312728881836
-8.453941345214844
-8.450430870056152
-8.454238891601562
-8.4533109664917
-8.45809268951416
-8.451983451843262
-8.447470664978027
-8.45934009552002
-8.45191478729248
-8.470806121826172
-8.442596435546875
-8.449546813964844
-8.453510284423828
-8.438935279846191
-8.447578430175781
-8.452241897583008
-8.472862243652344
-8.435159683227539
-8.450356483459473
-8.458447456359863
-8.447019577026367
-8.451614379882812
-8.456541061401367
-8.421960830688477
-8.457416534423828
-8.445738792419434
-8.459531784057617
-8.467291831970215
-8.48895263671875
-8.372420310974121
-8.464285850524902
-8.448121070861816
-8.438156127929688
-8.463826179504395
-8.371124267578125
-8.433466911315918
-8.412778854370117
-8.395132064819336
-8.45567798614502
-8.456072807312012
-8.434749603271484
-8.459382057189941
-8.437759399414062
-8.409542083740234
-8.454009056091309
-8.438810348510742
-8.454225540161133
-8.456937789916992
-8.454853057861328
-8.42593765258789
-8.459090232849121
-8.433098793029785
-8.436409950256348
-8.443770408630371
-8.39402961730957
-8.448797225952148
-8.454694747924805
-8.410743713378906
-8.44863224029541
-8.414250373840332
-8.35076904296875
-8.428448677062988
-8.346475601196289
-8.457914352416992
-8.444477081298828
-8.408442497253418
-8.465030670166016
-8.388575553894043
-8.377683639526367
-8.459257125854492
-8.413212776184082
-8.359528541564941
-8.435084342956543
-8.402122497558594
-8.40084171295166
-8.454815864562988
-8.342880249023438
-8.404233932495117
-8.369791030883789
-8.35801887512207
-8.460774421691895
-8.406968116760254
-8.445502281188965
-8.47996997833252
-8.298714637756348
-8.427191734313965
-8.409863471984863
-8.380657196044922
-8.462303161621094
-8.435145378112793
-8.326576232910156
-8.459380149841309
-8.408651351928711
-8.431044578552246
-8.456506729125977
-8.434624671936035
-8.42569351196289
-8.440437316894531
-8.369418144226074
-8.420892715454102
-8.457908630371094
-8.315394401550293
-8.414895057678223
-8.44866943359375
-8.323044776916504
-8.449444770812988
-8.43615436553955
-8.416125297546387
-8.454322814941406
-8.41688060760498
-8.41728687286377
-8.46205997467041
-8.351832389831543
-8.461603164672852
-8.459885597229004
-8.415633201599121
-8.459476470947266
-8.455378532409668
-8.445719718933105
-8.38886547088623
-8.459778785705566
-8.440632820129395
-8.440805435180664
-8.45052433013916
-8.417470932006836
-8.469757080078125
-8.444998741149902
-8.44859504699707
-8.461386680603027
-8.456917762756348
-8.457140922546387
-8.466529846191406
-8.46009349822998
-8.457006454467773
-8.448358535766602
-8.436467170715332
-8.451664924621582
-8.46701431274414
-8.406147956848145
-8.452411651611328
-8.443603515625
-8.387726783752441
-8.463823318481445
-8.425400733947754
-8.45373249053955
-8.466870307922363
-8.463441848754883
-8.44978141784668
-8.452559471130371
-8.448891639709473
-8.454261779785156
-8.455141067504883
-8.450621604919434
-8.445462226867676
-8.452309608459473
-8.44612979888916
-8.45711612701416
-8.447726249694824
-8.459238052368164
-8.462000846862793
-8.460169792175293
-8.44511604309082
-8.455620765686035
-8.448094367980957
-8.449081420898438
-8.441605567932129
-8.449067115783691
-8.442301750183105
-8.466054916381836
-8.446075439453125
-8.454413414001465
-8.443267822265625
-8.467545509338379
-8.438061714172363
-8.43848991394043
-8.458359718322754
-8.441211700439453
-8.418578147888184
-8.460465431213379
-8.368425369262695
-8.453368186950684
-8.43538761138916
-8.440245628356934
-8.45364761352539
-8.446928977966309
-8.444741249084473
-8.44248104095459
-8.434175491333008
-8.456336975097656
-8.402524948120117
-8.458468437194824
-8.447906494140625
-8.437371253967285
-8.463177680969238
-8.41488265991211
-8.453728675842285
-8.457727432250977
-8.4622163772583
-8.45163345336914
-8.471273422241211
-8.455278396606445
-8.461953163146973
-8.456148147583008
-8.45013427734375
-8.455448150634766
-8.454482078552246
-8.454569816589355
-8.416597366333008
-8.44788932800293
-8.441136360168457
-8.454546928405762
-8.457979202270508
-8.417548179626465
-8.450104713439941
-8.472799301147461
-8.410630226135254
-8.451716423034668
-8.44451904296875
-8.436662673950195
-8.452337265014648
-8.427119255065918
-8.368064880371094
-8.442832946777344
-8.428074836730957
-8.446754455566406
-8.419580459594727
-8.45153522491455
-8.461370468139648
-8.455280303955078
-8.45949935913086
-8.44328498840332
-8.466235160827637
-8.412083625793457
-8.445953369140625
-8.403148651123047
-8.4302978515625
-8.45557975769043
-8.430427551269531
-8.443560600280762
-8.42818832397461
-8.437737464904785
-8.458654403686523
-8.4480562210083
-8.451445579528809
-8.456005096435547
-8.448662757873535
-8.450303077697754
-8.463024139404297
-8.464860916137695
-8.44234848022461
-8.44957447052002
-8.43187141418457
-8.45583724975586
-8.430096626281738
-8.455299377441406
-8.456555366516113
-8.421728134155273
-8.450087547302246
-8.413191795349121
-8.443408012390137
-8.446939468383789
-8.425471305847168
-8.466252326965332
-8.42373275756836
-8.447389602661133
-8.4649076461792
-8.376696586608887
-8.431589126586914
-8.447097778320312
-8.450983047485352
-8.446525573730469
-8.449213027954102
-8.378357887268066
-8.463445663452148
-8.19381046295166
-8.457717895507812
-8.431811332702637
-8.429779052734375
-8.454221725463867
-8.450284957885742
-8.446640968322754
-8.445300102233887
-8.457208633422852
-8.352856636047363
-8.449834823608398
-8.399611473083496
-8.411046028137207
-8.451708793640137
-8.414236068725586
-8.45749282836914
-8.449714660644531
-8.425956726074219
-8.458714485168457
-8.448742866516113
-8.4583158493042
-8.45359992980957
-8.450251579284668
-8.454948425292969
-8.447479248046875
-8.451375961303711
-8.45042610168457
-8.456542015075684
-8.459607124328613
-8.460973739624023
-8.40732192993164
-8.45635986328125
-8.430000305175781
-8.453841209411621
-8.458904266357422
-8.454489707946777
-8.457682609558105
-8.437870979309082
-8.442503929138184
-8.457079887390137
-8.417555809020996
-8.462578773498535
-8.451432228088379
-8.454376220703125
-8.45802116394043
-8.448285102844238
-8.46124267578125
-8.453113555908203
-8.454473495483398
-8.454643249511719
-8.461368560791016
-8.460607528686523
-8.454906463623047
-8.455009460449219
-8.461275100708008
-8.448744773864746
-8.468157768249512
-8.447765350341797
-8.45609188079834
-8.426579475402832
-8.441335678100586
-8.366703987121582
-8.41181755065918
-8.467595100402832
-8.370758056640625
-8.375957489013672
-8.462667465209961
-8.296100616455078
-8.413113594055176
-8.456021308898926
-8.401595115661621
-8.38209342956543
-8.455845832824707
-8.338738441467285
-8.366983413696289
-8.442920684814453
-8.391546249389648
-8.40500545501709
-8.454553604125977
-8.40090560913086
-8.411552429199219
-8.4443359375
-8.400612831115723
-8.436884880065918
-8.421747207641602
-8.410001754760742
-8.45716667175293
-8.41721248626709
-8.424375534057617
-8.456596374511719
-8.414380073547363
-8.409895896911621
-8.436114311218262
-8.39671802520752
-8.453513145446777
-8.377656936645508
-8.422382354736328
-8.456724166870117
-8.38129711151123
-8.442757606506348
-8.422557830810547
-8.442873001098633
-8.456158638000488
-8.415130615234375
-8.427898406982422
-8.454996109008789
-8.427472114562988
-8.448640823364258
-8.460311889648438
-8.451817512512207
-8.45730209350586
-8.455195426940918
-8.405652046203613
-8.437967300415039
-8.450292587280273
-8.441168785095215
-8.443037033081055
-8.460460662841797
-8.442680358886719
-8.43293571472168
-8.454841613769531
-8.437531471252441
-8.426175117492676
-8.455964088439941
-8.423249244689941
-8.421268463134766
-8.461833953857422
-8.473959922790527
-8.418891906738281
-8.485159873962402
-8.4572114944458
-8.46656322479248
-8.45950698852539
-8.451498985290527
-8.458301544189453
-8.458300590515137
-8.45894718170166
-8.460806846618652
-8.453409194946289
-8.444223403930664
-8.455855369567871
-8.474664688110352
-8.44998836517334
-8.443848609924316
-8.457854270935059
-8.421507835388184
-8.456435203552246
-8.463541984558105
-8.468219757080078
-8.449949264526367
-8.452247619628906
-8.416373252868652
-8.44916820526123
-8.449468612670898
-8.398815155029297
-8.46041488647461
-8.375389099121094
-8.422554969787598
-8.431981086730957
-8.369763374328613
-8.4504976272583
-8.38988208770752
-8.4193696975708
-8.454977035522461
-8.371326446533203
-8.447722434997559
-8.400232315063477
-8.44993782043457
-8.451276779174805
-8.473529815673828
-8.421483993530273
-8.45819091796875
-8.44946575164795
-8.406521797180176
-8.454508781433105
-8.474091529846191
-8.341964721679688
-8.407400131225586
-8.428436279296875
-8.271831512451172
-8.453169822692871
-8.381256103515625
-8.236895561218262
-8.446710586547852
-8.242069244384766
-8.180497169494629
-8.438907623291016
-8.312423706054688
-8.21780776977539
-8.435522079467773
-8.343770027160645
-8.30364990234375
-8.448331832885742
-8.420512199401855
-8.424423217773438
-8.423080444335938
-8.430601119995117
-8.409984588623047
-8.443474769592285
-8.426436424255371
-8.424592018127441
-8.44877815246582
-8.44091510772705
-8.425283432006836
-8.46226692199707
-8.403596878051758
-8.439889907836914
-8.452621459960938
-8.407151222229004
-8.462831497192383
-8.426216125488281
-8.415220260620117
-8.45132064819336
-8.446521759033203
-8.462275505065918
-8.4408597946167
-8.459179878234863
-8.458671569824219
-8.459193229675293
-8.455820083618164
-8.455560684204102
-8.461531639099121
-8.463956832885742
-8.469145774841309
-8.438709259033203
-8.460548400878906
-8.361122131347656
-8.4505615234375
-8.448692321777344
-8.42807674407959
-8.454048156738281
-8.449084281921387
-8.442502975463867
-8.452004432678223
-8.463113784790039
-8.445481300354004
-8.451797485351562
-8.468853950500488
-8.458602905273438
-8.45658016204834
-8.457242965698242
-8.427628517150879
-8.460761070251465
-8.455117225646973
-8.401260375976562
-8.465513229370117
-8.423273086547852
-8.459333419799805
-8.447075843811035
-8.44986629486084
-8.450823783874512
-8.449066162109375
-8.458797454833984
-8.442557334899902
-8.47174072265625
-8.452231407165527
-8.464003562927246
-8.45804500579834
-8.434821128845215
-8.448185920715332
-8.456551551818848
-8.427549362182617
-8.444019317626953
-8.443860054016113
-8.432963371276855
-8.4606294631958
-8.435517311096191
-8.39525318145752
-8.45022964477539
-8.325582504272461
-8.457656860351562
-8.41675853729248
-8.408236503601074
-8.451005935668945
-8.364375114440918
-8.430861473083496
-8.441191673278809
-8.447463989257812
-8.440323829650879
-8.452507019042969
-8.451885223388672
-8.452563285827637
-8.464723587036133
-8.397994995117188
-8.459482192993164
-8.449479103088379
-8.43380355834961
-8.463720321655273
-8.466766357421875
-8.45476245880127
-8.438926696777344
-8.424006462097168
-8.4484281539917
-8.446831703186035
-8.38504695892334
-8.46652603149414
-8.354486465454102
-8.440533638000488
-8.416629791259766
-8.392892837524414
-8.447626113891602
-8.398139953613281
-8.451061248779297
-8.464694023132324
-8.423613548278809
-8.413069725036621
-8.450447082519531
-8.41706371307373
-8.46182918548584
-8.459471702575684
-8.459425926208496
-8.464971542358398
-8.458271980285645
-8.456177711486816
-8.44792366027832
-8.467658042907715
-8.459710121154785
-8.413186073303223
-8.447778701782227
-8.400714874267578
-8.453380584716797
-8.433619499206543
-8.450477600097656
-8.449116706848145
-8.397101402282715
-8.45515251159668
-8.438936233520508
-8.446284294128418
-8.463724136352539
-8.456769943237305
-8.453347206115723
-8.456308364868164
-8.44943904876709
-8.454035758972168
-8.463749885559082
-8.447948455810547
-8.403081893920898
-8.45697021484375
-8.416994094848633
-8.391329765319824
-8.443675994873047
-8.448508262634277
-8.458003044128418
-8.4616060256958
-8.44017219543457
-8.458839416503906
-8.468091011047363
-8.434741020202637
-8.447208404541016
-8.437674522399902
-8.423018455505371
-8.459171295166016
-8.461897850036621
-8.410158157348633
-8.458894729614258
-8.44092082977295
-8.415982246398926
-8.460872650146484
-8.456283569335938
-8.442298889160156
-8.460638999938965
-8.440829277038574
-8.441974639892578
-8.46351432800293
-8.445631980895996
-8.468134880065918
-8.454085350036621
-8.459436416625977
-8.451611518859863
-8.45608901977539
-8.46292781829834
-8.433554649353027
-8.455796241760254
-8.452016830444336
-8.42465591430664
-8.460745811462402
-8.410006523132324
-8.430968284606934
-8.464210510253906
-8.409333229064941
-8.441993713378906
-8.461152076721191
-8.407257080078125
-8.4747314453125
-8.440400123596191
-8.454203605651855
-8.458333969116211
-8.46554946899414
-8.460692405700684
-8.458052635192871
-8.4247407913208
-8.451170921325684
-8.428194046020508
-8.442479133605957
-8.461254119873047
-8.403637886047363
-8.447879791259766
-8.441582679748535
-8.415125846862793
-8.454774856567383
-8.455892562866211
-8.429229736328125
-8.451315879821777
-8.452354431152344
-8.457180976867676
-8.439736366271973
-8.452393531799316
-8.447672843933105
-8.442523002624512
-8.461061477661133
-8.441582679748535
-8.454814910888672
-8.463515281677246
-8.462457656860352
-8.45966625213623
-8.462303161621094
-8.454410552978516
-8.457253456115723
-8.451115608215332
-8.456422805786133
-8.440909385681152
-8.452791213989258
-8.464269638061523
-8.439386367797852
-8.453627586364746
-8.439400672912598
-8.387908935546875
-8.452616691589355
-8.38353157043457
-8.449630737304688
-8.383293151855469
-8.387767791748047
-8.446897506713867
-8.414458274841309
-8.434005737304688
-8.461603164672852
-8.43978500366211
-8.453182220458984
-8.461152076721191
-8.39838981628418
-8.452398300170898
-8.467337608337402
-8.428082466125488
-8.451666831970215
-8.452241897583008
-8.4553861618042
-8.461304664611816
-8.461335182189941
-8.458084106445312
-8.452914237976074
-8.463650703430176
-8.466768264770508
-8.45288372039795
-8.463751792907715
-8.464144706726074
-8.456832885742188
-8.46658992767334
-8.436781883239746
-8.456018447875977
-8.46200942993164
-8.45077133178711
-8.469088554382324
-8.38280200958252
-8.468576431274414
-8.45454216003418
-8.47060775756836
-8.455831527709961
-8.444226264953613
-8.462661743164062
-8.429556846618652
-8.432716369628906
-8.457858085632324
-8.436710357666016
-8.436074256896973
-8.459626197814941
-8.417234420776367
-8.45704174041748
-8.459646224975586
-8.41695785522461
-8.459117889404297
-8.463476181030273
-8.445425987243652
-8.446039199829102
-8.466859817504883
-8.459242820739746
-8.416916847229004
-8.46153736114502
-8.42508602142334
-8.42739486694336
-8.456295013427734
-8.461934089660645
-8.474002838134766
-8.445816993713379
-8.46666145324707
-8.45962905883789
-8.460020065307617
-8.451471328735352
-8.451667785644531
-8.451440811157227
-8.443608283996582
-8.45623779296875
-8.449579238891602
-8.460600852966309
-8.464451789855957
-8.440092086791992
-8.459446907043457
-8.448241233825684
-8.462241172790527
-8.460955619812012
-8.456311225891113
-8.46642780303955
-8.435644149780273
-8.455809593200684
-8.441649436950684
-8.452912330627441
-8.441123008728027
-8.418095588684082
-8.455876350402832
-8.439987182617188
-8.399773597717285
-8.47205638885498
-8.327216148376465
-8.396089553833008
-8.448589324951172
-8.329984664916992
-8.437341690063477
-8.40299129486084
-8.356513023376465
-8.450382232666016
-8.403298377990723
-8.321520805358887
-8.456884384155273
-8.409138679504395
-8.34670639038086
-8.461909294128418
-8.399078369140625
-8.431526184082031
-8.463523864746094
-8.402885437011719
-8.444600105285645
-8.443709373474121
-8.443622589111328
-8.456727981567383
-8.441520690917969
-8.462418556213379
-8.453557014465332
-8.46031379699707
-8.457636833190918
-8.439458847045898
-8.459990501403809
-8.410181999206543
-8.45811653137207
-8.403128623962402
-8.383727073669434
-8.456073760986328
-8.35670280456543
-8.428281784057617
-8.461955070495605
-8.336226463317871
-8.436959266662598
-8.45993709564209
-8.348835945129395
-8.43288803100586
-8.451324462890625
-8.360298156738281
-8.464330673217773
-8.453876495361328
-8.376852989196777
-8.442768096923828
-8.460668563842773
-8.312519073486328
-8.457904815673828
-8.408733367919922
-8.410440444946289
-8.452178001403809
-8.436389923095703
-8.455134391784668
-8.462732315063477
-8.45048999786377
-8.453751564025879
-8.472517967224121
-8.39587116241455
-8.462105751037598
-8.444326400756836
-8.444863319396973
-8.453917503356934
-8.447267532348633
-8.458470344543457
-8.457740783691406
-8.42149829864502
-8.449713706970215
-8.457674980163574
-8.415510177612305
-8.466827392578125
-8.446895599365234
-8.459208488464355
-8.446900367736816
-8.45999813079834
-8.452881813049316
-8.460967063903809
-8.453725814819336
-8.448673248291016
-8.450156211853027
-8.460870742797852
-8.421812057495117
-8.456964492797852
-8.461185455322266
-8.420729637145996
-8.46336841583252
-8.468048095703125
-8.44411563873291
-8.470507621765137
-8.468135833740234
-8.471399307250977
-8.459866523742676
-8.442886352539062
-8.444655418395996
-8.454583168029785
-8.46439266204834
-8.45689582824707
-8.450370788574219
-8.442815780639648
-8.459716796875
-8.448972702026367
-8.45090103149414
-8.456332206726074
-8.460977554321289
-8.465792655944824
-8.46583366394043
-8.451428413391113
-8.45765209197998
-8.462578773498535
-8.448570251464844
-8.46625804901123
-8.459667205810547
-8.45878791809082
-8.442801475524902
-8.457186698913574
-8.459563255310059
-8.440406799316406
-8.45888614654541
-8.444648742675781
-8.466070175170898
-8.441740989685059
-8.45887565612793
-8.45213508605957
-8.414169311523438
-8.453268051147461
-8.459692001342773
-8.437018394470215
-8.412259101867676
-8.453339576721191
-8.444672584533691
-8.422406196594238
-8.458080291748047
-8.445657730102539
-8.48624038696289
-8.448878288269043
-8.476000785827637
-8.44973087310791
-8.438673973083496
-8.448470115661621
-8.460232734680176
-8.421419143676758
-8.458197593688965
-8.424942970275879
-8.452460289001465
-8.458577156066895
-8.410069465637207
-8.465434074401855
-8.451359748840332
-8.454593658447266
-8.457479476928711
-8.462486267089844
-8.464542388916016
-8.443280220031738
-8.456920623779297
-8.46314525604248
-8.4456205368042
-8.447919845581055
-8.458817481994629
-8.445334434509277
-8.458026885986328
-8.46702766418457
-8.41347599029541
-8.464699745178223
-8.473796844482422
-8.39964771270752
-8.459774017333984
-8.463921546936035
-8.432958602905273
-8.440330505371094
-8.458632469177246
-8.397741317749023
-8.45548152923584
-8.430822372436523
-8.46241283416748
-8.462374687194824
-8.46345043182373
-8.455307960510254
-8.463234901428223
-8.447529792785645
-8.464122772216797
-8.461918830871582
-8.459903717041016
-8.467985153198242
-8.438713073730469
-8.463540077209473
-8.450942039489746
-8.424981117248535
-8.466538429260254
-8.435990333557129
-8.463430404663086
-8.466970443725586
-8.462175369262695
-8.462112426757812
-8.459254264831543
-8.45234203338623
-8.46826171875
-8.471641540527344
-8.443473815917969
-8.472801208496094
-8.456201553344727
-8.452085494995117
-8.457605361938477
-8.464666366577148
-8.466340065002441
-8.4619722366333
-8.464338302612305
-8.457878112792969
-8.456622123718262
-8.427152633666992
-8.4581298828125
-8.459941864013672
-8.440728187561035
-8.464323043823242
-8.465973854064941
-8.404026985168457
-8.462119102478027
-8.436349868774414
-8.444363594055176
-8.472963333129883
-8.426106452941895
-8.408878326416016
-8.45337963104248
-8.411019325256348
-8.460068702697754
-8.465644836425781
-8.455318450927734
-8.455631256103516
-8.45358943939209
-8.450522422790527
-8.445273399353027
-8.444108963012695
-8.436528205871582
-8.450325012207031
-8.451496124267578
-8.43213939666748
-8.455451011657715
-8.448519706726074
-8.449594497680664
-8.455741882324219
-8.464401245117188
-8.460532188415527
-8.461538314819336
-8.457061767578125
-8.429413795471191
-8.474584579467773
-8.34653091430664
-8.427958488464355
-8.456390380859375
-8.401888847351074
-8.422882080078125
-8.433696746826172
-8.438828468322754
-8.451404571533203
-8.405716896057129
-8.464781761169434
-8.43539810180664
-8.429118156433105
-8.45151424407959
-8.409316062927246
-8.461737632751465
-8.461629867553711
-8.417651176452637
-8.461446762084961
-8.422836303710938
-8.425066947937012
-8.463414192199707
-8.373601913452148
-8.45508861541748
-8.452630043029785
-8.463238716125488
-8.438928604125977
-8.462491989135742
-8.439987182617188
-8.460268020629883
-8.459723472595215
-8.426262855529785
-8.435160636901855
-8.465521812438965
-8.44657039642334
-8.411054611206055
-8.45003890991211
-8.369195938110352
-8.451959609985352
-8.433991432189941
-8.35399055480957
-8.442872047424316
-8.360721588134766
-8.353250503540039
-8.464153289794922
-8.334946632385254
-8.398905754089355
-8.461960792541504
-8.373388290405273
-8.410623550415039
-8.472002029418945
-8.271164894104004
-8.445596694946289
-8.454314231872559
-8.38525104522705
-8.450647354125977
-8.440583229064941
-8.391131401062012
-8.472570419311523
-8.460136413574219
-8.456572532653809
-8.460932731628418
-8.461775779724121
-8.458492279052734
-8.449219703674316
-8.446359634399414
-8.433484077453613
-8.453008651733398
-8.466988563537598
-8.455211639404297
-8.45106315612793
-8.466241836547852
-8.44515609741211
-8.471211433410645
-8.457060813903809
-8.467034339904785
-8.426337242126465
-8.470128059387207
-8.444509506225586
-8.441068649291992
-8.465087890625
-8.430591583251953
-8.420842170715332
-8.465045928955078
-8.437335968017578
-8.435145378112793
-8.46567440032959
-8.441489219665527
-8.385116577148438
-8.459197998046875
-8.40298080444336
-8.374221801757812
-8.4569091796875
-8.389673233032227
-8.41073989868164
-8.467340469360352
-8.390334129333496
-8.36503791809082
-8.445306777954102
-8.289471626281738
-8.45731258392334
-8.470284461975098
-8.355571746826172
-8.408785820007324
-8.40617561340332
-8.427270889282227
-8.459301948547363
-8.464284896850586
-8.397490501403809
-8.47174072265625
-8.432847023010254
-8.455229759216309
-8.468138694763184
-8.47851848602295
-8.459376335144043
-8.436260223388672
-8.456883430480957
-8.464595794677734
-8.398468017578125
-8.466464042663574
-8.437010765075684
-8.388699531555176
-8.463507652282715
-8.44601821899414
-8.458160400390625
-8.457457542419434
-8.44227123260498
-8.461437225341797
-8.465766906738281
-8.431842803955078
-8.452296257019043
-8.471856117248535
-8.487945556640625
-8.45453929901123
-8.456473350524902
-8.463251113891602
-8.429615020751953
-8.464632987976074
-8.447794914245605
-8.447416305541992
-8.44438362121582
-8.421917915344238
-8.431654930114746
-8.458675384521484
-8.41318130493164
-8.424412727355957
-8.464776039123535
-8.42439079284668
-8.44228458404541
-8.475306510925293
-8.390862464904785
-8.442144393920898
-8.451640129089355
-8.41392707824707
-8.466158866882324
-8.452414512634277
-8.468767166137695
-8.455666542053223
-8.46861743927002
-8.434149742126465
-8.458248138427734
-8.381505012512207
-8.442622184753418
-8.466163635253906
-8.410527229309082
-8.459562301635742
-8.446728706359863
-8.468987464904785
-8.457529067993164
-8.455155372619629
-8.457594871520996
-8.479467391967773
-8.447495460510254
-8.439888000488281
-8.428655624389648
-8.459856033325195
-8.456840515136719
-8.462608337402344
-8.446789741516113
-8.465839385986328
-8.456618309020996
-8.476300239562988
-8.46005916595459
-8.437480926513672
-8.46422004699707
-8.459710121154785
-8.441465377807617
-8.464923858642578
-8.464845657348633
-8.45434284210205
-8.441388130187988
-8.420244216918945
-8.450235366821289
-8.470441818237305
-8.400107383728027
-8.462044715881348
-8.456277847290039
-8.450373649597168
-8.467156410217285
-8.46799087524414
-8.437148094177246
-8.474854469299316
-8.448104858398438
-8.462101936340332
