loss_u
-5.095345497131348
-5.067646026611328
-5.180625915527344
-5.415449142456055
-5.2910475730896
-5.3078694343566895
-5.387094020843506
-5.21903657913208
-5.516326904296875
-5.572334289550781
-5.596237659454346
-5.860916614532471
-5.904118061065674
-5.768702507019043
-5.851865768432617
-5.787350654602051
-5.8309645652771
-5.61980676651001
-5.849586009979248
-5.745574474334717
-5.796189308166504
-5.919816493988037
-5.792212963104248
-5.9243645668029785
-5.95971155166626
-5.844845771789551
-5.8982014656066895
-5.898429870605469
-5.950512886047363
-5.990135192871094
-5.9409661293029785
-5.958134174346924
-5.915438652038574
-5.908297538757324
-6.0394816398620605
-5.914499282836914
-5.975536346435547
-5.992157459259033
-5.987949848175049
-6.0106892585754395
-6.050907611846924
-6.04033088684082
-5.96321439743042
-6.0358662605285645
-5.965906143188477
-6.066595554351807
-6.064870834350586
-6.151293754577637
-5.980283737182617
-6.097704887390137
-5.996280670166016
-6.014449119567871
-6.013735771179199
-6.088639259338379
-6.062030792236328
-6.168929100036621
-6.082424163818359
-6.0844011306762695
-6.095328330993652
-6.090583801269531
-6.072206974029541
-6.173150062561035
-6.144989967346191
-6.139347553253174
-6.215642929077148
-6.21245813369751
-6.18664026260376
-6.2462639808654785
-6.281197547912598
-6.298888683319092
-6.175766944885254
-6.255381107330322
-6.255208492279053
-6.3777031898498535
-6.296679496765137
-6.408692836761475
-6.325523853302002
-6.322681903839111
-6.45579719543457
-6.521176338195801
-6.409491062164307
-6.620006561279297
-6.564971923828125
-6.782961368560791
-6.832801342010498
-6.798886299133301
-6.7021965980529785
-6.9096832275390625
-6.889393329620361
-6.985714435577393
-7.221219062805176
-7.258960723876953
-7.099292755126953
-7.263061046600342
-7.436739444732666
-7.149196147918701
-7.347702980041504
-7.330694675445557
-7.367702007293701
-7.234047889709473
-7.342051982879639
-7.325906753540039
-7.284548282623291
-7.491393089294434
-7.500892162322998
-7.48089075088501
-7.659654140472412
-7.524046897888184
-7.616437911987305
-7.79031229019165
-7.749903202056885
-7.897867679595947
-7.871893882751465
-7.858900547027588
-7.835362434387207
-8.024309158325195
-7.699034214019775
-7.867308616638184
-7.926543712615967
-8.022564888000488
-8.077768325805664
-8.24618148803711
-8.181398391723633
-8.231598854064941
-8.202759742736816
-8.266762733459473
-8.323657035827637
-8.238140106201172
-8.35291576385498
-8.240350723266602
-8.266495704650879
-8.29697322845459
-8.44170093536377
-8.535164833068848
-8.337244033813477
-8.363043785095215
-8.315089225769043
-8.422003746032715
-8.502681732177734
-8.46911334991455
-8.47572135925293
-8.634936332702637
-8.486685752868652
-8.421913146972656
-8.541133880615234
-8.478668212890625
-8.574739456176758
-8.597938537597656
-8.691455841064453
-8.714142799377441
-8.726577758789062
-8.718605041503906
-8.55910587310791
-8.674240112304688
-8.634812355041504
-8.726606369018555
-8.712295532226562
-8.71895694732666
-8.76838207244873
-8.580718040466309
-8.778489112854004
-8.673097610473633
-8.769617080688477
-8.718629837036133
-8.822779655456543
-8.846723556518555
-8.809592247009277
-8.81095027923584
-8.856361389160156
-8.857186317443848
-8.851164817810059
-9.013677597045898
-8.894369125366211
-8.914266586303711
-8.9894437789917
-8.654781341552734
-8.977518081665039
-8.660662651062012
-8.995771408081055
-8.679421424865723
-8.823369026184082
-8.811556816101074
-8.688277244567871
-9.061505317687988
-8.605682373046875
-8.857026100158691
-8.884538650512695
-8.495471000671387
-8.815579414367676
-9.024005889892578
-8.823189735412598
-9.145136833190918
-8.928216934204102
-9.108695983886719
-9.116422653198242
-9.066883087158203
-9.128400802612305
-9.092061042785645
-9.222893714904785
-9.211852073669434
-9.206463813781738
-9.206421852111816
-9.234603881835938
-9.339346885681152
-9.205281257629395
-9.286520004272461
-9.334095001220703
-9.26798152923584
-9.307920455932617
-9.268401145935059
-9.350040435791016
-9.365715980529785
-9.352649688720703
-9.229290962219238
-9.437453269958496
-9.401274681091309
-9.42362117767334
-9.313026428222656
-9.323222160339355
-9.466389656066895
-9.430327415466309
-9.400368690490723
-9.55247974395752
-9.541885375976562
-9.581388473510742
-9.523085594177246
-9.459893226623535
-9.48892879486084
-9.597765922546387
-9.451833724975586
-9.28665828704834
-9.66113567352295
-9.254982948303223
-9.650934219360352
-9.637869834899902
-9.555337905883789
-9.689208030700684
-9.708590507507324
-9.54332447052002
-9.733226776123047
-9.561033248901367
-9.40427303314209
-9.680110931396484
-9.042010307312012
-9.521282196044922
-8.840953826904297
-8.478296279907227
-9.07315731048584
-8.982756614685059
-8.970909118652344
-9.79824161529541
-9.263720512390137
-9.775674819946289
-9.204181671142578
-9.574906349182129
-9.276382446289062
-9.103522300720215
-9.832121849060059
-9.008655548095703
-9.098760604858398
-9.648296356201172
-9.285160064697266
-9.724627494812012
-9.274117469787598
-9.5941743850708
-9.640660285949707
-9.523358345031738
-9.84411334991455
-9.6333646774292
-9.877890586853027
-9.828213691711426
-9.945115089416504
-9.857901573181152
-9.908100128173828
-9.9339017868042
-9.95901870727539
-9.920324325561523
-9.93972396850586
-9.923042297363281
-9.9680814743042
-9.931360244750977
-9.967966079711914
-9.999390602111816
-9.944685935974121
-10.012003898620605
-10.007694244384766
-10.014447212219238
-10.017208099365234
-10.029332160949707
-10.08291244506836
-10.017744064331055
-9.923833847045898
-10.048361778259277
-9.974390983581543
-9.834712982177734
-10.037745475769043
-10.077091217041016
-9.983258247375488
-9.999588966369629
-10.141620635986328
-10.090666770935059
-10.053095817565918
-10.147604942321777
-10.133805274963379
-9.941393852233887
-10.055997848510742
-10.165432929992676
-10.138619422912598
-10.078023910522461
-10.164848327636719
-10.197123527526855
-10.122177124023438
-10.198042869567871
-10.226778030395508
-10.228936195373535
-10.150022506713867
-10.061001777648926
-10.14665699005127
-10.207673072814941
-10.286121368408203
-10.247295379638672
-10.211730003356934
-10.111348152160645
-10.122577667236328
-10.25294303894043
-10.218998908996582
-10.06356430053711
-10.17674732208252
-10.263448715209961
-10.279561996459961
-10.304224014282227
-10.262287139892578
-10.247329711914062
-10.241453170776367
-10.30652141571045
-10.315990447998047
-10.23779582977295
-10.095930099487305
-10.082990646362305
-10.304034233093262
-10.247879028320312
-9.99478816986084
-10.248068809509277
-10.356751441955566
-9.949763298034668
-10.22263240814209
-10.399378776550293
-10.286219596862793
-10.227039337158203
-10.249983787536621
-10.329889297485352
-10.353118896484375
-10.385581016540527
-10.368972778320312
-10.267606735229492
-10.330364227294922
-10.396991729736328
-10.379846572875977
-10.383323669433594
-10.382664680480957
-10.391218185424805
-10.3485689163208
-10.305179595947266
-10.282148361206055
-10.400395393371582
-10.393265724182129
-10.462392807006836
-10.417820930480957
-10.388447761535645
-10.252875328063965
-10.286624908447266
-10.449491500854492
-10.478858947753906
-10.406994819641113
-10.281561851501465
-10.346175193786621
-10.466992378234863
-10.451949119567871
-10.354140281677246
-10.196904182434082
-10.369271278381348
-10.50670051574707
-10.451126098632812
-10.355287551879883
-10.331408500671387
-10.418525695800781
-10.475931167602539
-10.456001281738281
-10.316635131835938
-10.275257110595703
-10.406289100646973
-10.519735336303711
-10.388705253601074
-10.293633460998535
-10.392735481262207
-10.53165054321289
-10.498297691345215
-10.432476997375488
-10.331071853637695
-10.39657211303711
-10.53000259399414
-10.515335083007812
-10.449029922485352
-10.345130920410156
-10.46245288848877
-10.520898818969727
-10.501620292663574
-10.353032112121582
-10.384973526000977
-10.510348320007324
-10.55335807800293
-10.439959526062012
-10.466089248657227
-10.483067512512207
-10.548139572143555
-10.476094245910645
-10.45037841796875
-10.517723083496094
-10.57015323638916
-10.560976028442383
-10.554176330566406
-10.50984001159668
-10.53396987915039
-10.548847198486328
-10.594385147094727
-10.57817554473877
-10.548392295837402
-10.512779235839844
-10.555726051330566
-10.592187881469727
-10.59162425994873
-10.591362953186035
-10.619368553161621
-10.614453315734863
-10.584366798400879
-10.553752899169922
-10.54129409790039
-10.604313850402832
-10.611793518066406
-10.612227439880371
-10.593317031860352
-10.562199592590332
-10.5487642288208
-10.553251266479492
-10.566144943237305
-10.621221542358398
-10.629148483276367
-10.613042831420898
-10.55453872680664
-10.526510238647461
-10.536233901977539
-10.609370231628418
-10.653701782226562
-10.66910171508789
-10.665328979492188
-10.638324737548828
-10.603238105773926
-10.57430362701416
-10.576069831848145
-10.56478500366211
-10.61617374420166
-10.676642417907715
-10.64563274383545
-10.656439781188965
-10.671674728393555
-10.66094970703125
-10.650554656982422
-10.6373291015625
-10.581273078918457
-10.608936309814453
-10.6342134475708
-10.68229866027832
-10.707209587097168
-10.687281608581543
-10.694828987121582
-10.695732116699219
-10.698498725891113
-10.694724082946777
-10.718194961547852
-10.722126960754395
-10.723244667053223
-10.717085838317871
-10.708385467529297
-10.735246658325195
-10.712940216064453
-10.720195770263672
-10.680228233337402
-10.58875846862793
-10.580763816833496
-10.642199516296387
-10.695568084716797
-10.749691009521484
-10.75744342803955
-10.743918418884277
-10.736234664916992
-10.766632080078125
-10.749354362487793
-10.763899803161621
-10.769089698791504
-10.748066902160645
-10.765547752380371
-10.746650695800781
-10.734426498413086
-10.664910316467285
-10.579495429992676
-10.60281753540039
-10.71753215789795
-10.732196807861328
-10.773398399353027
-10.767905235290527
-10.784300804138184
-10.769145011901855
-10.706528663635254
-10.628162384033203
-10.625847816467285
-10.69046688079834
-10.75534439086914
-10.766071319580078
-10.736405372619629
-10.757307052612305
-10.710501670837402
-10.635217666625977
-10.641549110412598
-10.727389335632324
-10.766522407531738
-10.75110149383545
-10.7333984375
-10.702184677124023
-10.65827751159668
-10.726454734802246
-10.818511009216309
-10.805547714233398
-10.813695907592773
-10.805557250976562
-10.818784713745117
-10.790019035339355
-10.755071640014648
-10.715530395507812
-10.728869438171387
-10.763360023498535
-10.81460952758789
-10.82901668548584
-10.831267356872559
-10.80128288269043
-10.781598091125488
-10.79179573059082
-10.729972839355469
-10.758482933044434
-10.776753425598145
-10.821125984191895
-10.84052848815918
-10.846170425415039
-10.851686477661133
-10.844108581542969
-10.811938285827637
-10.73692798614502
-10.690248489379883
-10.727261543273926
-10.834443092346191
-10.863393783569336
-10.849721908569336
-10.8082275390625
-10.78544807434082
-10.733405113220215
-10.713212013244629
-10.801254272460938
-10.852367401123047
-10.852806091308594
-10.829140663146973
-10.757963180541992
-10.710188865661621
-10.790115356445312
-10.863219261169434
-10.853710174560547
-10.854900360107422
-10.81948184967041
-10.76685619354248
-10.760828971862793
-10.78129768371582
-10.858499526977539
-10.86272144317627
-10.8848237991333
-10.856327056884766
-10.842087745666504
-10.78687572479248
-10.806501388549805
-10.852323532104492
-10.870570182800293
-10.875435829162598
-10.902633666992188
-10.889508247375488
-10.878902435302734
-10.885889053344727
-10.870811462402344
-10.878257751464844
-10.87524127960205
-10.870193481445312
-10.853166580200195
-10.854106903076172
-10.849308013916016
-10.842745780944824
-10.853261947631836
-10.851644515991211
-10.844820976257324
-10.843592643737793
-10.85152816772461
-10.902963638305664
-10.9063081741333
-10.906538963317871
-10.892395973205566
-10.905472755432129
-10.904266357421875
-10.900262832641602
-10.830904960632324
-10.832029342651367
-10.822747230529785
-10.8654146194458
-10.876138687133789
-10.889535903930664
-10.917500495910645
-10.910265922546387
-10.91685676574707
-10.915081977844238
-10.916815757751465
-10.904894828796387
-10.900649070739746
-10.909168243408203
-10.893915176391602
-10.8923978805542
-10.903701782226562
-10.881146430969238
-10.849410057067871
-10.838266372680664
-10.84600830078125
-10.893998146057129
-10.934428215026855
-10.925430297851562
-10.945570945739746
-10.92563533782959
-10.908995628356934
-10.858160018920898
-10.808902740478516
-10.806245803833008
-10.87131118774414
-10.894452095031738
-10.913979530334473
-10.936132431030273
-10.93705940246582
-10.935368537902832
-10.948690414428711
-10.930010795593262
-10.936881065368652
-10.923294067382812
-10.910599708557129
-10.870139122009277
-10.863973617553711
-10.859004020690918
-10.892617225646973
-10.916340827941895
-10.935525894165039
-10.940910339355469
-10.942171096801758
-10.950255393981934
-10.937200546264648
-10.932863235473633
-10.91562557220459
-10.871028900146484
-10.821456909179688
-10.861538887023926
-10.896650314331055
-10.911008834838867
-10.921760559082031
-10.932729721069336
-10.91718864440918
-10.934900283813477
-10.949719429016113
-10.939445495605469
-10.954776763916016
-10.941378593444824
-10.940387725830078
-10.907299041748047
-10.869230270385742
-10.856088638305664
-10.840200424194336
-10.906641006469727
-10.965240478515625
-10.950284004211426
-10.892974853515625
-10.814330101013184
-10.820494651794434
-10.903294563293457
-10.970471382141113
-10.97008228302002
-10.957859992980957
-10.926566123962402
-10.912890434265137
-10.935840606689453
-10.961920738220215
-10.962143898010254
-10.96251392364502
-10.968778610229492
-10.927740097045898
-10.887038230895996
-10.865389823913574
-10.872659683227539
-10.935705184936523
-10.957802772521973
-10.960598945617676
-10.952963829040527
-10.956358909606934
-10.952871322631836
-10.946386337280273
-10.932707786560059
-10.89148235321045
-10.884888648986816
-10.912338256835938
-10.954408645629883
-10.95289134979248
-10.979096412658691
-10.983505249023438
-10.987380027770996
-10.988025665283203
-10.975088119506836
-10.974684715270996
-10.956498146057129
-10.92496395111084
-10.865533828735352
-10.90322494506836
-10.954431533813477
-11.000773429870605
-10.98134994506836
-10.973950386047363
-10.921378135681152
-10.807465553283691
-10.855836868286133
-10.934629440307617
-10.993871688842773
-10.9822998046875
-10.9514741897583
-10.897600173950195
-10.877063751220703
-10.939698219299316
-10.988044738769531
-10.995369911193848
-10.95269775390625
-10.874926567077637
-10.873428344726562
-10.948234558105469
-10.980703353881836
-10.996238708496094
-11.007341384887695
-11.007046699523926
-11.007277488708496
-11.002927780151367
-10.986614227294922
-10.982647895812988
-10.931158065795898
-10.914260864257812
-10.926427841186523
-10.96552562713623
-10.997198104858398
-11.008028030395508
-10.997302055358887
-10.958518028259277
-10.853896141052246
-10.877962112426758
-10.970827102661133
-11.006722450256348
-11.016862869262695
-10.981145858764648
-10.905387878417969
-10.884602546691895
-10.945273399353027
-11.000205993652344
-11.023802757263184
-10.990132331848145
-10.948585510253906
-10.931034088134766
-10.972146034240723
-10.993271827697754
-11.015820503234863
-11.019652366638184
-11.023048400878906
-10.99007511138916
-10.97502326965332
-10.955808639526367
-10.962160110473633
-10.982048034667969
-10.993060111999512
-11.031693458557129
-11.019923210144043
-11.020304679870605
-11.026371955871582
-11.012845039367676
-11.0093355178833
-11.007713317871094
-10.984580993652344
-10.977814674377441
-11.00622272491455
-10.997995376586914
-10.990736961364746
-10.99412727355957
-10.998281478881836
-10.994743347167969
-11.018757820129395
