loss_s
-4.84490442276001
-4.878899097442627
-4.803186893463135
-4.861289024353027
-4.948807716369629
-4.882384777069092
-4.940430641174316
-5.062362194061279
-5.056061744689941
-4.9687371253967285
-5.044212818145752
-5.05167818069458
-5.011355400085449
-5.094315528869629
-5.136039733886719
-4.984792232513428
-5.145369052886963
-5.168017387390137
-5.241044044494629
-5.382065296173096
-5.173684597015381
-5.165985584259033
-5.1326799392700195
-5.228065013885498
-5.218818187713623
-5.239698886871338
-5.290633678436279
-5.281426906585693
-5.403287887573242
-5.383284568786621
-5.196545600891113
-5.369614601135254
-5.349340915679932
-5.269708156585693
-5.324210166931152
-5.476805686950684
-5.343515872955322
-5.273316860198975
-5.323916912078857
-5.435883522033691
-5.498810768127441
-5.465439796447754
-5.463464736938477
-5.582079887390137
-5.338745594024658
-5.657530307769775
-5.433393478393555
-5.5404744148254395
-5.389926433563232
-5.5041399002075195
-5.4002556800842285
-5.366753578186035
-5.70290470123291
-5.396391868591309
-5.7964701652526855
-5.558095455169678
-5.542084693908691
-5.5567450523376465
-5.6757941246032715
-5.58443546295166
-5.565857887268066
-5.7989630699157715
-5.695979595184326
-5.739020347595215
-5.585681438446045
-5.61170768737793
-5.566486835479736
-5.626498222351074
-5.611398220062256
-5.574939250946045
-5.8672194480896
-5.740826606750488
-5.577829360961914
-5.59089469909668
-5.695588111877441
-5.561745643615723
-5.68283224105835
-5.924281597137451
-5.726171493530273
-5.61456823348999
-5.900642395019531
-5.435295104980469
-5.451315879821777
-5.675713062286377
-5.635395526885986
-5.790496826171875
-5.753460884094238
-5.806598663330078
-5.6387224197387695
-5.785392761230469
-6.0678253173828125
-5.716249942779541
-5.5232367515563965
-5.836638450622559
-5.676340103149414
-5.853007793426514
-5.825708389282227
-5.883712291717529
-5.6716628074646
-5.805034160614014
-5.801454544067383
-5.746636390686035
-6.004153728485107
-5.737306118011475
-5.993926048278809
-5.978833198547363
-5.841936111450195
-5.884390354156494
-5.869078636169434
-5.947152137756348
-5.867942810058594
-5.707866668701172
-5.977049827575684
-5.752913951873779
-5.821192741394043
-5.845586776733398
-5.896609306335449
-5.787810325622559
-6.065791130065918
-5.622807025909424
-5.814352989196777
-5.953182220458984
-6.281047344207764
-5.969266414642334
-6.036207675933838
-5.984081268310547
-6.153797626495361
-6.004355430603027
-5.948289394378662
-5.867345333099365
-6.1145853996276855
-6.095346450805664
-5.7707905769348145
-5.885960102081299
-5.789503574371338
-5.858669757843018
-5.997467994689941
-6.106436252593994
-6.1046142578125
-5.90614652633667
-6.138916015625
-6.081979751586914
-6.084903717041016
-5.783396244049072
-6.09100866317749
-6.0125346183776855
-5.904632091522217
-5.8880839347839355
-5.959782123565674
-6.003608703613281
-6.076875686645508
-6.162120342254639
-5.9961676597595215
-6.03446102142334
-6.119728088378906
-6.000600814819336
-6.089049816131592
-6.045315742492676
-6.142642974853516
-6.116883754730225
-6.151660442352295
-6.22258186340332
-6.164787769317627
-6.30659818649292
-6.298773765563965
-6.001489639282227
-5.878633499145508
-6.104420185089111
-6.143012523651123
-6.197924613952637
-6.116931438446045
-6.129287242889404
-6.079379558563232
-6.16542387008667
-6.173545837402344
-6.408381938934326
-6.312398433685303
-6.227611064910889
-6.333620071411133
-6.113320827484131
-6.200325965881348
-6.216242790222168
-6.215174674987793
-6.2131781578063965
-6.33627986907959
-6.121799945831299
-6.20029354095459
-6.188604354858398
-6.254152297973633
-6.173964023590088
-6.038974761962891
-6.307131290435791
-6.201028823852539
-6.175255298614502
-6.256655693054199
-6.328672885894775
-5.989739418029785
-6.157931804656982
-6.178459644317627
-6.35011625289917
-6.35289192199707
-6.511966228485107
-6.259627819061279
-6.422213077545166
-6.353996276855469
-6.4899468421936035
-6.300520420074463
-6.378233909606934
-6.370786666870117
-6.216643810272217
-6.257399559020996
-6.459178924560547
-6.334860801696777
-6.2707977294921875
-6.218360424041748
-6.1188273429870605
-6.3064188957214355
-6.283060073852539
-6.339411735534668
-6.402820110321045
-6.225848197937012
-6.14359188079834
-6.490896701812744
-6.1063361167907715
-6.262820243835449
-6.283412456512451
-6.524781703948975
-6.4606170654296875
-6.5411176681518555
-6.288575172424316
-6.2530059814453125
-6.2302422523498535
-6.3607587814331055
-6.332696914672852
-6.396615505218506
-6.256435394287109
-6.390509128570557
-6.230608940124512
-6.285772800445557
-6.369259357452393
-6.42269229888916
-6.318766117095947
-6.424312591552734
-6.575262546539307
-6.4047112464904785
-6.296419620513916
-6.635233402252197
-6.276907920837402
-6.378091335296631
-6.2167534828186035
-6.511061668395996
-6.463891983032227
-6.536116600036621
-6.571985244750977
-6.318012237548828
-6.3409624099731445
-6.687979221343994
-6.361082553863525
-6.430210590362549
-6.575878620147705
-6.2192606925964355
-6.3049798011779785
-6.392807960510254
-6.475800037384033
-6.384152412414551
-6.643823146820068
-6.334371089935303
-6.44199800491333
-6.2544684410095215
-6.35880708694458
-6.461095333099365
-6.600236415863037
-6.429211139678955
-6.522828102111816
-6.680536270141602
-6.591976165771484
-6.442017078399658
-6.50651741027832
-6.666690349578857
-6.591241359710693
-6.812961101531982
-6.468902111053467
-6.335522651672363
-6.5756330490112305
-6.5020294189453125
-6.658267498016357
-6.5330424308776855
-6.714763164520264
-6.376511573791504
-6.350037574768066
-6.464354515075684
-6.575909614562988
-6.524164199829102
-6.463961601257324
-6.532397270202637
-6.532781600952148
-6.423383712768555
-6.679291725158691
-6.597814083099365
-6.739579200744629
-6.467196941375732
-6.604079723358154
-6.6744771003723145
-6.912789821624756
-6.634771823883057
-6.5088090896606445
-6.4459052085876465
-6.582414150238037
-6.675624847412109
-6.631638526916504
-6.483798503875732
-6.769307613372803
-6.721072673797607
-6.655158042907715
-6.590632915496826
-6.631618976593018
-6.534253120422363
-6.6576762199401855
-6.681102752685547
-6.491846084594727
-6.50722599029541
-6.763315677642822
-6.7795209884643555
-6.597589015960693
-6.6219401359558105
-6.618074893951416
-6.696934223175049
-6.6500959396362305
-6.563451290130615
-6.416980266571045
-6.53007698059082
-6.540379524230957
-6.719058513641357
-6.669023513793945
-6.692596912384033
-6.746457099914551
-6.7454094886779785
-6.555102825164795
-6.601959705352783
-6.570873260498047
-6.627964019775391
-6.705759048461914
-6.612665176391602
-6.718549728393555
-6.635305404663086
-6.769474029541016
-6.670472145080566
-6.551990985870361
-6.7374114990234375
-6.480024337768555
-6.5721540451049805
-6.500502109527588
-6.84604024887085
-6.671715259552002
-6.731904029846191
-6.631324768066406
-6.802695274353027
-6.632221221923828
-6.5890793800354
-6.549857139587402
-6.576516628265381
-6.746176242828369
-6.778627395629883
-6.677256107330322
-6.582383155822754
-6.745168685913086
-6.496083736419678
-6.672585964202881
-6.588265895843506
-6.654539108276367
-6.571310997009277
-6.624965667724609
-6.605356693267822
-6.650519847869873
-6.68377685546875
-6.384355068206787
-6.639902591705322
-6.74298620223999
-6.663203239440918
-6.475354194641113
-6.636938571929932
-6.638036727905273
-6.620609283447266
-6.591196060180664
-6.75457763671875
-6.625384330749512
-6.7072038650512695
-6.6685285568237305
-6.665702819824219
-6.597995758056641
-6.6048126220703125
-6.715828895568848
-6.69784688949585
-6.829437732696533
-6.643218040466309
-6.698151588439941
-6.679627418518066
-6.727741241455078
-6.811558246612549
-6.826387405395508
-6.775896072387695
-6.681771278381348
-6.615905284881592
-6.60813045501709
-6.6178364753723145
-6.668019771575928
-6.793905258178711
-6.569289207458496
-6.425417423248291
-6.7293806076049805
-6.799859046936035
-6.691153049468994
-6.757826328277588
-6.8004326820373535
-6.697653770446777
-6.691325664520264
-6.715086460113525
-6.768604755401611
-6.915728569030762
-6.705535888671875
-6.782341480255127
-6.822158336639404
-6.732378959655762
-6.912049293518066
-6.708359718322754
-6.6014509201049805
-6.727087020874023
-6.7349066734313965
-6.807204723358154
-6.778552055358887
-6.818972110748291
-6.632145881652832
-6.758495807647705
-6.772318363189697
-6.9597368240356445
-6.694341659545898
-6.955283164978027
-6.664351940155029
-6.9883880615234375
-6.812048435211182
-6.861469745635986
-6.729024410247803
-6.676748275756836
-6.639184474945068
-6.842315673828125
-6.77794075012207
-6.694431781768799
-6.756606101989746
-6.737051963806152
-6.815787315368652
-6.728892803192139
-6.7290873527526855
-6.844749927520752
-6.822225093841553
-6.8251423835754395
-6.812954425811768
-6.711201190948486
-6.779576778411865
-6.721735000610352
-6.818281173706055
-6.847782135009766
-6.732029914855957
-6.749994277954102
-6.735121726989746
-6.837900161743164
-6.775541305541992
-6.786762237548828
-6.7291436195373535
-6.793038368225098
-6.893119812011719
-6.763666152954102
-6.893377780914307
-6.905238628387451
-6.817271709442139
-6.751913547515869
-6.777499198913574
-6.978724956512451
-6.687150001525879
-6.99883508682251
-6.73373556137085
-6.872687816619873
-6.8947553634643555
-6.878211498260498
-6.841430187225342
-6.741968631744385
-6.8475518226623535
-6.730591773986816
-6.705249309539795
-6.770745277404785
-6.713307857513428
-6.843297481536865
-6.864375114440918
-6.8372697830200195
-6.904012680053711
-6.915877819061279
-6.86021614074707
-6.884835243225098
-6.802946090698242
-6.838715076446533
-6.840152263641357
-6.955108642578125
-6.865664482116699
-6.96627140045166
-6.817773818969727
-6.782607078552246
-6.757599353790283
-6.912644386291504
-6.877596855163574
-6.700318336486816
-6.927236557006836
-6.752623081207275
-6.8697638511657715
-6.973376750946045
-6.923939228057861
-6.8834662437438965
-6.967117786407471
-6.842089653015137
-6.87744665145874
-6.782107353210449
-6.83475399017334
-6.827885150909424
-6.791486740112305
-6.91679048538208
-6.94743537902832
-6.731666564941406
-6.923717975616455
-6.930880546569824
-6.9442243576049805
-7.010095596313477
-6.880733013153076
-6.931909561157227
-7.006152629852295
-6.891695022583008
-6.9530839920043945
-6.945410251617432
-6.881106853485107
-6.887855052947998
-6.913398742675781
-6.994668960571289
-6.869938373565674
-6.8299150466918945
-6.889815330505371
-6.9885735511779785
-6.837526321411133
-6.921492576599121
-6.879032135009766
-6.878037929534912
-6.86379337310791
-6.96107292175293
-6.906869888305664
-6.939477443695068
-6.985555648803711
-6.990910530090332
-6.881845951080322
-6.885710716247559
-6.874452590942383
-6.919338226318359
-6.992282867431641
-6.867289066314697
-6.979183673858643
-6.910820960998535
-6.886778354644775
-6.871897220611572
-6.935548305511475
-6.912143707275391
-6.885393142700195
-6.993205547332764
-6.969950199127197
-6.820371150970459
-7.029426097869873
-7.024383544921875
-6.926362991333008
-6.928389072418213
-6.948585510253906
-7.056353569030762
-6.963224411010742
-6.836319446563721
-6.94766902923584
-7.007120609283447
-6.928328037261963
-6.882448196411133
-6.98681116104126
-6.948352813720703
-6.924300193786621
-6.967013359069824
-7.051628112792969
-6.945565223693848
-6.950695514678955
-7.045971870422363
-6.895875930786133
-7.015753269195557
-6.908135414123535
-7.077642440795898
-7.027794361114502
-6.940523624420166
-7.098113536834717
-6.962462902069092
-6.988590240478516
-7.0189528465271
-6.9615044593811035
-7.009681224822998
-7.012486457824707
-6.968229293823242
-7.111051559448242
-7.060855865478516
-7.020654201507568
-6.955661296844482
-6.976308822631836
-6.91080904006958
-6.981354236602783
-7.020357131958008
-6.895051002502441
-6.9593987464904785
-7.025455474853516
-6.941416263580322
-7.042108535766602
-7.034500598907471
-7.011483669281006
-6.981411933898926
-6.9987030029296875
-7.056674003601074
-7.055520534515381
-6.990214824676514
-6.987356185913086
-7.116339206695557
-6.919372081756592
-7.024421215057373
-7.002281188964844
-6.9769182205200195
-6.934727668762207
-6.971173286437988
-7.018087863922119
-6.9621806144714355
-6.9861836433410645
-6.998141288757324
-6.983513832092285
-7.015339374542236
-7.07152795791626
-6.944561004638672
-6.901715278625488
-7.068351745605469
-7.072632789611816
-6.995217323303223
-7.037325382232666
-7.010306358337402
-7.0908942222595215
-7.1357741355896
-7.044837951660156
-7.000787258148193
-7.010077953338623
-7.052433967590332
-7.0180134773254395
-7.0181989669799805
-7.08129358291626
-6.965618133544922
-6.935861587524414
-7.012463092803955
-6.976108551025391
-7.161305904388428
-7.0431599617004395
-7.092740535736084
-7.044704437255859
-7.105505466461182
-7.031019687652588
-7.038692951202393
-6.9799370765686035
-7.05879545211792
-7.009432315826416
-7.0185956954956055
-7.115504264831543
-7.148342132568359
-7.051312446594238
-7.01828670501709
-7.074835300445557
-7.005593776702881
-7.085362911224365
-7.065295696258545
-7.063144683837891
-7.056737422943115
-7.144598960876465
-7.067774772644043
-7.064437389373779
-7.142663955688477
-7.111893177032471
-7.10921573638916
-7.043755531311035
-7.058660507202148
-7.13602352142334
-7.077884197235107
-7.106627464294434
-7.125282287597656
-7.026426315307617
-7.038275241851807
-7.08425760269165
-7.080312728881836
-7.027605056762695
-7.095413684844971
-7.053173065185547
-7.061248779296875
-7.181180000305176
-7.070744514465332
-7.116298675537109
-7.131678581237793
-7.16983699798584
-7.085597038269043
-7.055388450622559
-7.107979774475098
-7.096726894378662
-7.103063583374023
-7.0158796310424805
-7.06585168838501
-7.07740592956543
-7.134426593780518
-7.062063217163086
-7.125278949737549
-7.118041038513184
-7.092310905456543
-7.1236252784729
-7.098896503448486
-7.195969104766846
-7.063102722167969
-7.0990376472473145
-7.038564205169678
-7.0983195304870605
-7.134449005126953
-7.070578098297119
-7.159289836883545
-7.116440773010254
-7.064417362213135
-7.117974281311035
-7.122058868408203
-7.147268295288086
-7.048558235168457
-7.132112503051758
-7.1391520500183105
-7.051382541656494
-7.1042304039001465
-7.159988880157471
-7.15302848815918
-7.153737545013428
-7.123819828033447
-7.202662944793701
-7.113503932952881
-7.063632965087891
-7.081850051879883
-7.140534400939941
-7.070457458496094
-7.164012908935547
-7.084441184997559
-7.141336917877197
-7.0717692375183105
-7.16474723815918
-7.1527323722839355
-7.190910816192627
-7.131919860839844
-7.169435024261475
-7.171115875244141
-7.154741287231445
-7.166807651519775
-7.173377513885498
-7.092775821685791
-7.158446311950684
-7.156872749328613
-7.164466857910156
-7.138369560241699
-7.2116780281066895
-7.093784332275391
-7.186616897583008
-7.1549973487854
-7.16678524017334
-7.050566673278809
-7.133994102478027
-7.206131935119629
-7.161076068878174
-7.137460708618164
-7.166523456573486
-7.166491508483887
-7.1515069007873535
-7.155969142913818
-7.173426628112793
-7.134663105010986
-7.139718532562256
-7.139636993408203
-7.157807350158691
-7.200633525848389
-7.12783670425415
-7.141289710998535
-7.11269998550415
-7.173048973083496
-7.158603668212891
-7.150179862976074
-7.139270305633545
-7.1915283203125
-7.141702175140381
-7.109455585479736
-7.171693325042725
-7.143537521362305
-7.1108880043029785
-7.214428901672363
-7.1732635498046875
-7.175611972808838
-7.121227264404297
-7.160717964172363
-7.183224678039551
-7.182137489318848
-7.16937780380249
-7.145630359649658
-7.1247053146362305
-7.142899990081787
-7.191936492919922
-7.202972888946533
-7.193230152130127
-7.215175151824951
-7.174477577209473
-7.126495361328125
-7.207404613494873
-7.163026809692383
-7.155374050140381
-7.241766929626465
-7.169588565826416
-7.189858913421631
-7.193454742431641
-7.198209762573242
-7.206924915313721
-7.169821262359619
-7.207810401916504
-7.203413963317871
-7.248183250427246
-7.182590961456299
-7.196352005004883
-7.157558917999268
-7.201291561126709
-7.24519681930542
-7.195816516876221
-7.135748386383057
-7.191202640533447
-7.147581577301025
-7.243078708648682
-7.204449653625488
-7.202394485473633
-7.176880359649658
-7.177645683288574
-7.239837169647217
-7.173101425170898
-7.207740783691406
-7.200412750244141
-7.174463748931885
-7.2275214195251465
-7.221529483795166
-7.170424461364746
-7.168452262878418
-7.20086669921875
-7.218274116516113
-7.183170795440674
-7.19255256652832
-7.227059364318848
-7.208413600921631
-7.2083740234375
-7.179282188415527
-7.232048988342285
-7.201543807983398
-7.244987964630127
-7.220396518707275
-7.268527984619141
-7.251992702484131
-7.244029521942139
-7.242362022399902
-7.213927268981934
-7.20277214050293
-7.190069198608398
-7.208661079406738
-7.214552879333496
-7.250994682312012
-7.2664899826049805
-7.250242710113525
-7.273128986358643
-7.259893417358398
-7.236905097961426
-7.2535858154296875
-7.2075371742248535
-7.242102146148682
-7.267642974853516
-7.1791863441467285
-7.280020236968994
-7.195013523101807
-7.26793909072876
-7.217201232910156
-7.218173027038574
-7.249094486236572
-7.209311008453369
-7.263277053833008
-7.23774528503418
-7.24436092376709
-7.241434574127197
-7.227294921875
-7.196857929229736
-7.255040168762207
-7.220184326171875
-7.238258361816406
-7.285610198974609
-7.215694904327393
-7.253116130828857
-7.2435173988342285
-7.248199462890625
-7.2689409255981445
-7.257758140563965
-7.2502851486206055
-7.234032154083252
-7.264471054077148
-7.253159999847412
-7.272044658660889
-7.289853572845459
-7.27133846282959
-7.216923236846924
-7.204529762268066
-7.267817497253418
-7.292236328125
-7.231100082397461
-7.233248710632324
-7.27767276763916
-7.279432773590088
-7.275830268859863
-7.23290491104126
-7.249608039855957
-7.259252548217773
-7.238176345825195
-7.284698963165283
-7.234355926513672
-7.246023178100586
-7.27939510345459
-7.261362552642822
-7.24558687210083
-7.289977550506592
-7.291189670562744
-7.293605804443359
-7.302117347717285
-7.295373439788818
-7.293928623199463
-7.252899169921875
-7.26880407333374
-7.250748634338379
-7.234107971191406
-7.2886643409729
-7.275736331939697
-7.288583755493164
-7.25758695602417
-7.222459316253662
-7.285562515258789
-7.256403923034668
-7.255422592163086
-7.284854888916016
-7.2610063552856445
-7.256397724151611
-7.263484477996826
-7.294759273529053
-7.252901554107666
-7.266328811645508
-7.209444999694824
-7.299837589263916
-7.247195243835449
-7.2865729331970215
-7.273269176483154
-7.296415328979492
-7.279077529907227
-7.284682273864746
-7.275535583496094
-7.308614730834961
-7.297146797180176
-7.296154499053955
-7.279829025268555
-7.260370254516602
-7.281952381134033
-7.251684188842773
-7.267040252685547
-7.3024749755859375
-7.314050197601318
-7.292747497558594
-7.2867751121521
-7.265763759613037
-7.29245138168335
-7.276045799255371
-7.241088390350342
-7.273818492889404
-7.264720916748047
-7.307446002960205
-7.285003185272217
-7.2836480140686035
-7.275308609008789
-7.287647724151611
-7.283759593963623
-7.314037799835205
-7.285365581512451
-7.284805774688721
-7.303513526916504
-7.26178503036499
-7.2666335105896
-7.287568092346191
-7.2600178718566895
-7.280367374420166
-7.295016288757324
-7.285876274108887
-7.257103443145752
-7.248786449432373
-7.3055338859558105
-7.303011894226074
-7.278650283813477
-7.2892746925354
-7.294363975524902
-7.30023193359375
-7.301507472991943
-7.318338871002197
-7.29246711730957
-7.285091400146484
-7.294516563415527
-7.289243698120117
-7.294948101043701
-7.29992151260376
-7.273020267486572
-7.269473552703857
-7.3070969581604
-7.295397758483887
-7.3073554039001465
-7.289665699005127
-7.300662040710449
-7.29636812210083
-7.252199172973633
-7.315324783325195
-7.306529521942139
-7.287826061248779
-7.278585910797119
-7.3092451095581055
-7.310586929321289
-7.297379493713379
-7.304736137390137
-7.275894641876221
-7.315439224243164
-7.320691108703613
-7.305400848388672
-7.299930095672607
-7.303248882293701
-7.285968780517578
-7.304118633270264
-7.298457145690918
-7.325741291046143
-7.332483291625977
-7.287188529968262
-7.30717658996582
-7.310621738433838
-7.2958502769470215
-7.290940761566162
-7.31516170501709
-7.298422813415527
-7.303566932678223
-7.325906753540039
-7.2682905197143555
-7.3033905029296875
-7.310646057128906
-7.3132123947143555
-7.2871246337890625
-7.29337215423584
-7.324794769287109
-7.3014020919799805
-7.30992317199707
-7.308723449707031
-7.323315143585205
-7.311805248260498
-7.2931060791015625
-7.3014349937438965
-7.303432464599609
-7.285294055938721
-7.30609655380249
-7.307188987731934
-7.3167195320129395
-7.305756568908691
-7.301407337188721
-7.326632022857666
-7.332895755767822
-7.326840877532959
-7.315075397491455
-7.311502456665039
-7.316918849945068
-7.343465328216553
-7.322342395782471
-7.322543144226074
-7.292629241943359
-7.326812744140625
-7.304647922515869
-7.317582607269287
-7.3307785987854
-7.326831817626953
-7.321315765380859
-7.315582275390625
-7.315384387969971
-7.3142619132995605
-7.318800926208496
-7.3067474365234375
-7.345727443695068
-7.332438945770264
-7.343314170837402
-7.344729900360107
-7.315240383148193
-7.326528072357178
-7.336157321929932
-7.293238639831543
-7.327366352081299
-7.322499752044678
-7.3159966468811035
-7.334178447723389
-7.314956188201904
-7.3284831047058105
-7.325512886047363
-7.325214862823486
-7.3321309089660645
-7.327789783477783
-7.3131794929504395
-7.31016206741333
-7.324628829956055
-7.31837272644043
-7.330799102783203
-7.3210062980651855
-7.328583240509033
-7.352831840515137
-7.3046464920043945
-7.316401481628418
-7.318878650665283
-7.346115589141846
-7.321918964385986
-7.323888301849365
-7.349383354187012
-7.3376078605651855
-7.317025661468506
-7.312323093414307
-7.317630767822266
-7.336083889007568
-7.306675434112549
-7.333935737609863
-7.343695640563965
-7.32711124420166
-7.312406539916992
-7.3263773918151855
-7.33575439453125
-7.328070163726807
-7.345384120941162
-7.315560340881348
-7.342617988586426
-7.340771198272705
-7.329305171966553
-7.323365211486816
-7.340140342712402
-7.322329998016357
-7.331480979919434
-7.341443061828613
-7.332220554351807
-7.340373516082764
-7.344890594482422
-7.322249889373779
-7.350527286529541
-7.336508274078369
-7.332736015319824
-7.340797424316406
-7.320021629333496
-7.333039283752441
-7.325552940368652
-7.345800399780273
-7.339034557342529
-7.337095737457275
-7.325382709503174
-7.3415327072143555
-7.342823028564453
-7.334069728851318
-7.323087215423584
-7.340365409851074
-7.340134620666504
-7.340159893035889
-7.334367752075195
-7.337205410003662
-7.326035499572754
-7.342638969421387
-7.343137741088867
-7.338688850402832
-7.3540754318237305
-7.3249053955078125
-7.344574928283691
-7.348868370056152
-7.354125022888184
-7.346798896789551
-7.34196662902832
-7.338809490203857
-7.316375255584717
-7.350993633270264
-7.339951038360596
-7.340384483337402
-7.343977928161621
-7.344627857208252
-7.3489155769348145
-7.3491997718811035
-7.340287685394287
-7.340153694152832
-7.327948570251465
-7.341146945953369
-7.337199687957764
-7.350522518157959
-7.344654083251953
-7.346523284912109
-7.345585346221924
-7.347923278808594
-7.355581283569336
-7.344290733337402
-7.3427228927612305
-7.3444061279296875
-7.343164443969727
-7.347362518310547
-7.340739727020264
-7.3449883460998535
-7.353822231292725
-7.33973503112793
-7.3505539894104
-7.3455610275268555
-7.346831321716309
-7.346007347106934
-7.3647990226745605
-7.346024990081787
-7.357486724853516
-7.336546897888184
-7.346770763397217
-7.335095405578613
-7.341408729553223
-7.346322059631348
-7.352210998535156
-7.353097438812256
-7.346573829650879
-7.346192359924316
-7.3525872230529785
-7.349148750305176
-7.334822654724121
-7.346838474273682
-7.336541652679443
-7.349532604217529
-7.343882083892822
-7.353299617767334
-7.350945949554443
-7.362667560577393
-7.333873748779297
-7.351327896118164
-7.352758884429932
-7.334160327911377
-7.3443684577941895
-7.346328258514404
-7.341549396514893
-7.364289283752441
-7.350883483886719
-7.343933582305908
-7.3550801277160645
-7.352865695953369
-7.353475570678711
-7.3589677810668945
-7.344244480133057
-7.347917079925537
-7.333649158477783
-7.361382961273193
-7.3477253913879395
-7.352163791656494
-7.357132911682129
-7.3395304679870605
-7.345848560333252
-7.350724697113037
-7.352929592132568
-7.357937812805176
-7.348145008087158
-7.346991062164307
-7.360166072845459
-7.355011463165283
-7.343789100646973
-7.358992099761963
-7.359166145324707
-7.358669757843018
-7.353025436401367
-7.344683647155762
-7.358546733856201
-7.359201908111572
-7.360012531280518
-7.35237979888916
-7.355248928070068
-7.366454601287842
-7.358835697174072
-7.357669830322266
-7.352228164672852
-7.355158805847168
-7.348155498504639
-7.355475902557373
-7.354477405548096
-7.355769634246826
-7.348974227905273
-7.350895881652832
-7.352830410003662
-7.360246181488037
-7.3494954109191895
-7.351593971252441
-7.356253623962402
-7.35940408706665
-7.360443115234375
-7.3672332763671875
-7.365471839904785
-7.352133274078369
-7.352919578552246
-7.356063365936279
-7.3639960289001465
-7.3531646728515625
-7.358475685119629
-7.3671417236328125
-7.345813751220703
-7.348416328430176
-7.348539352416992
-7.355039119720459
-7.370095252990723
-7.349668025970459
-7.361323833465576
-7.362107753753662
-7.357428073883057
-7.364459037780762
-7.374155521392822
-7.362799167633057
-7.3685383796691895
-7.35464334487915
-7.3547821044921875
-7.353033065795898
-7.362205982208252
-7.347866535186768
-7.3557939529418945
-7.369541645050049
-7.366555213928223
-7.360413551330566
-7.356477737426758
-7.3687849044799805
-7.364341735839844
-7.364500045776367
-7.361293315887451
-7.361720085144043
-7.360096454620361
-7.347143173217773
-7.361352443695068
-7.356600761413574
-7.366059303283691
-7.364006519317627
-7.364712715148926
-7.360437393188477
-7.365228652954102
-7.371596336364746
-7.36287784576416
-7.36704683303833
-7.366270542144775
-7.353548526763916
-7.364377498626709
-7.368125915527344
-7.3550639152526855
-7.359210968017578
-7.366457939147949
-7.364105224609375
-7.366540431976318
-7.366357326507568
-7.364382266998291
-7.360763072967529
-7.35394811630249
-7.367927074432373
-7.366948127746582
-7.37379789352417
-7.370335102081299
-7.359681606292725
-7.36619234085083
-7.368628978729248
-7.359308242797852
-7.3698554039001465
-7.364532947540283
-7.361198425292969
-7.360475063323975
-7.362872123718262
-7.371147632598877
-7.3651885986328125
-7.360770225524902
-7.369208335876465
-7.364071846008301
-7.359061241149902
-7.361269474029541
-7.358556270599365
-7.359404563903809
-7.361499786376953
-7.369925022125244
-7.363394737243652
-7.365122318267822
-7.35908842086792
-7.358602523803711
-7.371303081512451
-7.371881484985352
-7.368673324584961
-7.364584445953369
-7.357904434204102
-7.376489639282227
-7.3631672859191895
-7.366670608520508
-7.363155841827393
-7.362295150756836
-7.368338108062744
-7.364016056060791
-7.374554634094238
-7.357086658477783
-7.372580528259277
-7.367060661315918
-7.367769241333008
-7.363444805145264
-7.365663051605225
-7.36661958694458
-7.371245384216309
-7.364606857299805
-7.368229389190674
-7.367982387542725
-7.369496822357178
-7.369117736816406
-7.363314628601074
-7.365262031555176
-7.366454601287842
-7.371838092803955
-7.366233825683594
-7.370747089385986
-7.362061500549316
-7.362426280975342
-7.370610237121582
-7.363473892211914
-7.360666275024414
-7.360603332519531
-7.367987155914307
-7.369876861572266
-7.371917724609375
-7.366733074188232
-7.365902900695801
-7.36934757232666
-7.371825218200684
-7.3723249435424805
-7.3711042404174805
-7.363868713378906
-7.375755310058594
-7.364593029022217
-7.362295150756836
-7.369233131408691
-7.368858337402344
-7.3681206703186035
-7.365635871887207
-7.375960826873779
-7.369408130645752
-7.367550373077393
-7.370807647705078
-7.373342514038086
-7.371912479400635
-7.3661932945251465
-7.374733924865723
-7.363373756408691
-7.374531269073486
-7.365604400634766
-7.362763404846191
-7.366787433624268
-7.37055778503418
-7.368993282318115
-7.365588188171387
-7.36973762512207
-7.368952751159668
-7.3656535148620605
-7.364394664764404
-7.368396759033203
-7.37359094619751
-7.366159439086914
-7.371983051300049
-7.367124557495117
-7.371720314025879
-7.372226238250732
-7.369073390960693
-7.379056453704834
-7.361362934112549
-7.367590427398682
-7.377040386199951
-7.367460250854492
-7.3700151443481445
-7.369582176208496
-7.364596366882324
-7.37278938293457
-7.372781276702881
-7.376528263092041
-7.369058132171631
-7.3731794357299805
-7.371361255645752
-7.3678507804870605
-7.36887264251709
-7.371535301208496
-7.373665809631348
-7.366703987121582
-7.372912406921387
-7.37343692779541
-7.373275279998779
-7.371288299560547
-7.370131969451904
-7.375810623168945
-7.376386642456055
-7.3722124099731445
-7.3676910400390625
-7.3754472732543945
-7.365565299987793
-7.368698596954346
-7.3754496574401855
-7.372800827026367
-7.368116855621338
-7.372379779815674
-7.365016937255859
-7.369114398956299
-7.370131969451904
-7.363414764404297
-7.372430324554443
-7.3687744140625
-7.370198726654053
-7.366750717163086
-7.367354393005371
-7.366300106048584
-7.369855880737305
-7.3623175621032715
-7.374234676361084
-7.372091293334961
-7.372552394866943
-7.365245342254639
-7.372005462646484
-7.364119052886963
-7.371032238006592
-7.359850883483887
-7.370157241821289
-7.373614311218262
-7.373867988586426
-7.364704132080078
-7.369302272796631
-7.374099254608154
-7.375220775604248
-7.370473384857178
-7.372463703155518
-7.369119167327881
-7.372334957122803
-7.379067420959473
-7.371626377105713
-7.374169826507568
-7.371138572692871
-7.369021415710449
-7.377915382385254
-7.370087623596191
-7.3692731857299805
-7.376553535461426
-7.373920917510986
-7.370124816894531
-7.370153427124023
-7.372941017150879
-7.377330303192139
-7.370163917541504
-7.3689985275268555
-7.3784894943237305
-7.368295192718506
-7.369674205780029
-7.373819828033447
-7.37796688079834
-7.377479076385498
-7.369638442993164
-7.379202365875244
-7.373039245605469
-7.372119903564453
-7.373823165893555
-7.375572204589844
-7.370143890380859
-7.372509002685547
-7.372946739196777
-7.373703479766846
-7.374256134033203
-7.378334999084473
-7.375066757202148
-7.37537956237793
-7.371431350708008
-7.3743414878845215
-7.376882076263428
-7.369297027587891
-7.372212886810303
-7.373868942260742
-7.376415252685547
-7.372913360595703
-7.371367454528809
-7.373155117034912
-7.369135856628418
-7.3713884353637695
-7.378410816192627
-7.372093677520752
-7.372491836547852
-7.376802921295166
-7.373984336853027
-7.376570701599121
-7.374936580657959
-7.372034072875977
-7.371639251708984
-7.375097751617432
-7.371615886688232
-7.372494697570801
-7.384340763092041
-7.377145290374756
-7.3703227043151855
-7.371627330780029
-7.376468181610107
-7.369842529296875
-7.369167804718018
-7.37697172164917
-7.367852210998535
-7.374002456665039
-7.368025779724121
-7.372735500335693
-7.374273777008057
-7.369227409362793
-7.377058982849121
-7.3729119300842285
-7.371392250061035
-7.373850345611572
-7.3709611892700195
-7.37388801574707
-7.369522571563721
-7.371210098266602
-7.3749847412109375
-7.3746843338012695
-7.376675128936768
-7.374830722808838
-7.382267475128174
-7.372515678405762
-7.370736598968506
-7.372851848602295
-7.375857830047607
-7.374405860900879
-7.373190402984619
-7.377748012542725
-7.372507572174072
-7.367969036102295
-7.378731727600098
-7.374670505523682
-7.371560096740723
-7.375596523284912
-7.370863437652588
-7.372834205627441
-7.375583171844482
-7.378345489501953
-7.37608528137207
-7.373147010803223
-7.377370357513428
-7.374449729919434
-7.376607894897461
-7.370380401611328
-7.367525100708008
-7.370495319366455
-7.373311996459961
-7.372854709625244
-7.380455017089844
-7.370152950286865
-7.371614456176758
-7.37397575378418
-7.381425380706787
-7.376769542694092
-7.3752641677856445
-7.375638961791992
-7.376105308532715
-7.373504638671875
-7.371381759643555
-7.376247406005859
-7.370967388153076
-7.381031036376953
-7.375262260437012
-7.376755714416504
-7.377871036529541
-7.378900051116943
-7.375045299530029
-7.376462459564209
-7.372342586517334
-7.3685407638549805
-7.374603271484375
-7.376887798309326
-7.374805450439453
-7.379396438598633
-7.381527900695801
-7.376435279846191
-7.37493371963501
-7.371152400970459
-7.3720316886901855
-7.371914386749268
-7.375941753387451
-7.368544578552246
-7.372269153594971
-7.375366687774658
-7.3774003982543945
-7.372564792633057
-7.374544143676758
-7.373255252838135
-7.374783992767334
-7.3749799728393555
-7.378993988037109
-7.378291606903076
-7.370331287384033
-7.37593936920166
-7.377091407775879
-7.3724284172058105
-7.3719329833984375
-7.375890731811523
-7.377096652984619
-7.377635478973389
-7.3788862228393555
-7.373168468475342
-7.375458717346191
-7.375858306884766
-7.378330707550049
-7.3759660720825195
-7.381510257720947
-7.380721092224121
-7.377989292144775
-7.3770880699157715
-7.377385139465332
-7.377858638763428
-7.374338150024414
-7.373422145843506
-7.370841979980469
-7.382838726043701
-7.3787431716918945
-7.377009868621826
-7.371737480163574
-7.3804450035095215
-7.3752593994140625
-7.3741374015808105
-7.3793439865112305
-7.37519645690918
-7.37438440322876
-7.37616491317749
-7.375187873840332
-7.37598991394043
-7.371748924255371
-7.373374938964844
-7.37488317489624
-7.377176284790039
-7.374792098999023
-7.377100467681885
-7.378215312957764
-7.374921798706055
-7.377044677734375
-7.379566192626953
-7.376952648162842
-7.3773088455200195
-7.377516746520996
-7.376445293426514
-7.3783040046691895
-7.377951622009277
-7.376165866851807
-7.377436637878418
-7.373593330383301
-7.376265525817871
-7.380029201507568
-7.380019187927246
-7.3789262771606445
-7.369850158691406
-7.374679088592529
-7.37454891204834
-7.3752760887146
-7.378351211547852
-7.375298023223877
-7.380131721496582
-7.373471260070801
-7.378866195678711
-7.3736395835876465
-7.376587390899658
-7.379693984985352
-7.377745151519775
-7.376377582550049
-7.374669551849365
-7.3788557052612305
-7.374992370605469
-7.374378681182861
-7.374244213104248
-7.374204158782959
-7.380742073059082
-7.375002384185791
-7.373964786529541
-7.376429557800293
-7.380355358123779
-7.376506805419922
-7.375380039215088
-7.380197048187256
-7.378661155700684
-7.373195171356201
-7.373902797698975
-7.37496280670166
-7.380773067474365
-7.375080108642578
-7.376578330993652
-7.374469757080078
-7.374913692474365
-7.377721309661865
-7.372918605804443
-7.376948833465576
-7.38161039352417
-7.377185821533203
-7.377170085906982
-7.375363349914551
-7.372923851013184
-7.377934455871582
-7.375422477722168
-7.373887062072754
-7.377946853637695
-7.372640609741211
-7.377743721008301
-7.372676849365234
-7.377021789550781
-7.372917175292969
-7.378108978271484
-7.375555038452148
-7.374785900115967
-7.379478454589844
-7.379546165466309
-7.37814474105835
-7.374069690704346
-7.3724493980407715
-7.377525806427002
-7.3752665519714355
-7.380707740783691
-7.374758243560791
-7.3752241134643555
-7.373698711395264
-7.3734354972839355
-7.378472805023193
-7.377177715301514
-7.3751301765441895
-7.377817630767822
-7.37270450592041
-7.370828151702881
-7.380338668823242
-7.381205081939697
-7.3799896240234375
-7.375904560089111
-7.370691776275635
-7.377566337585449
-7.376247882843018
-7.3741254806518555
-7.377996444702148
-7.3773627281188965
-7.371987819671631
-7.376735210418701
-7.372216701507568
-7.374780178070068
-7.3792924880981445
-7.372624397277832
-7.370926856994629
-7.38039493560791
-7.375276565551758
-7.3758978843688965
-7.373283386230469
-7.379059791564941
-7.380008697509766
-7.3819193840026855
-7.3738226890563965
-7.377886772155762
-7.378420829772949
-7.374761581420898
-7.372162342071533
-7.378347396850586
-7.381042003631592
-7.3784589767456055
-7.383833408355713
-7.378571033477783
-7.3774237632751465
-7.373196601867676
-7.375217914581299
-7.37838888168335
-7.379519939422607
-7.376455783843994
-7.381294250488281
-7.380605220794678
-7.375468730926514
-7.377264022827148
-7.37791109085083
-7.3780951499938965
-7.3819146156311035
-7.3710737228393555
-7.37380838394165
-7.374312877655029
-7.373912334442139
-7.379534721374512
-7.377581596374512
-7.377737522125244
-7.378044128417969
-7.378954887390137
-7.376377105712891
-7.379830837249756
-7.37557315826416
-7.3770976066589355
-7.378845691680908
-7.379350662231445
-7.383279800415039
-7.374220848083496
-7.376248836517334
-7.3774518966674805
-7.380398273468018
-7.3773369789123535
-7.373637676239014
-7.382075309753418
-7.380923748016357
-7.375953197479248
-7.377738952636719
-7.378157615661621
-7.377830982208252
-7.374574184417725
-7.37186336517334
-7.379767417907715
-7.380581855773926
-7.373920440673828
-7.374730110168457
-7.378233909606934
-7.37879753112793
-7.375635623931885
-7.377692699432373
-7.377831935882568
-7.372390270233154
-7.372520923614502
-7.37814474105835
-7.3726654052734375
-7.38353967666626
-7.377833366394043
-7.382537841796875
-7.377824306488037
-7.38161039352417
-7.381023406982422
-7.373032093048096
-7.373606204986572
-7.372045040130615
-7.374107837677002
-7.379300594329834
-7.374835014343262
-7.379530429840088
-7.38282585144043
-7.378437042236328
-7.372438907623291
-7.378636837005615
-7.377552509307861
-7.374176979064941
-7.376564025878906
-7.380326271057129
-7.378503322601318
-7.379049301147461
-7.375093936920166
-7.378278732299805
-7.377510070800781
-7.377614498138428
-7.381046772003174
-7.381575107574463
-7.37743616104126
-7.3740410804748535
-7.374852657318115
-7.378714561462402
-7.37536096572876
-7.377265930175781
-7.376306533813477
-7.377877235412598
-7.376891136169434
-7.378661632537842
-7.381289005279541
-7.378370761871338
-7.3796257972717285
-7.375720977783203
-7.375083923339844
-7.379284381866455
-7.380191326141357
-7.380366325378418
-7.379530429840088
-7.381801128387451
-7.376547813415527
-7.3749589920043945
-7.375646591186523
-7.381252765655518
-7.3811774253845215
-7.378053188323975
-7.373837471008301
-7.378813743591309
-7.377760887145996
-7.376634120941162
-7.38120174407959
-7.379781246185303
-7.376046180725098
-7.377678394317627
-7.377719402313232
-7.381215572357178
-7.379269123077393
-7.377201557159424
-7.382049083709717
-7.376564979553223
-7.375401973724365
-7.377810478210449
-7.377104759216309
-7.376148223876953
-7.379992961883545
-7.379953861236572
-7.37882661819458
-7.3792924880981445
-7.379074573516846
-7.375185489654541
-7.381425380706787
-7.380005359649658
-7.376143932342529
-7.376528739929199
-7.380663871765137
-7.374754905700684
-7.374759197235107
-7.380619525909424
-7.375612735748291
-7.380763530731201
-7.3795976638793945
-7.3766279220581055
-7.377277374267578
-7.379392623901367
-7.378118991851807
-7.379475116729736
-7.374987602233887
-7.377658367156982
-7.378407001495361
-7.374049186706543
-7.376756191253662
-7.3759965896606445
-7.376663684844971
-7.37880277633667
-7.381201267242432
-7.383420944213867
-7.380857944488525
-7.37384557723999
-7.374997615814209
-7.377035617828369
-7.3765153884887695
-7.375277519226074
-7.381363868713379
-7.3769683837890625
-7.377615451812744
-7.377202033996582
-7.3805060386657715
-7.3806257247924805
-7.377558708190918
-7.377917289733887
-7.380676746368408
-7.3759307861328125
-7.381752967834473
-7.379496097564697
-7.3811116218566895
-7.382920265197754
-7.380027770996094
-7.37870454788208
-7.377673625946045
-7.380666255950928
-7.378711700439453
-7.379010200500488
-7.3778181076049805
-7.378937244415283
-7.379178524017334
-7.380022048950195
-7.379182815551758
-7.3798828125
-7.38467264175415
-7.3752288818359375
-7.378620624542236
-7.379744052886963
-7.376551151275635
-7.377724647521973
-7.374755859375
-7.375871181488037
-7.377713203430176
-7.380224227905273
-7.376497268676758
-7.378140926361084
-7.378922939300537
-7.3741888999938965
-7.380048751831055
-7.380208492279053
-7.374954700469971
-7.3757243156433105
-7.3801188468933105
-7.381021022796631
-7.376788139343262
-7.377917289733887
-7.379326343536377
-7.380119800567627
-7.376987457275391
-7.376841068267822
-7.376067161560059
-7.382086277008057
-7.379600524902344
-7.3814873695373535
-7.378534317016602
-7.3802571296691895
-7.374435901641846
-7.376068592071533
-7.380902290344238
-7.378218173980713
-7.3808746337890625
-7.379448890686035
-7.3751630783081055
-7.383294105529785
-7.379995346069336
-7.375247478485107
-7.3832011222839355
-7.376526832580566
-7.3785929679870605
-7.380117893218994
-7.380161285400391
-7.378937244415283
-7.38035249710083
-7.377166271209717
-7.375700950622559
-7.371766090393066
-7.383355140686035
-7.377050876617432
-7.379920959472656
-7.375984191894531
-7.375481128692627
-7.382396697998047
-7.380939483642578
-7.381679534912109
-7.377693176269531
-7.378192901611328
-7.381381034851074
-7.378793239593506
-7.380824089050293
-7.377931594848633
-7.383553981781006
-7.385395526885986
-7.378849983215332
-7.375688076019287
-7.383050441741943
-7.378208637237549
-7.381221294403076
-7.37941837310791
-7.379361152648926
-7.375710964202881
-7.3743720054626465
-7.381486415863037
-7.3769145011901855
-7.383172035217285
-7.3789381980896
-7.373628616333008
-7.377431869506836
-7.377345561981201
-7.380945205688477
-7.380184650421143
-7.3812575340271
-7.376827239990234
-7.384083271026611
-7.377678394317627
-7.378566741943359
-7.377668857574463
-7.3836493492126465
-7.381716251373291
-7.379509925842285
-7.3800787925720215
-7.380543231964111
-7.380969047546387
-7.382580280303955
-7.381145000457764
-7.378729343414307
-7.375133037567139
-7.378809452056885
-7.375987529754639
-7.379690170288086
-7.374739170074463
-7.375137805938721
-7.37872838973999
-7.380793571472168
-7.3781023025512695
-7.374995708465576
-7.379499435424805
-7.378076076507568
-7.376774787902832
-7.378871440887451
-7.376181125640869
-7.377185821533203
-7.377470970153809
-7.375948429107666
-7.383387088775635
-7.375660419464111
-7.380188941955566
-7.382911682128906
-7.379416465759277
-7.372878074645996
-7.375430583953857
-7.381044864654541
-7.376502513885498
-7.378227710723877
-7.3788323402404785
-7.382200717926025
-7.378182411193848
-7.383877754211426
-7.375295639038086
-7.377761363983154
-7.376411437988281
-7.378704071044922
-7.376662731170654
-7.380650520324707
-7.375594139099121
-7.37289571762085
-7.381356716156006
-7.375990390777588
-7.382082462310791
-7.38106632232666
-7.384357452392578
-7.37959623336792
-7.383752822875977
-7.385435104370117
-7.379366397857666
-7.375931262969971
-7.373852729797363
-7.3796772956848145
-7.376930236816406
-7.379217147827148
-7.377111434936523
-7.377350807189941
-7.380648612976074
-7.381904602050781
-7.375211238861084
-7.377770900726318
-7.378671169281006
-7.379481792449951
-7.383218288421631
-7.381084442138672
-7.375866889953613
-7.381837844848633
-7.379205703735352
-7.375242710113525
-7.377947807312012
-7.379092693328857
-7.379140377044678
-7.377562046051025
-7.3804192543029785
-7.378703594207764
-7.382530212402344
-7.376840591430664
-7.379017353057861
-7.377079486846924
-7.380868434906006
-7.3792877197265625
-7.376558303833008
-7.377266883850098
-7.377596855163574
-7.375233173370361
-7.375692844390869
-7.382121562957764
-7.377547740936279
-7.376358509063721
-7.374141216278076
-7.383422374725342
-7.380792140960693
-7.379046440124512
-7.380260467529297
-7.376641273498535
-7.380743503570557
-7.379673480987549
-7.376359462738037
-7.3799333572387695
-7.374698638916016
-7.3792009353637695
-7.381357669830322
-7.381814956665039
-7.381526947021484
-7.3827223777771
-7.380216598510742
-7.379574298858643
-7.385045528411865
-7.380143642425537
-7.377247333526611
-7.379810810089111
-7.37640380859375
-7.38253927230835
-7.382103443145752
-7.379375457763672
-7.384767055511475
-7.380871772766113
-7.37876558303833
-7.380913257598877
-7.379359722137451
-7.380496501922607
-7.380773544311523
-7.376105785369873
-7.376513957977295
-7.382451057434082
-7.38112211227417
-7.3770341873168945
-7.377468109130859
-7.384566783905029
-7.374936580657959
-7.381565093994141
-7.374061107635498
-7.377590656280518
-7.3828301429748535
-7.377768516540527
-7.380878448486328
-7.379657745361328
-7.381028652191162
-7.3810014724731445
-7.385841369628906
-7.374301910400391
-7.381553649902344
-7.380744457244873
-7.37725830078125
-7.3776164054870605
-7.382833003997803
-7.384058475494385
-7.378400802612305
-7.380179405212402
-7.380362510681152
-7.382182598114014
-7.381695747375488
-7.380053520202637
-7.384434700012207
-7.3848347663879395
-7.3807148933410645
-7.378201961517334
-7.377779960632324
-7.378242015838623
-7.37802267074585
-7.377426624298096
-7.380277156829834
-7.3785176277160645
-7.379532337188721
-7.378244400024414
-7.377993583679199
-7.3809990882873535
-7.378830432891846
-7.3813581466674805
-7.378140926361084
-7.382660388946533
-7.374551773071289
-7.379364967346191
-7.376959323883057
-7.3777384757995605
-7.379162788391113
-7.375514507293701
-7.372110843658447
-7.379679203033447
-7.381096839904785
-7.383081912994385
-7.378081321716309
-7.382307052612305
-7.3733038902282715
-7.380282402038574
-7.383004188537598
-7.375347137451172
-7.379528522491455
-7.382184028625488
-7.381080627441406
-7.376251220703125
-7.37959623336792
-7.379491329193115
-7.379974842071533
-7.378429412841797
-7.3828020095825195
-7.378586769104004
-7.381429195404053
-7.379669189453125
-7.38096809387207
-7.381150722503662
-7.379984378814697
-7.384079456329346
-7.372817039489746
-7.379638195037842
-7.383510112762451
-7.378720283508301
-7.380364894866943
-7.3756303787231445
-7.378948211669922
-7.384070873260498
-7.377054214477539
-7.382253170013428
-7.381215572357178
-7.374753475189209
-7.381848335266113
-7.38081693649292
-7.379947185516357
-7.381999969482422
-7.378193378448486
-7.378640174865723
-7.381691932678223
-7.379430294036865
-7.381797790527344
-7.3815484046936035
-7.3812408447265625
-7.377017498016357
-7.378653049468994
-7.379536151885986
-7.385189056396484
-7.3826799392700195
-7.383446216583252
-7.380570888519287
-7.377715587615967
-7.376615524291992
-7.3780035972595215
-7.376209259033203
-7.372995853424072
-7.381360054016113
-7.378767967224121
-7.3779168128967285
-7.378297328948975
-7.376852989196777
-7.378600597381592
-7.379051208496094
-7.379906177520752
-7.380568027496338
-7.3806939125061035
-7.3828558921813965
-7.378410339355469
-7.379509449005127
-7.378599643707275
-7.377525806427002
-7.3783650398254395
-7.381832122802734
-7.373784065246582
-7.379263401031494
-7.3805251121521
-7.380932331085205
-7.37567138671875
-7.3799662590026855
-7.3770365715026855
-7.377718925476074
-7.379219055175781
-7.377816200256348
-7.382908344268799
-7.3794355392456055
-7.3830790519714355
-7.379695892333984
-7.376186370849609
-7.37789249420166
-7.379349231719971
-7.378725051879883
-7.378564357757568
-7.379256725311279
-7.37933349609375
-7.377243995666504
-7.380856513977051
-7.380728721618652
-7.3742499351501465
-7.38090705871582
-7.381990432739258
-7.374935150146484
-7.381831645965576
-7.380505561828613
-7.383040428161621
-7.376901149749756
-7.377950191497803
-7.379852771759033
-7.375741004943848
-7.372866153717041
-7.376284599304199
-7.38288688659668
-7.385223388671875
-7.377498626708984
-7.381247043609619
-7.378770351409912
-7.381509304046631
-7.376872539520264
-7.378939151763916
-7.378251075744629
-7.380702018737793
-7.380395889282227
-7.382056713104248
-7.380278587341309
-7.3771233558654785
-7.375238418579102
-7.378215789794922
-7.382040977478027
-7.376129627227783
-7.379946708679199
-7.380683422088623
-7.37474250793457
-7.3779072761535645
-7.373984336853027
-7.381036281585693
-7.375196933746338
-7.377682685852051
-7.379353046417236
-7.37532901763916
-7.378200531005859
-7.377547740936279
-7.378122806549072
-7.378215789794922
-7.376415252685547
-7.376521110534668
-7.379915237426758
-7.382857799530029
-7.382870674133301
-7.381559371948242
-7.378151893615723
-7.381875038146973
-7.379935264587402
-7.382360935211182
-7.374191761016846
-7.379411697387695
-7.380805015563965
-7.377497673034668
-7.385594367980957
-7.376711368560791
-7.379928112030029
-7.383047580718994
-7.38191032409668
-7.380321025848389
-7.380507946014404
-7.379094123840332
-7.380224704742432
-7.380032539367676
-7.380390167236328
-7.382399082183838
-7.38132381439209
-7.38152551651001
-7.3808441162109375
-7.372135162353516
-7.38089656829834
-7.375982761383057
-7.37676477432251
-7.381366729736328
-7.378373622894287
-7.38056755065918
-7.377866744995117
-7.379601001739502
-7.382704257965088
-7.379270553588867
-7.383098602294922
-7.381165981292725
-7.379372596740723
-7.3866047859191895
-7.379000663757324
-7.376220226287842
-7.373003959655762
-7.386356830596924
-7.386317253112793
-7.382223129272461
-7.375346660614014
-7.384547710418701
-7.377114772796631
-7.379865646362305
-7.381534099578857
-7.3802809715271
-7.3806233406066895
-7.381020545959473
-7.384511947631836
-7.37955904006958
-7.378615856170654
-7.378255844116211
-7.3767571449279785
-7.379817008972168
-7.381352424621582
-7.379746913909912
-7.38289737701416
-7.381121635437012
-7.3785719871521
-7.381224155426025
-7.38392448425293
-7.382856369018555
-7.379817962646484
-7.379603385925293
-7.3774733543396
-7.377837181091309
-7.379650592803955
-7.381485462188721
-7.3794732093811035
-7.381478786468506
-7.379957675933838
-7.380500316619873
-7.380972862243652
-7.381722927093506
-7.383576393127441
-7.379019737243652
-7.382940292358398
-7.379339694976807
-7.382449150085449
-7.378028392791748
-7.3803510665893555
-7.379716396331787
-7.381126880645752
-7.3820977210998535
-7.37954044342041
-7.377084255218506
-7.377902984619141
-7.384432315826416
-7.382569789886475
-7.383513450622559
-7.3809733390808105
-7.380734443664551
-7.37754487991333
-7.376908302307129
-7.376823902130127
-7.382091045379639
-7.381115436553955
-7.381224155426025
-7.380006790161133
-7.379307746887207
-7.382674217224121
-7.382503509521484
-7.378921031951904
-7.379087924957275
-7.382130146026611
-7.384370803833008
-7.379945278167725
-7.379938125610352
-7.378332614898682
-7.381208419799805
-7.38021183013916
-7.381851673126221
-7.37975549697876
-7.379764080047607
-7.379232406616211
-7.381044387817383
-7.380309581756592
-7.377072334289551
-7.377073764801025
-7.378039836883545
-7.379957675933838
-7.37904691696167
-7.381438732147217
-7.382573127746582
-7.380458831787109
-7.379555702209473
-7.378762245178223
-7.382536888122559
-7.3794074058532715
-7.384200096130371
-7.379127502441406
-7.3812360763549805
-7.3791375160217285
-7.3788065910339355
-7.379741668701172
-7.381503105163574
-7.381842136383057
-7.3768534660339355
-7.382414817810059
-7.3787522315979
-7.376919269561768
-7.381152629852295
-7.380555629730225
-7.379508018493652
-7.3771748542785645
-7.380036354064941
-7.375335216522217
-7.379889488220215
-7.375431537628174
-7.380196571350098
-7.377466201782227
-7.383232116699219
-7.383546352386475
-7.38005256652832
-7.381491661071777
-7.381170749664307
-7.381229877471924
-7.376735210418701
-7.376003742218018
-7.381242275238037
-7.379857063293457
-7.38037633895874
-7.379287242889404
-7.379078388214111
-7.3763604164123535
-7.381218433380127
-7.378170490264893
-7.383665084838867
-7.377309322357178
-7.38322114944458
-7.383186340332031
-7.382259368896484
-7.372732639312744
-7.378400802612305
-7.378297328948975
-7.378607749938965
-7.38052225112915
-7.37995719909668
-7.383392810821533
-7.382084846496582
-7.379125118255615
-7.378846645355225
-7.3828229904174805
-7.376706123352051
-7.379437446594238
-7.379868507385254
-7.379144191741943
-7.377621650695801
-7.384119987487793
-7.379004955291748
-7.38248348236084
-7.382279396057129
-7.3819193840026855
-7.379056930541992
-7.377771854400635
-7.382188320159912
-7.37824821472168
-7.379540920257568
-7.379280090332031
-7.382640361785889
-7.37958288192749
-7.384716033935547
-7.377821922302246
-7.382130146026611
-7.379218578338623
-7.378490924835205
-7.382085800170898
-7.381709575653076
-7.3819475173950195
-7.377999305725098
-7.381730556488037
-7.382253646850586
-7.3809614181518555
-7.376888751983643
-7.382011413574219
-7.379721641540527
-7.376519203186035
-7.381911754608154
-7.381130218505859
-7.372915744781494
-7.380355358123779
-7.379726886749268
-7.381789207458496
-7.380370616912842
-7.375320911407471
-7.381958961486816
-7.379793643951416
-7.377934455871582
-7.379300117492676
-7.385221481323242
-7.3809051513671875
-7.381161212921143
-7.383371353149414
-7.3835225105285645
-7.378617763519287
-7.382516384124756
-7.373758316040039
-7.385319232940674
-7.382091999053955
-7.384753704071045
-7.380904197692871
-7.382083415985107
-7.377542495727539
-7.377384662628174
-7.3837127685546875
-7.38148832321167
-7.377847671508789
-7.379338264465332
-7.384796619415283
-7.380305767059326
-7.379919052124023
-7.3786468505859375
-7.379433631896973
-7.380059719085693
-7.380576133728027
-7.379000186920166
-7.37842321395874
-7.380603790283203
-7.381733417510986
-7.375123977661133
-7.372618675231934
-7.38610315322876
-7.378137588500977
-7.380631923675537
-7.384512424468994
-7.3777947425842285
-7.3792219161987305
-7.382986545562744
-7.376730442047119
-7.377890586853027
-7.376091957092285
-7.378543853759766
-7.378621578216553
-7.381209850311279
-7.379942417144775
-7.380266189575195
-7.381691932678223
-7.377233028411865
-7.381550312042236
-7.383302211761475
-7.388819694519043
-7.379660129547119
-7.380810737609863
-7.382845401763916
-7.377944469451904
-7.375095844268799
-7.378848075866699
-7.377098560333252
-7.3848724365234375
-7.3834686279296875
-7.379527568817139
-7.378477096557617
-7.381836891174316
-7.37973165512085
-7.374649524688721
-7.379032135009766
-7.381907939910889
-7.378848075866699
-7.3755202293396
-7.384898662567139
-7.380527973175049
-7.378755569458008
-7.377203941345215
-7.3805766105651855
-7.372700214385986
-7.379401683807373
-7.378195285797119
-7.378246307373047
-7.377680778503418
-7.383402347564697
-7.383982181549072
-7.380226135253906
-7.379661560058594
-7.380467891693115
-7.384616851806641
-7.379310607910156
-7.382762432098389
-7.383464336395264
-7.379708290100098
-7.379537582397461
-7.37734842300415
-7.373737812042236
-7.378049373626709
-7.378143787384033
-7.37928581237793
-7.379908561706543
-7.382274627685547
-7.382883548736572
-7.380072593688965
-7.377997875213623
-7.38224458694458
-7.38053035736084
-7.3815598487854
-7.380586624145508
-7.378871917724609
-7.37843132019043
-7.381614685058594
-7.381664276123047
-7.378288745880127
-7.379705429077148
-7.3782477378845215
-7.380018711090088
-7.377384662628174
-7.381632328033447
-7.379963397979736
-7.3833699226379395
-7.382449150085449
-7.376185417175293
-7.37826681137085
-7.384880542755127
-7.383517742156982
-7.380600929260254
-7.379031658172607
-7.381803035736084
-7.380927085876465
-7.382641792297363
-7.381155014038086
-7.380817413330078
-7.380033493041992
-7.379226207733154
-7.380305290222168
-7.377586841583252
-7.37884521484375
-7.381573677062988
-7.377899646759033
-7.379150390625
-7.377625465393066
-7.386007785797119
-7.374303340911865
-7.377336502075195
-7.378789901733398
-7.383399486541748
-7.37948751449585
-7.384891510009766
-7.3770928382873535
-7.377676963806152
-7.380415916442871
-7.38023042678833
-7.380626201629639
-7.380316734313965
-7.381145000457764
-7.3824872970581055
-7.3792219161987305
-7.379341125488281
-7.379617214202881
-7.382889747619629
-7.383612632751465
-7.3758063316345215
-7.379540920257568
-7.377960681915283
-7.38032341003418
-7.3788580894470215
-7.3796563148498535
-7.385196208953857
-7.381981372833252
-7.378291130065918
-7.37879753112793
-7.382603645324707
-7.385979652404785
-7.381311416625977
-7.3841071128845215
-7.382277965545654
-7.3825602531433105
-7.381376266479492
-7.384945869445801
-7.383816719055176
-7.381494045257568
-7.375366687774658
-7.3753461837768555
-7.380031585693359
-7.377621173858643
-7.384644508361816
-7.380733489990234
-7.382915496826172
-7.382510662078857
-7.378516674041748
-7.375875949859619
-7.384861946105957
-7.382462501525879
-7.382681846618652
-7.379993915557861
-7.381885528564453
-7.38142204284668
-7.382839679718018
-7.380817413330078
-7.381130695343018
-7.381313323974609
-7.382141590118408
-7.379809856414795
-7.380593776702881
-7.379194259643555
-7.382809162139893
-7.3821868896484375
-7.376309394836426
-7.3807902336120605
-7.383633613586426
-7.378371238708496
-7.377265930175781
-7.379488468170166
-7.377674579620361
-7.3839592933654785
-7.378560543060303
-7.37814474105835
-7.379559516906738
-7.382040023803711
-7.380627632141113
-7.379932403564453
-7.379434585571289
-7.381794452667236
-7.378551959991455
-7.378902435302734
-7.378176689147949
-7.383025169372559
-7.382242679595947
-7.382431507110596
-7.379126071929932
-7.376260757446289
-7.381139755249023
-7.3811421394348145
-7.383449554443359
-7.377309322357178
-7.379105567932129
-7.37757682800293
-7.380925178527832
-7.378178596496582
-7.381912708282471
-7.380702972412109
-7.38116979598999
-7.382155895233154
-7.380460739135742
-7.383389949798584
-7.3764166831970215
-7.380156993865967
-7.376144886016846
-7.380488872528076
-7.377683639526367
-7.38455057144165
-7.37454891204834
-7.381667613983154
-7.3808512687683105
-7.37692928314209
-7.38068962097168
-7.379190444946289
-7.375512599945068
-7.379282474517822
-7.379343509674072
-7.380746841430664
-7.381307601928711
-7.3773417472839355
-7.384186744689941
-7.383021354675293
-7.382891654968262
-7.385196685791016
-7.382386207580566
-7.37999963760376
-7.375500679016113
-7.379641532897949
-7.383304119110107
-7.3795270919799805
-7.383001327514648
-7.382103443145752
-7.385066032409668
-7.385249137878418
-7.3828206062316895
-7.382289886474609
-7.3826823234558105
-7.376298904418945
