loss_s
-4.602910995483398
-4.663010597229004
-4.67371940612793
-4.665008068084717
-4.731785774230957
-4.785428524017334
-4.773792266845703
-4.794162750244141
-4.823888778686523
-4.865629196166992
-4.855988025665283
-4.794888496398926
-4.897626876831055
-4.844843864440918
-4.885446071624756
-4.947603225708008
-5.034213066101074
-4.921879768371582
-4.9785380363464355
-5.128107070922852
-5.0488152503967285
-5.059004783630371
-5.041635513305664
-5.075677394866943
-5.230907917022705
-5.1526875495910645
-5.253371238708496
-5.212549686431885
-5.267708778381348
-5.305250644683838
-5.2349348068237305
-5.3818583488464355
-5.312900543212891
-5.3923726081848145
-5.403435707092285
-5.419893741607666
-5.367884635925293
-5.48968505859375
-5.487337112426758
-5.477319240570068
-5.495534896850586
-5.526174068450928
-5.4750800132751465
-5.499972820281982
-5.458302021026611
-5.441535472869873
-5.465994358062744
-5.428496837615967
-5.491199016571045
-5.515671730041504
-5.497453689575195
-5.5469818115234375
-5.526483058929443
-5.55374002456665
-5.53322696685791
-5.595548629760742
-5.607898712158203
-5.594346046447754
-5.585902214050293
-5.622348308563232
-5.589442729949951
-5.567113399505615
-5.610373497009277
-5.629762649536133
-5.653152942657471
-5.666210651397705
-5.643465518951416
-5.628584861755371
-5.689431190490723
-5.718067646026611
-5.70625638961792
-5.744719982147217
-5.709174156188965
-5.749281883239746
-5.71023416519165
-5.683843612670898
-5.732171535491943
-5.811001300811768
-5.815016269683838
-5.844973564147949
-5.8693437576293945
-5.881227016448975
-5.915744781494141
-5.907190799713135
-5.945533275604248
-5.952072620391846
-5.981985092163086
-6.003430366516113
-6.066891193389893
-6.0284552574157715
-6.102272987365723
-6.158487796783447
-6.237333297729492
-6.250950336456299
-6.279966831207275
-6.333110809326172
-6.406296253204346
-6.3886823654174805
-6.447207450866699
-6.569316864013672
-6.5620951652526855
-6.676309108734131
-6.747905731201172
-6.843123912811279
-7.00845193862915
-7.01959753036499
-7.139251232147217
-7.151590824127197
-7.279328346252441
-7.494930267333984
-7.493330955505371
-7.417738914489746
-7.602755069732666
-7.603431701660156
-7.694248199462891
-7.737592697143555
-7.655551910400391
-7.654555320739746
-7.89741325378418
-7.729950904846191
-7.881636142730713
-7.953690052032471
-8.018278121948242
-8.007821083068848
-8.087678909301758
-8.171599388122559
-8.19655990600586
-8.225456237792969
-8.22579288482666
-8.301348686218262
-8.421408653259277
-8.400421142578125
-8.335636138916016
-8.550575256347656
-8.407711029052734
-8.471939086914062
-8.539746284484863
-8.507584571838379
-8.55162525177002
-8.679178237915039
-8.624054908752441
-8.574195861816406
-8.595956802368164
-8.585152626037598
-8.549656867980957
-8.621264457702637
-8.751641273498535
-8.725939750671387
-8.669509887695312
-8.7474365234375
-8.68685245513916
-8.691779136657715
-8.795937538146973
-8.761810302734375
-8.745155334472656
-8.718913078308105
-8.79445743560791
-8.78666877746582
-8.871148109436035
-8.7354097366333
-8.844024658203125
-8.842361450195312
-8.798891067504883
-8.80984115600586
-8.857413291931152
-8.864897727966309
-8.852706909179688
-8.882180213928223
-8.868741035461426
-8.870059967041016
-8.847877502441406
-8.838396072387695
-8.906384468078613
-8.889965057373047
-8.848976135253906
-8.940516471862793
-8.886823654174805
-8.89828109741211
-8.894771575927734
-8.937871932983398
-8.935729026794434
-8.875864028930664
-8.949095726013184
-8.937134742736816
-8.930110931396484
-8.863950729370117
-8.93792724609375
-8.884073257446289
-8.92711353302002
-8.883305549621582
-8.970512390136719
-8.959253311157227
-8.928911209106445
-8.942039489746094
-8.940790176391602
-8.920539855957031
-8.979272842407227
-9.005099296569824
-8.966320037841797
-9.01001262664795
-8.96561336517334
-8.97531795501709
-8.972732543945312
-8.990622520446777
-9.00224494934082
-9.035844802856445
-9.050936698913574
-8.997557640075684
-8.947298049926758
-8.960514068603516
-9.001907348632812
-8.965226173400879
-9.042530059814453
-8.959638595581055
-8.952073097229004
-9.01331615447998
-9.023870468139648
-9.000531196594238
-9.042572021484375
-8.998659133911133
-9.005633354187012
-9.036341667175293
-8.976865768432617
-9.069574356079102
-9.039278030395508
-9.074506759643555
-9.041815757751465
-9.020024299621582
-9.05692195892334
-9.022198677062988
-9.032849311828613
-9.077203750610352
-9.0983247756958
-9.030939102172852
-9.017311096191406
-9.084253311157227
-9.086484909057617
-8.976902961730957
-9.042519569396973
-8.934484481811523
-9.0589017868042
-8.981551170349121
-9.038102149963379
-9.057282447814941
-9.009849548339844
-9.085550308227539
-9.046716690063477
-9.058181762695312
-9.057597160339355
-9.040640830993652
-9.108773231506348
-8.94592571258545
-9.066720008850098
-9.029996871948242
-9.029814720153809
-9.082723617553711
-9.065807342529297
-9.04467487335205
-9.07607364654541
-9.060795783996582
-9.088226318359375
-8.97201919555664
-9.117074966430664
-9.058547019958496
-9.104790687561035
-9.034095764160156
-9.090147018432617
-9.081401824951172
-9.044934272766113
-9.086195945739746
-9.091334342956543
-9.0936918258667
-9.119051933288574
-9.110760688781738
-9.138429641723633
-9.08665657043457
-9.146529197692871
-9.028812408447266
-9.12539291381836
-9.113773345947266
-9.044905662536621
-9.087125778198242
-9.039441108703613
-9.105559349060059
-9.116790771484375
-9.111302375793457
-9.11647891998291
-9.126797676086426
-9.13144588470459
-9.140594482421875
-9.07261848449707
-9.085368156433105
-9.066377639770508
-9.121270179748535
-9.041121482849121
-9.001585006713867
-9.123922348022461
-8.983400344848633
-9.012068748474121
-9.03610897064209
-9.042824745178223
-9.121068954467773
-9.037540435791016
-9.079923629760742
-9.112913131713867
-9.04525089263916
-9.08442497253418
-9.053051948547363
-9.124704360961914
-9.107388496398926
-9.102106094360352
-9.12832260131836
-9.126018524169922
-9.058387756347656
-9.141866683959961
-9.10235595703125
-9.103605270385742
-9.143375396728516
-9.100838661193848
-9.127988815307617
-9.165383338928223
-9.137243270874023
-9.139135360717773
-9.144893646240234
-9.139328002929688
-9.142215728759766
-9.139227867126465
-9.096284866333008
-9.104920387268066
-9.146607398986816
-9.065744400024414
-9.160618782043457
-9.124704360961914
-9.004983901977539
-9.158210754394531
-9.085693359375
-9.108208656311035
-9.137548446655273
-9.081853866577148
-9.131624221801758
-9.156815528869629
-9.121438026428223
-9.139304161071777
-9.132330894470215
-9.177517890930176
-9.132654190063477
-9.164685249328613
-9.142159461975098
-9.172505378723145
-9.143303871154785
-9.154852867126465
-9.167497634887695
-9.168307304382324
-9.149443626403809
-9.16260051727295
-9.155152320861816
-9.15499210357666
-9.156767845153809
-9.176226615905762
-9.196980476379395
-9.08786392211914
-9.163665771484375
-9.146916389465332
-9.144804954528809
-9.175987243652344
-9.1488037109375
-9.118242263793945
-9.166125297546387
-9.142951011657715
-9.16904354095459
-9.163873672485352
-9.18979549407959
-9.145766258239746
-9.153367042541504
-9.118367195129395
-9.162954330444336
-9.102371215820312
-9.19005298614502
-9.161894798278809
-9.16188907623291
-9.166873931884766
-9.11909008026123
-9.168745040893555
-9.168807983398438
-9.172342300415039
-9.16740894317627
-9.175226211547852
-9.186023712158203
-9.134760856628418
-9.177063941955566
-9.157937049865723
-9.182724952697754
-9.175034523010254
-9.142256736755371
-9.141085624694824
-9.17122745513916
-9.186859130859375
-9.18224811553955
-9.184584617614746
-9.169236183166504
-9.157469749450684
-9.14802360534668
-9.141606330871582
-9.168865203857422
-9.163317680358887
-9.185388565063477
-9.168044090270996
-9.164202690124512
-9.179631233215332
-9.17293930053711
-9.178460121154785
-9.16873550415039
-9.208333015441895
-9.184258460998535
-9.189959526062012
-9.177389144897461
-9.165188789367676
-9.193653106689453
-9.101386070251465
-9.197017669677734
-9.179713249206543
-9.153254508972168
-9.179166793823242
-9.192169189453125
-9.102046966552734
-9.182906150817871
-9.151233673095703
-9.155800819396973
-9.19795036315918
-9.110872268676758
-9.141779899597168
-9.134785652160645
-9.107510566711426
-9.185833930969238
-9.128665924072266
-9.102869033813477
-9.18533992767334
-9.14468002319336
-9.144872665405273
-9.174935340881348
-9.124649047851562
-9.191015243530273
-9.171356201171875
-9.190506935119629
-9.181535720825195
-9.168169021606445
-9.180078506469727
-9.184325218200684
-9.184221267700195
-9.187986373901367
-9.186857223510742
-9.196976661682129
-9.18576431274414
-9.19099235534668
-9.199029922485352
-9.202980995178223
-9.182633399963379
-9.177711486816406
-9.181544303894043
-9.17445182800293
-9.18355655670166
-9.169769287109375
-9.193427085876465
-9.178709030151367
-9.196532249450684
-9.199386596679688
-9.169031143188477
-9.188814163208008
-9.201016426086426
-9.167658805847168
-9.162514686584473
-9.208035469055176
-9.154014587402344
-9.1434326171875
-9.196659088134766
-9.076725006103516
-9.183181762695312
-9.173869132995605
-9.03951358795166
-9.184321403503418
-9.07878589630127
-9.064861297607422
-9.184220314025879
-9.093358039855957
-9.148279190063477
-9.17049789428711
-9.0494966506958
-9.165806770324707
-9.118016242980957
-9.15466594696045
-9.199793815612793
-9.141779899597168
-9.19096851348877
-9.18456745147705
-9.179276466369629
-9.19471263885498
-9.185977935791016
-9.194601058959961
-9.195611953735352
-9.177873611450195
-9.199104309082031
-9.176088333129883
-9.178879737854004
-9.204147338867188
-9.174112319946289
-9.185193061828613
-9.19517993927002
-9.130603790283203
-9.207552909851074
-9.15520191192627
-9.190850257873535
-9.196633338928223
-9.191716194152832
-9.190985679626465
-9.203359603881836
-9.180154800415039
-9.179339408874512
-9.188224792480469
-9.169684410095215
-9.199812889099121
-9.199715614318848
-9.195076942443848
-9.200944900512695
-9.20181941986084
-9.198071479797363
-9.194841384887695
-9.191425323486328
-9.17064380645752
-9.20053482055664
-9.120179176330566
-9.213403701782227
-9.20889949798584
-9.190940856933594
-9.207569122314453
-9.172381401062012
-9.163562774658203
-9.17719841003418
-9.144103050231934
-9.194076538085938
-9.16477108001709
-9.16042709350586
-9.188852310180664
-9.102311134338379
-9.20084285736084
-9.206233978271484
-9.125279426574707
-9.201619148254395
-9.188400268554688
-9.18786907196045
-9.208695411682129
-9.17452335357666
-9.196817398071289
-9.170088768005371
-9.184940338134766
-9.213471412658691
-9.17497730255127
-9.165447235107422
-9.205942153930664
-9.173686981201172
-9.154583930969238
-9.205389022827148
-9.112006187438965
-9.182023048400879
-9.16041374206543
-9.157818794250488
-9.191790580749512
-9.179545402526855
-9.197266578674316
-9.206904411315918
-9.207910537719727
-9.183406829833984
-9.196248054504395
-9.214818954467773
-9.173725128173828
-9.153212547302246
-9.208253860473633
-9.160191535949707
-9.163084030151367
-9.182130813598633
-9.167696952819824
-9.202399253845215
-9.194180488586426
-9.085928916931152
-9.207415580749512
-9.141938209533691
-9.184431076049805
-9.207296371459961
-9.191500663757324
-9.138970375061035
-9.212573051452637
-9.166854858398438
-9.149249076843262
-9.197797775268555
-9.138602256774902
-9.166418075561523
-9.204959869384766
-9.18626594543457
-9.199932098388672
-9.202183723449707
-9.180562019348145
-9.165366172790527
-9.186593055725098
-9.13879108428955
-9.204488754272461
-9.21416187286377
-9.123741149902344
-9.198609352111816
-9.177169799804688
-9.18442440032959
-9.206539154052734
-9.190462112426758
-9.196122169494629
-9.200128555297852
-9.211236953735352
-9.200461387634277
-9.214947700500488
-9.199097633361816
-9.208660125732422
-9.22669506072998
-9.176544189453125
-9.188995361328125
-9.211037635803223
-9.052604675292969
-9.204959869384766
-9.178256034851074
-9.158981323242188
-9.201583862304688
-9.178236961364746
-9.197040557861328
-9.207858085632324
-9.19579792022705
-9.164026260375977
-9.190831184387207
-9.181164741516113
-9.211414337158203
-9.198293685913086
-9.177299499511719
-9.196869850158691
-9.207159042358398
-9.195682525634766
-9.185636520385742
-9.212614059448242
-9.20455551147461
-9.210641860961914
-9.219797134399414
-9.209379196166992
-9.198902130126953
-9.200879096984863
-9.164262771606445
-9.204360961914062
-9.199935913085938
-9.215753555297852
-9.209131240844727
-9.1992826461792
-9.221010208129883
-9.175750732421875
-9.205585479736328
-9.203523635864258
-9.173018455505371
-9.209854125976562
-9.185243606567383
-9.199082374572754
-9.21398639678955
-9.203228950500488
-9.18228816986084
-9.177446365356445
-9.17980670928955
-9.20810604095459
-9.205547332763672
-9.192474365234375
-9.20394229888916
-9.201674461364746
-9.196844100952148
-9.212895393371582
-9.183679580688477
-9.208178520202637
-9.212594985961914
-9.164491653442383
-9.214116096496582
-9.201953887939453
-9.190140724182129
-9.202369689941406
-9.192606925964355
-9.1936674118042
-9.213366508483887
-9.210196495056152
-9.196252822875977
-9.193992614746094
-9.216221809387207
-9.177443504333496
-9.204102516174316
-9.206835746765137
-9.209596633911133
-9.205278396606445
-9.212240219116211
-9.19997501373291
-9.207051277160645
-9.199230194091797
-9.200082778930664
-9.207152366638184
-9.200623512268066
-9.210567474365234
-9.198305130004883
-9.21728801727295
-9.21226692199707
-9.17724609375
-9.21446704864502
-9.223122596740723
-9.218585014343262
-9.211426734924316
-9.215872764587402
-9.211755752563477
-9.146781921386719
-9.207771301269531
-9.230392456054688
-9.123499870300293
-9.203904151916504
-9.146612167358398
-9.185006141662598
-9.207076072692871
-9.179311752319336
-9.21334457397461
-9.210874557495117
-9.201876640319824
-9.193868637084961
-9.21114444732666
-9.05424690246582
-9.209209442138672
-9.121228218078613
-9.139720916748047
-9.22562313079834
-9.113105773925781
-9.229462623596191
-9.215576171875
-9.207921028137207
-9.156502723693848
-9.214784622192383
-9.216020584106445
-9.138778686523438
-9.202507019042969
-9.175527572631836
-9.143938064575195
-9.21355152130127
-9.186819076538086
-9.162190437316895
-9.209376335144043
-9.165019035339355
-9.198386192321777
-9.209968566894531
-9.211042404174805
-9.207630157470703
-9.216983795166016
-9.207104682922363
-9.192794799804688
-9.208622932434082
-9.214982032775879
-9.205023765563965
-9.207538604736328
-9.169238090515137
-9.223146438598633
-9.219974517822266
-9.21495246887207
-9.215782165527344
-9.216682434082031
-9.192178726196289
-9.194787979125977
-9.208385467529297
-9.212743759155273
-9.20748519897461
-9.22931957244873
-9.213214874267578
-9.210519790649414
-9.185693740844727
-9.210524559020996
-9.221270561218262
-9.141493797302246
-9.217090606689453
-9.121721267700195
-9.149415016174316
-9.229582786560059
-9.077301025390625
-9.177083015441895
-9.198935508728027
-9.165257453918457
-9.129135131835938
-9.213881492614746
-9.180574417114258
-9.084981918334961
-9.220488548278809
-9.062017440795898
-9.1603422164917
-9.224052429199219
-9.13762092590332
-9.195055961608887
-9.2047700881958
-9.179898262023926
-9.165670394897461
-9.215023040771484
-9.172739028930664
-9.138798713684082
-9.214234352111816
-9.126595497131348
-9.202776908874512
-9.21654224395752
-9.198205947875977
-9.205467224121094
-9.220540046691895
-9.14558219909668
-9.199551582336426
-9.218875885009766
-9.204545021057129
-9.199385643005371
-9.217808723449707
-9.212732315063477
-9.211742401123047
-9.203996658325195
-9.226961135864258
-9.224635124206543
-9.210807800292969
-9.216878890991211
-9.165746688842773
-9.224823951721191
-9.21289348602295
-9.184374809265137
-9.203968048095703
-9.209020614624023
-9.135024070739746
-9.189754486083984
-9.218138694763184
-9.147747039794922
-9.116744041442871
-9.200507164001465
-9.166584014892578
-9.159653663635254
-9.217178344726562
-9.205912590026855
-9.202738761901855
-9.202675819396973
-9.220373153686523
-9.15470027923584
-9.210758209228516
-9.22632122039795
-9.1644868850708
-9.214037895202637
-9.224782943725586
-9.213604927062988
-9.208901405334473
-9.22193717956543
-9.212516784667969
-9.21198844909668
-9.211195945739746
-9.207764625549316
-9.220650672912598
-9.224169731140137
-9.224438667297363
-9.227865219116211
-9.199407577514648
-9.192887306213379
-9.210795402526855
-9.206464767456055
-9.20130729675293
-9.196744918823242
-9.220574378967285
-9.219172477722168
-9.215124130249023
-9.225407600402832
-9.152584075927734
-9.19275951385498
-9.209418296813965
-9.141458511352539
-9.213651657104492
-9.208581924438477
-9.200443267822266
-9.217345237731934
-9.22825813293457
-9.197956085205078
-9.21371078491211
-9.217499732971191
-9.212072372436523
-9.215580940246582
-9.214542388916016
-9.21996784210205
-9.216574668884277
-9.222685813903809
-9.216948509216309
-9.203932762145996
-9.22030258178711
-9.214543342590332
-9.189837455749512
-9.215370178222656
-9.218694686889648
-9.187779426574707
-9.222311973571777
-9.222488403320312
-9.215202331542969
-9.22052001953125
-9.230083465576172
-9.198762893676758
-9.196001052856445
-9.178702354431152
-9.20958137512207
-9.22046184539795
-9.224785804748535
-9.216282844543457
-9.224326133728027
-9.230267524719238
-9.182802200317383
-9.2149019241333
-9.195538520812988
-9.174873352050781
-9.218835830688477
-9.173582077026367
-9.17293643951416
-9.220072746276855
-9.207584381103516
-9.16801643371582
-9.201898574829102
-9.180238723754883
-9.193292617797852
-9.221514701843262
-9.22005844116211
-9.221118927001953
-9.203400611877441
-9.218421936035156
-9.186909675598145
-9.219653129577637
-9.222183227539062
-9.198787689208984
-9.22327995300293
-9.205873489379883
-9.230511665344238
-9.227310180664062
-9.223518371582031
-9.238662719726562
-9.196404457092285
-9.187752723693848
-9.214710235595703
-9.195684432983398
-9.222545623779297
-9.187019348144531
-9.219197273254395
-9.219864845275879
-9.207992553710938
-9.192791938781738
-9.227398872375488
-9.236283302307129
-9.166589736938477
-9.232118606567383
-9.203756332397461
-9.18481159210205
-9.230777740478516
-9.147638320922852
-9.22995662689209
-9.211395263671875
-9.221341133117676
-9.21475601196289
-9.219710350036621
-9.246376991271973
-9.186092376708984
-9.220434188842773
-9.222708702087402
-9.195352554321289
-9.188173294067383
-9.221467018127441
-9.086041450500488
-9.224254608154297
-9.210480690002441
-9.196493148803711
-9.142522811889648
-9.202827453613281
-9.131791114807129
-9.2445068359375
-9.221932411193848
-9.22099494934082
-9.20035457611084
-9.230905532836914
-9.172234535217285
-9.215487480163574
-9.221136093139648
-9.198267936706543
-9.220709800720215
-9.223179817199707
-9.23306655883789
-9.224306106567383
-9.21911334991455
-9.225876808166504
-9.215551376342773
-9.217890739440918
-9.227458953857422
-9.197013854980469
-9.199685096740723
-9.214335441589355
-9.221283912658691
-9.211947441101074
-9.209094047546387
-9.218049049377441
-9.203667640686035
-9.200765609741211
-9.219624519348145
-9.157098770141602
-9.180586814880371
-9.223907470703125
-9.120416641235352
-9.203226089477539
-9.193774223327637
-9.155240058898926
-9.203691482543945
-9.221529006958008
-9.084434509277344
-9.19815731048584
-9.176840782165527
-9.194621086120605
-9.211470603942871
-9.245589256286621
-9.141563415527344
-9.137258529663086
-9.203481674194336
-9.164894104003906
-9.055070877075195
-9.21919059753418
-9.148497581481934
-9.080731391906738
-9.217864990234375
-9.195812225341797
-9.174032211303711
-9.217287063598633
-9.222020149230957
-9.197646141052246
-9.224471092224121
-9.213542938232422
-9.207253456115723
-9.201257705688477
-9.217353820800781
-9.191179275512695
-9.196763038635254
-9.208558082580566
-9.208146095275879
-9.173395156860352
-9.206462860107422
-9.208910942077637
-9.139187812805176
-9.221846580505371
-9.22911548614502
-9.187180519104004
-9.220727920532227
-9.227834701538086
-9.183311462402344
-9.190886497497559
-9.212389945983887
-9.1983642578125
-9.22665023803711
-9.19643783569336
-9.221128463745117
-9.180861473083496
-9.214850425720215
-9.226564407348633
-9.22178840637207
-9.220722198486328
-9.226592063903809
-9.221760749816895
-9.231115341186523
-9.225400924682617
-9.22443962097168
-9.22777271270752
-9.21933364868164
-9.225814819335938
-9.231661796569824
-9.224328994750977
-9.224380493164062
-9.20880126953125
-9.231794357299805
-9.202274322509766
-9.218754768371582
-9.220624923706055
-9.219630241394043
-9.231463432312012
-9.228775978088379
-9.221426010131836
-9.227694511413574
-9.226975440979004
-9.22954273223877
-9.227692604064941
-9.2223539352417
-9.220735549926758
-9.222251892089844
-9.226082801818848
-9.222527503967285
-9.231515884399414
-9.222323417663574
-9.223980903625488
-9.228700637817383
-9.22600269317627
-9.21748161315918
-9.215723037719727
-9.203593254089355
-9.229294776916504
-9.229546546936035
-9.226048469543457
-9.232810020446777
-9.218951225280762
-9.228271484375
-9.22504997253418
-9.210063934326172
-9.227335929870605
-9.242185592651367
-9.143623352050781
-9.22580337524414
-9.20828914642334
-9.196481704711914
-9.22817611694336
-9.198505401611328
-9.166409492492676
-9.231810569763184
-9.21078872680664
-9.199692726135254
-9.221580505371094
-9.199790000915527
-9.206793785095215
-9.202844619750977
-9.195478439331055
-9.210823059082031
-9.232769012451172
-9.20349407196045
-9.226383209228516
-9.210118293762207
-9.214414596557617
-9.21732234954834
-9.216728210449219
-9.191254615783691
-9.213119506835938
-9.21686840057373
-9.159343719482422
-9.230359077453613
-9.203202247619629
-9.18359088897705
-9.233186721801758
-9.175275802612305
-9.19812297821045
-9.206733703613281
-9.171896934509277
-9.216094970703125
-9.207632064819336
-9.200634956359863
-9.199997901916504
-9.234911918640137
-9.213913917541504
-9.188333511352539
-9.216169357299805
-9.176591873168945
-9.150741577148438
-9.219430923461914
-9.181648254394531
-9.143133163452148
-9.215346336364746
-9.215506553649902
-9.208919525146484
-9.219076156616211
-9.205182075500488
-9.163021087646484
-9.21635913848877
-9.188353538513184
-9.22751522064209
-9.226401329040527
-9.215900421142578
-9.228803634643555
-9.227858543395996
-9.217750549316406
-9.220202445983887
-9.22447395324707
-9.221362113952637
-9.220949172973633
-9.213995933532715
-9.23601245880127
-9.227020263671875
-9.232973098754883
-9.23297119140625
-9.18768310546875
-9.224921226501465
-9.210968017578125
-9.206274032592773
-9.2357177734375
-9.190098762512207
-9.237059593200684
-9.22877311706543
-9.22321605682373
-9.222222328186035
-9.22023868560791
-9.232574462890625
-9.216153144836426
-9.212706565856934
-9.20669174194336
-9.223828315734863
-9.234434127807617
-9.253067016601562
-9.158950805664062
-9.239262580871582
-9.232247352600098
-9.178634643554688
-9.231005668640137
-9.225298881530762
-9.210909843444824
-9.235382080078125
-9.236331939697266
-9.228006362915039
-9.228874206542969
-9.236977577209473
-9.210433959960938
-9.247499465942383
-9.216732025146484
-9.233707427978516
-9.221537590026855
-9.229159355163574
-9.234539031982422
-9.216085433959961
-9.224340438842773
-9.234519004821777
-9.226871490478516
-9.23058795928955
-9.231147766113281
-9.229409217834473
-9.229487419128418
-9.21411418914795
-9.220404624938965
-9.245298385620117
-9.18232250213623
-9.232483863830566
-9.212902069091797
-9.237128257751465
-9.225509643554688
-9.234406471252441
-9.202349662780762
-9.23621654510498
-9.236642837524414
-9.20069408416748
-9.223447799682617
-9.227306365966797
-9.226236343383789
-9.23298454284668
-9.231799125671387
-9.233734130859375
-9.227243423461914
-9.222789764404297
-9.224658966064453
-9.216983795166016
-9.194223403930664
-9.228276252746582
-9.213823318481445
-9.19795036315918
-9.214670181274414
-9.183507919311523
-9.182815551757812
-9.201295852661133
-9.17868709564209
-9.183836936950684
-9.224967956542969
-9.141276359558105
-9.217543601989746
-9.221329689025879
-9.184124946594238
-9.150735855102539
-9.217032432556152
-9.119040489196777
-9.18696117401123
-9.215775489807129
-9.160717964172363
-9.199542045593262
-9.232489585876465
-9.169014930725098
-9.177648544311523
-9.217387199401855
-9.154375076293945
-9.218493461608887
-9.230616569519043
-9.17207145690918
-9.23963451385498
-9.207330703735352
-9.184188842773438
-9.232606887817383
-9.212985038757324
-9.231152534484863
-9.224573135375977
-9.22957992553711
-9.226503372192383
-9.222153663635254
-9.229449272155762
-9.233888626098633
-9.238253593444824
-9.225027084350586
-9.225075721740723
-9.221269607543945
-9.205608367919922
-9.233894348144531
-9.18840217590332
-9.20816707611084
-9.221282005310059
-9.20222282409668
-9.235438346862793
-9.223938941955566
-9.230302810668945
-9.240056991577148
-9.22632884979248
-9.207084655761719
-9.227141380310059
-9.224396705627441
-9.215311050415039
-9.221511840820312
-9.207232475280762
-9.231996536254883
-9.237820625305176
-9.19262981414795
-9.226709365844727
-9.23753833770752
-9.2093505859375
-9.19923210144043
-9.227395057678223
-9.170689582824707
-9.228378295898438
-9.215453147888184
-9.216510772705078
-9.230644226074219
-9.197206497192383
-9.235464096069336
-9.2308988571167
-9.209484100341797
-9.238118171691895
-9.190876007080078
-9.214529037475586
-9.232345581054688
-9.183149337768555
-9.223836898803711
-9.204025268554688
-9.22179126739502
-9.238017082214355
-9.245216369628906
-9.200992584228516
-9.201630592346191
-9.231022834777832
-9.195403099060059
-9.196227073669434
-9.239686012268066
-9.17070484161377
-9.216415405273438
-9.236331939697266
-9.178037643432617
-9.226655960083008
-9.25512981414795
-9.164830207824707
-9.2186918258667
-9.231524467468262
-9.209531784057617
-9.22545337677002
-9.237565040588379
-9.189690589904785
-9.197901725769043
-9.221820831298828
-9.168669700622559
-9.229954719543457
-9.232388496398926
-9.209378242492676
-9.210406303405762
-9.230295181274414
-9.244524002075195
-9.180362701416016
-9.225142478942871
-9.22933292388916
-9.219141960144043
-9.230135917663574
-9.235138893127441
-9.251504898071289
-9.242879867553711
-9.240717887878418
-9.237600326538086
-9.212225914001465
-9.217094421386719
-9.256819725036621
-9.244698524475098
-9.153379440307617
-9.221904754638672
-9.213891983032227
-9.228405952453613
-9.236469268798828
-9.207855224609375
-9.22946834564209
-9.22486400604248
-9.17339038848877
-9.240700721740723
-9.2426118850708
-9.18467903137207
-9.215907096862793
-9.221234321594238
-9.150992393493652
-9.236546516418457
-9.198914527893066
-9.154767036437988
-9.224409103393555
-9.190008163452148
-9.182242393493652
-9.231865882873535
-9.222760200500488
-9.192692756652832
-9.237799644470215
-9.217952728271484
-9.238685607910156
-9.226136207580566
-9.21753215789795
-9.219887733459473
-9.244688034057617
-9.241459846496582
-9.236105918884277
-9.242879867553711
-9.237691879272461
-9.223481178283691
-9.236934661865234
-9.219400405883789
-9.238386154174805
-9.2433500289917
-9.21291446685791
-9.21541690826416
-9.219106674194336
-9.201957702636719
-9.24502944946289
-9.174038887023926
-9.253296852111816
-9.230411529541016
-9.231588363647461
-9.230179786682129
-9.234430313110352
-9.240445137023926
-9.239377975463867
-9.24091625213623
-9.225829124450684
-9.234908103942871
-9.24864673614502
-9.230066299438477
-9.235072135925293
-9.235428810119629
-9.219350814819336
-9.235041618347168
-9.226411819458008
-9.245526313781738
-9.228052139282227
-9.23768138885498
-9.217927932739258
-9.236048698425293
-9.243071556091309
-9.233014106750488
-9.243908882141113
-9.219536781311035
-9.235259056091309
-9.237037658691406
-9.17043685913086
-9.241472244262695
-9.21319580078125
-9.189432144165039
-9.235136032104492
-9.20053768157959
-9.199506759643555
-9.24445915222168
-9.18752384185791
-9.20930290222168
-9.241297721862793
-9.229331970214844
-9.223870277404785
-9.227964401245117
-9.248059272766113
-9.238784790039062
-9.238578796386719
-9.236940383911133
-9.227433204650879
-9.241077423095703
-9.242696762084961
-9.205578804016113
-9.233162879943848
-9.20683765411377
-9.226395606994629
-9.239890098571777
-9.159924507141113
-9.200529098510742
-9.23619270324707
-9.089655876159668
-9.231049537658691
-9.213537216186523
-9.198118209838867
-9.24968433380127
-9.24053955078125
-9.215004920959473
-9.23387622833252
-9.231551170349121
-9.231573104858398
-9.248903274536133
-9.24207878112793
-9.238228797912598
-9.241033554077148
-9.239394187927246
-9.239520072937012
-9.251561164855957
-9.212956428527832
-9.244760513305664
-9.246272087097168
-9.235040664672852
-9.244220733642578
-9.259003639221191
-9.242892265319824
-9.194830894470215
-9.237495422363281
-9.237954139709473
-9.213479995727539
-9.22823715209961
-9.186327934265137
-9.1743745803833
-9.247797012329102
-9.214550971984863
-9.17138957977295
-9.236217498779297
-9.217482566833496
-9.18932056427002
-9.2299165725708
-9.219456672668457
-9.249409675598145
-9.208657264709473
-9.231842041015625
-9.189870834350586
-9.230831146240234
-9.247079849243164
-9.243550300598145
-9.231226921081543
-9.231300354003906
-9.250715255737305
-9.22727108001709
-9.11581802368164
-9.239202499389648
-9.126899719238281
-9.204388618469238
-9.226152420043945
-9.185803413391113
-9.222949981689453
-9.246371269226074
-9.232873916625977
-9.218318939208984
-9.240222930908203
-9.237266540527344
-9.195881843566895
-9.246192932128906
-9.209753036499023
-9.199649810791016
-9.227377891540527
-9.21430778503418
-9.23979377746582
-9.236404418945312
-9.226242065429688
-9.245333671569824
-9.251431465148926
-9.24286937713623
-9.253931999206543
-9.241462707519531
-9.231034278869629
-9.24755573272705
-9.242226600646973
-9.258413314819336
-9.233922958374023
-9.2600679397583
-9.24381160736084
-9.235322952270508
-9.24057674407959
-9.220422744750977
-9.222764015197754
-9.246323585510254
-9.246474266052246
-9.233136177062988
-9.253923416137695
-9.2180814743042
-9.246634483337402
-9.236069679260254
-9.242683410644531
-9.200791358947754
-9.216079711914062
-9.217813491821289
-9.21708869934082
-9.246042251586914
-9.256730079650879
-9.181363105773926
-9.211143493652344
-9.197309494018555
-9.147372245788574
-9.237167358398438
-9.205977439880371
-9.205554962158203
-9.231832504272461
-9.206859588623047
-9.231818199157715
-9.23047161102295
-9.231876373291016
-9.231616973876953
-9.223864555358887
-9.23042106628418
-9.234916687011719
-9.239531517028809
-9.208106994628906
-9.244601249694824
-9.235830307006836
-9.229498863220215
-9.240622520446777
-9.22987174987793
-9.235224723815918
-9.230047225952148
-9.236515998840332
-9.243048667907715
-9.248800277709961
-9.247003555297852
-9.253210067749023
-9.232809066772461
-9.25246524810791
-9.246840476989746
-9.25307846069336
-9.249119758605957
-9.233660697937012
-9.227653503417969
-9.252981185913086
-9.219173431396484
-9.234907150268555
-9.245853424072266
-9.204671859741211
-9.238304138183594
-9.208550453186035
-9.234543800354004
-9.229887962341309
-9.232887268066406
-9.244084358215332
-9.213018417358398
-9.241546630859375
-9.256576538085938
-9.160162925720215
-9.246954917907715
-9.239706039428711
-9.243785858154297
-9.22998046875
-9.24420166015625
-9.214720726013184
-9.241789817810059
-9.245091438293457
-9.226975440979004
-9.209988594055176
-9.262282371520996
-9.184268951416016
-9.16357707977295
-9.241220474243164
-9.201452255249023
-9.1251802444458
-9.240799903869629
-9.19226360321045
-9.167613983154297
-9.239571571350098
-9.129557609558105
-9.203680038452148
-9.242859840393066
-9.153594017028809
-9.227852821350098
-9.236808776855469
-9.228117942810059
-9.228952407836914
-9.237422943115234
-9.242804527282715
-9.229988098144531
-9.2407808303833
-9.230731010437012
-9.231942176818848
-9.247179985046387
-9.25293254852295
-9.22379207611084
-9.24692153930664
-9.239871978759766
-9.240276336669922
-9.248974800109863
-9.248038291931152
-9.225424766540527
-9.242263793945312
-9.235359191894531
-9.220817565917969
-9.238805770874023
-9.250885963439941
-9.242619514465332
-9.222699165344238
-9.253079414367676
-9.228022575378418
-9.237326622009277
-9.237218856811523
-9.234843254089355
-9.237380027770996
-9.229339599609375
-9.207419395446777
-9.250537872314453
-9.225839614868164
-9.2233247756958
-9.225682258605957
-9.226839065551758
-9.083674430847168
-9.222201347351074
-9.192534446716309
-9.080062866210938
-9.23773193359375
-9.236151695251465
-9.144712448120117
-9.218758583068848
-9.261428833007812
-9.132152557373047
-9.195965766906738
-9.243000030517578
-9.2232666015625
-9.225728034973145
-9.243973731994629
-9.24306869506836
-9.231269836425781
-9.245253562927246
-9.246356964111328
-9.246691703796387
-9.237566947937012
-9.243931770324707
-9.240278244018555
-9.258706092834473
-9.2452392578125
-9.245401382446289
-9.210811614990234
-9.237929344177246
-9.21029281616211
-9.24972915649414
-9.240943908691406
-9.25057601928711
-9.215130805969238
-9.260627746582031
-9.244057655334473
-9.23887825012207
-9.239596366882324
-9.227977752685547
-9.243877410888672
-9.22840404510498
-9.219226837158203
-9.252583503723145
-9.17370319366455
-9.204751968383789
-9.231988906860352
-9.279715538024902
-9.199492454528809
-9.238966941833496
-9.235273361206055
-9.212946891784668
-9.221917152404785
-9.21033763885498
-9.22894287109375
-9.23869800567627
-9.248973846435547
-9.209096908569336
-9.236268043518066
-9.24880599975586
-9.194485664367676
-9.214838981628418
-9.236475944519043
-9.239426612854004
-9.239157676696777
-9.253238677978516
-9.240429878234863
-9.250764846801758
-9.200879096984863
-9.236507415771484
-9.190227508544922
-9.234292984008789
-9.211344718933105
-9.213258743286133
-9.259937286376953
-9.242039680480957
-9.239566802978516
-9.244470596313477
-9.245736122131348
-9.24267864227295
-9.223133087158203
-9.238265037536621
-9.243823051452637
-9.252473831176758
-9.237712860107422
-9.25105094909668
-9.256173133850098
-9.233725547790527
-9.233855247497559
-9.250802993774414
-9.247722625732422
-9.249485969543457
-9.23134708404541
-9.23595142364502
-9.232355117797852
-9.244245529174805
-9.248713493347168
-9.244319915771484
-9.23801040649414
-9.254410743713379
-9.229120254516602
-9.2322416305542
-9.251205444335938
-9.197503089904785
-9.238626480102539
-9.238985061645508
-9.228434562683105
-9.245308876037598
-9.230278968811035
-9.240010261535645
-9.251666069030762
-9.244730949401855
-9.260270118713379
-9.241933822631836
-9.248431205749512
-9.23250961303711
-9.241836547851562
-9.240350723266602
-9.249246597290039
-9.25854778289795
-9.249317169189453
-9.240493774414062
-9.252169609069824
-9.24213981628418
-9.24212646484375
-9.255250930786133
-9.2344388961792
-9.247997283935547
-9.247312545776367
-9.212130546569824
-9.246932029724121
-9.257768630981445
-9.2002592086792
-9.249350547790527
-9.206822395324707
-9.214690208435059
-9.210787773132324
-9.234809875488281
-9.223361015319824
-9.227731704711914
-9.213171005249023
-9.235371589660645
-9.246903419494629
-9.215204238891602
-9.232949256896973
-9.227091789245605
-9.159562110900879
-9.220895767211914
-9.241557121276855
-9.063061714172363
-9.210787773132324
-9.22842025756836
-9.119712829589844
-9.173577308654785
-9.259130477905273
-9.082839965820312
-9.187851905822754
-9.257437705993652
-9.073001861572266
-9.181367874145508
-9.226981163024902
-9.155159950256348
-9.192513465881348
-9.219820976257324
-9.1752290725708
-9.248642921447754
-9.245628356933594
-9.248030662536621
-9.248912811279297
-9.250380516052246
-9.244756698608398
-9.241995811462402
-9.252256393432617
-9.24256706237793
-9.185302734375
-9.248023986816406
-9.126039505004883
-9.253192901611328
-9.251975059509277
-9.23351001739502
-9.220438957214355
-9.2386474609375
-9.233107566833496
-9.23664665222168
-9.231124877929688
-9.250147819519043
-9.227968215942383
-9.249735832214355
-9.195987701416016
-9.234658241271973
-9.252120971679688
-9.223942756652832
-9.205026626586914
-9.253157615661621
-9.214487075805664
-9.173737525939941
-9.251317977905273
-9.201297760009766
-9.237613677978516
-9.214017868041992
-9.192503929138184
-9.249319076538086
-9.20803451538086
-9.201604843139648
-9.246173858642578
-9.228946685791016
-9.205150604248047
-9.242451667785645
-9.224781036376953
-9.22196102142334
-9.247291564941406
-9.237876892089844
-9.243925094604492
-9.231230735778809
-9.266799926757812
-9.235930442810059
-9.249860763549805
-9.243973731994629
-9.24216079711914
-9.251008987426758
-9.251275062561035
-9.23522663116455
-9.2390718460083
-9.240335464477539
-9.239578247070312
-9.254108428955078
-9.251633644104004
-9.247679710388184
-9.242889404296875
-9.242250442504883
-9.24460506439209
-9.21203899383545
-9.245295524597168
-9.261360168457031
-9.263047218322754
-9.20184326171875
-9.245861053466797
-9.220735549926758
-9.249390602111816
-9.237594604492188
-9.256892204284668
-9.245912551879883
-9.243117332458496
-9.241100311279297
-9.24338436126709
-9.245797157287598
-9.24262523651123
-9.254597663879395
-9.238990783691406
-9.251019477844238
-9.233159065246582
-9.242384910583496
-9.249929428100586
-9.232483863830566
-9.244577407836914
-9.247810363769531
-9.257524490356445
-9.174397468566895
-9.26447868347168
-9.213495254516602
-9.142563819885254
-9.253079414367676
-9.19416332244873
-9.18793773651123
-9.248692512512207
-9.194289207458496
-9.216120719909668
-9.223816871643066
-9.21569538116455
-9.234257698059082
-9.22866439819336
-9.212372779846191
-9.240966796875
-9.2406644821167
-9.192967414855957
-9.252572059631348
-9.243677139282227
-9.228156089782715
-9.239487648010254
-9.249871253967285
-9.243298530578613
-9.205205917358398
-9.249987602233887
-9.22428035736084
-9.117804527282715
-9.249216079711914
-9.233038902282715
-9.16507339477539
-9.215630531311035
-9.248258590698242
-9.154488563537598
-9.212350845336914
-9.236339569091797
-9.175979614257812
-9.250856399536133
-9.258975982666016
-9.210498809814453
-9.233927726745605
-9.25259017944336
-9.189167022705078
-9.210988998413086
-9.212677001953125
-9.224103927612305
-9.24921989440918
-9.22700309753418
-9.224145889282227
-9.236544609069824
-9.224536895751953
-9.242208480834961
-9.230908393859863
-9.213027000427246
-9.245190620422363
-9.26000690460205
-9.193904876708984
-9.236937522888184
-9.213871955871582
-9.250347137451172
-9.23917293548584
-9.240471839904785
-9.245841979980469
-9.251381874084473
-9.238835334777832
-9.222352981567383
-9.215556144714355
-9.24902057647705
-9.202733993530273
-9.193745613098145
-9.252432823181152
-9.213181495666504
-9.206398010253906
-9.251678466796875
-9.19584846496582
-9.237302780151367
-9.25169849395752
-9.244510650634766
-9.235698699951172
-9.250711441040039
-9.241353988647461
-9.244824409484863
-9.255036354064941
-9.237286567687988
-9.23138427734375
-9.241180419921875
-9.242870330810547
-9.24328899383545
-9.255208015441895
-9.22990894317627
-9.217461585998535
-9.242940902709961
-9.17568588256836
-9.231216430664062
-9.23830795288086
-9.217365264892578
-9.2001953125
-9.248827934265137
-9.192526817321777
-9.162686347961426
-9.250628471374512
-9.144323348999023
-9.248149871826172
-9.248708724975586
-9.199007034301758
-9.195300102233887
-9.24601936340332
-9.182229042053223
-9.185365676879883
-9.248929023742676
-9.15269660949707
-9.210089683532715
-9.254302978515625
-9.173304557800293
-9.234758377075195
-9.256412506103516
-9.210566520690918
-9.241559982299805
-9.238869667053223
-9.219354629516602
-9.242669105529785
-9.202837944030762
-9.24918270111084
-9.254600524902344
-9.190774917602539
-9.246439933776855
-9.221733093261719
-9.232307434082031
-9.248724937438965
-9.251664161682129
-9.244915008544922
-9.24220085144043
-9.240924835205078
-9.24006462097168
-9.25726318359375
-9.248608589172363
-9.247004508972168
-9.24592113494873
-9.228184700012207
-9.232817649841309
-9.26467227935791
-9.17123031616211
-9.20862102508545
-9.237408638000488
-9.197379112243652
-9.243119239807129
-9.253217697143555
-9.240326881408691
-9.259634017944336
-9.243514060974121
-9.254414558410645
-9.243233680725098
-9.247233390808105
-9.255227088928223
-9.239371299743652
-9.251791954040527
-9.254361152648926
-9.248603820800781
-9.253591537475586
-9.245798110961914
-9.2418794631958
-9.250499725341797
-9.25085163116455
-9.260476112365723
-9.25438404083252
-9.24787712097168
-9.245777130126953
-9.247340202331543
-9.235906600952148
-9.247986793518066
-9.246956825256348
-9.242498397827148
-9.25336742401123
-9.239365577697754
-9.24224853515625
-9.244318008422852
-9.245463371276855
-9.239045143127441
-9.258058547973633
-9.255626678466797
-9.240922927856445
-9.254278182983398
-9.248470306396484
-9.246353149414062
-9.232155799865723
-9.243223190307617
-9.221726417541504
-9.248466491699219
-9.249309539794922
-9.244068145751953
-9.256450653076172
-9.23412799835205
-9.247413635253906
-9.249342918395996
-9.256604194641113
-9.253050804138184
-9.261083602905273
-9.22773265838623
-9.24355411529541
-9.256951332092285
-9.257647514343262
-9.203137397766113
-9.240246772766113
-9.197704315185547
-9.205404281616211
-9.244890213012695
-9.217998504638672
-9.17477035522461
-9.24973201751709
-9.21381950378418
-9.171769142150879
-9.242566108703613
-9.212837219238281
-9.229042053222656
-9.255742073059082
-9.190285682678223
-9.20371150970459
-9.22647476196289
-9.211474418640137
-9.24478816986084
-9.251936912536621
-9.188699722290039
-9.25001335144043
-9.259915351867676
-9.208958625793457
-9.254800796508789
-9.259411811828613
-9.25313949584961
-9.244380950927734
-9.254570007324219
-9.233798027038574
-9.258785247802734
-9.262060165405273
-9.172274589538574
-9.249601364135742
-9.225826263427734
-9.23514461517334
-9.265142440795898
-9.157959938049316
-9.218826293945312
-9.249435424804688
-9.210027694702148
-9.235153198242188
-9.249102592468262
-9.263551712036133
-9.226020812988281
-9.230298042297363
-9.260589599609375
-9.24527359008789
-9.241556167602539
-9.245573997497559
-9.243199348449707
-9.234085083007812
-9.238890647888184
-9.247795104980469
-9.252631187438965
-9.241256713867188
-9.25274658203125
-9.263501167297363
-9.234331130981445
-9.249116897583008
-9.24566650390625
-9.223118782043457
-9.220793724060059
-9.250672340393066
-9.222270011901855
-9.21866512298584
-9.240961074829102
-9.242913246154785
-9.254803657531738
-9.248628616333008
-9.226411819458008
-9.250707626342773
-9.244115829467773
-9.246232032775879
-9.244245529174805
-9.25020980834961
-9.239566802978516
-9.250798225402832
-9.247235298156738
-9.230206489562988
-9.260625839233398
-9.255454063415527
-9.185662269592285
-9.248237609863281
-9.231436729431152
-9.255071640014648
-9.262364387512207
-9.251676559448242
-9.25434398651123
-9.250092506408691
-9.24608039855957
-9.240957260131836
-9.253957748413086
-9.24885082244873
-9.253274917602539
-9.252511978149414
-9.232959747314453
-9.245948791503906
-9.24299430847168
-9.217633247375488
-9.251630783081055
-9.25650691986084
-9.222065925598145
-9.253989219665527
-9.24262809753418
-9.249314308166504
-9.258283615112305
-9.253058433532715
-9.247258186340332
-9.25069808959961
-9.243158340454102
-9.250628471374512
-9.257434844970703
-9.245519638061523
-9.239736557006836
-9.239511489868164
-9.226622581481934
-9.253119468688965
-9.225743293762207
-9.201325416564941
-9.243351936340332
-9.228967666625977
-9.215970039367676
-9.24140453338623
-9.214200973510742
-9.247332572937012
-9.256876945495605
-9.258642196655273
-9.247547149658203
-9.244307518005371
-9.25105094909668
-9.253767013549805
-9.252290725708008
-9.244351387023926
-9.248919486999512
-9.253029823303223
-9.233999252319336
-9.260384559631348
-9.251547813415527
-9.24549674987793
-9.248592376708984
-9.251546859741211
-9.239788055419922
-9.251861572265625
-9.253924369812012
-9.252605438232422
-9.25047779083252
-9.243889808654785
-9.243551254272461
-9.258809089660645
-9.248709678649902
-9.206282615661621
-9.253149032592773
-9.193497657775879
-9.25674057006836
-9.259381294250488
-9.224381446838379
-9.231898307800293
-9.252379417419434
-9.230401992797852
-9.21464729309082
-9.241790771484375
-9.225364685058594
-9.25946044921875
-9.254508018493652
-9.245705604553223
-9.254737854003906
-9.252208709716797
-9.257540702819824
-9.225041389465332
-9.26270866394043
-9.238673210144043
-9.228483200073242
-9.243691444396973
-9.246326446533203
-9.247856140136719
-9.246766090393066
-9.258651733398438
-9.174339294433594
-9.243814468383789
-9.230273246765137
-9.198040008544922
-9.243851661682129
-9.202557563781738
-9.264421463012695
-9.254928588867188
-9.243788719177246
-9.23945426940918
-9.245643615722656
-9.241900444030762
-9.260973930358887
-9.229259490966797
-9.244723320007324
-9.247435569763184
-9.248002052307129
-9.251668930053711
-9.25981616973877
-9.239311218261719
-9.256932258605957
-9.257048606872559
-9.239253044128418
-9.244284629821777
-9.253080368041992
-9.212069511413574
-9.247509956359863
-9.247257232666016
-9.216700553894043
-9.236048698425293
-9.236842155456543
-9.212040901184082
-9.257542610168457
-9.248258590698242
-9.265268325805664
-9.255329132080078
-9.253523826599121
-9.245307922363281
-9.252178192138672
-9.250816345214844
-9.254101753234863
-9.255135536193848
-9.24454402923584
-9.244757652282715
-9.250351905822754
-9.234397888183594
-9.255523681640625
-9.228333473205566
-9.242425918579102
-9.253273963928223
-9.234106063842773
-9.248926162719727
-9.241205215454102
-9.26984977722168
-9.25337028503418
-9.253483772277832
-9.255365371704102
-9.259015083312988
-9.256864547729492
-9.25374698638916
-9.254487037658691
-9.247262954711914
-9.239836692810059
-9.249017715454102
-9.226502418518066
-9.254371643066406
-9.255528450012207
-9.242938041687012
-9.234107971191406
-9.246520042419434
-9.240704536437988
-9.23086929321289
-9.25178337097168
-9.233407974243164
-9.231975555419922
-9.2413911819458
-9.252080917358398
-9.228553771972656
-9.245275497436523
-9.252097129821777
-9.24012279510498
-9.254447937011719
-9.252095222473145
-9.262686729431152
-9.249879837036133
-9.256444931030273
-9.249892234802246
-9.245210647583008
-9.254236221313477
-9.23855209350586
-9.256409645080566
-9.251389503479004
-9.24185562133789
-9.240724563598633
-9.248722076416016
-9.21268367767334
-9.235336303710938
-9.254524230957031
-9.204976081848145
-9.206714630126953
-9.207761764526367
-9.198736190795898
-9.256438255310059
-9.192085266113281
-9.24311637878418
-9.219348907470703
-9.257116317749023
-9.2518949508667
-9.256266593933105
-9.25132942199707
-9.256844520568848
-9.244685173034668
-9.244723320007324
-9.240168571472168
-9.239344596862793
-9.257338523864746
-9.256954193115234
-9.258504867553711
-9.227730751037598
-9.254698753356934
-9.250040054321289
-9.248047828674316
-9.254003524780273
-9.258082389831543
-9.264932632446289
-9.215178489685059
-9.251335144042969
-9.223043441772461
-9.24653434753418
-9.236150741577148
-9.259017944335938
-9.255144119262695
-9.259797096252441
-9.23690414428711
-9.248549461364746
-9.250557899475098
-9.255309104919434
-9.250361442565918
-9.252808570861816
-9.248950004577637
-9.240511894226074
-9.247721672058105
-9.266125679016113
-9.26120376586914
-9.259332656860352
-9.255553245544434
-9.2524995803833
-9.260841369628906
-9.23452091217041
-9.255228996276855
-9.205793380737305
-9.257841110229492
-9.254813194274902
-9.258320808410645
-9.258709907531738
-9.262666702270508
-9.226592063903809
-9.245037078857422
-9.251788139343262
-9.217556953430176
-9.259778022766113
-9.258077621459961
-9.226524353027344
-9.229185104370117
-9.230191230773926
-9.213594436645508
-9.251313209533691
-9.23470401763916
-9.253091812133789
-9.25436019897461
-9.25621223449707
-9.249484062194824
-9.270889282226562
-9.220863342285156
-9.250321388244629
-9.25278091430664
-9.235329627990723
-9.241312980651855
-9.225568771362305
-9.246682167053223
-9.238296508789062
-9.248291015625
-9.258194923400879
-9.230756759643555
-9.253326416015625
-9.240528106689453
-9.250260353088379
-9.240852355957031
-9.263114929199219
-9.25843620300293
-9.265721321105957
-9.237831115722656
-9.257936477661133
-9.261445045471191
-9.24876594543457
-9.221529960632324
-9.239514350891113
-9.205155372619629
-9.219773292541504
-9.253886222839355
-9.210550308227539
-9.24500846862793
-9.224879264831543
-9.258731842041016
-9.259856224060059
-9.237102508544922
-9.248787879943848
-9.244900703430176
-9.24863052368164
-9.247657775878906
-9.266024589538574
-9.23083209991455
-9.258934020996094
-9.267478942871094
-9.24841022491455
-9.251431465148926
-9.233291625976562
-9.255497932434082
-9.222818374633789
-9.257174491882324
-9.247597694396973
-9.247214317321777
-9.223258972167969
-9.250039100646973
-9.240799903869629
-9.241472244262695
-9.259622573852539
-9.241037368774414
-9.232368469238281
-9.210296630859375
-9.256275177001953
-9.15677547454834
-9.207491874694824
-9.216801643371582
-9.194533348083496
-9.24721622467041
-9.234030723571777
-9.247891426086426
-9.255891799926758
-9.25365924835205
-9.258049011230469
-9.25310230255127
-9.257762908935547
-9.240166664123535
-9.251749038696289
-9.223395347595215
-9.243766784667969
-9.269737243652344
-9.244007110595703
-9.221240997314453
-9.256085395812988
-9.234109878540039
-9.241674423217773
-9.233864784240723
-9.254081726074219
-9.25214672088623
-9.255817413330078
-9.244163513183594
-9.241118431091309
-9.223136901855469
-9.262054443359375
-9.210350036621094
-9.25559139251709
-9.234288215637207
-9.25100040435791
-9.25124740600586
-9.259613990783691
-9.258953094482422
-9.24229907989502
-9.23755931854248
-9.249658584594727
-9.254844665527344
-9.246893882751465
-9.248332977294922
-9.24714183807373
-9.231658935546875
-9.251222610473633
-9.242518424987793
-9.250081062316895
-9.249021530151367
-9.238204956054688
-9.25052261352539
-9.238243103027344
-9.250594139099121
-9.261646270751953
-9.2383394241333
-9.2582426071167
-9.253575325012207
-9.245152473449707
-9.237985610961914
-9.254931449890137
-9.24939250946045
-9.247703552246094
-9.260725975036621
-9.250664710998535
-9.257713317871094
-9.261225700378418
-9.207426071166992
-9.257168769836426
-9.23878288269043
-9.227503776550293
-9.243236541748047
-9.251289367675781
-9.257368087768555
-9.253593444824219
-9.262266159057617
-9.25867748260498
-9.257055282592773
-9.245868682861328
-9.267585754394531
-9.267376899719238
-9.269536972045898
-9.249218940734863
-9.263678550720215
-9.253388404846191
-9.236644744873047
-9.248514175415039
-9.241737365722656
-9.248856544494629
-9.213577270507812
-9.24231243133545
-9.248900413513184
-9.2487154006958
-9.248400688171387
-9.25104808807373
-9.253931999206543
-9.266531944274902
-9.26375675201416
-9.245451927185059
-9.244757652282715
-9.251385688781738
-9.236429214477539
-9.270437240600586
-9.240222930908203
-9.261702537536621
-9.249208450317383
-9.25224781036377
-9.255072593688965
-9.231308937072754
-9.239872932434082
-9.245119094848633
-9.248271942138672
-9.253114700317383
-9.259943008422852
-9.242966651916504
-9.254569053649902
-9.2377347946167
-9.256034851074219
-9.251996994018555
-9.2562894821167
-9.246513366699219
-9.240833282470703
-9.23496150970459
-9.260469436645508
-9.24950122833252
-9.249390602111816
-9.219878196716309
-9.235292434692383
-9.224973678588867
-9.25322151184082
-9.193772315979004
-9.237135887145996
-9.260934829711914
-9.179375648498535
-9.222284317016602
-9.262608528137207
-9.176860809326172
-9.193781852722168
-9.250237464904785
-9.150473594665527
-9.119525909423828
-9.252140998840332
-9.233748435974121
-9.200462341308594
-9.240859985351562
-9.20197868347168
-9.18108081817627
-9.254593849182129
-9.192238807678223
-9.197550773620605
-9.25661563873291
-9.237563133239746
-9.247354507446289
-9.251176834106445
-9.222128868103027
-9.234814643859863
-9.236607551574707
-9.240340232849121
-9.260648727416992
-9.257387161254883
-9.251432418823242
-9.249110221862793
-9.252598762512207
-9.257603645324707
-9.253085136413574
-9.234973907470703
-9.26099681854248
-9.247434616088867
-9.25106143951416
-9.245766639709473
-9.24570369720459
-9.237576484680176
-9.228250503540039
-9.264531135559082
-9.186474800109863
-9.225381851196289
-9.254151344299316
-9.238855361938477
-9.155673027038574
-9.239980697631836
-9.188465118408203
-9.194406509399414
-9.256505012512207
-9.229183197021484
-9.225592613220215
-9.25629711151123
-9.26171875
-9.227968215942383
-9.242955207824707
-9.228191375732422
-9.257040977478027
-9.258143424987793
-9.256237030029297
-9.255034446716309
-9.240808486938477
-9.240483283996582
-9.25220012664795
-9.234036445617676
-9.25350570678711
-9.22791576385498
-9.23921012878418
-9.236129760742188
-9.255249977111816
-9.266536712646484
-9.235003471374512
-9.262066841125488
-9.250557899475098
-9.249743461608887
-9.250778198242188
-9.24096965789795
-9.220575332641602
-9.256521224975586
-9.261187553405762
-9.257959365844727
-9.251123428344727
-9.201889991760254
-9.25921630859375
-9.182823181152344
-9.219037055969238
-9.221267700195312
-9.209107398986816
-9.105705261230469
-9.249646186828613
-9.223734855651855
-9.194655418395996
-9.254438400268555
-9.264205932617188
-9.171293258666992
-9.240250587463379
-9.225955963134766
-9.16931438446045
-9.251770973205566
-9.245640754699707
-9.190513610839844
-9.231499671936035
-9.23106861114502
-9.21053695678711
-9.21472454071045
-9.230902671813965
-9.195685386657715
-9.232047080993652
-9.23604965209961
-9.183504104614258
-9.249873161315918
-9.229572296142578
-9.243900299072266
-9.242437362670898
-9.231008529663086
-9.24570083618164
-9.256538391113281
-9.235331535339355
-9.250584602355957
-9.254022598266602
-9.256548881530762
-9.240283012390137
-9.24300765991211
-9.256967544555664
-9.25490951538086
-9.234450340270996
-9.20694637298584
-9.261996269226074
-9.247029304504395
-9.239087104797363
-9.258591651916504
-9.252074241638184
-9.211429595947266
-9.248356819152832
-9.227956771850586
-9.192598342895508
-9.251585960388184
-9.153111457824707
-9.226839065551758
-9.261496543884277
-9.165178298950195
-9.202627182006836
-9.257387161254883
-9.203069686889648
-9.214111328125
-9.256661415100098
-9.235981941223145
-9.232834815979004
-9.255515098571777
-9.231978416442871
-9.263553619384766
-9.251524925231934
-9.261890411376953
-9.223245620727539
-9.217329025268555
-9.245006561279297
-9.19211483001709
-9.27304744720459
-9.255526542663574
-9.231013298034668
-9.244772911071777
-9.222701072692871
-9.222607612609863
-9.24177074432373
-9.20288372039795
-9.217951774597168
-9.245481491088867
-9.24727725982666
-9.204142570495605
-9.26855754852295
-9.25622272491455
-9.235712051391602
-9.249252319335938
-9.221231460571289
-9.239728927612305
-9.244552612304688
-9.241649627685547
-9.244733810424805
-9.261151313781738
-9.251326560974121
-9.248465538024902
-9.207161903381348
-9.244508743286133
-9.26111888885498
-9.227839469909668
-9.244935989379883
-9.256247520446777
-9.228666305541992
-9.233988761901855
-9.280129432678223
-9.149270057678223
-9.17740535736084
-9.231672286987305
-9.1347074508667
-9.23405647277832
-9.228982925415039
-9.196722984313965
-9.262872695922852
-9.257911682128906
-9.185102462768555
-9.248897552490234
-9.264418601989746
-9.233333587646484
-9.24470329284668
-9.260169982910156
-9.237153053283691
-9.251826286315918
-9.235461235046387
-9.256659507751465
-9.237850189208984
-9.254355430603027
-9.248106956481934
-9.246633529663086
-9.258195877075195
-9.258219718933105
-9.239211082458496
-9.249933242797852
-9.25199031829834
-9.243088722229004
-9.25425910949707
-9.254868507385254
-9.259448051452637
-9.253320693969727
-9.25393009185791
-9.2682466506958
-9.20215892791748
-9.26303768157959
-9.249923706054688
-9.25387191772461
-9.263940811157227
-9.197604179382324
-9.250242233276367
-9.23083782196045
-9.242427825927734
-9.250555992126465
-9.246977806091309
-9.234480857849121
-9.238588333129883
-9.247761726379395
-9.226847648620605
-9.232937812805176
-9.254096984863281
-9.237142562866211
-9.239778518676758
-9.26108169555664
-9.23312759399414
-9.210189819335938
-9.258360862731934
-9.140928268432617
-9.230998992919922
-9.259268760681152
-9.195855140686035
-9.217862129211426
-9.246443748474121
-9.248441696166992
-9.25627326965332
-9.249174118041992
-9.252420425415039
-9.272704124450684
-9.26357650756836
-9.241827011108398
-9.24292278289795
-9.260501861572266
-9.236724853515625
-9.254193305969238
-9.216521263122559
-9.255738258361816
-9.222460746765137
-9.252710342407227
-9.185314178466797
-9.232203483581543
-9.229674339294434
-9.248167991638184
-9.256645202636719
-9.251765251159668
-9.263397216796875
-9.272879600524902
-9.263008117675781
-9.234458923339844
-9.245731353759766
-9.221275329589844
-9.25649356842041
-9.249833106994629
-9.247588157653809
-9.256747245788574
-9.245333671569824
-9.248421669006348
-9.253843307495117
-9.249004364013672
-9.251129150390625
-9.24603271484375
-9.255304336547852
-9.258456230163574
-9.24791145324707
-9.251194953918457
-9.255468368530273
-9.238688468933105
-9.251870155334473
-9.247331619262695
-9.264416694641113
-9.256555557250977
-9.237397193908691
-9.253283500671387
-9.240720748901367
-9.22040843963623
-9.256672859191895
-9.218184471130371
-9.248309135437012
