loss_s
-6.871886730194092
-6.619393348693848
-6.568185329437256
-6.5665507316589355
-6.773025989532471
-7.270535945892334
-6.675325393676758
-6.980358123779297
-6.923130989074707
-6.956614971160889
-6.976107120513916
-6.99524450302124
-6.927926063537598
-6.860592365264893
-6.865902423858643
-6.8913421630859375
-7.23816442489624
-7.239595413208008
-6.79538106918335
-7.053246974945068
-7.054196357727051
-7.258725643157959
-7.347396373748779
-7.174319744110107
-7.056579113006592
-7.334807872772217
-7.543073654174805
-7.265372276306152
-6.84792423248291
-7.406704902648926
-7.161795139312744
-7.209140777587891
-7.388879299163818
-7.30728006362915
-7.241824626922607
-7.232540130615234
-7.319780349731445
-7.459992408752441
-7.461296558380127
-7.511870384216309
-7.369788646697998
-7.608477592468262
-7.541079521179199
-7.439206123352051
-7.6056108474731445
-7.484070301055908
-7.498076915740967
-7.50474739074707
-7.535622596740723
-7.3247857093811035
-7.5883941650390625
-7.784820079803467
-7.638864040374756
-7.525364398956299
-7.660451412200928
-7.524492263793945
-7.2991719245910645
-7.732396602630615
-7.741758346557617
-7.514498710632324
-7.718862056732178
-7.70517635345459
-7.725754737854004
-7.487822532653809
-7.5000529289245605
-7.796831130981445
-7.757273197174072
-7.936178684234619
-7.882586479187012
-7.651628017425537
-7.683357238769531
-7.901036262512207
-7.918128967285156
-8.282468795776367
-7.891379356384277
-7.717495918273926
-7.72235107421875
-7.837825775146484
-7.786375999450684
-7.6889519691467285
-7.834043502807617
-7.976438522338867
-7.876665115356445
-8.117260932922363
-8.017507553100586
-8.094242095947266
-7.754944801330566
-7.958548069000244
-7.943882465362549
-8.029751777648926
-8.203782081604004
-8.095293998718262
-7.707543849945068
-7.821442604064941
-8.029797554016113
-8.081941604614258
-8.06330394744873
-8.11531925201416
-7.864835262298584
-8.223183631896973
-8.232155799865723
-8.12574577331543
-8.278167724609375
-8.072778701782227
-8.082683563232422
-8.018982887268066
-8.176156997680664
-8.23170280456543
-8.234947204589844
-8.085224151611328
-8.382266998291016
-8.152375221252441
-8.235834121704102
-8.16353988647461
-8.57726764678955
-8.297066688537598
-8.413823127746582
-8.340590476989746
-8.336337089538574
-8.227923393249512
-8.281942367553711
-8.543954849243164
-8.65201187133789
-8.591090202331543
-8.495587348937988
-8.435914039611816
-8.675790786743164
-8.707812309265137
-8.684133529663086
-8.49406623840332
-8.809867858886719
-8.339083671569824
-8.713747024536133
-8.727970123291016
-8.980363845825195
-8.63139533996582
-8.673602104187012
-8.841317176818848
-8.773284912109375
-9.061141014099121
-8.967781066894531
-8.885318756103516
-8.982721328735352
-9.096956253051758
-9.072248458862305
-9.098917961120605
-9.153400421142578
-8.886374473571777
-9.086519241333008
-8.8266019821167
-9.287728309631348
-9.237203598022461
-9.324837684631348
-9.35619831085205
-9.274019241333008
-9.527670860290527
-9.19831371307373
-9.474444389343262
-9.484939575195312
-9.547384262084961
-9.633672714233398
-9.658120155334473
-9.641695022583008
-9.711297988891602
-9.479781150817871
-9.672955513000488
-9.735309600830078
-9.52931022644043
-9.80728816986084
-9.774223327636719
-9.861956596374512
-9.876482009887695
-9.804719924926758
-9.788217544555664
-10.111897468566895
-9.960150718688965
-10.161280632019043
-10.167409896850586
-10.30147647857666
-10.264913558959961
-10.095990180969238
-10.256239891052246
-10.317684173583984
-10.29837703704834
-10.339488983154297
-10.338579177856445
-10.485526084899902
-10.535387992858887
-10.432676315307617
-10.376577377319336
-10.500699996948242
-10.50330638885498
-10.617891311645508
-10.563876152038574
-10.635580062866211
-10.601507186889648
-10.723612785339355
-10.654962539672852
-10.723176002502441
-10.636460304260254
-10.707045555114746
-10.612424850463867
-10.683271408081055
-10.716136932373047
-10.65316390991211
-10.75369644165039
-10.735288619995117
-10.749463081359863
-10.742097854614258
-10.643863677978516
-10.745166778564453
-10.644281387329102
-10.769567489624023
-10.788416862487793
-10.720711708068848
-10.716007232666016
-10.790145874023438
-10.769318580627441
-10.76835823059082
-10.82908821105957
-10.773098945617676
-10.797715187072754
-10.824746131896973
-10.78512954711914
-10.828958511352539
-10.818129539489746
-10.810254096984863
-10.814708709716797
-10.790361404418945
-10.815427780151367
-10.79515266418457
-10.867874145507812
-10.801259994506836
-10.835599899291992
-10.805496215820312
-10.797544479370117
-10.849853515625
-10.792177200317383
-10.904497146606445
-10.840469360351562
-10.779504776000977
-10.87708568572998
-10.786308288574219
-10.894694328308105
-10.861612319946289
-10.825182914733887
-10.908841133117676
-10.826019287109375
-10.902217864990234
-10.892721176147461
-10.915523529052734
-10.871047019958496
-10.849574089050293
-10.914074897766113
-10.932978630065918
-10.844043731689453
-10.892111778259277
-10.90894603729248
-10.875814437866211
-10.930936813354492
-10.916982650756836
-10.916241645812988
-10.94817066192627
-10.9363431930542
-10.951556205749512
-10.916027069091797
-10.945154190063477
-10.982181549072266
-10.958953857421875
-10.966279983520508
-10.986639022827148
-10.91517448425293
-10.956986427307129
-10.967379570007324
-10.946651458740234
-10.911012649536133
-10.99795913696289
-10.945713996887207
-10.955164909362793
-10.962248802185059
-10.994084358215332
-11.014575958251953
-10.937219619750977
-10.985663414001465
-10.942636489868164
-11.009676933288574
-10.980793952941895
-10.996479988098145
-10.99095630645752
-10.990486145019531
-11.037076950073242
-11.006040573120117
-10.995962142944336
-11.03133487701416
-11.041643142700195
-11.022919654846191
-10.988865852355957
-11.010204315185547
-11.046527862548828
-11.031054496765137
-11.05828857421875
-11.035676002502441
-11.035810470581055
-10.998764038085938
-11.039579391479492
-11.0298490524292
-11.063597679138184
-11.0279541015625
-11.051884651184082
-11.052475929260254
-11.056509971618652
-11.037627220153809
-11.024608612060547
-11.07202434539795
-11.016664505004883
-11.059353828430176
-11.043051719665527
-11.036355018615723
-11.099514961242676
-11.024602890014648
-11.07684326171875
-11.01811408996582
-11.053915023803711
-11.077668190002441
-10.98878002166748
-11.134251594543457
-11.114457130432129
-11.15468692779541
-10.988444328308105
-11.133272171020508
-11.03909683227539
-11.085358619689941
-11.103960037231445
-11.145709037780762
-11.113382339477539
-11.054282188415527
-11.090591430664062
-11.116291046142578
-11.173554420471191
-11.034870147705078
-11.112957000732422
-10.994867324829102
-11.071294784545898
-11.190715789794922
-10.97866439819336
-11.121034622192383
-11.060175895690918
-11.017980575561523
-11.04897689819336
-11.072553634643555
-11.10827922821045
-11.109793663024902
-11.139917373657227
-11.141210556030273
-11.08233642578125
-11.131889343261719
-11.167181015014648
-11.177258491516113
-11.165482521057129
-11.198982238769531
-11.163897514343262
-11.233450889587402
-11.247119903564453
-11.235424995422363
-11.220637321472168
-11.252440452575684
-11.213101387023926
-11.25993824005127
-11.229079246520996
-11.22729206085205
-11.23150634765625
-11.175198554992676
-11.184880256652832
-11.242372512817383
-11.184233665466309
-11.228034973144531
-11.192327499389648
-11.200068473815918
-11.231668472290039
-11.21779727935791
-11.21926212310791
-11.265531539916992
-11.220778465270996
-11.25058364868164
-11.18620777130127
-11.237743377685547
-11.186387062072754
-11.257329940795898
-11.218035697937012
-11.226462364196777
-11.25654125213623
-11.197958946228027
-11.241768836975098
-11.137847900390625
-11.218213081359863
-11.238364219665527
-11.154871940612793
-11.228508949279785
-11.244104385375977
-11.191560745239258
-11.2833833694458
-11.072681427001953
-11.17246150970459
-11.118009567260742
-11.296233177185059
-11.153942108154297
-11.248568534851074
-11.198214530944824
-11.125418663024902
-11.180316925048828
-11.22861099243164
-11.185221672058105
-11.149027824401855
-11.231438636779785
-11.233491897583008
-11.220757484436035
-11.287957191467285
-11.24277114868164
-11.312115669250488
-11.243918418884277
-11.256061553955078
-11.31862735748291
-11.178573608398438
-11.32439136505127
-11.242524147033691
-11.275689125061035
-11.317041397094727
-11.25468635559082
-11.286039352416992
-11.293282508850098
-11.279723167419434
-11.332291603088379
-11.202312469482422
-11.270539283752441
-11.237378120422363
-11.307045936584473
-11.206815719604492
-11.308693885803223
-11.233573913574219
-11.245153427124023
-11.314605712890625
-11.207953453063965
-11.219259262084961
-11.275405883789062
-11.259690284729004
-11.272851943969727
-11.322443962097168
-11.324620246887207
-11.238504409790039
-11.281981468200684
-11.164533615112305
-11.306933403015137
-11.315925598144531
-11.17369270324707
-11.29997730255127
-11.160606384277344
-11.139718055725098
-11.208511352539062
-11.22650146484375
-11.191094398498535
-11.121685028076172
-11.229256629943848
-11.267733573913574
-11.23868465423584
-11.266667366027832
-11.297861099243164
-11.29196834564209
-11.244707107543945
-11.268733024597168
-11.115696907043457
-11.266127586364746
-11.262408256530762
-11.176591873168945
-11.304671287536621
-11.298093795776367
-11.239105224609375
-11.30015754699707
-11.368205070495605
-11.25554370880127
-11.344769477844238
-11.203598976135254
-11.245734214782715
-11.338555335998535
-11.265482902526855
-11.24109172821045
-11.334009170532227
-11.337014198303223
-11.289904594421387
-11.338294982910156
-11.365757942199707
-11.339862823486328
-11.354854583740234
-11.344917297363281
-11.359210968017578
-11.400040626525879
-11.350557327270508
-11.375043869018555
-11.32498836517334
-11.362717628479004
-11.339568138122559
-11.32579517364502
-11.386139869689941
-11.340164184570312
-11.348952293395996
-11.374236106872559
-11.292821884155273
-11.320371627807617
-11.26733684539795
-11.367247581481934
-11.334964752197266
-11.31214427947998
-11.369829177856445
-11.309680938720703
-11.31270694732666
-11.371049880981445
-11.337122917175293
-11.31283187866211
-11.377415657043457
-11.319096565246582
-11.343351364135742
-11.378642082214355
-11.322887420654297
-11.339277267456055
-11.275065422058105
-11.325304985046387
-11.321797370910645
-11.303716659545898
-11.334582328796387
-11.3601655960083
-11.3184232711792
-11.357060432434082
-11.372027397155762
-11.357483863830566
-11.358065605163574
-11.316040992736816
-11.363365173339844
-11.352187156677246
-11.332422256469727
-11.371346473693848
-11.364824295043945
-11.350333213806152
-11.369868278503418
-11.35853385925293
-11.380393981933594
-11.400229454040527
-11.361390113830566
-11.404806137084961
-11.343043327331543
-11.380720138549805
-11.366645812988281
-11.392208099365234
-11.358011245727539
-11.388256072998047
-11.385063171386719
-11.373824119567871
-11.377097129821777
-11.39148235321045
-11.400165557861328
-11.376039505004883
-11.374335289001465
-11.358757019042969
-11.40709114074707
-11.390785217285156
-11.38890266418457
-11.4025239944458
-11.418488502502441
-11.402417182922363
-11.40362548828125
-11.403779983520508
-11.3867769241333
-11.40235710144043
-11.400737762451172
-11.411171913146973
-11.423552513122559
-11.391610145568848
-11.396528244018555
-11.411184310913086
-11.409733772277832
-11.37619686126709
-11.391961097717285
-11.386289596557617
-11.39343547821045
-11.376500129699707
-11.384550094604492
-11.372724533081055
-11.411924362182617
-11.406617164611816
-11.404156684875488
-11.3989839553833
-11.397796630859375
-11.372028350830078
-11.413505554199219
-11.407586097717285
-11.406486511230469
-11.417614936828613
-11.385889053344727
-11.380267143249512
-11.393598556518555
-11.385581970214844
-11.410177230834961
-11.426216125488281
-11.411639213562012
-11.396446228027344
-11.391363143920898
-11.394935607910156
-11.404852867126465
-11.418426513671875
-11.401666641235352
-11.396222114562988
-11.404032707214355
-11.399073600769043
-11.382267951965332
-11.40705680847168
-11.3954496383667
-11.405134201049805
-11.379769325256348
-11.37128734588623
-11.389507293701172
-11.427526473999023
-11.363694190979004
-11.381912231445312
-11.400020599365234
-11.423112869262695
-11.381503105163574
-11.398367881774902
-11.384328842163086
-11.390792846679688
-11.411742210388184
-11.406381607055664
-11.415870666503906
-11.41749095916748
-11.42466926574707
-11.409102439880371
-11.370375633239746
-11.369206428527832
-11.393047332763672
-11.410234451293945
-11.411602973937988
-11.37866497039795
-11.417791366577148
-11.401778221130371
-11.390252113342285
-11.397003173828125
-11.40063190460205
-11.420649528503418
-11.397937774658203
-11.365045547485352
-11.372065544128418
-11.43465518951416
-11.385672569274902
-11.384761810302734
-11.387496948242188
-11.39399528503418
-11.400032043457031
-11.37797737121582
-11.419408798217773
-11.399435997009277
-11.399270057678223
-11.409452438354492
-11.411487579345703
-11.402880668640137
-11.439461708068848
-11.411700248718262
-11.410480499267578
-11.41041374206543
-11.427297592163086
-11.403879165649414
-11.395999908447266
-11.409138679504395
-11.424056053161621
-11.41401195526123
-11.41710376739502
-11.399251937866211
-11.419108390808105
-11.382978439331055
-11.404831886291504
-11.401749610900879
-11.397459030151367
-11.398423194885254
-11.427756309509277
-11.432123184204102
-11.438117980957031
-11.403105735778809
-11.406976699829102
-11.406821250915527
-11.408319473266602
-11.390800476074219
-11.400952339172363
-11.425134658813477
-11.413737297058105
-11.4201078414917
-11.410215377807617
-11.409409523010254
-11.421773910522461
-11.408417701721191
-11.407987594604492
-11.411170959472656
-11.42168140411377
-11.424830436706543
-11.416479110717773
-11.423834800720215
-11.385424613952637
-11.433307647705078
-11.443008422851562
-11.402812004089355
-11.448817253112793
-11.419672012329102
-11.406034469604492
-11.409968376159668
-11.420528411865234
-11.415807723999023
-11.434298515319824
-11.423199653625488
-11.434456825256348
-11.387604713439941
-11.424959182739258
-11.446640014648438
-11.439356803894043
-11.421064376831055
-11.421979904174805
-11.433762550354004
-11.448663711547852
-11.41845703125
-11.41882038116455
-11.430480003356934
-11.400947570800781
-11.429071426391602
-11.421051979064941
-11.433160781860352
-11.409528732299805
-11.377662658691406
-11.394158363342285
-11.426677703857422
-11.411752700805664
-11.41004467010498
-11.435770988464355
-11.425548553466797
-11.417516708374023
-11.451566696166992
-11.413496971130371
-11.423105239868164
-11.437699317932129
-11.422774314880371
-11.43928337097168
-11.435873031616211
-11.415669441223145
-11.397396087646484
-11.394225120544434
-11.409441947937012
-11.399784088134766
-11.429791450500488
-11.384984970092773
-11.399027824401855
-11.390777587890625
-11.427779197692871
-11.411293029785156
-11.417716979980469
-11.411455154418945
-11.450278282165527
-11.42596435546875
-11.405050277709961
-11.424297332763672
-11.40064525604248
-11.434869766235352
-11.386674880981445
-11.382987022399902
-11.37116813659668
-11.409469604492188
-11.359369277954102
-11.395293235778809
-11.406845092773438
-11.383895874023438
-11.417137145996094
-11.357078552246094
-11.388496398925781
-11.408459663391113
-11.37783432006836
-11.415464401245117
-11.411735534667969
-11.409161567687988
-11.40206527709961
-11.38309097290039
-11.413455963134766
-11.420921325683594
-11.413148880004883
-11.394210815429688
-11.408464431762695
-11.426026344299316
-11.43695068359375
-11.407020568847656
-11.404375076293945
-11.400165557861328
-11.391446113586426
-11.37841510772705
-11.404667854309082
-11.397391319274902
-11.402409553527832
-11.426399230957031
-11.411377906799316
-11.411474227905273
-11.407896995544434
-11.43061637878418
-11.420681953430176
-11.37808609008789
-11.391337394714355
-11.41199779510498
-11.402982711791992
-11.396171569824219
-11.355964660644531
-11.42399787902832
-11.400632858276367
-11.400424003601074
-11.409429550170898
-11.387106895446777
-11.432393074035645
-11.404321670532227
-11.399869918823242
-11.362573623657227
-11.428892135620117
-11.372417449951172
-11.397360801696777
-11.40917682647705
-11.380398750305176
-11.424747467041016
-11.408343315124512
-11.421677589416504
-11.409889221191406
-11.394852638244629
-11.408015251159668
-11.44169807434082
-11.393115043640137
-11.436660766601562
-11.426135063171387
-11.445440292358398
-11.437060356140137
-11.425992965698242
-11.436636924743652
-11.422918319702148
-11.419130325317383
-11.4292573928833
-11.426071166992188
-11.394369125366211
-11.431459426879883
-11.423739433288574
-11.438023567199707
-11.419394493103027
-11.418682098388672
-11.42966079711914
-11.423553466796875
-11.436279296875
-11.42333984375
-11.455329895019531
-11.448513984680176
-11.421088218688965
-11.433504104614258
-11.422455787658691
-11.42014217376709
-11.442042350769043
-11.427517890930176
-11.436506271362305
-11.442682266235352
-11.419004440307617
-11.427906036376953
-11.441424369812012
-11.446887969970703
-11.424210548400879
-11.438630104064941
-11.442683219909668
-11.418230056762695
-11.422041893005371
-11.450544357299805
-11.429418563842773
-11.435343742370605
-11.424726486206055
-11.438213348388672
-11.434211730957031
-11.433126449584961
-11.430480003356934
-11.431554794311523
-11.429144859313965
-11.447099685668945
-11.431938171386719
-11.434028625488281
-11.435211181640625
-11.44215202331543
-11.415641784667969
-11.432571411132812
-11.429400444030762
-11.423844337463379
-11.45488452911377
-11.431954383850098
-11.394567489624023
-11.40579605102539
-11.43091869354248
-11.430769920349121
-11.43416976928711
-11.422131538391113
-11.44223403930664
-11.40775203704834
-11.412261962890625
-11.4384126663208
-11.423834800720215
-11.436403274536133
-11.427473068237305
-11.421096801757812
-11.428349494934082
-11.452104568481445
-11.449851989746094
-11.434112548828125
-11.417745590209961
-11.440109252929688
-11.410482406616211
-11.399843215942383
-11.415120124816895
-11.409416198730469
-11.417611122131348
-11.42361068725586
-11.385079383850098
-11.449172973632812
-11.412552833557129
-11.43203353881836
-11.418144226074219
-11.440408706665039
-11.396385192871094
-11.36734676361084
-11.32891845703125
-11.421344757080078
-11.316242218017578
-11.39854907989502
-11.36814022064209
-11.375194549560547
-11.402812957763672
-11.343045234680176
-11.412269592285156
-11.397759437561035
-11.414765357971191
-11.433419227600098
-11.374129295349121
-11.331647872924805
-11.315202713012695
-11.416934967041016
-11.250885009765625
-11.382611274719238
-11.271584510803223
-11.299909591674805
-11.353034973144531
-11.274208068847656
-11.315089225769043
-11.350038528442383
-11.310901641845703
-11.301918983459473
-11.35739803314209
-11.346420288085938
-11.332754135131836
-11.378724098205566
-11.404760360717773
-11.382393836975098
-11.427327156066895
-11.35295295715332
-11.32756519317627
-11.28305435180664
-11.439069747924805
-11.171773910522461
-11.385035514831543
-11.207058906555176
-11.285197257995605
-11.360568046569824
-11.263229370117188
-11.278328895568848
-11.354839324951172
-11.29822826385498
-11.287007331848145
-11.32841682434082
-11.351933479309082
-11.328047752380371
-11.361144065856934
-11.383729934692383
-11.352754592895508
-11.398934364318848
-11.42540168762207
-11.369384765625
-11.386536598205566
-11.314846992492676
-11.423611640930176
-11.322948455810547
-11.412986755371094
-11.33259105682373
-11.3543062210083
-11.403605461120605
-11.386236190795898
-11.374374389648438
-11.415079116821289
-11.371437072753906
-11.3941011428833
-11.423447608947754
-11.404288291931152
-11.43098258972168
-11.425042152404785
-11.42127513885498
-11.43821907043457
-11.393646240234375
-11.348464012145996
-11.347868919372559
-11.433609008789062
-11.294118881225586
-11.406668663024902
-11.28666877746582
-11.35696792602539
-11.406846046447754
-11.32880687713623
-11.318072319030762
-11.383042335510254
-11.3584623336792
-11.360723495483398
-11.399823188781738
-11.38227653503418
-11.384505271911621
-11.421018600463867
-11.415047645568848
-11.3867826461792
-11.428182601928711
-11.368070602416992
-11.363659858703613
-11.324894905090332
-11.432868957519531
-11.307438850402832
-11.428197860717773
-11.350550651550293
-11.391149520874023
-11.402254104614258
-11.331937789916992
-11.360480308532715
-11.382606506347656
-11.379278182983398
-11.38231086730957
-11.426101684570312
-11.392958641052246
-11.419961929321289
-11.43825626373291
-11.395830154418945
-11.431138038635254
-11.43120288848877
-11.432141304016113
-11.4323091506958
-11.425591468811035
-11.439615249633789
-11.4319429397583
-11.454132080078125
-11.392911911010742
-11.381855010986328
-11.39169692993164
-11.415003776550293
-11.422276496887207
-11.40999984741211
-11.397306442260742
-11.426749229431152
-11.398314476013184
-11.372241020202637
-11.411319732666016
-11.409390449523926
-11.401597023010254
-11.426371574401855
-11.4336519241333
-11.443610191345215
-11.443622589111328
-11.41655445098877
-11.435083389282227
-11.413116455078125
-11.443587303161621
-11.43156623840332
-11.450512886047363
-11.38583755493164
-11.406553268432617
-11.411887168884277
-11.422983169555664
-11.441659927368164
-11.439773559570312
-11.441102981567383
-11.397590637207031
-11.426762580871582
-11.431337356567383
-11.415375709533691
-11.43704605102539
-11.42184829711914
-11.439737319946289
-11.4426908493042
-11.435243606567383
-11.4437255859375
-11.401052474975586
-11.451416015625
-11.428526878356934
-11.44074821472168
-11.433979034423828
-11.41398811340332
-11.436309814453125
-11.421501159667969
-11.426166534423828
-11.426371574401855
-11.431052207946777
-11.45623779296875
-11.443541526794434
-11.457193374633789
-11.42791748046875
-11.44336986541748
-11.435187339782715
-11.43371295928955
-11.450234413146973
-11.45359992980957
-11.437844276428223
-11.441404342651367
-11.463929176330566
-11.461206436157227
-11.459071159362793
-11.45475959777832
-11.47368335723877
-11.458905220031738
-11.436766624450684
-11.463669776916504
-11.44156551361084
-11.461896896362305
-11.426162719726562
-11.448156356811523
-11.45340633392334
-11.46287727355957
-11.4590425491333
-11.456686973571777
-11.46181869506836
-11.44108772277832
-11.434568405151367
-11.457905769348145
-11.442569732666016
-11.456681251525879
-11.464598655700684
-11.45583438873291
-11.43285846710205
-11.44032096862793
-11.44150447845459
-11.455129623413086
-11.451896667480469
-11.46640396118164
-11.446935653686523
-11.45226764678955
-11.452460289001465
-11.4373779296875
-11.457693099975586
-11.444747924804688
-11.46790599822998
-11.457881927490234
-11.457992553710938
-11.45776081085205
-11.45114517211914
-11.460969924926758
-11.455856323242188
-11.45042610168457
-11.434671401977539
-11.436531066894531
-11.447945594787598
-11.472829818725586
-11.452190399169922
-11.458097457885742
-11.465697288513184
-11.451613426208496
-11.433331489562988
-11.470829010009766
-11.454984664916992
-11.445375442504883
-11.437322616577148
-11.462610244750977
-11.44330883026123
-11.445103645324707
-11.440627098083496
-11.450387954711914
-11.444171905517578
-11.456220626831055
-11.462044715881348
-11.449078559875488
-11.445167541503906
-11.45071029663086
-11.43678092956543
-11.454705238342285
-11.454876899719238
-11.448346138000488
-11.44699764251709
-11.45080852508545
-11.454978942871094
-11.457469940185547
-11.441486358642578
-11.472384452819824
-11.464757919311523
-11.453461647033691
-11.44814682006836
-11.455448150634766
-11.44250774383545
-11.444332122802734
-11.45460033416748
-11.466592788696289
-11.452950477600098
-11.453999519348145
-11.451042175292969
-11.46334457397461
-11.447709083557129
-11.46732234954834
-11.451827049255371
-11.455867767333984
-11.452958106994629
-11.46878433227539
-11.457230567932129
-11.464417457580566
-11.454794883728027
-11.449760437011719
-11.446308135986328
-11.459382057189941
-11.454939842224121
-11.438188552856445
-11.452367782592773
-11.446932792663574
-11.461569786071777
-11.448984146118164
-11.458928108215332
-11.449137687683105
-11.464176177978516
-11.459161758422852
-11.446355819702148
-11.456647872924805
-11.459932327270508
-11.462373733520508
-11.455096244812012
-11.453651428222656
-11.451379776000977
-11.452790260314941
-11.459086418151855
-11.456221580505371
-11.462008476257324
-11.464116096496582
-11.439240455627441
-11.45423412322998
-11.447962760925293
-11.456709861755371
-11.465598106384277
-11.45479679107666
-11.46665096282959
-11.466611862182617
-11.46945571899414
-11.459787368774414
-11.465624809265137
-11.449471473693848
-11.465110778808594
-11.439679145812988
-11.45297908782959
-11.470152854919434
-11.461978912353516
-11.456111907958984
-11.448253631591797
-11.447733879089355
-11.446527481079102
-11.467923164367676
-11.472015380859375
-11.467020988464355
-11.444294929504395
-11.440828323364258
-11.445113182067871
-11.459593772888184
-11.457966804504395
-11.457159996032715
-11.456206321716309
-11.456042289733887
-11.436586380004883
-11.467467308044434
-11.449259757995605
-11.455732345581055
-11.439936637878418
-11.441131591796875
-11.433805465698242
-11.446038246154785
-11.421796798706055
-11.421525001525879
-11.36555004119873
-11.4105224609375
-11.403731346130371
-11.353659629821777
-11.438767433166504
-11.409724235534668
-11.387578964233398
-11.458284378051758
-11.399791717529297
-11.455670356750488
-11.42183780670166
-11.430427551269531
-11.442416191101074
-11.428323745727539
-11.394372940063477
-11.358953475952148
-11.445363998413086
-11.382146835327148
-11.415185928344727
-11.435876846313477
-11.395916938781738
-11.422765731811523
-11.431922912597656
-11.406896591186523
-11.460471153259277
-11.425103187561035
-11.447381019592285
-11.464534759521484
-11.425739288330078
-11.404829978942871
-11.391358375549316
-11.465895652770996
-11.353543281555176
-11.415135383605957
-11.33797550201416
-11.386568069458008
-11.405113220214844
-11.330180168151855
-11.36323356628418
-11.39867877960205
-11.379166603088379
-11.380025863647461
-11.430303573608398
-11.407655715942383
-11.4096040725708
-11.44791030883789
-11.411273956298828
-11.456440925598145
-11.35892105102539
-11.390765190124512
-11.358868598937988
-11.452566146850586
-11.358534812927246
-11.437806129455566
-11.370657920837402
-11.384620666503906
-11.406472206115723
-11.378630638122559
-11.380599021911621
-11.421956062316895
-11.406661987304688
-11.393555641174316
-11.412703514099121
-11.431397438049316
-11.426800727844238
-11.449131965637207
-11.433267593383789
-11.446637153625488
-11.45045280456543
-11.465042114257812
-11.449416160583496
-11.458613395690918
-11.453826904296875
-11.454609870910645
-11.458924293518066
-11.460655212402344
-11.46669864654541
-11.390007972717285
-11.31442928314209
-11.382832527160645
-11.37600326538086
-11.354637145996094
-11.429280281066895
-11.37417221069336
-11.435150146484375
-11.286251068115234
-11.33089828491211
-11.30915641784668
-11.406054496765137
-11.310660362243652
-11.32802677154541
-11.401636123657227
-11.34998893737793
-11.359576225280762
-11.441054344177246
-11.324485778808594
-11.432002067565918
-11.343107223510742
-11.399016380310059
-11.429709434509277
-11.334893226623535
-11.417227745056152
-11.308274269104004
-11.36628532409668
-11.413661003112793
-11.342694282531738
-11.36895751953125
-11.422638893127441
-11.385811805725098
-11.404821395874023
-11.442183494567871
-11.39742660522461
-11.454156875610352
-11.400093078613281
-11.420371055603027
-11.449097633361816
-11.408361434936523
-11.43222713470459
-11.418066024780273
-11.416759490966797
-11.465692520141602
-11.421966552734375
-11.448347091674805
-11.428539276123047
-11.436659812927246
-11.44878101348877
-11.420757293701172
-11.436028480529785
-11.378500938415527
-11.423418045043945
-11.444793701171875
-11.390643119812012
-11.455256462097168
-11.430765151977539
-11.435550689697266
-11.466182708740234
-11.398773193359375
-11.447622299194336
-11.408190727233887
-11.456522941589355
-11.370423316955566
-11.437989234924316
-11.406827926635742
-11.432841300964355
-11.441719055175781
-11.427833557128906
-11.42673110961914
-11.442475318908691
-11.423540115356445
-11.449585914611816
-11.428847312927246
-11.463003158569336
-11.458902359008789
-11.453872680664062
-11.458198547363281
-11.439501762390137
-11.460933685302734
-11.456476211547852
-11.460543632507324
-11.461600303649902
-11.474177360534668
-11.479761123657227
-11.450677871704102
-11.454764366149902
-11.470111846923828
-11.456432342529297
-11.464932441711426
-11.454651832580566
-11.465539932250977
-11.459026336669922
-11.46582317352295
-11.455994606018066
-11.463713645935059
-11.473233222961426
-11.470693588256836
-11.476873397827148
-11.47099494934082
-11.462882995605469
-11.468457221984863
-11.460611343383789
-11.4688081741333
-11.474311828613281
-11.480202674865723
-11.472253799438477
-11.479072570800781
-11.464436531066895
-11.469927787780762
-11.473857879638672
-11.469917297363281
-11.478496551513672
-11.459342002868652
-11.468481063842773
-11.470553398132324
-11.473504066467285
-11.467020988464355
-11.46673583984375
-11.461957931518555
-11.46366024017334
-11.464219093322754
-11.472390174865723
-11.460250854492188
-11.477258682250977
-11.464313507080078
-11.484182357788086
-11.474194526672363
-11.47191047668457
-11.470473289489746
-11.470622062683105
-11.47096061706543
-11.460052490234375
-11.468446731567383
-11.47446346282959
-11.471235275268555
-11.467414855957031
-11.464710235595703
-11.46863079071045
-11.473172187805176
-11.464897155761719
-11.46154499053955
-11.456778526306152
-11.476177215576172
-11.459882736206055
-11.475499153137207
-11.480469703674316
-11.471135139465332
-11.47294807434082
-11.465027809143066
-11.4667387008667
-11.467232704162598
-11.474026679992676
-11.466348648071289
-11.481213569641113
-11.467151641845703
-11.468235969543457
-11.473015785217285
-11.470308303833008
-11.46975326538086
-11.472047805786133
-11.474542617797852
-11.47592544555664
-11.481291770935059
-11.47220516204834
-11.473736763000488
-11.463286399841309
-11.461219787597656
-11.470005989074707
-11.482222557067871
-11.480027198791504
-11.466161727905273
-11.485344886779785
-11.473051071166992
-11.474958419799805
-11.4623384475708
-11.468793869018555
-11.475059509277344
-11.469229698181152
-11.48520565032959
-11.469161033630371
-11.472187995910645
-11.471452713012695
-11.476910591125488
-11.469842910766602
-11.472238540649414
-11.478553771972656
-11.469799995422363
-11.46781063079834
-11.457812309265137
-11.478513717651367
-11.472480773925781
-11.466836929321289
-11.455122947692871
-11.481986045837402
-11.469367980957031
-11.47823429107666
-11.471254348754883
-11.475092887878418
-11.476031303405762
-11.467693328857422
-11.482787132263184
-11.485960960388184
-11.478610038757324
-11.475703239440918
-11.469831466674805
-11.463051795959473
-11.473480224609375
-11.466126441955566
-11.472984313964844
-11.480744361877441
-11.4716157913208
-11.479520797729492
-11.478318214416504
-11.485347747802734
-11.469528198242188
-11.479313850402832
-11.476326942443848
-11.473204612731934
-11.475350379943848
-11.475815773010254
-11.470410346984863
-11.483322143554688
-11.480850219726562
-11.484317779541016
-11.471492767333984
-11.474736213684082
-11.473363876342773
-11.471933364868164
-11.473318099975586
-11.469701766967773
-11.467884063720703
-11.465298652648926
-11.465357780456543
-11.476433753967285
-11.473464012145996
-11.475555419921875
-11.473944664001465
-11.473336219787598
-11.468584060668945
-11.479046821594238
-11.467217445373535
-11.460299491882324
-11.466331481933594
-11.465259552001953
-11.457056045532227
-11.466951370239258
-11.472790718078613
-11.47160530090332
-11.455281257629395
-11.428213119506836
-11.44627571105957
-11.475943565368652
-11.426340103149414
-11.452430725097656
-11.403656959533691
-11.44629192352295
-11.438014030456543
-11.420452117919922
-11.45916748046875
-11.434799194335938
-11.440164566040039
-11.46727180480957
-11.451654434204102
-11.477994918823242
-11.461736679077148
-11.461074829101562
-11.467885971069336
-11.470301628112793
-11.461337089538574
-11.470921516418457
-11.470826148986816
-11.475081443786621
-11.470734596252441
-11.479328155517578
-11.470242500305176
-11.46850872039795
-11.477828979492188
-11.468819618225098
-11.482044219970703
-11.474334716796875
-11.476964950561523
-11.475263595581055
-11.468331336975098
-11.475028991699219
-11.46584701538086
-11.474053382873535
-11.458439826965332
-11.469250679016113
-11.460095405578613
-11.47780990600586
-11.468510627746582
-11.478421211242676
-11.474298477172852
-11.472970962524414
-11.467414855957031
-11.477049827575684
-11.468594551086426
-11.464753150939941
-11.476834297180176
-11.485187530517578
-11.469789505004883
-11.467803001403809
-11.47128963470459
-11.479302406311035
-11.477324485778809
-11.481205940246582
-11.472546577453613
-11.474833488464355
-11.476101875305176
-11.471165657043457
-11.477897644042969
-11.486542701721191
-11.468657493591309
-11.478742599487305
-11.47632884979248
-11.476178169250488
-11.47591495513916
-11.484107971191406
-11.463200569152832
-11.468205451965332
-11.453207969665527
-11.466421127319336
-11.442784309387207
-11.475661277770996
-11.463215827941895
-11.474276542663574
-11.46693229675293
-11.465574264526367
-11.462543487548828
-11.47119426727295
-11.47994327545166
-11.453559875488281
-11.455230712890625
-11.431742668151855
-11.467857360839844
-11.440485000610352
-11.463680267333984
-11.4437837600708
-11.45251178741455
-11.463092803955078
-11.451922416687012
-11.468853950500488
-11.454573631286621
-11.473662376403809
-11.46090030670166
-11.471319198608398
-11.462186813354492
-11.466504096984863
-11.455997467041016
-11.477866172790527
-11.468453407287598
-11.470012664794922
-11.46879768371582
-11.480256080627441
-11.470927238464355
-11.478826522827148
-11.476814270019531
-11.464818954467773
-11.467657089233398
-11.477294921875
-11.4734525680542
-11.483052253723145
-11.482998847961426
-11.48202133178711
-11.483924865722656
-11.47783088684082
-11.484389305114746
-11.48764419555664
-11.479920387268066
-11.480817794799805
-11.476030349731445
-11.480452537536621
-11.48421859741211
-11.484564781188965
-11.481171607971191
-11.486665725708008
-11.476357460021973
-11.476614952087402
-11.476510047912598
-11.482277870178223
-11.479493141174316
-11.479220390319824
-11.486613273620605
-11.477816581726074
-11.476816177368164
-11.473902702331543
-11.483716011047363
-11.486790657043457
-11.482662200927734
-11.485418319702148
-11.49137020111084
-11.481142044067383
-11.48331069946289
-11.480198860168457
-11.476823806762695
-11.48444938659668
-11.48015022277832
-11.47391414642334
-11.477094650268555
-11.47400951385498
-11.473488807678223
-11.478256225585938
-11.478595733642578
-11.48335075378418
-11.480887413024902
-11.481186866760254
-11.478242874145508
-11.473336219787598
-11.48465347290039
-11.479336738586426
-11.475278854370117
-11.479053497314453
-11.48261833190918
-11.48398208618164
-11.480853080749512
-11.483384132385254
-11.487503051757812
-11.485344886779785
-11.474335670471191
-11.477028846740723
-11.489047050476074
-11.480524063110352
-11.479469299316406
-11.487541198730469
-11.483509063720703
-11.478405952453613
-11.47403335571289
-11.485779762268066
-11.482929229736328
-11.485394477844238
-11.480504035949707
-11.481568336486816
-11.486409187316895
-11.482931137084961
-11.4860200881958
-11.481505393981934
-11.483349800109863
-11.477506637573242
-11.485368728637695
-11.475207328796387
-11.482937812805176
-11.488434791564941
-11.479166030883789
-11.485504150390625
-11.488351821899414
-11.490426063537598
-11.47657585144043
-11.476275444030762
-11.488043785095215
-11.48218059539795
-11.489317893981934
-11.492962837219238
-11.488832473754883
-11.47746753692627
-11.485522270202637
-11.475946426391602
-11.483461380004883
-11.48598861694336
-11.485671997070312
-11.486818313598633
-11.485918045043945
-11.480986595153809
-11.482185363769531
-11.483076095581055
-11.481019020080566
-11.475370407104492
-11.482269287109375
-11.482124328613281
-11.484926223754883
-11.485577583312988
-11.478306770324707
-11.486992835998535
-11.489195823669434
-11.480828285217285
-11.483572006225586
-11.481197357177734
-11.483586311340332
-11.484883308410645
-11.484259605407715
-11.481385231018066
-11.477685928344727
-11.48774242401123
-11.487838745117188
-11.481902122497559
-11.4820556640625
-11.491755485534668
-11.480318069458008
-11.487848281860352
-11.484060287475586
-11.488825798034668
-11.48460578918457
-11.480413436889648
-11.48118782043457
-11.479918479919434
-11.486732482910156
-11.480537414550781
-11.479260444641113
-11.47865104675293
-11.48069953918457
-11.485872268676758
-11.48534107208252
-11.483983039855957
-11.487454414367676
-11.487070083618164
-11.477927207946777
-11.482131004333496
-11.486003875732422
-11.485906600952148
-11.482930183410645
-11.488192558288574
-11.487335205078125
-11.482134819030762
-11.480104446411133
-11.480777740478516
-11.491304397583008
-11.491536140441895
-11.486544609069824
-11.484291076660156
-11.484942436218262
-11.487401008605957
-11.480615615844727
-11.481183052062988
-11.484905242919922
-11.486034393310547
-11.478757858276367
-11.48367977142334
-11.47514533996582
-11.460782051086426
-11.468588829040527
-11.470073699951172
-11.467443466186523
-11.47049617767334
-11.460187911987305
-11.475208282470703
-11.451257705688477
-11.4364652633667
-11.433685302734375
-11.47115421295166
-11.425004005432129
-11.474876403808594
-11.447260856628418
-11.458762168884277
-11.474860191345215
-11.437108993530273
-11.413142204284668
-11.410906791687012
-11.46973991394043
-11.398622512817383
-11.457955360412598
-11.415346145629883
-11.407296180725098
-11.470708847045898
-11.39653205871582
-11.472936630249023
-11.419005393981934
-11.44501781463623
-11.464115142822266
-11.425155639648438
-11.466092109680176
-11.422601699829102
-11.467611312866211
-11.449095726013184
-11.458648681640625
-11.468174934387207
-11.446625709533691
-11.481307029724121
-11.444005012512207
-11.43935775756836
-11.406697273254395
-11.463491439819336
-11.432572364807129
-11.432149887084961
-11.465760231018066
-11.433817863464355
-11.458189964294434
-11.467838287353516
-11.449501991271973
-11.4141206741333
-11.380579948425293
-11.475737571716309
-11.396927833557129
-11.444540023803711
-11.457252502441406
-11.425980567932129
-11.453189849853516
-11.465489387512207
-11.455890655517578
-11.47743034362793
-11.458837509155273
-11.473199844360352
-11.442466735839844
-11.431581497192383
-11.421648025512695
-11.486715316772461
-11.408927917480469
-11.437154769897461
-11.368509292602539
-11.413381576538086
-11.419652938842773
-11.382403373718262
-11.408502578735352
-11.439051628112793
-11.410000801086426
-11.429738998413086
-11.464770317077637
-11.345706939697266
-11.391286849975586
-11.296111106872559
-11.407197952270508
-11.430079460144043
-11.315731048583984
-11.418710708618164
-11.4381742477417
-11.370983123779297
-11.416362762451172
-11.464159965515137
-11.402009010314941
-11.45845890045166
-11.446810722351074
-11.429244995117188
-11.478767395019531
-11.385247230529785
-11.419988632202148
-11.355018615722656
-11.450056076049805
-11.434601783752441
-11.385049819946289
-11.44925594329834
-11.434704780578613
-11.400214195251465
-11.447196960449219
-11.455219268798828
-11.434009552001953
-11.483471870422363
-11.443618774414062
-11.46274185180664
-11.479513168334961
-11.480900764465332
-11.477645874023438
-11.47905158996582
-11.486213684082031
-11.476669311523438
-11.484735488891602
-11.473915100097656
-11.484418869018555
-11.482645988464355
-11.486709594726562
-11.46910285949707
-11.485597610473633
-11.476999282836914
-11.475274085998535
-11.470369338989258
-11.48116683959961
-11.467206954956055
-11.482915878295898
-11.472624778747559
-11.47456169128418
-11.488242149353027
-11.477322578430176
-11.482794761657715
-11.482935905456543
-11.485488891601562
-11.47415828704834
-11.463911056518555
-11.467520713806152
-11.48279857635498
-11.466577529907227
-11.465428352355957
-11.443790435791016
-11.465896606445312
-11.459407806396484
-11.457015991210938
-11.476479530334473
-11.462488174438477
-11.477689743041992
-11.482213020324707
-11.456835746765137
-11.435131072998047
-11.415789604187012
-11.483315467834473
-11.390457153320312
-11.453143119812012
-11.38658332824707
-11.406328201293945
-11.438253402709961
-11.40781021118164
-11.398021697998047
-11.441910743713379
-11.436163902282715
-11.430912971496582
-11.476103782653809
-11.448922157287598
-11.478177070617676
-11.461709976196289
-11.466532707214355
-11.463461875915527
-11.475499153137207
-11.480436325073242
-11.483622550964355
-11.481816291809082
-11.481552124023438
-11.48933219909668
-11.488462448120117
-11.489672660827637
-11.482107162475586
-11.482416152954102
-11.476388931274414
-11.489266395568848
-11.488164901733398
-11.479768753051758
-11.49089241027832
-11.486103057861328
-11.482906341552734
-11.484643936157227
-11.489921569824219
-11.477063179016113
-11.482857704162598
-11.483373641967773
-11.478421211242676
-11.479896545410156
-11.48730182647705
-11.483509063720703
-11.485268592834473
-11.48085880279541
-11.466034889221191
-11.472708702087402
-11.47544002532959
-11.464859008789062
-11.482879638671875
-11.472464561462402
-11.48836898803711
-11.458497047424316
-11.444244384765625
-11.429191589355469
-11.464763641357422
-11.440170288085938
-11.455469131469727
-11.477100372314453
-11.449302673339844
-11.47329330444336
-11.468101501464844
-11.394859313964844
-11.442191123962402
-11.43366813659668
-11.471662521362305
-11.461149215698242
-11.459229469299316
-11.460123062133789
-11.447256088256836
-11.455842018127441
-11.475545883178711
-11.46005916595459
-11.47428035736084
-11.47324275970459
-11.47193431854248
-11.460227966308594
-11.45444107055664
-11.480599403381348
-11.434532165527344
-11.434927940368652
-11.391249656677246
-11.46187973022461
-11.446757316589355
-11.412900924682617
-11.464795112609863
-11.441129684448242
-11.426852226257324
-11.475764274597168
-11.460311889648438
-11.46401309967041
-11.470293045043945
-11.441569328308105
-11.485675811767578
-11.429365158081055
-11.462656021118164
-11.425131797790527
-11.460527420043945
-11.465218544006348
-11.431305885314941
-11.472803115844727
-11.45317268371582
-11.450525283813477
-11.47593879699707
-11.44995403289795
-11.478365898132324
-11.447619438171387
-11.472444534301758
-11.474955558776855
-11.453001022338867
-11.48444938659668
-11.46054744720459
-11.464564323425293
-11.485817909240723
-11.463650703430176
-11.470501899719238
-11.450111389160156
-11.480875968933105
-11.468422889709473
-11.471227645874023
-11.474300384521484
-11.463895797729492
-11.488747596740723
-11.472517967224121
-11.482950210571289
-11.47667121887207
-11.47436237335205
-11.48642635345459
-11.463391304016113
-11.451281547546387
-11.44054889678955
-11.485625267028809
-11.436711311340332
-11.474343299865723
-11.437311172485352
-11.438061714172363
-11.451647758483887
-11.44437026977539
-11.443222999572754
-11.471474647521973
-11.45562744140625
-11.46539306640625
-11.481002807617188
-11.428204536437988
-11.415868759155273
-11.381428718566895
-11.47794246673584
-11.391980171203613
-11.465511322021484
-11.413536071777344
-11.402381896972656
-11.425223350524902
-11.413797378540039
-11.397041320800781
-11.426687240600586
-11.446417808532715
-11.441503524780273
-11.454607009887695
-11.476510047912598
-11.438497543334961
-11.463133811950684
-11.418264389038086
-11.461688041687012
-11.442512512207031
-11.481510162353516
-11.459965705871582
-11.471211433410645
-11.473819732666016
-11.469738006591797
-11.464685440063477
-11.479320526123047
-11.469757080078125
-11.484514236450195
-11.493440628051758
-11.47080135345459
-11.459157943725586
-11.453920364379883
-11.485451698303223
-11.40752124786377
-11.436826705932617
-11.375170707702637
-11.439504623413086
-11.445822715759277
-11.393221855163574
-11.450780868530273
-11.457234382629395
-11.42884349822998
-11.460756301879883
-11.473274230957031
-11.448980331420898
-11.483979225158691
-11.469182014465332
-11.466731071472168
-11.483009338378906
-11.464712142944336
-11.4652099609375
-11.449352264404297
-11.487373352050781
-11.436230659484863
-11.466851234436035
-11.428267478942871
-11.449429512023926
-11.462409973144531
-11.43703556060791
-11.447149276733398
-11.47330379486084
-11.459367752075195
-11.46727180480957
-11.485416412353516
-11.431591033935547
-11.436928749084473
-11.394522666931152
-11.467466354370117
-11.453007698059082
-11.474889755249023
-11.469797134399414
-11.452155113220215
-11.458009719848633
-11.472558975219727
-11.457982063293457
-11.466740608215332
-11.480067253112793
-11.474889755249023
-11.483202934265137
-11.48181438446045
-11.485713958740234
-11.480120658874512
-11.485060691833496
-11.462553977966309
-11.441374778747559
-11.452736854553223
-11.481831550598145
-11.470183372497559
-11.467117309570312
-11.446478843688965
-11.469038963317871
-11.464515686035156
-11.441277503967285
-11.471390724182129
-11.466914176940918
-11.468097686767578
-11.477429389953613
-11.476325035095215
-11.485206604003906
-11.477239608764648
-11.4825439453125
-11.485128402709961
-11.486224174499512
-11.478042602539062
-11.480400085449219
-11.491594314575195
-11.476395606994629
-11.491034507751465
-11.477664947509766
-11.482345581054688
-11.487646102905273
-11.479433059692383
-11.495769500732422
-11.49131965637207
-11.487045288085938
-11.483975410461426
-11.489398002624512
-11.48879623413086
-11.493069648742676
-11.490201950073242
-11.492474555969238
-11.4891939163208
-11.492002487182617
-11.487691879272461
-11.490058898925781
-11.49399185180664
-11.490885734558105
-11.492030143737793
-11.4902982711792
-11.48922061920166
-11.492815017700195
-11.491243362426758
-11.494842529296875
-11.492382049560547
-11.49234390258789
-11.488025665283203
-11.488744735717773
-11.490278244018555
-11.493271827697754
-11.489479064941406
-11.49185848236084
-11.494575500488281
-11.491684913635254
-11.490436553955078
-11.494234085083008
-11.487127304077148
-11.491815567016602
-11.49600601196289
-11.489982604980469
-11.492575645446777
-11.491034507751465
-11.49268627166748
-11.488896369934082
-11.490063667297363
-11.492217063903809
-11.494566917419434
-11.494132041931152
-11.491650581359863
-11.494646072387695
-11.494219779968262
-11.496208190917969
-11.492860794067383
-11.49317741394043
-11.489009857177734
-11.489969253540039
-11.48964786529541
-11.488194465637207
-11.487820625305176
-11.495221138000488
-11.492600440979004
-11.490007400512695
-11.49243450164795
-11.490631103515625
-11.49571418762207
-11.493047714233398
-11.493125915527344
-11.490920066833496
-11.49245548248291
-11.491286277770996
-11.495471954345703
-11.493484497070312
-11.491011619567871
-11.495115280151367
-11.491137504577637
-11.493595123291016
-11.485027313232422
-11.492363929748535
-11.489079475402832
-11.48940658569336
-11.490134239196777
-11.490534782409668
-11.491705894470215
-11.488685607910156
-11.492718696594238
-11.492656707763672
-11.4915189743042
-11.497815132141113
-11.495662689208984
-11.491243362426758
-11.493136405944824
-11.492626190185547
-11.493709564208984
-11.495302200317383
-11.492951393127441
-11.493876457214355
-11.49084186553955
-11.49111270904541
-11.494391441345215
-11.494690895080566
-11.497282981872559
-11.49608039855957
-11.49613094329834
-11.495580673217773
-11.491943359375
-11.492177963256836
-11.4924955368042
-11.49321174621582
-11.4896240234375
-11.49657917022705
-11.492731094360352
-11.493617057800293
-11.493843078613281
-11.491748809814453
-11.495170593261719
-11.493066787719727
-11.493966102600098
-11.496004104614258
-11.49278736114502
-11.493568420410156
-11.4950532913208
-11.488825798034668
-11.493500709533691
-11.488008499145508
-11.496033668518066
-11.49400806427002
-11.495986938476562
-11.49193000793457
-11.494329452514648
-11.49709415435791
-11.497587203979492
-11.49244213104248
-11.494911193847656
-11.49648380279541
-11.494073867797852
-11.487071990966797
-11.49213981628418
-11.494617462158203
-11.497724533081055
-11.48946475982666
-11.491162300109863
-11.492260932922363
-11.496315002441406
-11.494970321655273
-11.496318817138672
-11.492819786071777
-11.492822647094727
-11.49155330657959
-11.492422103881836
-11.48900318145752
-11.495356559753418
-11.496570587158203
-11.494617462158203
-11.49355411529541
-11.493461608886719
-11.49557113647461
-11.494206428527832
-11.495737075805664
-11.491508483886719
-11.49547290802002
-11.492545127868652
-11.496553421020508
-11.488524436950684
-11.494449615478516
-11.493727684020996
-11.4944429397583
-11.498475074768066
-11.496599197387695
-11.490964889526367
-11.496502876281738
-11.496485710144043
-11.497916221618652
-11.490880012512207
-11.497002601623535
-11.496015548706055
-11.492593765258789
-11.496319770812988
-11.495251655578613
-11.494921684265137
-11.496615409851074
-11.496706008911133
-11.48967170715332
-11.49045467376709
-11.496533393859863
-11.494800567626953
-11.498104095458984
-11.493573188781738
-11.493718147277832
-11.494643211364746
-11.493644714355469
-11.491344451904297
-11.496439933776855
-11.494318008422852
-11.49604320526123
-11.49535083770752
-11.491944313049316
-11.497221946716309
-11.492718696594238
-11.494686126708984
-11.492636680603027
-11.492188453674316
-11.495534896850586
-11.491263389587402
-11.495251655578613
-11.493807792663574
-11.496806144714355
-11.49177360534668
-11.49736499786377
-11.49499797821045
-11.495336532592773
-11.49325180053711
-11.495006561279297
-11.496512413024902
-11.494370460510254
-11.494917869567871
-11.491734504699707
-11.492648124694824
-11.49642276763916
-11.496355056762695
-11.493770599365234
-11.492827415466309
-11.491555213928223
-11.49758243560791
-11.494119644165039
-11.496898651123047
-11.495707511901855
-11.4948148727417
-11.496400833129883
-11.49901008605957
-11.496145248413086
-11.495793342590332
-11.496635437011719
-11.498941421508789
-11.496129989624023
-11.493218421936035
-11.495673179626465
-11.49644947052002
-11.494819641113281
-11.499165534973145
-11.494977951049805
-11.49754810333252
-11.49715518951416
-11.496179580688477
-11.494192123413086
-11.492816925048828
-11.49821949005127
-11.494747161865234
-11.495393753051758
-11.492114067077637
-11.49527359008789
-11.493880271911621
-11.498854637145996
-11.495329856872559
-11.496395111083984
-11.496320724487305
-11.489836692810059
-11.493370056152344
-11.498282432556152
-11.49429988861084
-11.495559692382812
-11.498135566711426
-11.496508598327637
-11.495813369750977
-11.496367454528809
-11.493199348449707
-11.493820190429688
-11.494136810302734
-11.49882984161377
-11.498272895812988
-11.495115280151367
-11.493972778320312
-11.495797157287598
-11.497034072875977
-11.495841026306152
-11.498191833496094
-11.499173164367676
-11.495916366577148
-11.49924087524414
-11.496925354003906
-11.498462677001953
-11.494257926940918
-11.494649887084961
-11.494478225708008
-11.497386932373047
-11.49572467803955
-11.49669075012207
-11.497892379760742
-11.493895530700684
-11.49616813659668
-11.498978614807129
-11.4973783493042
-11.497293472290039
-11.495647430419922
-11.494441032409668
-11.49683952331543
-11.495957374572754
-11.491264343261719
-11.497081756591797
-11.493968963623047
-11.494839668273926
-11.494397163391113
-11.497323036193848
-11.497443199157715
-11.497184753417969
-11.49711799621582
-11.497180938720703
-11.496935844421387
-11.498006820678711
-11.494478225708008
-11.494787216186523
-11.4964599609375
-11.493780136108398
-11.494115829467773
-11.496546745300293
-11.49798583984375
-11.49742603302002
-11.493997573852539
-11.497344017028809
-11.496654510498047
-11.498963356018066
-11.49460220336914
-11.495139122009277
-11.49563217163086
-11.497186660766602
-11.49838638305664
-11.497393608093262
-11.496502876281738
-11.496926307678223
-11.49618148803711
-11.495314598083496
-11.49835205078125
-11.495177268981934
-11.49404525756836
-11.497087478637695
-11.497337341308594
-11.494780540466309
-11.496265411376953
-11.497542381286621
-11.492232322692871
-11.49785327911377
-11.497225761413574
-11.496736526489258
-11.497854232788086
-11.496232032775879
-11.497406959533691
-11.494912147521973
-11.495129585266113
-11.495773315429688
-11.49539566040039
-11.497024536132812
-11.497631072998047
-11.499482154846191
-11.496611595153809
-11.497429847717285
-11.496042251586914
-11.4956636428833
-11.498074531555176
-11.497756004333496
-11.495277404785156
-11.49648666381836
-11.497562408447266
-11.494131088256836
-11.495494842529297
-11.495445251464844
-11.498190879821777
-11.49471664428711
-11.499302864074707
-11.501544952392578
-11.49679183959961
-11.49731731414795
-11.494965553283691
-11.496482849121094
-11.496949195861816
-11.500015258789062
-11.497706413269043
-11.499323844909668
-11.497663497924805
-11.494583129882812
-11.497454643249512
-11.499225616455078
-11.494085311889648
-11.49905776977539
-11.497685432434082
-11.497169494628906
-11.496803283691406
-11.497074127197266
-11.494375228881836
-11.498138427734375
-11.49626636505127
-11.501708984375
-11.496216773986816
-11.494426727294922
-11.497797966003418
-11.498771667480469
-11.497724533081055
-11.495769500732422
-11.494181632995605
-11.49670124053955
-11.498180389404297
-11.496902465820312
-11.49758529663086
-11.492879867553711
-11.497359275817871
-11.495397567749023
-11.498620986938477
-11.494738578796387
-11.496455192565918
-11.495518684387207
-11.497049331665039
-11.496316909790039
-11.49820613861084
-11.498318672180176
-11.496835708618164
-11.49707317352295
-11.498282432556152
-11.495853424072266
-11.500544548034668
-11.495391845703125
-11.49850845336914
-11.49624252319336
-11.494085311889648
-11.496720314025879
-11.499527931213379
-11.499361038208008
-11.50032901763916
-11.495756149291992
-11.499162673950195
-11.497197151184082
-11.495564460754395
-11.495109558105469
-11.497262954711914
-11.498868942260742
-11.497678756713867
-11.496346473693848
-11.497515678405762
-11.49579906463623
-11.497944831848145
-11.495749473571777
-11.496578216552734
-11.497657775878906
-11.500298500061035
-11.498964309692383
-11.496797561645508
-11.497110366821289
-11.496628761291504
-11.49775505065918
-11.494454383850098
-11.497554779052734
-11.500043869018555
-11.497932434082031
-11.497976303100586
-11.498458862304688
-11.495078086853027
-11.499130249023438
-11.49593734741211
-11.49909496307373
-11.498098373413086
-11.49808120727539
-11.499383926391602
-11.500260353088379
-11.497138977050781
-11.496108055114746
-11.492773056030273
-11.498430252075195
-11.500371932983398
-11.496804237365723
-11.49783706665039
-11.49757194519043
-11.498029708862305
-11.500450134277344
-11.496417999267578
-11.49725341796875
-11.499016761779785
-11.498786926269531
-11.49783706665039
-11.497909545898438
-11.497077941894531
-11.49451732635498
-11.49726390838623
-11.498266220092773
-11.497249603271484
-11.4979887008667
-11.496047973632812
-11.499953269958496
-11.495096206665039
-11.496841430664062
-11.497044563293457
-11.4969482421875
-11.497933387756348
-11.499603271484375
-11.500417709350586
-11.496732711791992
-11.497329711914062
-11.499174118041992
-11.4957275390625
-11.499137878417969
-11.497787475585938
-11.497638702392578
-11.497467041015625
-11.497010231018066
-11.497347831726074
-11.499091148376465
-11.49669361114502
-11.495962142944336
-11.497418403625488
-11.492046356201172
-11.499568939208984
-11.497650146484375
-11.495630264282227
-11.498167037963867
-11.49700927734375
-11.497573852539062
-11.499741554260254
-11.495317459106445
-11.499022483825684
-11.494182586669922
-11.490545272827148
-11.497507095336914
-11.486721992492676
-11.483482360839844
-11.485283851623535
-11.487407684326172
-11.484115600585938
-11.49040412902832
-11.484908103942871
-11.494065284729004
-11.47632122039795
-11.42090129852295
-11.459874153137207
-11.47318172454834
-11.443222045898438
-11.476776123046875
-11.42652416229248
-11.473332405090332
-11.461627960205078
-11.460932731628418
-11.480224609375
-11.454360961914062
-11.49366283416748
-11.413922309875488
-11.380387306213379
-11.344608306884766
-11.46726131439209
-11.384163856506348
-11.393442153930664
-11.466445922851562
-11.405586242675781
-11.426701545715332
-11.481871604919434
-11.38087272644043
-11.406635284423828
-11.301056861877441
-11.390191078186035
-11.434795379638672
-11.33156967163086
-11.393590927124023
-11.445920944213867
-11.38393497467041
-11.42365837097168
-11.476211547851562
-11.371612548828125
-11.42149829864502
-11.322298049926758
-11.394454956054688
-11.443017959594727
-11.33745002746582
-11.400096893310547
-11.460938453674316
-11.391457557678223
-11.416312217712402
-11.48054027557373
-11.358949661254883
-11.420401573181152
-11.318634986877441
-11.394208908081055
-11.442564964294434
-11.359305381774902
-11.385173797607422
-11.454063415527344
-11.410194396972656
-11.411933898925781
-11.479001998901367
-11.406322479248047
-11.474098205566406
-11.406683921813965
-11.431946754455566
-11.473357200622559
-11.42487621307373
-11.451224327087402
-11.47591781616211
-11.447213172912598
-11.473441123962402
-11.487142562866211
-11.443414688110352
-11.436238288879395
-11.373353958129883
-11.459234237670898
-11.447261810302734
-11.405401229858398
-11.478555679321289
-11.437515258789062
-11.4347562789917
-11.48416519165039
-11.438993453979492
-11.473142623901367
-11.47948932647705
-11.456439018249512
-11.49165153503418
-11.44090461730957
-11.468171119689941
-11.424769401550293
-11.470871925354004
-11.463820457458496
-11.438970565795898
-11.481941223144531
-11.462789535522461
-11.459779739379883
-11.491348266601562
-11.453222274780273
-11.473723411560059
-11.44349193572998
-11.477726936340332
-11.473220825195312
-11.46004867553711
-11.489413261413574
-11.46803092956543
-11.476343154907227
-11.49182415008545
-11.457075119018555
-11.460357666015625
-11.438008308410645
-11.484232902526855
-11.449073791503906
-11.464704513549805
-11.483304977416992
-11.456007957458496
-11.47719669342041
-11.488057136535645
-11.463858604431152
-11.467849731445312
-11.429176330566406
-11.476714134216309
-11.472241401672363
-11.432848930358887
-11.482796669006348
-11.456271171569824
-11.455018043518066
-11.49011516571045
-11.446334838867188
-11.474824905395508
-11.437883377075195
-11.468169212341309
-11.478920936584473
-11.445647239685059
-11.478309631347656
-11.475168228149414
-11.461766242980957
-11.488590240478516
-11.471904754638672
-11.496101379394531
-11.477645874023438
-11.49151611328125
-11.485906600952148
-11.482110023498535
-11.489737510681152
-11.48086166381836
-11.49224853515625
-11.487303733825684
-11.4957857131958
-11.49626636505127
-11.494686126708984
-11.496137619018555
-11.494799613952637
-11.491762161254883
-11.488969802856445
-11.494257926940918
-11.492339134216309
-11.488629341125488
-11.487253189086914
-11.49605941772461
-11.484033584594727
-11.496095657348633
-11.489300727844238
-11.496057510375977
-11.49300765991211
-11.493929862976074
-11.495646476745605
-11.492971420288086
-11.495224952697754
-11.489542961120605
-11.484700202941895
-11.489962577819824
-11.49320125579834
-11.485833168029785
-11.478572845458984
-11.46737003326416
-11.490017890930176
-11.473542213439941
-11.481573104858398
-11.486458778381348
-11.479331970214844
-11.49279499053955
-11.477707862854004
-11.489483833312988
-11.479530334472656
-11.4959716796875
-11.473627090454102
-11.48692798614502
-11.471484184265137
-11.485276222229004
-11.479259490966797
-11.476899147033691
-11.4934663772583
