loss_u
-3.3427116870880127
-3.393819570541382
-3.3449325561523438
-3.471362590789795
-3.5083141326904297
-3.4070887565612793
-3.4953911304473877
-3.448634386062622
-3.4875757694244385
-3.4936606884002686
-3.4524271488189697
-3.602273464202881
-3.5887181758880615
-3.55806303024292
-3.5630905628204346
-3.612717390060425
-3.6155242919921875
-3.6038177013397217
-3.6306710243225098
-3.6652767658233643
-3.66742205619812
-3.6594574451446533
-3.65615177154541
-3.6768558025360107
-3.7662084102630615
-3.7712597846984863
-3.7966198921203613
-3.741568088531494
-3.7714431285858154
-3.761894941329956
-3.914517879486084
-3.8937182426452637
-3.935676097869873
-3.89125919342041
-3.970895290374756
-3.901918411254883
-4.011945724487305
-3.9681198596954346
-4.047489166259766
-4.061022758483887
-4.14211368560791
-4.259169101715088
-4.18373966217041
-4.157925605773926
-4.473530292510986
-4.345566749572754
-4.476100444793701
-4.508374214172363
-4.529750823974609
-4.66552209854126
-4.727890491485596
-4.8750224113464355
-4.976543426513672
-5.071857452392578
-5.0411601066589355
-5.266119480133057
-5.517419338226318
-5.585003852844238
-5.790494918823242
-5.905608654022217
-6.04284143447876
-6.0576372146606445
-6.056561470031738
-6.057534217834473
-5.964622497558594
-5.910844802856445
-5.921950817108154
-5.913782119750977
-5.9987287521362305
-6.03225564956665
-6.105103969573975
-6.130640983581543
-6.176249027252197
-6.175541400909424
-6.15586519241333
-6.164058685302734
-6.0933685302734375
-6.128033638000488
-6.131814479827881
-6.121954441070557
-6.135788440704346
-6.188732147216797
-6.205604076385498
-6.239350318908691
-6.249091148376465
-6.257808208465576
-6.236141681671143
-6.233692646026611
-6.234681606292725
-6.225642681121826
-6.241390705108643
-6.241157531738281
-6.268807888031006
-6.285187721252441
-6.273002624511719
-6.280243873596191
-6.306817054748535
-6.28858757019043
-6.297061920166016
-6.293251037597656
-6.317502975463867
-6.309484004974365
-6.296021938323975
-6.320685863494873
-6.324389457702637
-6.342095851898193
-6.331439018249512
-6.318871974945068
-6.3412699699401855
-6.355401039123535
-6.336977005004883
-6.356478691101074
-6.367088794708252
-6.380411624908447
-6.375557899475098
-6.358625411987305
-6.377589225769043
-6.39884090423584
-6.3738627433776855
-6.407280921936035
-6.400391578674316
-6.402627468109131
-6.396727561950684
-6.41527795791626
-6.437376022338867
-6.424299240112305
-6.442968845367432
-6.468569755554199
-6.461211681365967
-6.468136787414551
-6.476675033569336
-6.489259719848633
-6.492927074432373
-6.525041103363037
-6.511387348175049
-6.535537242889404
-6.553390026092529
-6.590277671813965
-6.557753086090088
-6.5782928466796875
-6.618121147155762
-6.6307148933410645
-6.673063278198242
-6.661369800567627
-6.688257217407227
-6.6975250244140625
-6.711989402770996
-6.761571407318115
-6.80135440826416
-6.82564115524292
-6.908076763153076
-6.904815196990967
-6.926477432250977
-6.975582599639893
-7.03043270111084
-7.049965858459473
-7.16301155090332
-7.21844482421875
-7.270534992218018
-7.312342643737793
-7.410091400146484
-7.46720027923584
-7.549773693084717
-7.6362504959106445
-7.82830286026001
-7.873692035675049
-8.13720417022705
-8.16148853302002
-8.343393325805664
-8.574602127075195
-8.574979782104492
-8.619306564331055
-8.609806060791016
-8.606792449951172
-8.656718254089355
-8.539020538330078
-8.592172622680664
-8.60043716430664
-8.722243309020996
-8.7002534866333
-8.7825288772583
-8.741339683532715
-8.776747703552246
-8.844133377075195
-8.843135833740234
-8.729039192199707
-8.925437927246094
-9.053375244140625
-8.819982528686523
-8.921438217163086
-8.773962020874023
-8.884469985961914
-8.957183837890625
-8.893394470214844
-9.042798042297363
-8.876057624816895
-9.066993713378906
-9.068727493286133
-9.056984901428223
-9.063407897949219
-9.01699161529541
-8.848194122314453
-9.12513256072998
-8.858026504516602
-9.011513710021973
-8.968454360961914
-9.156814575195312
-9.187999725341797
-9.107071876525879
-8.9241361618042
-9.16836166381836
-8.910665512084961
-9.100836753845215
-9.17288589477539
-9.097293853759766
-9.131356239318848
-9.221317291259766
-9.082494735717773
-9.07701301574707
-9.201065063476562
-9.186277389526367
-9.247451782226562
-9.180148124694824
-9.08906078338623
-9.134702682495117
-9.321873664855957
-9.253519058227539
-9.246445655822754
-9.306096076965332
-9.259181022644043
-9.321552276611328
-9.417398452758789
-9.42366886138916
-9.283437728881836
-9.318560600280762
-9.27985668182373
-9.249916076660156
-9.393355369567871
-9.484795570373535
-9.183090209960938
-9.238993644714355
-9.300355911254883
-9.370011329650879
-9.299185752868652
-9.314340591430664
-9.42702579498291
-9.350870132446289
-9.242613792419434
-9.573014259338379
-9.365196228027344
-9.552330017089844
-9.339534759521484
-9.24860954284668
-9.403968811035156
-9.532280921936035
-9.308984756469727
-9.476435661315918
-9.529869079589844
-9.314698219299316
-9.52851676940918
-9.508432388305664
-9.323677062988281
-9.628888130187988
-9.461201667785645
-9.516824722290039
-9.517292022705078
-9.29313850402832
-9.426804542541504
-9.582296371459961
-9.479517936706543
-9.482845306396484
-9.48926067352295
-9.515144348144531
-9.633481979370117
-9.463953971862793
-9.520536422729492
-9.64841079711914
-9.667880058288574
-9.475366592407227
-9.596844673156738
-9.599017143249512
-9.505937576293945
-9.490594863891602
-9.482654571533203
-9.590295791625977
-9.750504493713379
-9.550415992736816
-9.823128700256348
-9.722290992736816
-9.568804740905762
-9.673897743225098
-9.646367073059082
-9.620845794677734
-9.731925964355469
-9.713573455810547
-9.70503044128418
-9.706225395202637
-9.722704887390137
-9.714635848999023
-9.647710800170898
-9.604564666748047
-9.714133262634277
-9.70532512664795
-9.686443328857422
-9.56494140625
-9.833028793334961
-9.498957633972168
-9.949604988098145
-9.753499984741211
-9.87170124053955
-9.841083526611328
-9.887199401855469
-9.893985748291016
-9.84289264678955
-9.882637023925781
-9.826742172241211
-9.861793518066406
-9.951920509338379
-9.987826347351074
-9.869452476501465
-9.992551803588867
-9.884332656860352
-9.934405326843262
-10.07107925415039
-9.844072341918945
-10.012624740600586
-9.981334686279297
-9.852304458618164
-9.996856689453125
-9.973481178283691
-9.926247596740723
-10.01697063446045
-9.948062896728516
-10.021552085876465
-10.158034324645996
-10.078880310058594
-9.974912643432617
-10.10716724395752
-10.148178100585938
-10.098127365112305
-10.073143005371094
-10.031411170959473
-10.207655906677246
-10.145236015319824
-10.109434127807617
-10.174901008605957
-10.113100051879883
-9.979716300964355
-10.18290901184082
-10.267208099365234
-10.220574378967285
-10.142223358154297
-10.251131057739258
-10.147953033447266
-10.253101348876953
-10.291902542114258
-10.257347106933594
-10.214754104614258
-10.297928810119629
-10.16047191619873
-10.344815254211426
-10.11680793762207
-10.308533668518066
-10.218805313110352
-10.280397415161133
-10.307503700256348
-10.296268463134766
-10.37244701385498
-10.379430770874023
-10.278850555419922
-10.406534194946289
-10.238966941833496
-10.41307544708252
-10.344759941101074
-10.381240844726562
-10.472878456115723
-10.353636741638184
-10.397126197814941
-10.445127487182617
-10.474876403808594
-10.369704246520996
-10.399642944335938
-10.449784278869629
-10.39621639251709
-10.487374305725098
-10.403449058532715
-10.500863075256348
-10.575515747070312
-10.472744941711426
-10.50400161743164
-10.504037857055664
-10.436848640441895
-10.590326309204102
-10.514314651489258
-10.497036933898926
-10.422820091247559
-10.501188278198242
-10.49061107635498
-10.543413162231445
-10.619850158691406
-10.637264251708984
-10.544268608093262
-10.579060554504395
-10.532485961914062
-10.570764541625977
-10.68038272857666
-10.626148223876953
-10.59547233581543
-10.70248031616211
-10.68212890625
-10.610495567321777
-10.558578491210938
-10.59733772277832
-10.614189147949219
-10.672064781188965
-10.593185424804688
-10.619135856628418
-10.693711280822754
-10.683629989624023
-10.68470287322998
-10.728254318237305
-10.592630386352539
-10.659368515014648
-10.762430191040039
-10.74770736694336
-10.729244232177734
-10.650494575500488
-10.740463256835938
-10.77719497680664
-10.73327922821045
-10.73717975616455
-10.735472679138184
-10.732556343078613
-10.721908569335938
-10.7841157913208
-10.76040267944336
-10.836047172546387
-10.694367408752441
-10.7794771194458
-10.853291511535645
-10.733704566955566
-10.745735168457031
-10.795084953308105
-10.814781188964844
-10.839903831481934
-10.736310005187988
-10.805747032165527
-10.677135467529297
-10.679429054260254
-10.793706893920898
-10.639922142028809
-10.634352684020996
-10.893122673034668
-10.818203926086426
-10.738855361938477
-10.762205123901367
-10.7230863571167
-10.785553932189941
-10.775504112243652
-10.819019317626953
-10.840540885925293
-10.859655380249023
-10.854447364807129
-10.869195938110352
-10.942911148071289
-10.960049629211426
-10.849630355834961
-10.823725700378418
-10.925040245056152
-10.911981582641602
-10.853362083435059
-10.899381637573242
-10.819252967834473
-10.838794708251953
-10.930800437927246
-10.900579452514648
-10.962727546691895
-10.898306846618652
-10.920180320739746
-10.983757972717285
-10.916306495666504
-10.962377548217773
-10.868443489074707
-10.914345741271973
-10.9562406539917
-10.891687393188477
-10.89304256439209
-10.900036811828613
-10.961403846740723
-10.904082298278809
-10.958253860473633
-10.861493110656738
-10.891253471374512
-10.892041206359863
-10.96842098236084
-10.900458335876465
-11.036020278930664
-10.8721284866333
-10.96053409576416
-10.918719291687012
-10.965723037719727
-10.98258113861084
-10.939007759094238
-10.89941120147705
-11.016545295715332
-10.912013053894043
-10.9957275390625
-10.946259498596191
-10.927531242370605
-10.944389343261719
-10.986618041992188
-10.959349632263184
-10.928292274475098
-10.926307678222656
-11.032919883728027
-10.943939208984375
-10.985528945922852
-10.952756881713867
-11.010704040527344
-10.889006614685059
-10.947561264038086
-10.95413875579834
-11.003811836242676
-11.029374122619629
-11.041511535644531
-11.020438194274902
-10.951889038085938
-10.997316360473633
-11.014772415161133
-10.88092041015625
-10.940256118774414
-10.977736473083496
-10.98768424987793
-10.976229667663574
-10.91057014465332
-11.037951469421387
-10.975997924804688
-10.936646461486816
-10.968628883361816
-10.940242767333984
-10.951639175415039
-11.020439147949219
-11.004995346069336
-10.947833061218262
-11.050594329833984
-10.983555793762207
-11.047611236572266
-11.002325057983398
-11.028562545776367
-10.981038093566895
-11.024824142456055
-11.036630630493164
-11.003870010375977
-11.032763481140137
-11.054363250732422
-11.008305549621582
-11.041924476623535
-10.98009967803955
-11.028453826904297
-10.992199897766113
-10.969971656799316
-11.045575141906738
-11.047196388244629
-10.98985481262207
-11.027709007263184
-10.99732780456543
-11.09949016571045
-11.064355850219727
-11.003658294677734
-11.058707237243652
-11.082582473754883
-11.0564546585083
-11.097195625305176
-11.074951171875
-11.017239570617676
-11.063968658447266
-11.076982498168945
-11.082220077514648
-11.076274871826172
-11.129228591918945
-11.080790519714355
-11.004355430603027
-11.004650115966797
-11.004891395568848
-11.01505184173584
-11.036075592041016
-10.992935180664062
-11.110695838928223
-11.052811622619629
-11.114720344543457
-10.99063491821289
-10.986350059509277
-11.036458015441895
-11.094499588012695
-11.10105037689209
-11.032050132751465
-10.99024772644043
-11.04934024810791
-11.0322847366333
-11.148159980773926
-11.14335823059082
-11.027714729309082
-11.041779518127441
-11.064515113830566
-11.119755744934082
-11.090428352355957
-11.027409553527832
-10.996991157531738
-11.092103004455566
-11.04565143585205
-11.094630241394043
-11.040868759155273
-11.084660530090332
-11.132070541381836
-11.090287208557129
-11.064265251159668
-11.056988716125488
-11.127108573913574
-11.087392807006836
-11.015865325927734
-11.082992553710938
-11.144787788391113
-11.06964111328125
-11.119134902954102
-11.069580078125
-11.097524642944336
-11.059601783752441
-11.1279878616333
-11.073064804077148
-11.079594612121582
-11.157126426696777
-11.168837547302246
-11.033609390258789
-11.092758178710938
-11.143577575683594
-11.13907241821289
-11.109522819519043
-11.107183456420898
-11.117555618286133
-11.089092254638672
-11.088985443115234
-11.157629013061523
-11.110762596130371
-11.15640640258789
-11.149893760681152
-11.065978050231934
-11.145915031433105
-11.046405792236328
-11.121006965637207
-11.127540588378906
-11.10943603515625
-11.102304458618164
-11.104314804077148
-11.097594261169434
-11.047223091125488
-11.128255844116211
-11.12551498413086
-11.124773025512695
-11.136500358581543
-11.091732025146484
-11.125922203063965
-11.115986824035645
-11.165022850036621
-11.067480087280273
-11.085864067077637
-11.172530174255371
-11.153651237487793
-11.124303817749023
-11.095601081848145
-11.128118515014648
-11.138566970825195
-11.162538528442383
-11.11135196685791
-11.167603492736816
-11.109843254089355
-11.076441764831543
-11.146254539489746
-11.099475860595703
-11.085187911987305
-11.114134788513184
-11.163832664489746
-11.156429290771484
-11.139954566955566
-11.154800415039062
-11.129059791564941
-11.098599433898926
-11.11258602142334
-11.076775550842285
-11.167895317077637
-11.030961036682129
-11.114116668701172
-11.133489608764648
-11.146944046020508
-11.083681106567383
-11.067400932312012
-11.137167930603027
-11.110079765319824
-11.079195022583008
-11.088067054748535
-11.094978332519531
-11.188535690307617
-11.056914329528809
-11.129857063293457
-11.227705001831055
-11.080877304077148
-11.132180213928223
-11.14327621459961
-11.160107612609863
-11.166030883789062
-11.1405611038208
-11.10111141204834
-11.121949195861816
-11.163540840148926
-11.139103889465332
-11.091500282287598
-11.128769874572754
-11.158309936523438
-11.198463439941406
-11.100686073303223
-11.14177131652832
-11.18466567993164
-11.220239639282227
-11.140382766723633
-11.148283004760742
-11.136213302612305
-11.133761405944824
-11.184063911437988
-11.192021369934082
-11.176119804382324
-11.105710983276367
-11.124993324279785
-11.131887435913086
-11.197431564331055
-11.136847496032715
-11.114827156066895
-11.159870147705078
-11.178488731384277
-11.155876159667969
-11.141417503356934
-11.140860557556152
-11.063056945800781
-11.174263000488281
-11.179941177368164
-11.180469512939453
-11.186386108398438
-11.098063468933105
-11.203948974609375
-11.164496421813965
-11.154414176940918
-11.115819931030273
-11.178133010864258
-11.149886131286621
-11.172565460205078
-11.114944458007812
-11.097668647766113
-11.139983177185059
-11.181312561035156
-11.154678344726562
-11.087485313415527
-11.1199369430542
-11.12453842163086
-11.126188278198242
-11.065210342407227
-11.169034004211426
-11.158166885375977
-11.136946678161621
-11.103832244873047
-11.195138931274414
-11.175261497497559
-11.19001293182373
-11.205801010131836
-11.194639205932617
-11.202513694763184
-11.152812957763672
-11.15427017211914
-11.141149520874023
-11.150979042053223
-11.18580436706543
-11.130558013916016
-11.178010940551758
-11.136882781982422
-11.169367790222168
-11.202535629272461
-11.197251319885254
-11.187989234924316
-11.192770957946777
-11.176956176757812
-11.199689865112305
-11.153242111206055
-11.21815299987793
-11.189875602722168
-11.224886894226074
-11.155677795410156
-11.180720329284668
-11.199172973632812
-11.18823528289795
-11.178986549377441
-11.175725936889648
-11.154507637023926
-11.187126159667969
-11.170731544494629
-11.155196189880371
-11.138617515563965
-11.191914558410645
-11.234599113464355
-11.129582405090332
-11.192899703979492
-11.183259010314941
-11.171547889709473
-11.187965393066406
-11.18622875213623
-11.21967887878418
-11.185464859008789
-11.138666152954102
-11.169593811035156
-11.206279754638672
-11.183170318603516
-11.21527099609375
-11.221799850463867
-11.167023658752441
-11.167481422424316
-11.201597213745117
-11.214402198791504
-11.197131156921387
-11.250960350036621
-11.180931091308594
-11.207204818725586
-11.156172752380371
-11.18033504486084
-11.209269523620605
-11.183064460754395
-11.189661026000977
-11.211524963378906
-11.21070384979248
-11.204750061035156
-11.2127103805542
-11.18249797821045
-11.193633079528809
-11.221612930297852
-11.221761703491211
-11.182125091552734
-11.134029388427734
-11.187795639038086
-11.207735061645508
-11.209460258483887
-11.192483901977539
-11.202706336975098
-11.178946495056152
-11.215360641479492
-11.247048377990723
-11.221596717834473
-11.249387741088867
-11.216673851013184
-11.193915367126465
-11.188669204711914
-11.243354797363281
-11.195995330810547
-11.223388671875
-11.134161949157715
-11.185708999633789
-11.21318244934082
-11.210944175720215
-11.210958480834961
-11.183895111083984
-11.168926239013672
-11.121103286743164
-11.2050199508667
-11.231344223022461
-11.214365005493164
-11.214422225952148
-11.20630168914795
-11.249143600463867
-11.180150032043457
-11.200531005859375
-11.249534606933594
-11.240039825439453
-11.23375415802002
-11.214334487915039
-11.242596626281738
-11.222432136535645
-11.279775619506836
-11.206378936767578
-11.225531578063965
-11.26217269897461
-11.23685359954834
-11.168527603149414
-11.223435401916504
-11.222776412963867
-11.187567710876465
-11.236550331115723
-11.227959632873535
-11.195807456970215
-11.183483123779297
-11.257965087890625
-11.209938049316406
-11.234478950500488
-11.240544319152832
-11.241976737976074
-11.225906372070312
-11.19232177734375
-11.207810401916504
-11.222752571105957
-11.23233413696289
-11.239106178283691
-11.194402694702148
-11.19478702545166
-11.258987426757812
-11.227386474609375
-11.236832618713379
-11.216248512268066
-11.262993812561035
-11.17895793914795
-11.169044494628906
-11.170601844787598
-11.204724311828613
-11.253748893737793
-11.179134368896484
-11.131071090698242
-11.216384887695312
-11.257885932922363
-11.20592212677002
-11.1547212600708
-11.222187995910645
-11.241663932800293
-11.261423110961914
-11.272520065307617
-11.251143455505371
-11.194171905517578
-11.187338829040527
-11.212486267089844
-11.210151672363281
-11.197546005249023
-11.193492889404297
-11.244677543640137
-11.26625919342041
-11.202559471130371
-11.243773460388184
-11.234474182128906
-11.23293685913086
-11.278307914733887
-11.225720405578613
-11.225025177001953
-11.28519344329834
-11.258454322814941
-11.227448463439941
-11.256671905517578
-11.260854721069336
-11.268356323242188
-11.220459938049316
-11.269014358520508
-11.233691215515137
-11.233488082885742
-11.24516773223877
-11.239283561706543
-11.263017654418945
-11.267271995544434
-11.214106559753418
-11.255379676818848
-11.234724998474121
-11.234959602355957
-11.273378372192383
-11.279885292053223
-11.266887664794922
-11.254266738891602
-11.235118865966797
-11.231034278869629
-11.2846097946167
-11.269100189208984
-11.261773109436035
-11.289216995239258
-11.252447128295898
-11.274584770202637
-11.234373092651367
-11.231045722961426
-11.24857234954834
-11.270910263061523
-11.240621566772461
-11.209077835083008
-11.263155937194824
-11.290450096130371
-11.268350601196289
-11.297257423400879
-11.220520973205566
-11.275595664978027
-11.25031852722168
-11.26406478881836
-11.23157024383545
-11.249649047851562
-11.245912551879883
-11.279638290405273
-11.257599830627441
-11.276538848876953
-11.23902702331543
-11.254085540771484
-11.239103317260742
-11.25072956085205
-11.260970115661621
-11.237831115722656
-11.303970336914062
-11.249905586242676
-11.30200481414795
-11.25381851196289
-11.274889945983887
-11.23969554901123
-11.255732536315918
-11.288848876953125
-11.270995140075684
-11.313192367553711
-11.250258445739746
-11.278251647949219
-11.249665260314941
-11.25384521484375
-11.280766487121582
-11.289724349975586
-11.251691818237305
-11.241424560546875
-11.277847290039062
-11.26308822631836
-11.308836936950684
-11.21371841430664
-11.306363105773926
-11.237046241760254
-11.247529983520508
-11.237384796142578
-11.295987129211426
-11.243528366088867
-11.274345397949219
-11.227134704589844
-11.250980377197266
-11.210288047790527
-11.16858959197998
-11.249190330505371
-11.231965065002441
-11.231926918029785
-11.194011688232422
-11.229704856872559
-11.216567993164062
-11.262300491333008
-11.272465705871582
-11.229132652282715
-11.247305870056152
-11.254786491394043
-11.277847290039062
-11.253016471862793
-11.22379207611084
-11.220026969909668
-11.14693546295166
-11.218563079833984
-11.249841690063477
-11.249241828918457
-11.187564849853516
-11.15464973449707
-11.149358749389648
-11.088033676147461
-11.201355934143066
-11.286299705505371
-11.18774127960205
-11.121719360351562
-11.275548934936523
-11.222437858581543
-11.19259262084961
-11.16669750213623
-11.256294250488281
-11.267168998718262
-11.262613296508789
-11.227673530578613
-11.25637435913086
-11.266912460327148
-11.285911560058594
-11.294092178344727
-11.277701377868652
-11.287589073181152
-11.254865646362305
-11.277312278747559
-11.243583679199219
-11.295979499816895
-11.309443473815918
-11.260111808776855
-11.256237983703613
-11.278182983398438
-11.271890640258789
-11.2880859375
-11.273319244384766
-11.263370513916016
-11.253999710083008
-11.282586097717285
-11.304240226745605
-11.300457954406738
-11.260696411132812
-11.285828590393066
-11.246601104736328
-11.25584888458252
-11.271596908569336
-11.263810157775879
-11.265990257263184
-11.288464546203613
-11.27979850769043
-11.246872901916504
-11.278642654418945
-11.306964874267578
-11.290212631225586
-11.280409812927246
-11.263916969299316
-11.315140724182129
-11.255574226379395
-11.25380802154541
-11.311257362365723
-11.272981643676758
-11.286012649536133
-11.256394386291504
-11.29588508605957
-11.305384635925293
-11.284688949584961
-11.295731544494629
-11.30508804321289
-11.302424430847168
-11.26970100402832
-11.31387996673584
-11.268875122070312
-11.291099548339844
-11.256404876708984
-11.30029296875
-11.287775993347168
-11.27686882019043
-11.277791023254395
-11.314871788024902
-11.31906509399414
-11.275346755981445
-11.267951965332031
-11.327484130859375
-11.278910636901855
-11.270520210266113
-11.287079811096191
-11.313169479370117
-11.276073455810547
-11.259270668029785
-11.280990600585938
-11.304227828979492
-11.277960777282715
-11.311333656311035
-11.292678833007812
-11.297560691833496
-11.285754203796387
-11.25825023651123
-11.291945457458496
-11.259090423583984
-11.289623260498047
-11.302358627319336
-11.291627883911133
-11.287850379943848
-11.273747444152832
-11.280570030212402
-11.272193908691406
-11.28866958618164
-11.250823974609375
-11.262199401855469
-11.295218467712402
-11.292168617248535
-11.261844635009766
-11.289461135864258
-11.312087059020996
-11.3070650100708
-11.26905345916748
-11.330615043640137
-11.283039093017578
-11.278938293457031
-11.298162460327148
-11.307585716247559
-11.297579765319824
-11.285455703735352
-11.301276206970215
-11.285653114318848
-11.308613777160645
-11.299254417419434
-11.321961402893066
-11.292200088500977
-11.2820405960083
-11.292329788208008
-11.25835132598877
-11.312334060668945
-11.324748992919922
-11.294259071350098
-11.291772842407227
-11.303635597229004
-11.299817085266113
-11.279685974121094
-11.26373291015625
-11.279555320739746
-11.290305137634277
-11.296722412109375
-11.296857833862305
-11.313846588134766
-11.286538124084473
-11.268884658813477
-11.286002159118652
-11.323923110961914
-11.299376487731934
-11.2960844039917
-11.314833641052246
-11.285377502441406
-11.290857315063477
-11.291314125061035
-11.288616180419922
-11.283863067626953
-11.30444049835205
-11.298048973083496
-11.28178596496582
-11.274792671203613
-11.288496971130371
-11.304481506347656
-11.30876636505127
-11.308126449584961
-11.308262825012207
-11.29541301727295
-11.309229850769043
-11.30748462677002
-11.327945709228516
-11.279372215270996
-11.317652702331543
-11.300372123718262
-11.307286262512207
-11.299834251403809
-11.290162086486816
-11.283758163452148
-11.327310562133789
-11.318734169006348
-11.289249420166016
-11.307395935058594
-11.309722900390625
-11.308080673217773
-11.304184913635254
-11.302647590637207
-11.314203262329102
-11.30801773071289
-11.288834571838379
-11.310514450073242
-11.2761812210083
-11.302099227905273
-11.295297622680664
-11.321622848510742
-11.313407897949219
-11.334039688110352
-11.324821472167969
-11.331109046936035
-11.322039604187012
-11.297913551330566
-11.318560600280762
-11.303990364074707
-11.295248985290527
-11.31517505645752
-11.325594902038574
-11.330825805664062
-11.302509307861328
-11.308512687683105
-11.306146621704102
-11.323678016662598
-11.338776588439941
-11.317808151245117
-11.290128707885742
-11.299975395202637
-11.2871675491333
-11.32949447631836
-11.269338607788086
-11.308589935302734
-11.303550720214844
-11.335947036743164
-11.295050621032715
-11.316729545593262
-11.306655883789062
-11.32052993774414
-11.315722465515137
-11.319369316101074
-11.309134483337402
-11.30046272277832
-11.289836883544922
-11.309450149536133
-11.262020111083984
-11.29849624633789
-11.336291313171387
-11.283114433288574
-11.327884674072266
-11.3065185546875
-11.297490119934082
-11.312434196472168
-11.322381019592285
-11.314544677734375
-11.332350730895996
-11.323112487792969
-11.32833194732666
-11.289560317993164
-11.281575202941895
-11.277876853942871
-11.305692672729492
-11.317218780517578
-11.274085998535156
-11.266397476196289
-11.257345199584961
-11.264616966247559
-11.288147926330566
-11.308789253234863
-11.309239387512207
-11.288930892944336
-11.291205406188965
-11.344063758850098
-11.312884330749512
-11.337679862976074
-11.340653419494629
-11.331766128540039
-11.338897705078125
-11.330297470092773
-11.338183403015137
-11.33064079284668
-11.33309555053711
-11.325419425964355
-11.342398643493652
-11.298501968383789
-11.339003562927246
-11.317904472351074
-11.301031112670898
-11.307356834411621
-11.292011260986328
-11.319082260131836
-11.331320762634277
-11.34865665435791
-11.311529159545898
-11.303460121154785
-11.301154136657715
-11.237284660339355
-11.266824722290039
-11.310254096984863
-11.338804244995117
-11.335617065429688
-11.318042755126953
-11.264704704284668
-11.310267448425293
-11.342082023620605
-11.29731559753418
-11.20553207397461
-11.215865135192871
-11.308270454406738
-11.275524139404297
-11.258206367492676
-11.285290718078613
-11.324589729309082
-11.301300048828125
-11.247786521911621
-11.255108833312988
-11.306428909301758
-11.258321762084961
-11.24875545501709
-11.289916038513184
-11.318758964538574
-11.33688735961914
-11.288790702819824
-11.312936782836914
-11.324705123901367
-11.308537483215332
-11.32541561126709
-11.281848907470703
-11.290557861328125
-11.296900749206543
-11.318998336791992
-11.299363136291504
-11.298782348632812
-11.300789833068848
-11.32983112335205
-11.314861297607422
-11.33238410949707
-11.308158874511719
-11.292783737182617
-11.295652389526367
-11.338689804077148
-11.335968017578125
-11.333917617797852
-11.305405616760254
-11.302385330200195
-11.306328773498535
-11.311007499694824
-11.297842025756836
-11.350679397583008
-11.337254524230957
-11.33053207397461
-11.336709976196289
-11.343022346496582
-11.34018611907959
-11.344969749450684
-11.320022583007812
-11.350417137145996
-11.32323932647705
-11.342740058898926
-11.329171180725098
-11.331082344055176
-11.336231231689453
-11.319220542907715
-11.31718921661377
-11.309165000915527
-11.35328483581543
-11.350071907043457
-11.337650299072266
-11.321709632873535
-11.333639144897461
-11.348122596740723
-11.359354972839355
-11.334776878356934
-11.31430721282959
-11.335123062133789
-11.340911865234375
-11.320354461669922
-11.335622787475586
-11.310493469238281
-11.333613395690918
-11.343795776367188
-11.343841552734375
-11.340255737304688
-11.35937213897705
-11.32273006439209
-11.307527542114258
-11.32359504699707
-11.341520309448242
-11.345738410949707
-11.342432975769043
-11.341665267944336
-11.315184593200684
-11.333857536315918
-11.328102111816406
-11.338863372802734
-11.344515800476074
-11.342920303344727
-11.341879844665527
-11.331262588500977
-11.32558822631836
-11.30936336517334
-11.327350616455078
-11.337360382080078
-11.331666946411133
-11.351448059082031
-11.341565132141113
-11.362117767333984
-11.315455436706543
-11.323221206665039
-11.360271453857422
-11.335125923156738
-11.345909118652344
-11.33690357208252
-11.328078269958496
-11.316932678222656
-11.343594551086426
-11.321147918701172
-11.34691047668457
-11.3467435836792
-11.350127220153809
-11.350289344787598
-11.34050464630127
-11.323685646057129
-11.34250259399414
-11.333671569824219
-11.33960247039795
-11.360198974609375
-11.365243911743164
-11.34943962097168
-11.352614402770996
-11.34797477722168
-11.34829330444336
-11.355592727661133
-11.350541114807129
-11.349517822265625
-11.34386920928955
-11.337312698364258
-11.356668472290039
-11.34416675567627
-11.335714340209961
-11.335850715637207
-11.347843170166016
-11.323402404785156
-11.345075607299805
-11.346835136413574
-11.33173656463623
-11.36987018585205
-11.354649543762207
-11.370638847351074
-11.363325119018555
-11.353755950927734
-11.35522174835205
-11.35218620300293
-11.35370922088623
-11.315824508666992
-11.352415084838867
-11.339847564697266
-11.342989921569824
-11.343517303466797
-11.340975761413574
-11.337732315063477
-11.351181030273438
-11.340656280517578
-11.348323822021484
-11.33127212524414
-11.356178283691406
-11.320993423461914
-11.35052490234375
-11.356805801391602
-11.333887100219727
-11.334904670715332
-11.340385437011719
-11.332756042480469
-11.345641136169434
-11.350898742675781
-11.336297035217285
-11.347967147827148
-11.322611808776855
-11.325628280639648
-11.329659461975098
-11.331363677978516
-11.319722175598145
-11.33696174621582
-11.349614143371582
-11.35244369506836
-11.359761238098145
-11.3533935546875
-11.354451179504395
-11.332087516784668
-11.315393447875977
-11.31906509399414
-11.302660942077637
-11.311874389648438
-11.329377174377441
-11.364200592041016
-11.343334197998047
-11.324048042297363
-11.284221649169922
-11.301536560058594
-11.322183609008789
-11.347558975219727
-11.377721786499023
-11.335192680358887
-11.325789451599121
-11.32474136352539
-11.344162940979004
-11.345813751220703
-11.328128814697266
-11.362826347351074
-11.354063034057617
-11.307875633239746
-11.329585075378418
-11.362777709960938
-11.362417221069336
-11.340553283691406
-11.32884407043457
-11.366415023803711
-11.348926544189453
-11.368962287902832
-11.347846031188965
-11.356423377990723
-11.358057022094727
-11.33265209197998
-11.359664916992188
-11.358534812927246
-11.357809066772461
-11.34416675567627
-11.327102661132812
-11.311895370483398
-11.339573860168457
-11.333189964294434
-11.356420516967773
-11.358124732971191
-11.354592323303223
-11.361034393310547
-11.357901573181152
-11.37468433380127
-11.34765625
-11.367987632751465
-11.349319458007812
-11.345836639404297
-11.354754447937012
-11.373796463012695
-11.364047050476074
-11.366532325744629
-11.354418754577637
-11.361603736877441
-11.340557098388672
-11.350484848022461
-11.327095985412598
-11.325932502746582
-11.316778182983398
-11.32962417602539
-11.349662780761719
-11.345755577087402
-11.348512649536133
-11.367348670959473
-11.350313186645508
-11.356937408447266
-11.361868858337402
-11.342248916625977
-11.335634231567383
-11.357528686523438
-11.343816757202148
-11.340665817260742
-11.368714332580566
-11.350606918334961
-11.323686599731445
-11.342726707458496
-11.340001106262207
-11.326128959655762
-11.329263687133789
-11.32960033416748
-11.356022834777832
-11.3680419921875
-11.35325813293457
-11.35546588897705
-11.340792655944824
-11.338629722595215
-11.331917762756348
-11.342638969421387
-11.337636947631836
-11.345263481140137
-11.34144401550293
-11.343384742736816
-11.353617668151855
-11.358927726745605
-11.369818687438965
-11.35832691192627
-11.362892150878906
-11.348552703857422
-11.341131210327148
-11.357735633850098
-11.343683242797852
-11.338586807250977
-11.350374221801758
-11.356546401977539
-11.342936515808105
-11.350967407226562
-11.345240592956543
-11.349492073059082
-11.368936538696289
-11.361371994018555
-11.34634017944336
-11.348591804504395
-11.349790573120117
-11.361294746398926
-11.330660820007324
-11.356290817260742
-11.345929145812988
-11.368932723999023
-11.349499702453613
-11.354724884033203
-11.324013710021973
-11.335893630981445
-11.325416564941406
-11.339187622070312
-11.350188255310059
-11.374504089355469
-11.357056617736816
-11.344016075134277
-11.353527069091797
-11.359288215637207
-11.348613739013672
-11.334135055541992
-11.37986946105957
-11.355804443359375
-11.3530855178833
-11.360122680664062
-11.346211433410645
-11.336803436279297
-11.362015724182129
-11.347885131835938
-11.357407569885254
-11.360322952270508
-11.326522827148438
-11.327157020568848
-11.332456588745117
-11.358996391296387
-11.362235069274902
-11.373445510864258
-11.36422061920166
-11.348122596740723
-11.297746658325195
-11.289556503295898
-11.311614036560059
-11.370491981506348
-11.352873802185059
-11.309942245483398
-11.293850898742676
-11.311996459960938
-11.326589584350586
-11.358573913574219
-11.347752571105957
-11.328362464904785
-11.333234786987305
-11.30981731414795
-11.34976577758789
-11.359307289123535
-11.319353103637695
-11.324291229248047
-11.320939064025879
-11.359518051147461
-11.36850357055664
-11.351827621459961
-11.344640731811523
-11.333066940307617
-11.330680847167969
-11.352766990661621
-11.370882034301758
-11.337258338928223
-11.332697868347168
-11.35577392578125
-11.350445747375488
-11.349276542663574
-11.361088752746582
-11.37260913848877
-11.332584381103516
-11.360140800476074
-11.38001823425293
-11.34765625
-11.364426612854004
-11.364282608032227
-11.373879432678223
-11.37421703338623
-11.375404357910156
-11.363014221191406
-11.373551368713379
-11.373421669006348
-11.381832122802734
-11.387293815612793
-11.375732421875
-11.36654281616211
-11.35317325592041
-11.358839988708496
-11.358139991760254
-11.372493743896484
-11.36680793762207
-11.374859809875488
-11.356348037719727
-11.354559898376465
-11.356441497802734
-11.372742652893066
-11.36723804473877
-11.373652458190918
-11.375426292419434
-11.367776870727539
-11.370786666870117
-11.362460136413574
-11.371522903442383
-11.377943992614746
-11.373847007751465
-11.377889633178711
-11.38880729675293
-11.360838890075684
-11.356622695922852
-11.366430282592773
-11.35816478729248
-11.3712797164917
-11.375012397766113
-11.372228622436523
-11.367461204528809
-11.354262351989746
-11.359511375427246
-11.356648445129395
-11.35104751586914
-11.345528602600098
-11.340238571166992
-11.354100227355957
-11.36343765258789
-11.350903511047363
-11.370416641235352
-11.365715026855469
-11.338037490844727
-11.349685668945312
-11.36414623260498
-11.370075225830078
-11.358970642089844
-11.363505363464355
-11.36838436126709
-11.377148628234863
-11.352798461914062
-11.372095108032227
-11.381465911865234
-11.361296653747559
-11.351998329162598
-11.375303268432617
-11.383377075195312
-11.378090858459473
-11.358107566833496
-11.389032363891602
-11.372088432312012
-11.376837730407715
-11.376909255981445
-11.365242004394531
-11.379289627075195
-11.372719764709473
-11.384759902954102
-11.372735023498535
-11.374008178710938
-11.376163482666016
-11.383344650268555
-11.368688583374023
-11.37613582611084
-11.385533332824707
-11.37287712097168
-11.386163711547852
-11.386436462402344
-11.369956970214844
-11.338358879089355
-11.334182739257812
-11.364981651306152
-11.349690437316895
-11.379029273986816
-11.379417419433594
-11.386210441589355
-11.370012283325195
-11.373239517211914
-11.35458755493164
-11.360739707946777
-11.369956970214844
-11.367731094360352
-11.376201629638672
-11.3758544921875
-11.377202987670898
-11.370661735534668
-11.367923736572266
-11.368607521057129
-11.367892265319824
-11.374116897583008
-11.376564979553223
-11.387645721435547
-11.37697982788086
-11.36723804473877
-11.379149436950684
-11.386930465698242
-11.378813743591309
-11.375131607055664
-11.377155303955078
-11.366860389709473
-11.383578300476074
-11.378398895263672
-11.376347541809082
-11.371187210083008
-11.383102416992188
-11.385504722595215
-11.37281322479248
-11.372665405273438
-11.368813514709473
-11.369077682495117
-11.374136924743652
-11.374812126159668
-11.388022422790527
-11.375837326049805
-11.369895935058594
-11.379087448120117
-11.356903076171875
-11.365960121154785
-11.350361824035645
-11.36058235168457
-11.359817504882812
-11.338306427001953
-11.345823287963867
-11.352893829345703
-11.351936340332031
-11.364570617675781
-11.368426322937012
-11.351901054382324
-11.364568710327148
-11.3798828125
-11.389907836914062
-11.362898826599121
-11.350369453430176
-11.355269432067871
-11.346035957336426
-11.351622581481934
-11.366433143615723
-11.389735221862793
-11.368444442749023
-11.346794128417969
-11.326998710632324
-11.348420143127441
-11.373934745788574
-11.371848106384277
-11.363296508789062
-11.35957145690918
-11.363948822021484
-11.38340950012207
-11.384986877441406
-11.362150192260742
-11.380846977233887
-11.39165210723877
-11.365878105163574
-11.366388320922852
-11.359298706054688
-11.372777938842773
-11.363143920898438
-11.35998821258545
-11.36153793334961
-11.381754875183105
-11.374932289123535
-11.382184028625488
-11.36810302734375
-11.355751991271973
-11.370427131652832
-11.36573600769043
-11.34504222869873
-11.37661361694336
-11.377062797546387
-11.38218879699707
-11.38537311553955
-11.375378608703613
-11.369436264038086
-11.367636680603027
-11.376226425170898
-11.386375427246094
-11.380712509155273
-11.373065948486328
-11.35914421081543
-11.353259086608887
-11.353180885314941
-11.359627723693848
-11.371342658996582
-11.36458969116211
-11.381705284118652
-11.372426986694336
-11.383023262023926
-11.376951217651367
-11.376701354980469
-11.37643051147461
-11.36032485961914
-11.36787223815918
-11.38286018371582
-11.388195037841797
-11.384135246276855
-11.378629684448242
-11.383968353271484
-11.368456840515137
-11.373223304748535
-11.385688781738281
-11.384693145751953
-11.407510757446289
-11.39870834350586
-11.397199630737305
-11.386695861816406
-11.374768257141113
-11.388010025024414
-11.36203384399414
-11.389562606811523
-11.39303207397461
-11.387664794921875
-11.382261276245117
-11.376161575317383
-11.380464553833008
-11.36483383178711
-11.372759819030762
-11.394262313842773
-11.381124496459961
-11.384404182434082
-11.381775856018066
-11.389591217041016
-11.376757621765137
-11.375569343566895
-11.382219314575195
-11.382312774658203
-11.37679386138916
-11.394814491271973
-11.360587120056152
-11.349081039428711
-11.378299713134766
-11.384666442871094
-11.3843355178833
-11.38017749786377
-11.378644943237305
-11.375371932983398
-11.38781452178955
-11.38432502746582
-11.38881778717041
-11.394079208374023
-11.378935813903809
-11.36937141418457
-11.357542037963867
-11.358932495117188
-11.354891777038574
-11.35689926147461
-11.366262435913086
-11.367149353027344
-11.38656997680664
-11.375374794006348
-11.383049011230469
-11.352453231811523
-11.354597091674805
-11.359407424926758
-11.378203392028809
-11.38665771484375
-11.390181541442871
-11.3756103515625
-11.367690086364746
-11.37050724029541
-11.388665199279785
-11.378957748413086
-11.372529029846191
-11.366742134094238
-11.342963218688965
-11.325145721435547
-11.363706588745117
-11.369426727294922
-11.380678176879883
-11.368413925170898
-11.35851001739502
-11.343570709228516
-11.396448135375977
-11.373244285583496
-11.375940322875977
-11.375385284423828
-11.370413780212402
-11.385668754577637
-11.385490417480469
-11.366273880004883
-11.348502159118652
-11.367226600646973
-11.362814903259277
-11.384172439575195
-11.395363807678223
-11.382349014282227
-11.367366790771484
-11.362020492553711
-11.374080657958984
-11.377922058105469
-11.392523765563965
-11.382658004760742
-11.399023056030273
-11.390774726867676
-11.393795013427734
-11.388110160827637
-11.387451171875
-11.378609657287598
-11.383362770080566
-11.357269287109375
-11.344708442687988
-11.3366117477417
-11.35662841796875
-11.388992309570312
-11.385235786437988
-11.360816955566406
-11.346903800964355
-11.356178283691406
-11.388522148132324
-11.391982078552246
-11.368408203125
-11.341789245605469
-11.336153030395508
-11.369086265563965
-11.395821571350098
-11.38106918334961
-11.350028038024902
-11.355780601501465
-11.372320175170898
-11.371180534362793
-11.374752044677734
-11.370485305786133
-11.377584457397461
-11.376140594482422
-11.386947631835938
-11.388138771057129
-11.368257522583008
-11.38397216796875
-11.376875877380371
-11.384819030761719
-11.360357284545898
-11.363396644592285
-11.394451141357422
-11.38270378112793
-11.402312278747559
-11.388059616088867
-11.379765510559082
-11.386214256286621
-11.389925956726074
-11.378750801086426
-11.393698692321777
-11.389921188354492
-11.36061954498291
-11.37913703918457
-11.380250930786133
-11.39619255065918
-11.388330459594727
-11.38560676574707
-11.351167678833008
-11.338714599609375
-11.367791175842285
-11.38196849822998
-11.388896942138672
-11.354768753051758
-11.3455171585083
-11.384322166442871
-11.382046699523926
-11.410287857055664
-11.375700950622559
-11.3614501953125
-11.353473663330078
-11.363147735595703
-11.375679969787598
-11.35853385925293
-11.363646507263184
-11.35233211517334
-11.380607604980469
-11.394918441772461
-11.376823425292969
-11.365538597106934
-11.378159523010254
-11.376666069030762
-11.395440101623535
-11.39048957824707
-11.397282600402832
-11.3770751953125
-11.394999504089355
-11.3891019821167
-11.390101432800293
-11.356608390808105
-11.366294860839844
-11.368192672729492
-11.391999244689941
-11.392049789428711
-11.379494667053223
-11.392000198364258
-11.368218421936035
-11.398033142089844
-11.39016342163086
-11.37144660949707
-11.353211402893066
-11.375223159790039
-11.396681785583496
-11.40078067779541
-11.3803071975708
-11.348946571350098
-11.34781551361084
-11.369834899902344
-11.393135070800781
-11.3858060836792
-11.35843276977539
-11.368809700012207
-11.3815279006958
-11.392000198364258
-11.388843536376953
-11.399298667907715
-11.375017166137695
-11.395029067993164
-11.392570495605469
-11.400885581970215
-11.406455993652344
-11.393494606018066
-11.387738227844238
-11.399789810180664
-11.385262489318848
-11.376397132873535
-11.395467758178711
-11.396719932556152
-11.399457931518555
-11.39007568359375
-11.387059211730957
-11.40285873413086
-11.38056468963623
-11.378538131713867
-11.389525413513184
-11.399733543395996
-11.390279769897461
-11.399898529052734
-11.385027885437012
-11.383074760437012
-11.377581596374512
-11.376237869262695
-11.360093116760254
-11.394229888916016
-11.397331237792969
-11.381996154785156
-11.377100944519043
-11.376771926879883
-11.379610061645508
-11.378510475158691
-11.394224166870117
-11.370023727416992
-11.345969200134277
-11.349875450134277
-11.378975868225098
-11.397809982299805
-11.374019622802734
-11.364984512329102
-11.352418899536133
-11.386189460754395
-11.406314849853516
-11.388032913208008
-11.37524700164795
-11.390571594238281
-11.381084442138672
-11.379853248596191
-11.389388084411621
-11.40090560913086
-11.389065742492676
-11.398943901062012
-11.392398834228516
-11.404500007629395
-11.387518882751465
-11.396123886108398
-11.402381896972656
-11.388311386108398
-11.389381408691406
-11.39145565032959
-11.386445999145508
-11.406807899475098
-11.402063369750977
-11.39414119720459
-11.378327369689941
-11.395784378051758
-11.38512134552002
-11.40338134765625
-11.413811683654785
-11.390274047851562
-11.386616706848145
-11.39122200012207
-11.392986297607422
-11.386124610900879
-11.408360481262207
-11.398629188537598
-11.387900352478027
-11.387934684753418
-11.401015281677246
-11.391899108886719
-11.393939971923828
-11.375385284423828
-11.379962921142578
-11.382906913757324
-11.408365249633789
-11.403928756713867
-11.384174346923828
-11.382360458374023
-11.356902122497559
-11.364697456359863
-11.407600402832031
-11.385218620300293
-11.36756420135498
-11.34439754486084
-11.370765686035156
-11.399808883666992
-11.383930206298828
-11.373858451843262
-11.36954402923584
-11.378973007202148
-11.395153045654297
-11.382852554321289
-11.359450340270996
-11.380757331848145
-11.387414932250977
-11.386011123657227
-11.369290351867676
-11.388646125793457
-11.398350715637207
-11.396608352661133
-11.397583961486816
-11.39498519897461
-11.391944885253906
-11.411476135253906
-11.397863388061523
-11.403301239013672
-11.409014701843262
-11.385066986083984
-11.397035598754883
-11.406493186950684
-11.396952629089355
-11.391953468322754
-11.38792610168457
-11.399482727050781
-11.401918411254883
-11.397513389587402
-11.395001411437988
-11.382940292358398
-11.386397361755371
-11.380608558654785
-11.392975807189941
-11.40942096710205
-11.398642539978027
-11.402822494506836
-11.403890609741211
-11.406272888183594
-11.390279769897461
-11.406098365783691
-11.402421951293945
-11.39512825012207
-11.402650833129883
-11.39931583404541
-11.404561996459961
-11.392951965332031
-11.404058456420898
-11.407100677490234
-11.38216495513916
-11.3995943069458
-11.380172729492188
-11.385663986206055
-11.388395309448242
-11.395013809204102
-11.411303520202637
-11.413357734680176
-11.405155181884766
-11.39590072631836
-11.409201622009277
-11.389975547790527
-11.404953956604004
-11.39670181274414
-11.400644302368164
-11.394379615783691
-11.402482032775879
-11.401350975036621
-11.39052677154541
-11.387516021728516
-11.359318733215332
-11.362977027893066
-11.38766098022461
-11.393680572509766
-11.398041725158691
-11.380522727966309
-11.354085922241211
-11.385520935058594
-11.391746520996094
-11.388012886047363
-11.388471603393555
-11.391215324401855
-11.384994506835938
-11.367030143737793
-11.392173767089844
-11.408049583435059
-11.399764060974121
-11.383094787597656
-11.393073081970215
-11.388625144958496
-11.393052101135254
-11.383794784545898
-11.36835765838623
-11.396339416503906
-11.3978910446167
-11.364605903625488
-11.357048988342285
-11.37685775756836
-11.39577579498291
-11.397222518920898
-11.383605003356934
-11.374500274658203
-11.406134605407715
-11.40853500366211
-11.405754089355469
-11.396170616149902
-11.392889976501465
-11.392271041870117
-11.403399467468262
-11.393082618713379
-11.386800765991211
-11.38528823852539
-11.41025161743164
-11.405531883239746
-11.393577575683594
-11.396300315856934
-11.39381217956543
-11.412580490112305
-11.399118423461914
-11.4009428024292
-11.397040367126465
-11.397236824035645
-11.401546478271484
-11.404745101928711
-11.395330429077148
-11.375675201416016
-11.38520622253418
-11.390758514404297
-11.405609130859375
-11.380619049072266
-11.386863708496094
-11.367993354797363
-11.384881019592285
-11.396684646606445
-11.398478507995605
-11.396361351013184
-11.383222579956055
-11.397734642028809
-11.408957481384277
-11.405447959899902
-11.407694816589355
-11.397879600524902
-11.393577575683594
-11.39419937133789
-11.398347854614258
-11.405439376831055
-11.408698081970215
-11.398058891296387
-11.409884452819824
-11.39380168914795
-11.386415481567383
-11.396310806274414
-11.406190872192383
-11.409201622009277
-11.407415390014648
-11.404031753540039
-11.398685455322266
-11.386042594909668
-11.397934913635254
-11.39569091796875
-11.40103530883789
-11.387436866760254
-11.40045166015625
-11.393478393554688
-11.395048141479492
-11.408960342407227
-11.392196655273438
-11.391804695129395
-11.388847351074219
-11.400633811950684
-11.404600143432617
-11.399066925048828
-11.393394470214844
-11.415261268615723
-11.391876220703125
-11.389448165893555
-11.374493598937988
-11.401390075683594
-11.400288581848145
-11.395913124084473
-11.374185562133789
-11.336652755737305
-11.368525505065918
-11.405242919921875
-11.40269947052002
-11.393631935119629
-11.395740509033203
-11.402902603149414
-11.384208679199219
-11.397465705871582
-11.400348663330078
-11.4060640335083
-11.368976593017578
-11.377012252807617
-11.396398544311523
-11.41720962524414
-11.40445613861084
-11.389466285705566
-11.381168365478516
-11.388591766357422
-11.396097183227539
-11.392891883850098
-11.39535903930664
-11.400629043579102
-11.40396499633789
-11.404096603393555
-11.397064208984375
-11.389128684997559
-11.394006729125977
-11.391130447387695
-11.404210090637207
-11.397454261779785
-11.412673950195312
-11.40501880645752
-11.409607887268066
-11.39160442352295
-11.41357421875
-11.407079696655273
-11.414358139038086
-11.409292221069336
-11.413431167602539
-11.403306007385254
-11.4100341796875
-11.412191390991211
-11.406556129455566
-11.401997566223145
-11.402482986450195
-11.416339874267578
-11.401165962219238
-11.40251636505127
-11.411839485168457
-11.407949447631836
-11.416648864746094
-11.421065330505371
-11.407082557678223
-11.399580955505371
-11.405426979064941
-11.411808967590332
-11.417069435119629
-11.404102325439453
-11.404046058654785
-11.40721321105957
-11.405466079711914
-11.403177261352539
-11.406368255615234
-11.40691089630127
-11.40908145904541
-11.421979904174805
-11.404169082641602
-11.415632247924805
-11.394624710083008
-11.395187377929688
-11.396627426147461
-11.390390396118164
-11.403849601745605
-11.399715423583984
-11.410903930664062
-11.40445327758789
-11.414509773254395
-11.399474143981934
-11.413735389709473
-11.407845497131348
-11.406217575073242
-11.400382995605469
-11.407081604003906
-11.40884780883789
-11.403881072998047
-11.412903785705566
-11.400388717651367
-11.403148651123047
-11.410160064697266
-11.409953117370605
-11.39401912689209
-11.4093656539917
-11.398070335388184
-11.403553009033203
-11.41886043548584
-11.411348342895508
-11.405679702758789
-11.390762329101562
-11.387862205505371
-11.390605926513672
-11.397696495056152
-11.402400970458984
-11.406718254089355
-11.419618606567383
-11.401226997375488
-11.387458801269531
-11.394079208374023
-11.389161109924316
-11.387615203857422
-11.401820182800293
-11.406893730163574
-11.40078353881836
-11.376437187194824
-11.348353385925293
-11.35684585571289
-11.391143798828125
-11.416656494140625
-11.38554573059082
-11.378308296203613
-11.373860359191895
-11.41150188446045
-11.401786804199219
-11.388355255126953
-11.362125396728516
-11.373958587646484
-11.408851623535156
-11.389676094055176
-11.385010719299316
-11.376238822937012
-11.385854721069336
-11.408167839050293
-11.412349700927734
-11.388069152832031
-11.371256828308105
-11.354135513305664
-11.38730525970459
-11.415449142456055
-11.386604309082031
-11.376165390014648
-11.365327835083008
-11.38116455078125
-11.391745567321777
-11.388800621032715
-11.377985954284668
-11.377983093261719
-11.390555381774902
-11.4098482131958
-11.40589714050293
-11.405150413513184
-11.404008865356445
-11.399432182312012
-11.386797904968262
-11.395276069641113
-11.397411346435547
-11.413262367248535
-11.400325775146484
-11.39930248260498
-11.394771575927734
-11.40034008026123
-11.408288955688477
-11.41290283203125
-11.400751113891602
-11.392349243164062
-11.384455680847168
-11.392779350280762
-11.412972450256348
-11.418269157409668
-11.405277252197266
-11.408859252929688
-11.400409698486328
-11.378133773803711
-11.364259719848633
-11.380711555480957
-11.40854263305664
-11.415304183959961
-11.405466079711914
-11.390545845031738
-11.404214859008789
-11.414690971374512
-11.40683650970459
-11.39765453338623
-11.415939331054688
-11.408506393432617
-11.400425910949707
-11.413383483886719
-11.411088943481445
-11.420700073242188
-11.411337852478027
-11.409002304077148
-11.40291976928711
-11.406083106994629
-11.39564037322998
-11.416471481323242
-11.41189956665039
-11.415413856506348
-11.39656925201416
-11.397368431091309
-11.395259857177734
-11.40271282196045
-11.405287742614746
-11.39081859588623
-11.369850158691406
-11.34776496887207
-11.372794151306152
-11.404585838317871
-11.374277114868164
-11.326698303222656
-11.352897644042969
-11.40503978729248
-11.379858016967773
-11.372352600097656
-11.373172760009766
-11.404101371765137
-11.408193588256836
-11.3536958694458
-11.363810539245605
-11.382692337036133
-11.40982723236084
-11.405426979064941
-11.401750564575195
-11.39379596710205
-11.415979385375977
-11.42076301574707
-11.417608261108398
-11.412955284118652
-11.40953254699707
-11.407784461975098
-11.402103424072266
-11.414426803588867
-11.401517868041992
-11.40726375579834
-11.410877227783203
-11.398271560668945
-11.410858154296875
-11.414997100830078
-11.421570777893066
-11.40254020690918
-11.417927742004395
-11.417438507080078
-11.416775703430176
-11.419495582580566
-11.411186218261719
-11.408596992492676
-11.427404403686523
-11.415120124816895
-11.419486999511719
-11.407903671264648
-11.401579856872559
-11.396821975708008
-11.414105415344238
-11.421671867370605
-11.411568641662598
-11.42101764678955
-11.41505241394043
-11.41750431060791
-11.421220779418945
-11.412801742553711
-11.407310485839844
-11.418733596801758
-11.41749382019043
-11.426963806152344
-11.410684585571289
-11.415772438049316
-11.421285629272461
-11.41342544555664
-11.419705390930176
-11.410290718078613
-11.409650802612305
-11.40384578704834
-11.415882110595703
-11.406425476074219
-11.39481258392334
-11.387272834777832
-10.998724937438965
-10.79038143157959
-11.353322982788086
-10.60161018371582
-11.147375106811523
-10.3538236618042
-10.20125961303711
-11.2214994430542
-10.084539413452148
-9.856138229370117
-10.911474227905273
-10.156633377075195
-9.533358573913574
-9.60057544708252
-10.513325691223145
-10.487942695617676
-9.780508995056152
-10.212809562683105
-11.159480094909668
-10.39266586303711
-10.573333740234375
-11.175774574279785
-10.685966491699219
-11.219841003417969
-10.838170051574707
-11.090669631958008
-10.924389839172363
-11.018121719360352
-10.94046401977539
-11.042563438415527
-11.023627281188965
-11.12713623046875
-11.042746543884277
-11.095922470092773
-11.067338943481445
-11.175294876098633
-11.164949417114258
-11.136065483093262
-11.238697052001953
-11.286959648132324
-11.242889404296875
-11.313249588012695
-11.188889503479004
-11.339669227600098
-11.228503227233887
-11.370838165283203
-11.262825965881348
-11.368581771850586
-11.339296340942383
-11.291603088378906
-11.378552436828613
-11.328752517700195
-11.371443748474121
-11.371295928955078
-11.325077056884766
-11.38313102722168
-11.3604154586792
-11.365385055541992
-11.37797737121582
-11.35935115814209
-11.357657432556152
-11.379402160644531
-11.384456634521484
-11.38635540008545
-11.392082214355469
-11.378074645996094
-11.388811111450195
-11.387653350830078
-11.390791893005371
-11.395672798156738
-11.382819175720215
-11.412996292114258
-11.417726516723633
-11.397906303405762
-11.405072212219238
-11.395087242126465
-11.390920639038086
-11.406415939331055
-11.406542778015137
-11.397852897644043
-11.395173072814941
-11.409439086914062
-11.404215812683105
-11.406362533569336
-11.41069221496582
-11.401188850402832
-11.408462524414062
-11.410077095031738
-11.41688060760498
-11.402496337890625
-11.407028198242188
-11.421272277832031
-11.402748107910156
-11.411294937133789
-11.400053024291992
-11.414444923400879
-11.413750648498535
-11.416196823120117
-11.416997909545898
-11.409667015075684
-11.412790298461914
-11.405967712402344
-11.411018371582031
-11.388875961303711
-11.426532745361328
-11.411335945129395
-11.406133651733398
-11.405272483825684
-11.396760940551758
-11.409529685974121
-11.425204277038574
-11.41411304473877
-11.407315254211426
-11.416153907775879
-11.415523529052734
-11.406257629394531
-11.410531997680664
-11.420047760009766
-11.418102264404297
-11.407310485839844
-11.416332244873047
-11.413830757141113
-11.415582656860352
-11.405914306640625
-11.414074897766113
-11.419715881347656
-11.415706634521484
-11.416333198547363
-11.415203094482422
-11.421910285949707
-11.411307334899902
-11.41532039642334
-11.403063774108887
-11.416203498840332
-11.419628143310547
-11.409098625183105
-11.418065071105957
-11.413983345031738
-11.423263549804688
-11.416766166687012
-11.420384407043457
-11.420693397521973
-11.416385650634766
-11.415230751037598
-11.426911354064941
-11.41491985321045
-11.40733528137207
-11.416630744934082
-11.414054870605469
-11.413920402526855
-11.413933753967285
-11.422499656677246
-11.418091773986816
-11.422893524169922
-11.423535346984863
-11.414026260375977
-11.411616325378418
-11.420951843261719
-11.416930198669434
-11.408380508422852
-11.420256614685059
-11.41959285736084
-11.424076080322266
-11.420300483703613
-11.4239501953125
-11.42104434967041
-11.40893840789795
-11.407318115234375
-11.424018859863281
-11.415249824523926
-11.417378425598145
-11.407000541687012
-11.414159774780273
-11.426620483398438
-11.408736228942871
-11.421009063720703
-11.417888641357422
-11.418973922729492
-11.408835411071777
-11.408234596252441
-11.4035005569458
-11.419390678405762
-11.405186653137207
-11.411252975463867
-11.418340682983398
-11.411520957946777
-11.414952278137207
-11.416961669921875
-11.422605514526367
-11.421708106994629
-11.427374839782715
-11.42501163482666
-11.4127836227417
-11.413370132446289
-11.413704872131348
-11.415884017944336
-11.413812637329102
-11.418303489685059
-11.42110824584961
-11.420272827148438
-11.42662239074707
-11.409547805786133
-11.415301322937012
-11.418392181396484
-11.417919158935547
-11.424506187438965
-11.409611701965332
-11.418902397155762
-11.407387733459473
-11.418411254882812
-11.413474082946777
-11.416189193725586
-11.418903350830078
-11.420827865600586
-11.41222095489502
-11.423812866210938
-11.415879249572754
-11.415769577026367
-11.41578197479248
-11.407858848571777
-11.41781997680664
-11.416494369506836
-11.419635772705078
-11.40904712677002
-11.408406257629395
-11.419139862060547
-11.402790069580078
-11.419057846069336
-11.430953025817871
-11.424253463745117
-11.415841102600098
-11.411080360412598
-11.416301727294922
-11.40829849243164
-11.416417121887207
-11.416447639465332
-11.414989471435547
-11.42149543762207
-11.424510955810547
-11.424493789672852
-11.42040729522705
-11.415425300598145
-11.417193412780762
-11.409847259521484
-11.426813125610352
-11.42042350769043
-11.427656173706055
-11.40899658203125
-11.419524192810059
-11.410051345825195
-11.420452117919922
-11.426621437072754
-11.410140037536621
-11.416828155517578
-11.424582481384277
-11.409563064575195
-11.408554077148438
-11.426835060119629
-11.41917896270752
-11.428345680236816
-11.415290832519531
-11.427913665771484
-11.402740478515625
-11.418367385864258
-11.42437744140625
-11.408777236938477
-11.418096542358398
-11.427268981933594
-11.418116569519043
-11.42533016204834
-11.420365333557129
-11.419867515563965
-11.41623592376709
-11.40334701538086
-11.423541069030762
-11.418657302856445
-11.42117691040039
-11.413590431213379
-11.40799617767334
-11.410879135131836
-11.412071228027344
-11.42336654663086
-11.414767265319824
-11.415526390075684
-11.418816566467285
-11.413847923278809
-11.415172576904297
-11.408353805541992
-11.41094970703125
-11.43398380279541
-11.41468334197998
-11.428787231445312
-11.41560173034668
-11.422613143920898
-11.419740676879883
-11.42856502532959
-11.427212715148926
-11.40892505645752
-11.426429748535156
-11.427417755126953
-11.4248628616333
-11.410576820373535
-11.423044204711914
-11.422792434692383
-11.412008285522461
-11.425350189208984
-11.426608085632324
-11.415705680847168
-11.429244995117188
-11.414119720458984
-11.419629096984863
