loss_total
-18.678848266601562
-18.56051254272461
-18.854679107666016
-18.63318634033203
-18.708675384521484
-19.03778076171875
-18.924652099609375
-19.128210067749023
-18.931766510009766
-19.1145076751709
-19.039608001708984
-19.416973114013672
-19.273448944091797
-19.326921463012695
-19.612640380859375
-19.53673553466797
-19.468303680419922
-19.547014236450195
-19.514766693115234
-19.683767318725586
-19.436222076416016
-19.702556610107422
-19.599557876586914
-19.614900588989258
-19.86439323425293
-19.830060958862305
-19.711639404296875
-19.94822883605957
-20.155126571655273
-19.991165161132812
-20.128196716308594
-20.046615600585938
-20.109777450561523
-20.430641174316406
-20.295482635498047
-20.56475067138672
-20.587562561035156
-20.793581008911133
-20.83186149597168
-21.214317321777344
-21.121509552001953
-21.097002029418945
-21.50641632080078
-21.712535858154297
-21.756099700927734
-21.820161819458008
-21.870471954345703
-21.890670776367188
-21.875425338745117
-22.100444793701172
-22.074176788330078
-22.411911010742188
-22.535091400146484
-22.835378646850586
-23.008445739746094
-23.168350219726562
-23.610000610351562
-23.77603530883789
-23.801570892333984
-23.831737518310547
-24.340389251708984
-24.3188419342041
-24.60394287109375
-25.049072265625
-25.154647827148438
-25.52515411376953
-26.083290100097656
-26.52081298828125
-26.67578887939453
-26.3497257232666
-26.398853302001953
-26.093198776245117
-25.999372482299805
-26.435190200805664
-26.952068328857422
-27.33098030090332
-26.77692413330078
-26.827497482299805
-26.862451553344727
-26.724807739257812
-27.0263671875
-26.75312614440918
-27.199684143066406
-27.147016525268555
-27.47606658935547
-27.35057830810547
-27.500398635864258
-27.58035659790039
-27.69441795349121
-27.61315155029297
-27.869617462158203
-27.84592628479004
-27.659072875976562
-27.866361618041992
-27.93865394592285
-28.233428955078125
-28.2923641204834
-28.351816177368164
-28.560049057006836
-28.349424362182617
-28.9182186126709
-28.705890655517578
-28.773845672607422
-28.998315811157227
-29.116363525390625
-29.34253692626953
-29.207304000854492
-29.44039535522461
-29.57292938232422
-29.893875122070312
-29.702022552490234
-30.324207305908203
-29.989728927612305
-30.198596954345703
-30.159225463867188
-30.062725067138672
-30.77349281311035
-30.55521011352539
-30.399816513061523
-30.847923278808594
-30.72351837158203
-30.983352661132812
-31.263347625732422
-31.539045333862305
-31.046838760375977
-31.750011444091797
-31.496931076049805
-31.439777374267578
-32.00931167602539
-32.197261810302734
-32.02946472167969
-32.242408752441406
-31.880983352661133
-32.3290901184082
-32.542022705078125
-32.50102996826172
-32.772483825683594
-33.01348114013672
-32.770904541015625
-32.929115295410156
-32.7808837890625
-32.85686492919922
-33.001102447509766
-33.16836166381836
-32.98616409301758
-33.23204803466797
-33.36991500854492
-33.4318962097168
-33.44410705566406
-33.39605712890625
-33.50973129272461
-33.49700927734375
-33.75421142578125
-33.71650314331055
-33.858360290527344
-33.726043701171875
-33.8308219909668
-34.041168212890625
-33.80247116088867
-33.60606384277344
-34.04206085205078
-33.966426849365234
-34.103614807128906
-34.54072952270508
-34.56437301635742
-34.4046630859375
-34.48725891113281
-34.51958084106445
-34.28898239135742
-34.252689361572266
-34.6812629699707
-34.96146774291992
-34.83771896362305
-34.886985778808594
-34.74686050415039
-34.785804748535156
-35.0191535949707
-34.89576721191406
-35.029754638671875
-35.001346588134766
-35.45228576660156
-35.37841033935547
-35.47224044799805
-35.138946533203125
-35.19422912597656
-35.81734085083008
-35.73809051513672
-35.50120162963867
-35.56890869140625
-35.85109329223633
-35.730186462402344
-35.805877685546875
-36.08937072753906
-36.03909683227539
-35.99676513671875
-36.02513122558594
-36.15099334716797
-36.14822769165039
-36.46776580810547
-36.073036193847656
-36.40650177001953
-36.255332946777344
-36.48780822753906
-36.15399932861328
-36.59429168701172
-36.20011901855469
-36.71550750732422
-36.2937126159668
-36.79615783691406
-36.536354064941406
-36.471534729003906
-36.568050384521484
-36.55239486694336
-36.70319366455078
-36.802303314208984
-36.814762115478516
-36.64779281616211
-36.896575927734375
-36.57678985595703
-37.013648986816406
-36.600608825683594
-37.1296272277832
-36.66684341430664
-36.926124572753906
-37.002899169921875
-37.02326583862305
-37.44477462768555
-36.97519302368164
-37.14285659790039
-37.28478240966797
-37.23990249633789
-37.192378997802734
-37.27903366088867
-37.340362548828125
-37.5872917175293
-37.48615646362305
-37.3460807800293
-37.165313720703125
-37.577762603759766
-37.25715255737305
-37.48401641845703
-37.1328125
-37.56037902832031
-37.45882034301758
-37.787872314453125
-37.599159240722656
-37.97088623046875
-37.81026840209961
-37.896141052246094
-37.9842643737793
-38.11845397949219
-37.60720443725586
-37.60517120361328
-37.93660354614258
-38.11994552612305
-38.01348114013672
-37.98384475708008
-38.15479278564453
-38.290809631347656
-37.909400939941406
-37.9223518371582
-38.13182067871094
-38.38795471191406
-38.273193359375
-38.206268310546875
-38.68037796020508
-38.496517181396484
-38.82056427001953
-38.685916900634766
-38.69712829589844
-38.64339065551758
-38.727264404296875
-38.67353820800781
-39.05857467651367
-39.25410461425781
-39.26065444946289
-39.25006103515625
-39.11423110961914
-39.148475646972656
-39.32698059082031
-38.86029815673828
-39.252105712890625
-39.438438415527344
-39.1834831237793
-39.678565979003906
-39.2773551940918
-39.85075378417969
-39.71553039550781
-39.92048645019531
-39.94614028930664
-39.763580322265625
-39.1929931640625
-39.670875549316406
-39.436851501464844
-39.96860885620117
-39.584083557128906
-40.07389831542969
-39.681087493896484
-39.943328857421875
-39.56730651855469
-40.27851104736328
-39.33082962036133
-40.650108337402344
-40.22648620605469
-40.09505844116211
-40.348690032958984
-40.09605026245117
-40.23936462402344
-40.70951843261719
-40.60237503051758
-40.489959716796875
-40.953060150146484
-40.533050537109375
-40.69380569458008
-40.87960433959961
-40.98917007446289
-40.968360900878906
-41.03748321533203
-40.92083740234375
-41.064064025878906
-41.07515335083008
-41.04930877685547
-41.01953125
-41.022926330566406
-41.048831939697266
-41.035919189453125
-40.981998443603516
-41.27834701538086
-41.109867095947266
-41.000213623046875
-41.28734588623047
-41.18230438232422
-41.09675598144531
-41.41231918334961
-41.21219253540039
-41.721214294433594
-41.3897705078125
-41.248199462890625
-41.19609069824219
-41.097923278808594
-41.534366607666016
-41.40275192260742
-41.928070068359375
-41.41752624511719
-41.65199279785156
-41.54948425292969
-41.63633346557617
-41.60258483886719
-41.422611236572266
-41.99867248535156
-41.434837341308594
-41.77299499511719
-41.41876983642578
-41.80856704711914
-41.609832763671875
-41.955169677734375
-42.13335418701172
-42.028961181640625
-41.81793975830078
-42.0987548828125
-41.75210952758789
-42.399192810058594
-42.20863723754883
-42.280189514160156
-42.48955154418945
-42.15306854248047
-42.37895965576172
-42.285301208496094
-42.22943878173828
-42.204158782958984
-42.2761116027832
-42.41940689086914
-42.465328216552734
-42.5791015625
-42.4924430847168
-42.356101989746094
-42.34961700439453
-42.82893753051758
-42.45869445800781
-42.6230354309082
-42.27409744262695
-42.59428024291992
-42.27228546142578
-42.64744567871094
-42.639854431152344
-42.76203536987305
-42.277137756347656
-43.0313720703125
-42.28561782836914
-42.638832092285156
-42.69071960449219
-42.8209342956543
-42.52167510986328
-42.53099822998047
-42.62932205200195
-42.85466766357422
-42.92424774169922
-43.37932586669922
-42.28752136230469
-42.71914291381836
-42.799835205078125
-42.56865310668945
-42.85417938232422
-42.441734313964844
-42.889747619628906
-42.23728942871094
-42.583648681640625
-43.45956039428711
-42.60987854003906
-42.94991683959961
-42.959190368652344
-42.725975036621094
-43.279544830322266
-42.85906219482422
-43.08476257324219
-43.20567321777344
-43.067230224609375
-42.862648010253906
-42.747047424316406
-42.50758743286133
-43.274383544921875
-43.013607025146484
-42.654624938964844
-43.48830795288086
-42.71202850341797
-43.45927429199219
-42.9638786315918
-43.32180404663086
-42.56616973876953
-43.19396209716797
-43.05031204223633
-43.53943634033203
-42.95051193237305
-43.219154357910156
-43.516136169433594
-43.425880432128906
-43.50089645385742
-43.196861267089844
-42.815673828125
-43.92570114135742
-43.19401168823242
-43.87574005126953
-43.2947998046875
-43.54779815673828
-43.918190002441406
-43.82088851928711
-43.41453552246094
-43.78928756713867
-43.5931396484375
-43.51513671875
-43.97721862792969
-43.971797943115234
-44.17476272583008
-43.990638732910156
-44.06534194946289
-44.55596923828125
-44.36881637573242
-44.518775939941406
-44.282073974609375
-44.42863845825195
-43.777286529541016
-43.9470100402832
-44.083885192871094
-44.39806365966797
-44.32419967651367
-44.22224044799805
-44.621395111083984
-44.50278091430664
-44.13792037963867
-44.353271484375
-44.20579528808594
-44.97023391723633
-44.56562042236328
-44.56389236450195
-44.50175476074219
-44.40009307861328
-44.85793685913086
-44.57818603515625
-44.87991714477539
-44.70396041870117
-44.55494689941406
-44.659210205078125
-43.959781646728516
-44.582801818847656
-44.75657653808594
-44.76264953613281
-44.68439483642578
-44.964195251464844
-44.882415771484375
-44.66077423095703
-45.04389190673828
-44.558048248291016
-44.86023712158203
-45.26784133911133
-44.62699508666992
-44.967933654785156
-44.831565856933594
-45.10086441040039
-44.9840202331543
-45.12492370605469
-44.46366882324219
-45.28654479980469
-44.922935485839844
-44.595001220703125
-44.93456268310547
-44.72524642944336
-44.96714401245117
-45.171142578125
-45.11561584472656
-45.163291931152344
-45.132266998291016
-45.19776153564453
-45.31889724731445
-45.1989631652832
-45.32572555541992
-45.25557327270508
-45.10717010498047
-45.093589782714844
-45.03627014160156
-45.141239166259766
-45.32795715332031
-45.15406036376953
-44.93180465698242
-45.52615737915039
-45.15633773803711
-45.14613723754883
-44.94403076171875
-45.403446197509766
-45.14334487915039
-45.265594482421875
-45.33885192871094
-45.57948303222656
-45.51789855957031
-45.20487976074219
-45.480506896972656
-45.499752044677734
-45.3590202331543
-44.91518020629883
-45.23970031738281
-45.24517822265625
-45.25023651123047
-45.26543045043945
-45.32060241699219
-45.04634094238281
-45.33454895019531
-45.54579544067383
-45.418968200683594
-45.37242889404297
-45.33412170410156
-45.651702880859375
-45.680442810058594
-45.34703826904297
-45.356136322021484
-45.365325927734375
-44.981815338134766
-45.07684326171875
-45.12651824951172
-45.64848327636719
-45.08003616333008
-45.52042007446289
-45.75083541870117
-45.367671966552734
-45.20391082763672
-45.35481262207031
-44.748748779296875
-45.48712158203125
-45.31781768798828
-45.30588150024414
-45.447540283203125
-45.21646499633789
-45.31726837158203
-45.768775939941406
-45.629425048828125
-45.43621063232422
-45.61600112915039
-45.69158935546875
-45.86630630493164
-45.340938568115234
-45.43989944458008
-45.820945739746094
-45.33898162841797
-45.568660736083984
-45.65874099731445
-45.262237548828125
-45.27040481567383
-45.67327117919922
-45.87273025512695
-45.821624755859375
-45.65201187133789
-45.55117416381836
-45.811832427978516
-45.82745361328125
-45.47978973388672
-45.68019104003906
-45.902671813964844
-45.92790985107422
-45.68012619018555
-45.43100357055664
-45.820457458496094
-45.844154357910156
-45.8455696105957
-45.70928955078125
-45.74939727783203
-45.81086730957031
-45.74620056152344
-45.89653778076172
-45.95294189453125
-45.9367561340332
-45.87330627441406
-45.95869064331055
-45.68028259277344
-45.61830139160156
-45.89249038696289
-45.85143280029297
-45.816917419433594
-45.78444290161133
-45.939697265625
-45.84927749633789
-45.76784133911133
-45.594146728515625
-45.91408920288086
-45.78433609008789
-45.86573791503906
-45.516807556152344
-45.842750549316406
-45.75107192993164
-45.229820251464844
-45.946781158447266
-45.99348449707031
-45.626277923583984
-45.517303466796875
-46.06997299194336
-45.894752502441406
-45.704132080078125
-45.830810546875
-46.10392761230469
-45.951412200927734
-45.920318603515625
-45.978790283203125
-45.85203552246094
-45.8969841003418
-45.92564392089844
-45.95764923095703
-45.88846206665039
-45.70305252075195
-45.906856536865234
-46.2107048034668
-46.02899169921875
-45.945159912109375
-45.9931755065918
-45.85468292236328
-45.74392318725586
-45.88208770751953
-45.907779693603516
-45.72065353393555
-45.86188507080078
-45.7521858215332
-46.12797546386719
-45.720436096191406
-45.9233512878418
-45.6704216003418
-46.19196701049805
-45.93001937866211
-45.82081604003906
-46.17210388183594
-45.92571258544922
-46.083160400390625
-45.995811462402344
-46.14809036254883
-46.07350540161133
-45.67784881591797
-45.88194274902344
-45.89802551269531
-46.115196228027344
-45.75899887084961
-46.03269577026367
-45.82611846923828
-45.89128494262695
-45.80826950073242
-46.15342330932617
-46.0605583190918
-46.113502502441406
-46.156612396240234
-45.92164611816406
-45.757728576660156
-46.016910552978516
-46.098567962646484
-46.26342010498047
-45.850830078125
-46.192142486572266
-46.07902526855469
-46.17268371582031
-46.40566635131836
-46.41596603393555
-46.225852966308594
-46.35252380371094
-46.171104431152344
-46.234886169433594
-46.20006561279297
-46.1679801940918
-46.29325866699219
-46.21500015258789
-46.16619873046875
-46.30534744262695
-46.16652297973633
-46.17582702636719
-46.54093551635742
-46.171165466308594
-45.960792541503906
-46.42624282836914
-46.287353515625
-46.28059005737305
-46.20241165161133
-46.22203826904297
-46.238826751708984
-46.33768844604492
-46.19834899902344
-46.373992919921875
-46.4202995300293
-46.140724182128906
-46.359840393066406
-46.52245330810547
-46.26700210571289
-46.520652770996094
-46.02382278442383
-46.46389389038086
-46.107295989990234
-46.373023986816406
-46.5072021484375
-46.16286849975586
-46.10926818847656
-46.3120002746582
-46.46196365356445
-46.49015808105469
-46.57927703857422
-46.43073272705078
-46.507320404052734
-46.420265197753906
-46.50876998901367
-46.38511657714844
-46.504947662353516
-46.49126434326172
-46.43415451049805
-46.40766906738281
-46.444149017333984
-46.45679473876953
-46.6676139831543
-46.64755630493164
-46.474647521972656
-46.59918975830078
-46.557342529296875
-46.56460189819336
-46.61912155151367
-46.542457580566406
-46.530914306640625
-46.46961975097656
-46.52634048461914
-46.51583480834961
-46.563621520996094
-46.602386474609375
-46.45104217529297
-46.32084655761719
-46.436092376708984
-46.59251403808594
-46.66661071777344
-46.450870513916016
-46.6392936706543
-46.44850540161133
-46.540916442871094
-46.53264617919922
-46.6217041015625
-46.46031188964844
-46.42992401123047
-46.451255798339844
-46.45568084716797
-46.67348861694336
-46.56737518310547
-46.55673599243164
-46.51670837402344
-46.04110336303711
-46.503662109375
-46.54902648925781
-46.30990219116211
-46.261863708496094
-46.50536346435547
-46.73431396484375
-46.732601165771484
-46.70344543457031
-46.39285659790039
-46.27292251586914
-46.675846099853516
-46.59370803833008
-46.67365646362305
-46.62497329711914
-46.36428451538086
-46.44474792480469
-46.61362838745117
-46.64960479736328
-46.776554107666016
-46.75896453857422
-46.463287353515625
-46.496070861816406
-46.41864013671875
-46.64273452758789
-46.60116958618164
-46.25129318237305
-46.69929504394531
-46.323604583740234
-46.4975700378418
-46.799224853515625
-46.410404205322266
-46.265113830566406
-46.75315856933594
-46.5828857421875
-46.26632308959961
-46.82606887817383
-46.43788146972656
-46.43260955810547
-46.6033821105957
-46.46650695800781
-46.62743377685547
-46.629058837890625
-46.45106506347656
-46.48217010498047
-46.816162109375
-46.659446716308594
-46.43583679199219
-46.558631896972656
-46.49873733520508
-46.50143814086914
-46.77064895629883
-46.71830749511719
-46.49614715576172
-46.829490661621094
-46.89506912231445
-46.47724533081055
-46.55182647705078
-46.78678894042969
-46.73427963256836
-46.475860595703125
-46.73827362060547
-46.62575912475586
-46.573760986328125
-46.54280471801758
-46.83061981201172
-46.68666458129883
-46.57653045654297
-46.669281005859375
-46.86558532714844
-46.81959915161133
-46.81898498535156
-46.84251022338867
-46.71635055541992
-46.87501907348633
-46.882537841796875
-46.91272735595703
-46.78605651855469
-46.98960876464844
-46.732479095458984
-46.77108383178711
-46.797508239746094
-46.77398681640625
-46.636505126953125
-46.772891998291016
-47.03960418701172
-46.690975189208984
-46.70348358154297
-46.73255157470703
-46.871055603027344
-46.75799560546875
-46.912879943847656
-46.928558349609375
-46.77568054199219
-46.61796569824219
-46.77046585083008
-47.0335578918457
-46.79930877685547
-46.7674446105957
-46.63829040527344
-46.80186462402344
-46.937255859375
-46.876651763916016
-46.635372161865234
-46.93069076538086
-46.492713928222656
-46.49226379394531
-46.9337272644043
-46.703575134277344
-46.739051818847656
-46.70819091796875
-46.687713623046875
-46.600677490234375
-46.88895034790039
-46.77516174316406
-46.86937713623047
-46.84480285644531
-46.69101333618164
-46.72047424316406
-46.88337326049805
-46.95281219482422
-46.788063049316406
-46.88269805908203
-46.98472595214844
-46.898643493652344
-46.580543518066406
-46.821224212646484
-46.837303161621094
-46.94945526123047
-46.74992752075195
-46.81553649902344
-46.92282485961914
-47.0755615234375
-46.926673889160156
-46.81304931640625
-46.87913131713867
-46.740745544433594
-46.88711929321289
-46.8771858215332
-46.63672637939453
-46.786399841308594
-47.10780334472656
-46.96228790283203
-46.826290130615234
-46.91465759277344
-46.94211196899414
-46.897911071777344
-46.72063446044922
-46.91397476196289
-46.813438415527344
-46.65852737426758
-47.007869720458984
-46.995887756347656
-46.81631088256836
-47.06455993652344
-47.126869201660156
-46.96397018432617
-47.00703430175781
-46.95331573486328
-46.91377258300781
-47.07468795776367
-47.15386199951172
-46.9395866394043
-47.02976989746094
-47.07091522216797
-47.139739990234375
-47.10446548461914
-47.111785888671875
-47.040435791015625
-46.85699462890625
-46.97541046142578
-47.057395935058594
-47.09870529174805
-47.079524993896484
-46.95268249511719
-47.03279113769531
-47.19715881347656
-47.03215026855469
-46.788326263427734
-46.938987731933594
-47.04713439941406
-47.10318374633789
-47.0413932800293
-46.933311462402344
-47.05194854736328
-47.00819396972656
-46.99320983886719
-46.963706970214844
-47.10459518432617
-47.05165100097656
-47.13910675048828
-47.07896423339844
-46.990543365478516
-47.056800842285156
-47.14427947998047
-47.262474060058594
-47.22615051269531
-47.05576705932617
-47.05653381347656
-47.198692321777344
-47.109622955322266
-47.174522399902344
-47.18425750732422
-47.12921142578125
-47.09587478637695
-47.13377380371094
-47.15666961669922
-47.185585021972656
-47.042449951171875
-47.03355026245117
-47.09891128540039
-47.2783203125
-47.24817657470703
-47.113433837890625
-46.86259460449219
-46.90312957763672
-47.11903381347656
-46.982017517089844
-46.93726348876953
-47.147178649902344
-47.149784088134766
-47.138614654541016
-46.84577941894531
-47.08539581298828
-47.18375015258789
-47.239078521728516
-46.90449523925781
-46.92872619628906
-47.21259307861328
-47.250526428222656
-47.20574188232422
-46.81062316894531
-47.02172088623047
-47.20465850830078
-47.234397888183594
-47.04772186279297
-46.85228729248047
-47.21611785888672
-47.03547668457031
-47.03596496582031
-47.089996337890625
-47.27818298339844
-47.165889739990234
-47.019561767578125
-46.84241485595703
-47.20699691772461
-47.26898193359375
-47.21488952636719
-47.0020637512207
-47.14298629760742
-47.246910095214844
-47.093849182128906
-47.159095764160156
-47.21357727050781
-47.10923385620117
-47.26924514770508
-47.233177185058594
-47.23182678222656
-47.31671905517578
-47.271610260009766
-47.13794708251953
-47.03620147705078
-47.26172637939453
-47.23545837402344
-47.210731506347656
-47.04308319091797
-47.02667236328125
-47.291744232177734
-47.37346649169922
-47.192779541015625
-47.09537887573242
-47.28956604003906
-47.369537353515625
-47.29400634765625
-47.28622055053711
-47.09554672241211
-46.89963150024414
-47.196388244628906
-47.233577728271484
-47.086219787597656
-47.25099182128906
-47.18308639526367
-47.128700256347656
-47.15598678588867
-47.24929428100586
-47.27977752685547
-47.1655387878418
-47.22587203979492
-47.21079635620117
-47.312137603759766
-47.20377731323242
-47.231937408447266
-47.270484924316406
-47.305686950683594
-47.331573486328125
-47.30420684814453
-47.26229476928711
-47.202354431152344
-47.36796569824219
-47.29106903076172
-47.368534088134766
-47.345306396484375
-47.19724655151367
-47.12364196777344
-47.25419616699219
-47.44011688232422
-47.35105895996094
-47.28300857543945
-47.28527069091797
-47.35102844238281
-47.30357360839844
-47.37867736816406
-47.30946350097656
-47.32227325439453
-47.41349792480469
-47.411312103271484
-47.31173324584961
-47.22222137451172
-47.354103088378906
-47.27499008178711
-47.34385299682617
-47.41960144042969
-47.303977966308594
-47.28493118286133
-47.21177673339844
-47.351383209228516
-47.25495147705078
-47.41133499145508
-47.33592224121094
-47.34929275512695
-47.26246643066406
-47.28369140625
-47.267112731933594
-47.31812286376953
-47.341453552246094
-47.397254943847656
-47.506919860839844
-47.342857360839844
-47.19354248046875
-47.05522918701172
-47.08681869506836
-47.32395935058594
-47.153106689453125
-47.195499420166016
-47.431846618652344
-47.469482421875
-47.37348937988281
-47.326194763183594
-47.263450622558594
-47.397850036621094
-47.470916748046875
-47.35688400268555
-47.37702560424805
-47.26329040527344
-47.26059341430664
-47.32895278930664
-47.14322280883789
-47.21099853515625
-47.37795639038086
-47.343849182128906
-47.499053955078125
-47.45023727416992
-47.25239562988281
-47.50458526611328
-47.33997344970703
-47.297889709472656
-47.25324249267578
-47.29698181152344
-47.313812255859375
-47.48585891723633
-47.453731536865234
-47.26634216308594
-47.32844924926758
-47.25534439086914
-47.25079345703125
-47.428733825683594
-47.539459228515625
-47.567161560058594
-47.3939094543457
-47.27641677856445
-47.381649017333984
-47.51683044433594
-47.32184600830078
-47.185115814208984
-47.301856994628906
-47.41925811767578
-47.464630126953125
-47.267696380615234
-47.51311492919922
-47.53150939941406
-47.50734329223633
-47.506797790527344
-47.359153747558594
-47.251136779785156
-47.31636428833008
-47.4450569152832
-47.56105041503906
-47.53141784667969
-47.33454132080078
-47.07597351074219
-47.25144958496094
-47.367271423339844
-47.53162384033203
-47.319618225097656
-47.28136444091797
-47.545654296875
-47.49093246459961
-47.20782470703125
-47.13310241699219
-47.39513397216797
-47.50218200683594
-47.33445358276367
-47.35536193847656
-47.4216194152832
-47.36534881591797
-47.3010139465332
-47.315521240234375
-47.37788772583008
-47.48351287841797
-47.14502716064453
-47.17974853515625
-47.42115020751953
-47.213218688964844
-47.18721008300781
-47.639556884765625
-47.344482421875
-47.148677825927734
-47.4686279296875
-47.401737213134766
-47.071678161621094
-47.468990325927734
-47.46076202392578
-47.10859680175781
-47.55586242675781
-47.42208480834961
-47.07423782348633
-47.415809631347656
-47.50987243652344
-47.30416488647461
-47.52866744995117
-47.45993423461914
-47.355552673339844
-47.36833190917969
-47.292755126953125
-47.48263168334961
-47.40937805175781
-46.967777252197266
-47.31239700317383
-47.53761291503906
-47.66557312011719
-47.479217529296875
-47.463382720947266
-47.467529296875
-47.55035400390625
-47.51789093017578
-47.51939010620117
-47.66294860839844
-47.608917236328125
-47.61604309082031
-47.70490264892578
-47.726463317871094
-47.50182342529297
-47.51952362060547
-47.27712631225586
-47.53520965576172
-47.480995178222656
-47.457740783691406
-47.5619010925293
-47.59818649291992
-47.42816925048828
-47.546287536621094
-47.54168701171875
-47.415191650390625
-47.60108184814453
-47.59368133544922
-47.65254592895508
-47.71096420288086
-47.623783111572266
-47.47422409057617
-47.574501037597656
-47.634521484375
-47.5542106628418
-47.29547882080078
-47.449684143066406
-47.57805252075195
-47.402198791503906
-47.452064514160156
-47.531307220458984
-47.67219543457031
-47.4206657409668
-47.23897933959961
-47.6096305847168
-47.51255798339844
-47.405601501464844
-47.402923583984375
-47.43221664428711
-47.48918533325195
-47.44568634033203
-47.54817581176758
-47.67329406738281
-47.454368591308594
-47.34538650512695
-47.64374923706055
-47.60441207885742
-47.51860427856445
-47.532127380371094
-47.49799346923828
-47.60438919067383
-47.457069396972656
-47.284454345703125
-47.50886917114258
-47.60769271850586
-47.55360412597656
-47.361289978027344
-47.50030517578125
-47.77876663208008
-47.67405319213867
-47.54999923706055
-47.45539474487305
-47.41507339477539
-47.69840621948242
-47.713356018066406
-47.685340881347656
-47.70653533935547
-47.668983459472656
-47.52262878417969
-47.59971618652344
-47.498470306396484
-47.42673110961914
-47.657257080078125
-47.68354034423828
-47.608116149902344
-47.46635055541992
-47.628684997558594
-47.65559387207031
-47.682456970214844
-47.609596252441406
-47.62830352783203
-47.67750549316406
-47.755496978759766
-47.71350860595703
-47.63078308105469
-47.662742614746094
-47.6020622253418
-47.768150329589844
-47.73986053466797
-47.75189971923828
-47.74233627319336
-47.803375244140625
-47.692771911621094
-47.66598129272461
-47.56486511230469
-47.73795700073242
-47.75597381591797
-47.501983642578125
-47.54967498779297
-47.646263122558594
-47.658050537109375
-47.68251037597656
-47.48517608642578
-47.54975128173828
-47.771995544433594
-47.70063400268555
-47.66022491455078
-47.69683074951172
-47.54987716674805
-47.48890686035156
-47.6597900390625
-47.63312530517578
-47.73687744140625
-47.60859680175781
-47.53017044067383
-47.72829818725586
-47.72682189941406
-47.4301643371582
-47.632999420166016
-47.79475021362305
-47.73311233520508
-47.676666259765625
-47.482666015625
-47.535682678222656
-47.81660842895508
-47.83985137939453
-47.8177490234375
-47.69017791748047
-47.58744812011719
-47.65370559692383
-47.72651672363281
-47.47471618652344
-47.5302734375
-47.80408477783203
-47.69367980957031
-47.41314697265625
-47.71903991699219
-47.722328186035156
-47.638832092285156
-47.548980712890625
-47.60992431640625
-47.775413513183594
-47.67402267456055
-47.44487762451172
-47.66770935058594
-47.73141860961914
-47.78162384033203
-47.76475524902344
-47.8224983215332
-47.839576721191406
-47.826419830322266
-47.808292388916016
-47.64305877685547
-47.59019470214844
-47.79390335083008
-47.79395294189453
-47.658241271972656
-47.47577667236328
-47.75694274902344
-47.83129119873047
-47.7200927734375
-47.752830505371094
-47.74796676635742
-47.80949401855469
-47.820735931396484
-47.698238372802734
-47.64996337890625
-47.773658752441406
-47.76490783691406
-47.78654479980469
-47.848636627197266
-47.82659912109375
-47.68682861328125
-47.801727294921875
-47.88666534423828
-47.86842727661133
-47.860809326171875
-47.854248046875
-47.70072937011719
-47.852291107177734
-47.79783630371094
-47.8859977722168
-47.85063171386719
-47.87626647949219
-47.73589324951172
-47.70112228393555
-47.600460052490234
-47.72514343261719
-47.8782844543457
-47.741111755371094
-47.44587707519531
-47.93851852416992
-47.715782165527344
-47.7008171081543
-47.91093444824219
-47.87956237792969
-47.84981155395508
-47.866493225097656
-47.8037109375
-47.789833068847656
-47.78797149658203
-47.78857421875
-47.85038757324219
-47.85014724731445
-47.78113555908203
-47.73643112182617
-47.65420150756836
-47.806495666503906
-47.924434661865234
-47.899497985839844
-47.73634719848633
-47.60591125488281
-47.90370559692383
-47.877044677734375
-47.69233322143555
-47.58528137207031
-47.76734924316406
-47.84206008911133
-47.90764617919922
-47.82033157348633
-47.74274826049805
-47.84699249267578
-47.90607452392578
-47.810550689697266
-47.5620231628418
-47.67743682861328
-47.821048736572266
-47.772247314453125
-47.599361419677734
-47.497032165527344
-47.69432830810547
-47.78595733642578
-47.473079681396484
-47.69715881347656
-47.66093826293945
-47.609947204589844
-47.64128112792969
-47.80708312988281
-47.55200958251953
-47.746089935302734
-47.70661926269531
-47.757904052734375
-47.76105499267578
-47.706634521484375
-47.6298828125
-47.80258560180664
-47.54713439941406
-47.59697341918945
-47.971649169921875
-47.83832550048828
-47.402957916259766
-47.72718048095703
-47.86226272583008
-47.871177673339844
-47.75090789794922
-47.92714309692383
-47.914085388183594
-47.76957702636719
-47.80518341064453
-47.97685241699219
-47.943389892578125
-47.81512451171875
-47.75983428955078
-47.85586929321289
-47.488426208496094
-47.51634979248047
-47.89970779418945
-47.875732421875
-47.547454833984375
-47.975433349609375
-47.59516906738281
-47.43706512451172
-47.784332275390625
-47.88589859008789
-47.81770706176758
-47.84212112426758
-47.99049758911133
-47.82906723022461
-47.86248016357422
-47.72975540161133
-47.80132293701172
-47.86418151855469
-47.903953552246094
-47.83291244506836
-47.759422302246094
-47.86492156982422
-47.918792724609375
-47.83647918701172
-48.02178192138672
-47.965065002441406
-47.66301727294922
-47.684120178222656
-47.918846130371094
-47.96272277832031
-47.8983039855957
-47.904296875
-47.879119873046875
-47.98769760131836
-47.99140167236328
-47.927528381347656
-47.99250793457031
-47.88980484008789
-47.89091491699219
-47.98701477050781
-48.00684356689453
-47.79214859008789
-47.88568115234375
-47.65625
-47.671974182128906
-47.869972229003906
-47.94747543334961
-47.87797927856445
-47.889610290527344
-47.857635498046875
-47.98672103881836
-48.01815414428711
-47.93891143798828
-47.7275505065918
-47.8379020690918
-47.969093322753906
-47.87046813964844
-47.85357666015625
-47.771575927734375
-47.96299743652344
-48.018524169921875
-47.97373580932617
-47.80974578857422
-47.772972106933594
-47.886695861816406
-47.96040725708008
-47.922637939453125
-48.07643127441406
-48.07175827026367
-47.97027587890625
-47.90509796142578
-47.90882873535156
-47.96311569213867
-47.93286895751953
-47.976898193359375
-48.0272102355957
-48.01812744140625
-48.045413970947266
-48.0413932800293
-48.09844970703125
-48.1215705871582
-48.10980224609375
-47.970191955566406
-47.88759231567383
-47.87484359741211
-48.025108337402344
-47.986297607421875
-48.0738639831543
-48.06360626220703
-48.07686233520508
-48.00790786743164
-47.94007873535156
-47.8953971862793
-47.88437271118164
-47.94987487792969
-47.9946403503418
-48.061798095703125
-47.97941589355469
-48.06958770751953
-48.05113983154297
-48.02473449707031
-48.05739212036133
-48.05384826660156
-47.905113220214844
-47.72806930541992
-47.918968200683594
-48.04499816894531
-47.954673767089844
-47.92496871948242
-48.101470947265625
-48.11381530761719
-48.06003189086914
-47.98724365234375
-47.91004943847656
-48.0214958190918
-47.90936279296875
-47.91731643676758
-48.0021858215332
-47.82952117919922
-47.87782287597656
-48.01019287109375
-47.929656982421875
-47.902183532714844
-48.024375915527344
-47.98070526123047
-47.9040412902832
-47.9295654296875
-47.894412994384766
-48.072975158691406
-48.11783218383789
-47.93926239013672
-47.95549774169922
-47.97371292114258
-48.135711669921875
-48.108001708984375
-48.01435089111328
-48.016807556152344
-48.031150817871094
-48.02963638305664
-48.05078125
-48.00592041015625
-48.14006805419922
-47.99660873413086
-47.89933395385742
-47.891136169433594
-47.94823455810547
-47.8466796875
-48.008201599121094
-47.961212158203125
-47.938072204589844
-48.019222259521484
-47.990440368652344
-47.80104446411133
-47.99506378173828
-48.057334899902344
-47.75111770629883
-47.79344940185547
-48.10681915283203
-47.98594284057617
-47.69867706298828
-47.98060607910156
-47.95533752441406
-47.68678283691406
-47.788307189941406
-47.93943786621094
-47.58928680419922
-47.90474319458008
-48.06914138793945
-47.731544494628906
-47.85101318359375
-47.98880386352539
-47.88855743408203
-47.86286926269531
-48.08732604980469
-47.93339920043945
-47.64398956298828
-47.98469924926758
-48.01976013183594
-47.982757568359375
-48.03028106689453
-48.047183990478516
-47.842079162597656
-47.90342712402344
-47.89753723144531
-48.0826416015625
-47.76306915283203
-47.37556838989258
-48.14277267456055
-47.772796630859375
-47.55669021606445
-48.05211639404297
-47.55172348022461
-48.17609405517578
-47.922969818115234
-47.72911071777344
-48.00796890258789
-47.52695083618164
-48.11355972290039
-47.841575622558594
-47.849159240722656
-48.03678512573242
-47.75836944580078
-48.01133346557617
-48.19845962524414
-48.02583312988281
-47.83469772338867
-48.061927795410156
-48.08008575439453
-47.8092041015625
-47.79356384277344
-48.140480041503906
-48.061195373535156
-48.01738739013672
-48.02921676635742
-48.05348587036133
-47.98597717285156
-47.94849395751953
-48.22716522216797
-47.86897277832031
-47.76628112792969
-48.16058349609375
-47.80158615112305
-47.93689727783203
-48.12665557861328
-47.78191375732422
-47.900516510009766
-48.16383361816406
-47.8248176574707
-48.06647491455078
-48.111148834228516
-47.80834197998047
-47.880653381347656
-48.12586975097656
-48.134254455566406
-48.03814697265625
-48.142799377441406
-48.07691955566406
-48.146934509277344
-48.17081069946289
-48.240211486816406
-48.24406433105469
-48.12278366088867
-47.969329833984375
-47.99961853027344
-48.11298370361328
-48.13536071777344
-48.160255432128906
-48.04246520996094
-47.945465087890625
-47.992210388183594
-48.055294036865234
-48.166786193847656
-48.1860237121582
-48.02066421508789
-48.04848098754883
-48.147438049316406
-48.23954772949219
-48.23353576660156
-48.16150665283203
-47.973114013671875
-47.94916534423828
-48.112972259521484
-48.16381072998047
-48.028076171875
-48.132354736328125
-48.27077102661133
-48.294586181640625
-48.15569305419922
-47.95744323730469
-48.075462341308594
-48.00706481933594
-47.813018798828125
-48.25019073486328
-48.02054977416992
-47.808753967285156
-48.171142578125
-47.997867584228516
-48.06700897216797
-48.185874938964844
-48.24556350708008
-48.06566619873047
-48.19807815551758
-48.171024322509766
-48.12615966796875
-47.94207763671875
-48.1619758605957
-48.22650146484375
-48.115333557128906
-48.17717742919922
-48.15072250366211
-48.255611419677734
-48.275062561035156
-48.25860595703125
-48.23319625854492
-48.178993225097656
-48.15321350097656
-48.16722106933594
-48.187255859375
-48.18281555175781
-48.151939392089844
-48.071861267089844
-48.12007141113281
-48.14988708496094
-48.16600799560547
-48.1673583984375
-48.15983200073242
-48.22480773925781
-48.209529876708984
-48.20846176147461
-48.24504852294922
-48.16801071166992
-48.26487731933594
-48.237884521484375
-48.21379852294922
-48.22659683227539
-48.21295166015625
-48.20256423950195
-48.20838928222656
-48.16114044189453
-48.123172760009766
-48.148765563964844
-48.22692108154297
-48.30042266845703
-48.3096923828125
-48.1777458190918
-48.10279846191406
-48.121070861816406
-48.20292663574219
-48.22972106933594
-48.15655517578125
-48.13156509399414
-48.27968215942383
-48.22550964355469
-48.24967956542969
-48.26883316040039
-48.18090057373047
-47.954978942871094
-47.92702865600586
-48.231689453125
-48.32584762573242
-48.177974700927734
-48.04023742675781
-48.151206970214844
-48.19154357910156
-47.959983825683594
-47.87460708618164
-48.186378479003906
-48.27232360839844
-48.13381576538086
-48.17167282104492
-48.1597785949707
-47.95629119873047
-48.104949951171875
-48.27446746826172
-48.28221893310547
-48.05805969238281
-47.869720458984375
-48.153648376464844
-48.249271392822266
-47.82150650024414
-48.251399993896484
-48.204261779785156
-48.01190185546875
-48.05323791503906
-48.2198486328125
-48.11127471923828
-47.97152328491211
-48.149253845214844
-48.26906967163086
-48.005653381347656
-48.176902770996094
-48.270137786865234
-48.1931266784668
-48.07550811767578
-48.18208694458008
-48.284942626953125
-48.18699264526367
-48.12181854248047
-48.189048767089844
-48.20878982543945
-48.090980529785156
-48.12187957763672
-48.18143844604492
-48.11408233642578
-48.30427551269531
-48.2116813659668
-47.998451232910156
-48.12079620361328
-48.085697174072266
-47.99528121948242
-48.04768371582031
-48.261573791503906
-48.28188705444336
-48.204185485839844
-47.88341522216797
-48.08032989501953
-48.326087951660156
-48.222984313964844
-48.13687515258789
-48.114105224609375
-48.19414138793945
-48.2686882019043
-48.2919921875
-48.22373580932617
-48.10667037963867
-48.02883529663086
-48.223411560058594
-48.38203430175781
-48.23896789550781
-48.11045837402344
-48.163204193115234
-48.252906799316406
-48.232845306396484
-48.09678649902344
-48.151371002197266
-48.31387710571289
-48.37010955810547
-48.349815368652344
-48.23450469970703
-48.08439636230469
-48.32399368286133
-48.21466827392578
-48.06551742553711
-48.09141159057617
-48.35215759277344
-48.28279113769531
-48.155052185058594
-48.19227981567383
-48.27921676635742
-48.32469177246094
-48.119956970214844
-47.959774017333984
-48.09846496582031
-48.25044250488281
-48.276126861572266
-48.21706771850586
-48.10295867919922
-48.20643615722656
-48.29072570800781
-48.37269592285156
-48.373043060302734
-48.33314895629883
-48.255252838134766
-48.32394027709961
-48.282073974609375
-48.14012145996094
-48.236854553222656
-48.24753189086914
-48.34790802001953
-48.25948715209961
-48.11176300048828
-47.92794418334961
-48.19158172607422
-48.09832763671875
-48.208984375
-48.24235916137695
-48.20515823364258
-48.16534423828125
-48.25468444824219
-48.21967315673828
-48.2139892578125
-48.083126068115234
-48.137176513671875
-48.25572204589844
-48.197654724121094
-48.119083404541016
-47.97301483154297
-48.230506896972656
-48.29747009277344
-48.279441833496094
-48.05866241455078
-48.24944305419922
-48.41035461425781
-48.311038970947266
-48.20376205444336
-48.23244857788086
-48.26069259643555
-48.2052116394043
-48.340538024902344
-48.25373840332031
-48.262290954589844
-48.27235794067383
-48.02317810058594
-47.922447204589844
-48.252197265625
-48.36149597167969
-48.20135498046875
-48.11646270751953
-48.283241271972656
-48.3009147644043
-48.3331184387207
-48.3413200378418
-48.30888748168945
-48.29521560668945
-48.39503479003906
-48.3212890625
-48.31556701660156
-48.25459671020508
-48.280738830566406
-48.2132682800293
-48.202117919921875
-48.29709243774414
-48.33119201660156
-48.306556701660156
-48.21489334106445
-48.20330047607422
-48.40252685546875
-48.368709564208984
-48.106685638427734
-48.17597961425781
-48.295143127441406
-48.337799072265625
-48.19314956665039
-48.226444244384766
-48.27180480957031
-48.29113006591797
-48.248741149902344
-48.0914421081543
-48.32750701904297
-48.35362243652344
-48.18803024291992
-48.13455581665039
-48.403038024902344
-48.19896697998047
-47.9586296081543
-48.3997802734375
-48.166290283203125
-47.87604522705078
-48.33124923706055
-48.10324478149414
-48.14916229248047
-48.32134246826172
-47.9430046081543
-48.123046875
-48.409034729003906
-47.76815414428711
-48.31687927246094
-48.28427505493164
-47.83483123779297
-48.417091369628906
-48.07135009765625
-48.092037200927734
-48.337432861328125
-48.0107421875
-48.243492126464844
-48.417972564697266
-48.23161315917969
-48.01565170288086
-48.410152435302734
-48.22305679321289
-48.111061096191406
-48.37736892700195
-48.20046615600586
-48.17481231689453
-48.46836853027344
-48.17095184326172
-48.21211624145508
-48.4521598815918
-48.32036209106445
-48.22495651245117
-48.28221893310547
-48.41510009765625
-48.375335693359375
-48.28056335449219
-48.24007797241211
-48.336944580078125
-48.431182861328125
-48.209877014160156
-48.204078674316406
-48.51641082763672
-48.34380340576172
-48.40926742553711
-48.214595794677734
-48.239166259765625
-48.35238265991211
-48.50227737426758
-48.46522521972656
-48.41289138793945
-48.32917785644531
-48.364479064941406
-48.420867919921875
-48.46239471435547
-48.45939636230469
-48.40287399291992
-48.376495361328125
-48.35472106933594
-48.31690216064453
-48.35596466064453
-48.39891052246094
-48.4471549987793
-48.50457763671875
-48.46590805053711
-48.40264892578125
-48.35822677612305
-48.34886932373047
-48.435546875
-48.235530853271484
-48.30765151977539
-48.43150329589844
-48.29920196533203
-48.29774475097656
-48.310306549072266
-48.26723861694336
-48.317344665527344
-48.482818603515625
-48.194854736328125
-48.094844818115234
-48.37393569946289
-48.4697151184082
-48.31470489501953
-48.29663848876953
-48.4114875793457
-48.34134292602539
-48.360076904296875
-48.38750076293945
-48.37031555175781
-48.341068267822266
-48.451377868652344
-48.41808319091797
-48.36107635498047
-48.2502555847168
-48.09386444091797
-48.314388275146484
-48.50620651245117
-48.45888137817383
-48.31692886352539
-48.24492645263672
-48.30280303955078
-48.38710403442383
-48.440452575683594
-48.34645080566406
-48.313194274902344
-48.3953857421875
-48.51017379760742
-48.44152069091797
-48.245479583740234
-48.19994354248047
-48.31633758544922
-48.429466247558594
-48.54771423339844
-48.551551818847656
-48.4742317199707
-48.45124053955078
-48.302825927734375
-48.28215408325195
-48.42563247680664
-48.576316833496094
-48.572265625
-48.43534851074219
-48.45494842529297
-48.44304656982422
-48.497310638427734
-48.463863372802734
-48.343841552734375
-48.39643859863281
-48.4406623840332
-48.43907165527344
-48.4721794128418
-48.49045181274414
-48.56916809082031
-48.5478401184082
-48.527496337890625
-48.48639678955078
-48.463218688964844
-48.51283645629883
-48.48638153076172
-48.527915954589844
-48.46446990966797
-48.3643913269043
-48.388328552246094
-48.5172004699707
-48.499671936035156
-48.50255584716797
-48.477447509765625
-48.452392578125
-48.492919921875
-48.546756744384766
-48.540985107421875
-48.50936508178711
-48.375
-48.428680419921875
-48.55084991455078
-48.66960144042969
-48.4678955078125
-48.398719787597656
-48.30503845214844
-48.351783752441406
-48.514076232910156
-48.47894287109375
-48.54105758666992
-48.57294845581055
-48.535953521728516
-48.47440719604492
-48.42538070678711
-48.36090850830078
-48.469642639160156
-48.4912109375
-48.54191207885742
-48.30727005004883
-48.18088912963867
-48.556888580322266
-48.4074592590332
-48.55271911621094
-48.52106475830078
-48.42485427856445
-48.30462646484375
-48.45895004272461
-48.5045166015625
-48.5836296081543
-48.58662033081055
-48.571102142333984
-48.540199279785156
-48.42585754394531
-48.42389678955078
-48.35752868652344
-48.39979553222656
-48.400779724121094
-48.55824279785156
-48.48684310913086
-48.51425552368164
-48.45607376098633
-48.48162841796875
-48.53502655029297
-48.45820617675781
-48.36088562011719
-48.35966110229492
-48.35038757324219
-48.45485305786133
-48.45979690551758
-48.397666931152344
-48.4874267578125
-48.567840576171875
-48.42755126953125
-48.190521240234375
-48.26957321166992
-48.52520751953125
-48.53459548950195
-48.37667465209961
-48.13227081298828
-48.38887023925781
-48.639060974121094
-48.602718353271484
-48.41773223876953
-48.380699157714844
-48.407264709472656
-48.33515930175781
-48.536441802978516
-48.56060028076172
-48.46096420288086
-48.37761688232422
-48.53658676147461
-48.57660675048828
-48.60789108276367
-48.66173553466797
-48.523712158203125
-48.634700775146484
-48.62617874145508
-48.60194778442383
-48.5010986328125
-48.422080993652344
-48.44125747680664
-48.315147399902344
-48.36458969116211
-48.351863861083984
-48.413108825683594
-48.48310852050781
-48.53705596923828
-48.57643127441406
-48.56087112426758
-48.47876739501953
-48.375301361083984
-48.42828369140625
-48.43228530883789
-48.49547576904297
-48.507118225097656
-48.56511688232422
-48.664852142333984
-48.59248352050781
-48.56429672241211
-48.39400100708008
-48.200408935546875
-48.409420013427734
-48.494102478027344
-48.47826385498047
-48.39482116699219
-48.349388122558594
-48.410884857177734
-48.53239822387695
-48.592529296875
-48.516780853271484
-48.44605255126953
-48.44061279296875
-48.28079605102539
-48.553138732910156
-48.57786560058594
-48.62019348144531
-48.61903762817383
-48.542335510253906
-48.55335998535156
-48.41143798828125
-48.390682220458984
-48.45684051513672
-48.50523376464844
-48.64533615112305
-48.6612548828125
-48.66392135620117
-48.551578521728516
-48.61029052734375
-48.452186584472656
-48.357208251953125
-48.495758056640625
-48.55958557128906
-48.52886962890625
-48.458961486816406
-48.3432731628418
-48.39603042602539
-48.54454803466797
-48.72754669189453
-48.502708435058594
-48.37785339355469
-48.499488830566406
-48.60359191894531
-48.582096099853516
-48.62408447265625
-48.48817443847656
-48.371620178222656
-48.38259506225586
-48.521087646484375
-48.626678466796875
-48.61378860473633
-48.490814208984375
-48.522560119628906
-48.55313491821289
-48.59814453125
-48.48882293701172
-48.387908935546875
-48.32431411743164
-48.46038055419922
-48.62582015991211
-48.65335464477539
-48.531089782714844
-48.421993255615234
-48.26921844482422
-48.52189636230469
-48.553287506103516
-48.518863677978516
-48.57251739501953
-48.60772705078125
-48.53125
-48.52342987060547
-48.67683792114258
-48.697723388671875
-48.62587356567383
-48.60717010498047
-48.610538482666016
-48.54369354248047
-48.52099609375
-48.59757995605469
-48.613285064697266
-48.53936767578125
-48.63165283203125
-48.676177978515625
-48.68048858642578
-48.703857421875
-48.65430450439453
-48.567848205566406
-48.473182678222656
-48.6013069152832
-48.58466720581055
-48.71244430541992
-48.758544921875
-48.692604064941406
-48.68484115600586
-48.57186508178711
-48.53931427001953
-48.35847091674805
-48.45527648925781
-48.48209762573242
-48.646751403808594
-48.6777229309082
-48.55558776855469
-48.37458038330078
-48.544368743896484
-48.658164978027344
-48.74042892456055
-48.6207160949707
-48.56525802612305
-48.415626525878906
-48.37352752685547
-48.59710693359375
-48.66917419433594
-48.55091857910156
-48.48149490356445
-48.5872917175293
-48.610313415527344
-48.64017868041992
-48.60541534423828
-48.659889221191406
-48.7174072265625
-48.70001983642578
-48.69621276855469
-48.678775787353516
-48.585391998291016
-48.568267822265625
-48.465641021728516
-48.61945724487305
-48.57680892944336
-48.69964599609375
-48.69785690307617
-48.720619201660156
-48.63336944580078
-48.52984619140625
-48.57341384887695
-48.64030075073242
-48.62825393676758
-48.525691986083984
-48.422943115234375
-48.62008285522461
-48.627017974853516
-48.72060012817383
-48.65388107299805
-48.463130950927734
-48.4051513671875
-48.476097106933594
-48.5866584777832
-48.609466552734375
-48.62297439575195
-48.7343635559082
-48.73151397705078
-48.67622756958008
-48.575103759765625
-48.568756103515625
-48.628631591796875
-48.716365814208984
-48.67163848876953
-48.70671844482422
-48.69791030883789
-48.48078918457031
-48.36158752441406
-48.68667984008789
-48.619384765625
-48.2890625
-48.613826751708984
-48.740638732910156
-48.521690368652344
-48.32982635498047
-48.68209457397461
-48.74345779418945
-48.683284759521484
-48.3953971862793
-48.487098693847656
-48.708091735839844
-48.6628532409668
-48.69477844238281
-48.69721603393555
-48.56271743774414
-48.50202178955078
-48.633277893066406
-48.67485809326172
-48.6424674987793
-48.57897186279297
-48.30978775024414
-48.53521728515625
-48.76248550415039
-48.69793701171875
-48.618988037109375
-48.695369720458984
-48.70964050292969
-48.733829498291016
-48.71135711669922
-48.71109390258789
-48.4907341003418
-48.550140380859375
-48.734214782714844
-48.758689880371094
-48.58206558227539
-48.33378601074219
-48.738914489746094
-48.672393798828125
-48.51219940185547
-48.386234283447266
-48.676353454589844
-48.57832336425781
-48.25516128540039
-48.523223876953125
-48.61904525756836
-48.23623275756836
-48.59917068481445
-48.71698760986328
-48.50445556640625
-48.52656936645508
-48.77682113647461
-48.80082321166992
-48.57270812988281
-48.511558532714844
-48.50727462768555
-48.49168395996094
-48.670982360839844
-48.74290084838867
-48.61058044433594
-48.56622314453125
-48.51445388793945
-48.52693176269531
-48.69591522216797
-48.7346076965332
-48.58089828491211
-48.48688507080078
-48.56604766845703
-48.5130729675293
-48.485477447509766
-48.635780334472656
-48.64957046508789
-48.56456756591797
-48.5274658203125
-48.6321907043457
-48.71296310424805
-48.74003601074219
-48.73152160644531
-48.77439880371094
-48.630470275878906
-48.53255081176758
-48.404380798339844
-48.5782470703125
-48.614402770996094
-48.61943435668945
-48.72370910644531
-48.643775939941406
-48.40697479248047
-48.386898040771484
-48.669837951660156
-48.77384567260742
-48.61716079711914
-48.5679817199707
-48.53041076660156
-48.43375778198242
-48.55152893066406
-48.70821762084961
-48.65306091308594
-48.586090087890625
-48.56236267089844
-48.65655517578125
-48.694969177246094
-48.50226593017578
-48.50802993774414
-48.574241638183594
-48.6761474609375
-48.76785659790039
-48.74810791015625
-48.73626708984375
-48.659576416015625
-48.65685272216797
-48.649967193603516
-48.58099365234375
-48.64942169189453
-48.798858642578125
-48.72987365722656
-48.654945373535156
-48.47229766845703
-48.519405364990234
-48.696502685546875
-48.808589935302734
-48.772186279296875
-48.82549285888672
-48.675018310546875
-48.54047775268555
-48.54493713378906
-48.64125442504883
-48.74367904663086
-48.75486373901367
-48.74369812011719
-48.76959991455078
-48.80450439453125
-48.748226165771484
-48.82669448852539
-48.64654541015625
-48.65382766723633
-48.672176361083984
-48.48386764526367
-48.65153121948242
-48.732784271240234
-48.59646987915039
-48.65822219848633
-48.576942443847656
-48.54268264770508
-48.526641845703125
-48.719459533691406
-48.759117126464844
-48.6413688659668
-48.49177932739258
-48.59845733642578
-48.71845626831055
-48.756587982177734
-48.69864273071289
-48.60127639770508
-48.439979553222656
-48.63522720336914
-48.79304122924805
-48.66759490966797
-48.738040924072266
-48.64627456665039
-48.630435943603516
-48.7099494934082
-48.8697624206543
-48.804603576660156
-48.61103439331055
-48.627716064453125
-48.67478942871094
-48.83434295654297
-48.735267639160156
-48.732479095458984
-48.54235076904297
-48.55904769897461
-48.83660125732422
-48.8580436706543
-48.67527389526367
-48.54423904418945
-48.599143981933594
-48.71244812011719
-48.779266357421875
-48.755863189697266
-48.663490295410156
-48.468379974365234
-48.691715240478516
-48.812870025634766
-48.82229232788086
-48.8251838684082
-48.758644104003906
-48.78594970703125
-48.803741455078125
-48.718711853027344
-48.73173522949219
-48.78339385986328
-48.80759811401367
-48.808372497558594
-48.8962287902832
-48.86833953857422
-48.79399871826172
-48.71588897705078
-48.565547943115234
-48.84226989746094
-48.89008712768555
-48.85202407836914
-48.56166076660156
-48.55982208251953
-48.74171447753906
-48.78985595703125
-48.63303756713867
-48.552406311035156
-48.878841400146484
-48.70437240600586
-48.33716583251953
-48.860233306884766
-48.763248443603516
-48.31489944458008
-48.70659637451172
-48.657135009765625
-48.41256332397461
-48.840579986572266
-48.768436431884766
-48.332115173339844
-48.70918655395508
-48.64554977416992
-48.33428955078125
-48.79857635498047
-48.73984909057617
-48.36683654785156
-48.77414321899414
-48.6178092956543
-48.21946334838867
-48.864524841308594
-48.743011474609375
-48.270713806152344
-48.67746353149414
-48.64530944824219
-48.277137756347656
-48.83782958984375
-48.5552978515625
-48.4663200378418
-48.74987030029297
-48.519615173339844
-48.56473922729492
-48.799232482910156
-48.69336700439453
-48.675533294677734
-48.85072708129883
-48.85540771484375
-48.60802459716797
-48.65058135986328
-48.881324768066406
-48.77175521850586
-48.650062561035156
-48.605594635009766
-48.680564880371094
-48.755157470703125
-48.66902542114258
-48.66941452026367
-48.78586196899414
-48.88136291503906
-48.83296203613281
-48.786258697509766
-48.56660461425781
-48.73291778564453
-48.8009033203125
-48.848968505859375
-48.79222869873047
-48.78401565551758
-48.816280364990234
-48.93042755126953
-48.900360107421875
-48.77134704589844
-48.63037109375
-48.722259521484375
-48.869483947753906
-48.936702728271484
-48.868896484375
-48.71846389770508
-48.63668441772461
-48.65587615966797
-48.79164123535156
-48.85206604003906
-48.870445251464844
-48.72222900390625
-48.59609603881836
-48.53856658935547
-48.78232955932617
-48.85905075073242
-48.82638168334961
-48.602508544921875
-48.690162658691406
-48.89595413208008
-48.668052673339844
-48.49006652832031
-48.865394592285156
-48.609397888183594
-48.37783432006836
-48.832008361816406
-48.40362548828125
-48.724021911621094
-48.83863830566406
-48.523258209228516
-48.7086067199707
-48.82246398925781
-48.644771575927734
-48.673179626464844
-48.89649200439453
-48.795135498046875
-48.58484649658203
-48.82487106323242
-48.89033889770508
-48.74372100830078
-48.636146545410156
-48.73490905761719
-48.83689880371094
-48.848655700683594
-48.54969787597656
-48.62537384033203
-48.84326934814453
-48.77564239501953
-48.58611297607422
-48.82481384277344
-48.902801513671875
-48.629112243652344
-48.551204681396484
-48.89064407348633
-48.808536529541016
-48.62880325317383
-48.746665954589844
-48.794708251953125
-48.738651275634766
-48.61457824707031
-48.76810836791992
-48.88356018066406
-48.911197662353516
-48.80437088012695
-48.84764099121094
-48.92601776123047
-48.851226806640625
-48.75669479370117
-48.742462158203125
-48.826011657714844
-48.920475006103516
-48.963626861572266
-48.914085388183594
-48.78607940673828
-48.7590217590332
-48.87006759643555
-48.88334655761719
-48.93524169921875
-48.85419464111328
-48.786521911621094
-48.80106735229492
-48.81782913208008
-48.879154205322266
-48.884857177734375
-48.9420051574707
-48.905616760253906
-48.79936218261719
-48.790367126464844
-48.694557189941406
-48.67794418334961
-48.764503479003906
-48.83329391479492
-48.804046630859375
-48.87811279296875
-48.74454879760742
-48.54496765136719
-48.70280838012695
-48.76602554321289
-48.53577423095703
-48.68257141113281
-48.73434829711914
-48.89121627807617
-48.74124526977539
-48.72342300415039
-48.64558029174805
-48.62998962402344
-48.66960144042969
-48.764930725097656
-48.762054443359375
-48.783138275146484
-48.824886322021484
-48.77878189086914
-48.74344253540039
-48.78125
-48.84944152832031
-48.75592041015625
-48.74445343017578
-48.756080627441406
-48.73086166381836
-48.6087532043457
-48.64143371582031
-48.866004943847656
-48.9522705078125
-48.850379943847656
-48.88188934326172
-48.823974609375
-48.793251037597656
-48.857200622558594
-48.68434143066406
-48.835445404052734
-48.83237075805664
-48.8436393737793
-48.80647277832031
-48.68122863769531
-48.74171829223633
-48.84786605834961
-48.94294738769531
-48.924171447753906
-48.8677978515625
-48.720767974853516
-48.62931823730469
-48.804931640625
-48.88792037963867
-48.9036979675293
-48.66356658935547
-48.52690124511719
-48.781394958496094
-48.89014434814453
-48.563236236572266
-48.68647003173828
-48.93559265136719
-48.86387634277344
-48.6556282043457
-48.64141082763672
-48.86241149902344
-48.93126678466797
-48.911441802978516
-48.77777099609375
-48.75688171386719
-48.83692932128906
-48.84795379638672
-48.84291458129883
-48.86624526977539
-48.857208251953125
-48.93586349487305
-48.923866271972656
-48.75679016113281
-48.763423919677734
-48.87881851196289
-48.95166015625
-48.96614074707031
-48.91444778442383
-48.92168045043945
-48.9571647644043
-48.9611930847168
-48.73804473876953
-48.60515594482422
-48.87093734741211
-48.93579864501953
-48.77299880981445
-48.50983428955078
-48.811798095703125
-48.973995208740234
-48.923194885253906
-48.65047073364258
-48.605628967285156
-48.8665657043457
-48.94856262207031
-48.804893493652344
-48.7220344543457
-48.784950256347656
-48.86530685424805
-48.912105560302734
-48.93694305419922
-48.94342041015625
-48.86534118652344
-48.917030334472656
-48.84292984008789
-48.8620491027832
-48.880584716796875
-48.95261001586914
-48.95399856567383
-48.89886474609375
-48.7032356262207
-48.61939239501953
-48.85325622558594
-48.91128158569336
-48.98220443725586
-48.95573043823242
-48.848365783691406
-48.749942779541016
-48.794334411621094
-48.94590377807617
-48.937774658203125
-48.842796325683594
-48.855690002441406
-48.927734375
-48.903175354003906
-48.82289123535156
-48.82551574707031
-48.90686798095703
-48.880027770996094
-48.87615203857422
-49.033973693847656
-48.995330810546875
-48.910362243652344
-48.97343826293945
-48.993072509765625
-48.92610549926758
-48.94977951049805
-48.987396240234375
-48.956382751464844
-48.857704162597656
-48.82536315917969
-48.695709228515625
-48.807655334472656
-48.85759353637695
-48.88776779174805
-48.86698913574219
-48.94398498535156
-48.878990173339844
-48.874755859375
-48.81731414794922
-48.71448516845703
-48.62461471557617
-48.723663330078125
-48.82157897949219
-48.924842834472656
-48.97947311401367
-48.993919372558594
-48.95751953125
-48.86251449584961
-48.823211669921875
-48.86488342285156
-48.8775634765625
-48.80873107910156
-48.81334686279297
-48.8831787109375
-48.80160903930664
-48.814178466796875
-48.89593505859375
-48.978477478027344
-48.97745895385742
-48.94652557373047
-48.966346740722656
-48.933448791503906
-48.96852111816406
-48.933658599853516
-48.89332580566406
-48.813228607177734
-48.74903106689453
-48.761837005615234
-48.82568359375
-48.83016586303711
-48.94575500488281
-48.88234329223633
-48.81011962890625
-48.885398864746094
-48.920230865478516
-48.90974044799805
-48.806678771972656
-48.803104400634766
-48.83142852783203
-48.910316467285156
-48.980674743652344
-48.87078857421875
-48.7694206237793
-48.83616638183594
-48.89383316040039
-48.90977096557617
