loss_v
-5.949055194854736
-5.9558563232421875
-5.893407821655273
-5.815363883972168
-5.888973712921143
-6.065212726593018
-6.1407928466796875
-6.074494361877441
-6.166437149047852
-5.887488842010498
-6.065634727478027
-6.0044145584106445
-6.087642192840576
-6.282880783081055
-6.147572994232178
-6.151673316955566
-6.36191463470459
-6.235211372375488
-6.225179195404053
-6.280275344848633
-6.34384822845459
-6.122916221618652
-6.345126628875732
-6.267750263214111
-6.368898868560791
-6.482198715209961
-6.370298385620117
-6.524003028869629
-6.348275184631348
-6.435062408447266
-6.480808258056641
-6.5081071853637695
-6.408563137054443
-6.352844715118408
-6.53511905670166
-6.43111515045166
-6.365689277648926
-6.5648016929626465
-6.518090724945068
-6.5012922286987305
-6.548138618469238
-6.5006279945373535
-6.447047710418701
-6.560225486755371
-6.635982990264893
-6.686898231506348
-6.50389289855957
-6.697342872619629
-6.630829811096191
-6.711409091949463
-6.657805442810059
-6.713698387145996
-6.761890888214111
-6.789637088775635
-6.817492961883545
-6.879173278808594
-6.816503524780273
-6.870840072631836
-6.749917984008789
-6.922628402709961
-6.955375671386719
-6.893887042999268
-6.946850776672363
-6.876657009124756
-6.978795051574707
-6.982557773590088
-6.973968029022217
-6.973816394805908
-7.036836624145508
-6.955306529998779
-6.988683700561523
-6.988838195800781
-7.02325439453125
-7.007091045379639
-7.030722618103027
-7.093140602111816
-7.014524936676025
-7.06135892868042
-7.10736083984375
-7.077802658081055
-7.053823947906494
-7.075397968292236
-7.038839340209961
-7.037109375
-7.085258960723877
-7.09034538269043
-7.081226348876953
-7.1178717613220215
-7.075250625610352
-7.107936859130859
-7.080040454864502
-7.11072301864624
-7.064450740814209
-7.1022114753723145
-7.103551864624023
-7.126649856567383
-7.10540771484375
-7.1090240478515625
-7.107203960418701
-7.086688995361328
-7.092413902282715
-7.103968620300293
-7.0782999992370605
-7.105440139770508
-7.148185729980469
-7.114377498626709
-7.139453411102295
-7.101199626922607
-7.077515602111816
-7.12441873550415
-7.186015605926514
-7.155032157897949
-7.115869045257568
-7.14700174331665
-7.122684001922607
-7.1758198738098145
-7.151071548461914
-7.1779561042785645
-7.167107105255127
-7.134184837341309
-7.168594837188721
-7.157834053039551
-7.182999610900879
-7.160096645355225
-7.1409220695495605
-7.157050609588623
-7.200260162353516
-7.214473247528076
-7.209401607513428
-7.230234622955322
-7.227578163146973
-7.23571252822876
-7.224167823791504
-7.259377479553223
-7.271425247192383
-7.2992844581604
-7.261178970336914
-7.295889854431152
-7.32091760635376
-7.362730026245117
-7.35346794128418
-7.294363975524902
-7.336633205413818
-7.392247676849365
-7.42128324508667
-7.416014194488525
-7.498787879943848
-7.507866859436035
-7.472658634185791
-7.499000072479248
-7.561996936798096
-7.641389846801758
-7.653668403625488
-7.695024013519287
-7.7364583015441895
-7.820103168487549
-7.878818035125732
-7.882891654968262
-7.860240936279297
-7.992198944091797
-7.987293720245361
-8.183708190917969
-8.239069938659668
-8.379137992858887
-8.565289497375488
-8.390843391418457
-8.69476318359375
-8.809078216552734
-9.054620742797852
-8.804829597473145
-9.153902053833008
-8.969877243041992
-9.055843353271484
-9.23341178894043
-9.114005088806152
-9.22155475616455
-9.230076789855957
-9.290694236755371
-9.3179292678833
-9.03289794921875
-9.296432495117188
-9.228618621826172
-9.37339973449707
-9.246612548828125
-9.339376449584961
-9.22477912902832
-9.396530151367188
-9.259461402893066
-9.34427261352539
-9.432202339172363
-9.521832466125488
-9.38449478149414
-9.44892692565918
-9.586982727050781
-9.445384979248047
-9.419782638549805
-9.463447570800781
-9.400896072387695
-9.552606582641602
-9.570880889892578
-9.537384033203125
-9.542675971984863
-9.546355247497559
-9.534050941467285
-9.583483695983887
-9.585664749145508
-9.415956497192383
-9.608647346496582
-9.536858558654785
-9.410408973693848
-9.501028060913086
-9.616189956665039
-9.644828796386719
-9.523274421691895
-9.606389999389648
-9.61876392364502
-9.446273803710938
-9.727396011352539
-9.661613464355469
-9.493025779724121
-9.691080093383789
-9.749518394470215
-9.643020629882812
-9.689715385437012
-9.671314239501953
-9.65153980255127
-9.837202072143555
-9.607796669006348
-9.732393264770508
-9.547073364257812
-9.536409378051758
-9.62740421295166
-9.612720489501953
-9.80930233001709
-9.679073333740234
-9.529742240905762
-9.627968788146973
-9.671463012695312
-9.705232620239258
-9.760810852050781
-9.876834869384766
-9.756722450256348
-9.73561954498291
-9.861720085144043
-9.586919784545898
-9.760430335998535
-9.831191062927246
-9.83948802947998
-9.777499198913574
-9.909769058227539
-9.788073539733887
-10.01084041595459
-9.774539947509766
-9.938812255859375
-9.868853569030762
-9.824339866638184
-9.78494644165039
-9.783417701721191
-9.782877922058105
-9.829629898071289
-9.796786308288574
-9.953927040100098
-9.900077819824219
-9.781632423400879
-9.880505561828613
-9.855026245117188
-9.911883354187012
-9.977322578430176
-9.826495170593262
-9.97601318359375
-9.831581115722656
-9.957632064819336
-10.026044845581055
-9.956368446350098
-9.991595268249512
-9.839624404907227
-9.960543632507324
-10.013389587402344
-9.919475555419922
-10.000645637512207
-9.958725929260254
-9.807494163513184
-10.066200256347656
-9.948105812072754
-9.922358512878418
-9.953131675720215
-10.068991661071777
-9.896732330322266
-10.035855293273926
-9.994922637939453
-10.123197555541992
-9.988070487976074
-10.047001838684082
-10.023656845092773
-10.030510902404785
-9.925020217895508
-9.925885200500488
-10.061384201049805
-9.992758750915527
-10.14385986328125
-9.743082046508789
-10.022347450256348
-10.0086088180542
-10.009847640991211
-10.130247116088867
-10.038796424865723
-10.090481758117676
-10.017095565795898
-10.026008605957031
-10.10346508026123
-10.030975341796875
-10.04948902130127
-9.98003101348877
-10.205432891845703
-10.19241714477539
-10.030936241149902
-10.252156257629395
-10.085946083068848
-10.244519233703613
-9.953235626220703
-10.155512809753418
-10.058210372924805
-10.130441665649414
-10.149985313415527
-10.168192863464355
-10.109375953674316
-10.139692306518555
-10.209616661071777
-10.166743278503418
-10.236976623535156
-10.195273399353027
-10.19489574432373
-10.225202560424805
-10.283679008483887
-10.254199981689453
-10.24819278717041
-10.256525039672852
-10.20131778717041
-10.240086555480957
-10.254164695739746
-10.241581916809082
-10.278899192810059
-10.352075576782227
-10.277959823608398
-10.30406665802002
-10.290719985961914
-10.283960342407227
-10.313962936401367
-10.355607032775879
-10.225017547607422
-10.283413887023926
-10.260852813720703
-10.26066780090332
-10.376152992248535
-10.224267959594727
-10.263259887695312
-10.3046875
-10.302680969238281
-10.286750793457031
-10.282302856445312
-10.253297805786133
-10.31717586517334
-10.225990295410156
-10.373397827148438
-10.116541862487793
-10.352832794189453
-10.279803276062012
-10.408976554870605
-10.267966270446777
-10.362600326538086
-10.376378059387207
-10.413114547729492
-10.375968933105469
-10.363981246948242
-10.392004013061523
-10.44138240814209
-10.403058052062988
-10.393433570861816
-10.382800102233887
-10.446882247924805
-10.40743350982666
-10.420723915100098
-10.318815231323242
-10.426262855529785
-10.335753440856934
-10.449459075927734
-10.407037734985352
-10.465426445007324
-10.394002914428711
-10.511078834533691
-10.38963508605957
-10.3466157913208
-10.463227272033691
-10.3368501663208
-10.460658073425293
-10.466407775878906
-10.437496185302734
-10.485847473144531
-10.401895523071289
-10.479103088378906
-10.463571548461914
-10.447869300842285
-10.490793228149414
-10.539579391479492
-10.482213020324707
-10.437643051147461
-10.45138168334961
-10.4940824508667
-10.450886726379395
-10.50871753692627
-10.498791694641113
-10.532768249511719
-10.499739646911621
-10.520942687988281
-10.545916557312012
-10.511629104614258
-10.51784896850586
-10.532404899597168
-10.46479606628418
-10.435112953186035
-10.542837142944336
-10.395853042602539
-10.549996376037598
-10.405856132507324
-10.556251525878906
-10.301358222961426
-10.515896797180176
-10.34542179107666
-10.487399101257324
-10.363275527954102
-10.472071647644043
-10.479364395141602
-10.421845436096191
-10.511507987976074
-10.463644981384277
-10.452616691589355
-10.49261474609375
-10.506070137023926
-10.54502010345459
-10.4802885055542
-10.555377960205078
-10.527952194213867
-10.553862571716309
-10.552495956420898
-10.54503345489502
-10.525547981262207
-10.601027488708496
-10.59067440032959
-10.579485893249512
-10.565851211547852
-10.618948936462402
-10.581890106201172
-10.606800079345703
-10.575736999511719
-10.645530700683594
-10.59832763671875
-10.61707878112793
-10.6175537109375
-10.625168800354004
-10.623940467834473
-10.600961685180664
-10.59394645690918
-10.58415699005127
-10.659749031066895
-10.639951705932617
-10.633797645568848
-10.640687942504883
-10.646503448486328
-10.607467651367188
-10.650742530822754
-10.588436126708984
-10.671567916870117
-10.636853218078613
-10.645726203918457
-10.606751441955566
-10.661940574645996
-10.64660358428955
-10.660360336303711
-10.653368949890137
-10.629587173461914
-10.673746109008789
-10.627584457397461
-10.692169189453125
-10.607059478759766
-10.663358688354492
-10.643345832824707
-10.66448974609375
-10.658885955810547
-10.653036117553711
-10.653000831604004
-10.588523864746094
-10.695282936096191
-10.603118896484375
-10.687284469604492
-10.657410621643066
-10.690999984741211
-10.685495376586914
-10.697694778442383
-10.672343254089355
-10.699946403503418
-10.687568664550781
-10.710098266601562
-10.710653305053711
-10.72502613067627
-10.707329750061035
-10.704700469970703
-10.718557357788086
-10.723907470703125
-10.735174179077148
-10.740955352783203
-10.706640243530273
-10.728650093078613
-10.746343612670898
-10.729423522949219
-10.726480484008789
-10.751679420471191
-10.720266342163086
-10.734383583068848
-10.74146842956543
-10.755420684814453
-10.747787475585938
-10.759109497070312
-10.753500938415527
-10.756366729736328
-10.738702774047852
-10.747527122497559
-10.736688613891602
-10.72290325164795
-10.74101448059082
-10.746506690979004
-10.734770774841309
-10.771021842956543
-10.683629035949707
-10.743327140808105
-10.741414070129395
-10.718831062316895
-10.768238067626953
-10.714448928833008
-10.77851676940918
-10.7633695602417
-10.777710914611816
-10.746342658996582
-10.747145652770996
-10.779440879821777
-10.751582145690918
-10.792867660522461
-10.763627052307129
-10.771743774414062
-10.78679084777832
-10.76169490814209
-10.776412963867188
-10.783002853393555
-10.767815589904785
-10.79014778137207
-10.787676811218262
-10.785492897033691
-10.791089057922363
-10.78133487701416
-10.789420127868652
-10.805135726928711
-10.796808242797852
-10.82170295715332
-10.80518913269043
-10.801833152770996
-10.801152229309082
-10.813424110412598
-10.805174827575684
-10.801840782165527
-10.80605411529541
-10.81776237487793
-10.816201210021973
-10.804460525512695
-10.816834449768066
-10.8152437210083
-10.815311431884766
-10.796972274780273
-10.7990083694458
-10.803135871887207
-10.817745208740234
-10.812775611877441
-10.817116737365723
-10.816934585571289
-10.824797630310059
-10.824139595031738
-10.799235343933105
-10.84423828125
-10.830253601074219
-10.78026294708252
-10.823790550231934
-10.8370361328125
-10.792881965637207
-10.82771110534668
-10.829194068908691
-10.809867858886719
-10.847103118896484
-10.829522132873535
-10.804215431213379
-10.839157104492188
-10.83370590209961
-10.80670166015625
-10.846943855285645
-10.848112106323242
-10.81743049621582
-10.859156608581543
-10.863395690917969
-10.836326599121094
-10.840473175048828
-10.864604949951172
-10.854924201965332
-10.859136581420898
-10.842995643615723
-10.854780197143555
-10.848177909851074
-10.865520477294922
-10.846099853515625
-10.8648681640625
-10.873269081115723
-10.855484962463379
-10.84967041015625
-10.862792015075684
-10.879199981689453
-10.867521286010742
-10.88879680633545
-10.87370777130127
-10.873980522155762
-10.892630577087402
-10.870232582092285
-10.893888473510742
-10.897250175476074
-10.86600112915039
-10.884793281555176
-10.874034881591797
-10.916866302490234
-10.883193969726562
-10.875235557556152
-10.879748344421387
-10.896754264831543
-10.870491027832031
-10.884231567382812
-10.8906888961792
-10.881477355957031
-10.910577774047852
-10.902576446533203
-10.881332397460938
-10.896721839904785
-10.89429759979248
-10.888946533203125
-10.892633438110352
-10.90375804901123
-10.887998580932617
-10.893521308898926
-10.898517608642578
-10.897187232971191
-10.89395523071289
-10.905885696411133
-10.91002368927002
-10.896692276000977
-10.90816593170166
-10.906288146972656
-10.876956939697266
-10.907344818115234
-10.893194198608398
-10.912102699279785
-10.916802406311035
-10.898309707641602
-10.913071632385254
-10.905675888061523
-10.947270393371582
-10.944071769714355
-10.935174942016602
-10.935750961303711
-10.944722175598145
-10.933664321899414
-10.90473461151123
-10.935571670532227
-10.913239479064941
-10.936957359313965
-10.940028190612793
-10.899347305297852
-10.860300064086914
-10.885784149169922
-10.96008586883545
-10.934009552001953
-10.882124900817871
-10.894635200500488
-10.945202827453613
-10.947667121887207
-10.877945899963379
-10.922272682189941
-10.943228721618652
-10.951297760009766
-10.947850227355957
-10.919698715209961
-10.967264175415039
-10.945093154907227
-10.928342819213867
-10.945363998413086
-10.953591346740723
-10.94569206237793
-10.939584732055664
-10.958977699279785
-10.95641803741455
-10.950776100158691
-10.935664176940918
-10.964714050292969
-10.9570951461792
-10.96668815612793
-10.947714805603027
-10.97594928741455
-10.986978530883789
-10.96611213684082
-10.95338249206543
-10.987536430358887
-10.959980964660645
-10.964035034179688
-10.981048583984375
-10.974883079528809
-10.980985641479492
-10.95633316040039
-10.95207405090332
-10.961206436157227
-10.976945877075195
-10.96806812286377
-10.988329887390137
-10.931914329528809
-10.928277015686035
-10.9464750289917
-10.961607933044434
-10.9673433303833
-10.981063842773438
-10.914051055908203
-10.914050102233887
-10.967354774475098
-11.011242866516113
-10.96802806854248
-10.965558052062988
-10.96080207824707
-10.968907356262207
-10.958892822265625
-10.95427131652832
-10.961633682250977
-10.977211952209473
-11.007401466369629
-10.988154411315918
-10.976831436157227
-11.00949478149414
-11.000863075256348
-10.984484672546387
-10.901134490966797
-10.919276237487793
-10.980942726135254
-10.970942497253418
-10.922774314880371
-10.906993865966797
-10.966300010681152
-10.987298965454102
-10.881206512451172
-10.876877784729004
-10.98950481414795
-10.949995040893555
-10.862388610839844
-10.964316368103027
-10.99722957611084
-10.909211158752441
-10.911592483520508
-10.989831924438477
-11.0103120803833
-10.917505264282227
-10.9698486328125
-11.012642860412598
-10.948012351989746
-10.946722984313965
-11.018733024597168
-10.99819564819336
-10.978964805603027
-10.997299194335938
-11.034948348999023
-11.036155700683594
-11.012444496154785
-11.001565933227539
-11.007019996643066
-11.014301300048828
-11.027508735656738
-11.026241302490234
-11.0169038772583
-11.007353782653809
-11.020838737487793
-11.018169403076172
-11.027975082397461
-11.04675579071045
-11.015693664550781
-11.033001899719238
-11.031904220581055
-11.022101402282715
-11.02051830291748
-11.02133560180664
-11.031562805175781
-11.021941184997559
-11.014589309692383
-11.03772258758545
-11.012060165405273
-11.033613204956055
-11.034588813781738
-11.04980754852295
-11.049190521240234
-11.046209335327148
-11.022688865661621
-11.014084815979004
-11.038850784301758
-11.048478126525879
-11.03424072265625
-10.999504089355469
-11.025407791137695
-11.034650802612305
-11.055874824523926
-11.029176712036133
-11.026278495788574
-11.047416687011719
-11.044852256774902
-11.028061866760254
-11.013574600219727
-11.05088996887207
-11.028335571289062
-11.047691345214844
-11.054412841796875
-11.04909610748291
-11.050471305847168
-11.043171882629395
-11.048161506652832
-11.040288925170898
-11.047378540039062
-11.049111366271973
-11.052851676940918
-11.044214248657227
-11.048698425292969
-11.07193660736084
-11.028390884399414
-11.044607162475586
-11.069558143615723
-11.047635078430176
-11.039271354675293
-11.042698860168457
-11.063396453857422
-11.041050910949707
-11.067532539367676
-11.070185661315918
-11.068177223205566
-11.053641319274902
-11.070012092590332
-11.066585540771484
-11.086395263671875
-11.049293518066406
-11.056121826171875
-11.056443214416504
-11.075519561767578
-11.051528930664062
-11.057928085327148
-11.050287246704102
-11.069157600402832
-11.077518463134766
-11.071474075317383
-11.0518159866333
-11.08273983001709
-11.066819190979004
-11.073343276977539
-11.093619346618652
-11.072406768798828
-11.070667266845703
-11.093306541442871
-11.066559791564941
-11.082063674926758
-11.053317070007324
-11.061211585998535
-11.06658935546875
-11.06413745880127
-11.056922912597656
-11.051616668701172
-11.067791938781738
-11.048260688781738
-11.06684398651123
-11.074052810668945
-11.096816062927246
-11.058563232421875
-11.08592700958252
-11.056276321411133
-11.073175430297852
-11.065529823303223
-11.081571578979492
-11.063199043273926
-11.08400821685791
-11.088972091674805
-11.08439826965332
-11.09225082397461
-11.06669807434082
-11.105247497558594
-11.096220016479492
-11.09524917602539
-11.065829277038574
-11.07856559753418
-11.07335376739502
-11.071660041809082
-11.064654350280762
-11.046923637390137
-11.074960708618164
-11.067831993103027
-11.049264907836914
-11.007686614990234
-11.04058837890625
-11.066305160522461
-11.094778060913086
-11.08842658996582
-11.09958267211914
-11.049212455749512
-11.005853652954102
-11.019455909729004
-11.052461624145508
-11.095626831054688
-11.094157218933105
-11.086353302001953
-11.067785263061523
-11.080534934997559
-11.071859359741211
-11.052379608154297
-11.06893253326416
-11.097844123840332
-11.09329891204834
-11.086302757263184
-11.085384368896484
-11.087846755981445
-11.07674503326416
-11.099930763244629
-11.101773262023926
-11.106778144836426
-11.070847511291504
-11.066935539245605
-11.077628135681152
-11.073744773864746
-11.085817337036133
-11.096860885620117
-11.119410514831543
-11.099553108215332
-11.081379890441895
-11.100102424621582
-11.094748497009277
-11.097817420959473
-11.082686424255371
-11.09078311920166
-11.131789207458496
-11.10135269165039
-11.107661247253418
-11.128607749938965
-11.125248908996582
-11.111565589904785
-11.099655151367188
-11.1227388381958
-11.090234756469727
-11.117538452148438
-11.129141807556152
-11.133689880371094
-11.112329483032227
-11.094315528869629
-11.084660530090332
-11.101076126098633
-11.099282264709473
-11.124361991882324
-11.106047630310059
-11.110857009887695
-11.102709770202637
-11.148406982421875
-11.122834205627441
-11.10775089263916
-11.068367958068848
-11.031046867370605
-11.058531761169434
-11.082018852233887
-11.08529281616211
-11.137870788574219
-11.125093460083008
-11.137772560119629
-11.103538513183594
-11.125913619995117
-11.142953872680664
-11.114951133728027
-11.144609451293945
-11.125031471252441
-11.141531944274902
-11.12006950378418
-11.102093696594238
-11.110757827758789
-11.08023738861084
-11.090560913085938
-11.113009452819824
-11.143162727355957
-11.11673355102539
-11.076603889465332
-11.053824424743652
-11.08466911315918
-11.118741989135742
-11.141497611999512
-11.12331771850586
-11.113204002380371
-11.09529972076416
-11.072772979736328
-11.124310493469238
-11.130256652832031
-11.129491806030273
-11.12492561340332
-11.134831428527832
-11.125344276428223
-11.142033576965332
-11.139732360839844
-11.13863468170166
-11.130887031555176
-11.151087760925293
-11.129642486572266
-11.143146514892578
-11.14574909210205
-11.154215812683105
-11.134502410888672
-11.153077125549316
-11.147212982177734
-11.13284969329834
-11.137473106384277
-11.114862442016602
-11.110097885131836
-11.1151704788208
-11.109130859375
-11.081780433654785
-11.125425338745117
-11.153987884521484
-11.165584564208984
-11.164557456970215
-11.14880657196045
-11.148290634155273
-11.116244316101074
-11.142107009887695
-11.157854080200195
-11.163742065429688
-11.123860359191895
-11.082968711853027
-11.114778518676758
-11.14214038848877
-11.144659042358398
-11.177221298217773
-11.179728507995605
-11.164107322692871
-11.160870552062988
-11.177985191345215
-11.145833015441895
-11.147909164428711
-11.162867546081543
-11.170870780944824
-11.160292625427246
-11.173454284667969
-11.164198875427246
-11.164796829223633
-11.165877342224121
-11.16944408416748
-11.161803245544434
-11.183895111083984
-11.163328170776367
-11.176423072814941
-11.163142204284668
-11.171351432800293
-11.16408634185791
-11.169370651245117
-11.160547256469727
-11.181029319763184
-11.16365909576416
-11.181891441345215
-11.17874526977539
-11.200745582580566
-11.18173599243164
-11.149653434753418
-11.168031692504883
-11.169487953186035
-11.147662162780762
-11.170978546142578
-11.19062328338623
-11.18224048614502
-11.18879508972168
-11.193449020385742
-11.176222801208496
-11.145505905151367
-11.120862007141113
-11.085837364196777
-11.100730895996094
-11.13088321685791
-11.164604187011719
-11.198690414428711
-11.168017387390137
-11.12956428527832
-11.09677505493164
-11.126249313354492
-11.15576457977295
-11.185342788696289
-11.123751640319824
-11.050743103027344
-11.065195083618164
-11.144694328308105
-11.202728271484375
-11.184669494628906
-11.175507545471191
-11.135515213012695
-11.117506980895996
-11.144079208374023
-11.171744346618652
-11.191482543945312
-11.194368362426758
-11.195388793945312
-11.193453788757324
-11.188705444335938
-11.1903076171875
-11.210709571838379
-11.204610824584961
-11.178542137145996
-11.193328857421875
-11.181981086730957
-11.146871566772461
-11.1992769241333
-11.194723129272461
-11.200407028198242
-11.176101684570312
-11.199332237243652
-11.194926261901855
-11.215858459472656
-11.18935775756836
-11.176321029663086
-11.188138008117676
-11.176137924194336
-11.186932563781738
-11.167243957519531
-11.194602966308594
-11.187198638916016
-11.200846672058105
-11.182418823242188
-11.16513442993164
-11.193197250366211
-11.21026611328125
-11.208309173583984
-11.218548774719238
-11.19667911529541
-11.17641544342041
-11.184146881103516
-11.201075553894043
-11.19483757019043
-11.192646026611328
-11.195832252502441
-11.201369285583496
-11.200047492980957
-11.208431243896484
-11.189455032348633
-11.178488731384277
-11.164881706237793
-11.167563438415527
-11.165247917175293
-11.197714805603027
-11.218806266784668
-11.199066162109375
-11.170845985412598
-11.146805763244629
-11.165945053100586
-11.141427993774414
-11.196743965148926
-11.21484375
-11.207345962524414
-11.213639259338379
-11.21743106842041
-11.200793266296387
-11.142740249633789
-11.146625518798828
-11.084427833557129
-11.162294387817383
-11.17408561706543
-11.225591659545898
-11.170838356018066
-11.10954761505127
-11.050949096679688
-11.144062995910645
-11.211203575134277
-11.213659286499023
-11.168363571166992
-11.131925582885742
-11.176010131835938
-11.18502140045166
-11.197208404541016
-11.203203201293945
-11.206403732299805
-11.183642387390137
-11.192354202270508
-11.193000793457031
-11.20345401763916
-11.18144702911377
-11.201133728027344
-11.222705841064453
-11.195120811462402
-11.191479682922363
-11.221846580505371
-11.22146987915039
-11.21691608428955
-11.229464530944824
-11.220029830932617
-11.231101989746094
-11.235403060913086
-11.222126960754395
-11.208292961120605
-11.1698579788208
-11.087162017822266
-11.033199310302734
-11.106975555419922
-11.186047554016113
-11.225385665893555
-11.224455833435059
-11.226036071777344
-11.23294734954834
-11.226097106933594
-11.241734504699707
-11.236852645874023
-11.226140022277832
-11.208634376525879
-11.153867721557617
-11.119256973266602
-11.08694839477539
-11.197901725769043
-11.223812103271484
-11.215476989746094
-11.221207618713379
-11.209564208984375
-11.144195556640625
-11.097414016723633
-11.100687026977539
-11.186915397644043
-11.216669082641602
-11.221075057983398
-11.230684280395508
-11.225045204162598
-11.203617095947266
-11.173449516296387
-11.15838623046875
-11.187962532043457
-11.186075210571289
-11.21986198425293
-11.238033294677734
-11.236368179321289
-11.225388526916504
-11.157294273376465
-11.13762378692627
-11.204587936401367
-11.216211318969727
-11.20724868774414
-11.196497917175293
-11.128023147583008
-11.098188400268555
-11.192422866821289
-11.242926597595215
-11.228669166564941
-11.219650268554688
-11.245865821838379
-11.234614372253418
-11.235219955444336
-11.261427879333496
-11.25015926361084
-11.2409029006958
-11.250000953674316
-11.251877784729004
-11.234464645385742
-11.24610424041748
-11.231364250183105
-11.243066787719727
-11.245393753051758
-11.24765682220459
-11.22423267364502
-11.253397941589355
-11.26019287109375
-11.269279479980469
-11.226251602172852
-11.24393081665039
-11.214800834655762
-11.199292182922363
-11.169670104980469
-11.203923225402832
-11.229643821716309
-11.262299537658691
-11.242114067077637
-11.254688262939453
-11.252583503723145
-11.255888938903809
-11.253695487976074
-11.223153114318848
-11.208489418029785
-11.214529991149902
-11.216535568237305
-11.240925788879395
-11.260327339172363
-11.249186515808105
-11.279861450195312
-11.266918182373047
-11.244583129882812
-11.254656791687012
-11.242766380310059
-11.249402046203613
-11.213207244873047
-11.199057579040527
-11.229427337646484
-11.219114303588867
-11.231550216674805
-11.221273422241211
-11.235340118408203
-11.242179870605469
-11.261967658996582
-11.255631446838379
-11.23267650604248
-11.225334167480469
-11.188411712646484
-11.193963050842285
-11.208274841308594
-11.241955757141113
-11.242451667785645
-11.232647895812988
-11.1895112991333
-11.164495468139648
-11.207398414611816
-11.242822647094727
-11.249541282653809
-11.223835945129395
-11.196703910827637
-11.192317008972168
-11.220097541809082
-11.269514083862305
-11.223536491394043
-11.18974494934082
-11.173675537109375
-11.1365966796875
-11.190256118774414
-11.242606163024902
-11.246679306030273
-11.209558486938477
-11.166876792907715
-11.224474906921387
-11.258220672607422
-11.264799118041992
-11.218586921691895
-11.21120834350586
-11.222772598266602
-11.237059593200684
-11.260262489318848
-11.259773254394531
-11.245270729064941
-11.250814437866211
-11.22851276397705
-11.227782249450684
-11.238513946533203
-11.26315689086914
-11.265120506286621
-11.26465129852295
-11.275876998901367
-11.281451225280762
-11.272263526916504
-11.26513957977295
-11.25709056854248
-11.266091346740723
-11.271550178527832
-11.265670776367188
-11.259156227111816
-11.256158828735352
-11.258917808532715
-11.256776809692383
-11.253463745117188
-11.235199928283691
-11.267633438110352
-11.261982917785645
-11.2677583694458
-11.274819374084473
-11.267379760742188
-11.266910552978516
-11.269126892089844
-11.247448921203613
-11.235520362854004
-11.222933769226074
-11.253450393676758
