loss_total
-19.200305938720703
-19.338661193847656
-19.67399787902832
-19.542905807495117
-19.90050506591797
-19.68586540222168
-19.92545509338379
-19.977741241455078
-19.807737350463867
-20.011476516723633
-20.453325271606445
-20.190946578979492
-20.26345443725586
-20.513660430908203
-20.830039978027344
-20.893030166625977
-20.88579750061035
-20.91051483154297
-21.041248321533203
-21.160533905029297
-21.42676544189453
-21.172866821289062
-21.434118270874023
-21.529769897460938
-21.42538833618164
-21.606000900268555
-21.6643009185791
-21.708885192871094
-21.945709228515625
-22.27465057373047
-22.04108428955078
-22.425533294677734
-22.52471351623535
-22.840410232543945
-22.900053024291992
-23.07094955444336
-23.235187530517578
-23.374650955200195
-23.46677589416504
-23.594709396362305
-23.422157287597656
-23.65279769897461
-23.611873626708984
-23.73501205444336
-23.66070556640625
-23.94956398010254
-24.224979400634766
-24.256101608276367
-24.36246681213379
-24.655139923095703
-24.912038803100586
-25.02213478088379
-25.457855224609375
-25.871816635131836
-25.945188522338867
-26.518178939819336
-27.34771156311035
-27.782360076904297
-28.512937545776367
-28.58551025390625
-28.145767211914062
-28.28537368774414
-28.00333023071289
-28.372934341430664
-28.746660232543945
-29.217470169067383
-29.299510955810547
-29.4882869720459
-29.600627899169922
-30.04456329345703
-29.887428283691406
-30.068796157836914
-31.124242782592773
-30.829891204833984
-30.8704833984375
-30.665430068969727
-30.63153839111328
-31.265871047973633
-30.888141632080078
-30.98408317565918
-31.343944549560547
-31.531871795654297
-31.210662841796875
-31.40586280822754
-31.58243751525879
-31.80952262878418
-31.751811981201172
-31.838359832763672
-31.965667724609375
-32.17207717895508
-32.693992614746094
-32.31498718261719
-32.31964111328125
-31.98263931274414
-32.65916442871094
-32.558616638183594
-32.818885803222656
-32.859920501708984
-33.05781936645508
-33.13322830200195
-33.05910110473633
-33.385433197021484
-33.57689666748047
-33.30328369140625
-33.21586608886719
-33.39063262939453
-33.47605514526367
-33.404598236083984
-33.85912322998047
-33.64375305175781
-34.120853424072266
-34.21622848510742
-34.09230422973633
-34.24221420288086
-34.081180572509766
-34.330169677734375
-34.386871337890625
-34.694705963134766
-34.3681640625
-34.53422927856445
-34.665931701660156
-34.51079559326172
-34.59711837768555
-34.69603729248047
-34.91903305053711
-34.85380554199219
-34.85380554199219
-35.10096740722656
-35.07710647583008
-35.20853042602539
-35.30012130737305
-35.30601501464844
-35.25946807861328
-35.492855072021484
-35.58233642578125
-35.516963958740234
-35.422542572021484
-35.658531188964844
-35.81715393066406
-35.71458053588867
-35.77655792236328
-35.95892333984375
-36.04000473022461
-36.17938995361328
-36.272857666015625
-36.30875778198242
-36.20441818237305
-36.37043380737305
-36.190765380859375
-36.365867614746094
-36.38667678833008
-36.65477752685547
-36.71831512451172
-36.688270568847656
-36.451663970947266
-36.75773620605469
-36.692283630371094
-36.767574310302734
-36.74767303466797
-36.81967544555664
-37.16611099243164
-37.22706985473633
-36.7664680480957
-37.29013442993164
-37.18617630004883
-37.3140869140625
-37.214481353759766
-37.39783477783203
-37.37202072143555
-37.598995208740234
-37.507911682128906
-37.24752426147461
-37.6158332824707
-37.52084732055664
-37.565792083740234
-37.689422607421875
-37.7566032409668
-38.11258316040039
-38.12497329711914
-37.98564910888672
-38.281856536865234
-38.27188491821289
-38.40097427368164
-38.3900032043457
-38.47658920288086
-38.53884506225586
-38.74334716796875
-38.91150665283203
-38.88016128540039
-39.02128219604492
-39.165157318115234
-39.11676788330078
-38.98600387573242
-39.34206771850586
-39.2868537902832
-39.1740608215332
-39.545677185058594
-39.43708419799805
-39.56293487548828
-39.42469024658203
-39.55206298828125
-39.693485260009766
-39.643394470214844
-39.80739212036133
-40.01221466064453
-39.68533706665039
-40.137550354003906
-39.900245666503906
-40.00364685058594
-40.122596740722656
-40.256370544433594
-40.131526947021484
-40.203399658203125
-40.2722282409668
-40.32997131347656
-40.3534049987793
-40.425594329833984
-40.67429733276367
-40.6141471862793
-40.46100616455078
-40.45508575439453
-40.442108154296875
-40.596981048583984
-40.74083709716797
-40.537193298339844
-40.668296813964844
-40.74516296386719
-40.71809387207031
-40.91060256958008
-40.94285583496094
-40.5085334777832
-40.96714401245117
-40.487606048583984
-40.68560028076172
-40.616512298583984
-40.718971252441406
-41.08143997192383
-40.81739044189453
-41.115657806396484
-41.14490509033203
-41.25712203979492
-41.00651931762695
-41.47512435913086
-41.15898513793945
-41.623191833496094
-41.4195671081543
-41.702186584472656
-41.79777908325195
-41.696380615234375
-41.43081283569336
-41.730873107910156
-41.9461669921875
-41.752655029296875
-41.98634719848633
-42.01499938964844
-42.041866302490234
-41.87281799316406
-42.302364349365234
-42.210540771484375
-42.16972732543945
-42.07741928100586
-42.11199951171875
-42.33390808105469
-42.24376678466797
-42.48181915283203
-42.2598762512207
-42.394020080566406
-42.596920013427734
-42.30237579345703
-42.64579772949219
-42.621971130371094
-42.62454605102539
-42.84275436401367
-42.488616943359375
-42.595916748046875
-42.749916076660156
-42.8764762878418
-42.778568267822266
-42.708351135253906
-42.95140075683594
-42.88130569458008
-42.77821731567383
-42.928955078125
-43.04683303833008
-43.02998733520508
-42.95431900024414
-42.96327209472656
-43.12106704711914
-42.97873306274414
-43.19624710083008
-43.10232925415039
-43.22926712036133
-43.07859420776367
-43.170127868652344
-43.21115493774414
-43.24993896484375
-43.47473907470703
-43.2591438293457
-43.25040817260742
-43.420127868652344
-43.341922760009766
-43.398841857910156
-43.409149169921875
-43.375389099121094
-43.24932098388672
-43.48942184448242
-43.54253005981445
-43.33369827270508
-43.600894927978516
-43.48020553588867
-43.544189453125
-43.646461486816406
-43.505271911621094
-43.626747131347656
-43.76394271850586
-43.588111877441406
-43.62640380859375
-43.757179260253906
-43.804176330566406
-43.700462341308594
-43.987510681152344
-43.77465057373047
-43.87205505371094
-44.05072784423828
-43.864845275878906
-43.84096145629883
-44.122703552246094
-43.971214294433594
-43.9771728515625
-44.1259765625
-43.943965911865234
-43.93608856201172
-44.0638427734375
-44.10834884643555
-43.99995803833008
-44.151573181152344
-44.17649459838867
-44.09446716308594
-44.08788299560547
-44.12105941772461
-44.057186126708984
-44.183837890625
-44.21015930175781
-44.10600662231445
-44.347713470458984
-44.31196212768555
-44.15968704223633
-44.19685363769531
-44.41106414794922
-44.198551177978516
-44.146453857421875
-44.445404052734375
-44.30491638183594
-44.272361755371094
-44.253562927246094
-44.42455291748047
-44.26932907104492
-44.27881622314453
-44.36274719238281
-44.413414001464844
-44.46709442138672
-44.50556182861328
-44.46158218383789
-44.63156509399414
-44.474056243896484
-44.47646713256836
-44.348533630371094
-44.38096618652344
-44.54129409790039
-44.62610626220703
-44.592105865478516
-44.610008239746094
-44.589962005615234
-44.517581939697266
-44.52815246582031
-44.57600021362305
-44.72849655151367
-44.68147659301758
-44.630794525146484
-44.48752212524414
-44.57212829589844
-44.800376892089844
-44.7843017578125
-44.34575271606445
-44.64597702026367
-44.81706619262695
-44.793556213378906
-44.49248504638672
-44.812931060791016
-44.94160461425781
-44.50933074951172
-44.683231353759766
-44.89215087890625
-44.845489501953125
-44.60972213745117
-44.867950439453125
-44.901893615722656
-44.866634368896484
-44.78553771972656
-44.81810760498047
-44.971649169921875
-44.99907684326172
-44.77003479003906
-44.78091812133789
-45.12659454345703
-45.025577545166016
-44.76211166381836
-45.045448303222656
-45.16143035888672
-45.112525939941406
-45.08950424194336
-45.24478530883789
-44.95511245727539
-45.09255599975586
-45.18205642700195
-45.134376525878906
-45.20144271850586
-45.1208381652832
-45.106353759765625
-45.23921585083008
-45.35425567626953
-45.27711486816406
-45.25431823730469
-45.182010650634766
-45.25843048095703
-45.061614990234375
-45.287139892578125
-45.38185501098633
-45.16743087768555
-45.0955924987793
-45.291526794433594
-45.24531936645508
-45.2396354675293
-45.33097457885742
-45.377098083496094
-45.45022964477539
-45.315834045410156
-45.316768646240234
-45.392494201660156
-45.53099060058594
-45.43109893798828
-45.35749816894531
-45.2798957824707
-45.612335205078125
-45.36442565917969
-45.48337936401367
-45.451690673828125
-45.28137969970703
-45.154972076416016
-45.576072692871094
-45.520565032958984
-45.36122131347656
-45.44356155395508
-45.505767822265625
-45.474544525146484
-45.138736724853516
-45.49748229980469
-45.635231018066406
-45.555179595947266
-45.42330551147461
-45.56025314331055
-45.457420349121094
-45.5248908996582
-45.447967529296875
-45.772430419921875
-45.70703125
-45.517066955566406
-45.53677749633789
-45.544403076171875
-45.77781677246094
-45.55848693847656
-45.6394157409668
-45.78392028808594
-45.597137451171875
-45.82395935058594
-45.612613677978516
-45.650726318359375
-45.754981994628906
-45.79745864868164
-45.91004943847656
-45.78541564941406
-45.73369598388672
-45.75620651245117
-45.83486557006836
-45.858299255371094
-45.80035400390625
-45.71685028076172
-45.82685470581055
-45.81502151489258
-45.88600158691406
-45.90651321411133
-45.88673782348633
-45.99051284790039
-45.93229293823242
-45.96055603027344
-45.85434341430664
-45.82856369018555
-45.95187759399414
-45.95811462402344
-45.90821838378906
-45.949012756347656
-46.10413360595703
-45.914546966552734
-45.89986038208008
-46.03662109375
-46.06838607788086
-46.043617248535156
-46.038307189941406
-45.98930358886719
-46.051177978515625
-46.032005310058594
-46.1347770690918
-46.08444595336914
-46.04178237915039
-46.10975646972656
-46.065643310546875
-46.1698112487793
-46.12053680419922
-46.178924560546875
-46.05185317993164
-46.12434387207031
-46.11732482910156
-46.1340446472168
-46.199161529541016
-46.10834503173828
-46.13608932495117
-46.20679473876953
-46.17007064819336
-46.23793029785156
-46.20610809326172
-46.23668670654297
-46.28921890258789
-46.20603942871094
-46.31742477416992
-46.256038665771484
-46.18101501464844
-46.18544006347656
-46.29133224487305
-46.229217529296875
-46.1996955871582
-46.14984893798828
-46.22940444946289
-46.452178955078125
-46.206939697265625
-46.112220764160156
-46.20153045654297
-46.18475341796875
-46.16728973388672
-46.15486145019531
-46.267333984375
-46.33919143676758
-46.369354248046875
-46.41732406616211
-46.46551513671875
-46.42618942260742
-46.40345001220703
-46.488258361816406
-46.389522552490234
-46.37071228027344
-46.310585021972656
-46.277427673339844
-46.36332702636719
-46.488609313964844
-46.56231689453125
-46.390586853027344
-46.395912170410156
-46.52547073364258
-46.478389739990234
-46.445438385009766
-46.42359924316406
-46.45974349975586
-46.518157958984375
-46.559932708740234
-46.48484802246094
-46.505104064941406
-46.49612808227539
-46.54096221923828
-46.628883361816406
-46.682151794433594
-46.69778823852539
-46.63974380493164
-46.59038543701172
-46.598663330078125
-46.47325897216797
-46.451698303222656
-46.72388458251953
-46.65123748779297
-46.58704376220703
-46.50559997558594
-46.443138122558594
-46.57295608520508
-46.70835876464844
-46.63914108276367
-46.731101989746094
-46.50400924682617
-46.48822021484375
-46.56623077392578
-46.71774673461914
-46.69216537475586
-46.79404830932617
-46.80474090576172
-46.724586486816406
-46.73769760131836
-46.68608856201172
-46.68834686279297
-46.680667877197266
-46.60111999511719
-46.490482330322266
-46.70806121826172
-46.85429000854492
-46.85143280029297
-46.794212341308594
-46.65145492553711
-46.44351577758789
-46.76571273803711
-46.71720886230469
-46.4044075012207
-46.732295989990234
-46.78196716308594
-46.957496643066406
-46.795814514160156
-46.51919174194336
-46.89781188964844
-46.841575622558594
-46.91985321044922
-46.89198303222656
-46.72467041015625
-46.90439224243164
-46.85572814941406
-46.78339385986328
-46.6950569152832
-46.843170166015625
-46.75921630859375
-46.70513916015625
-46.48772048950195
-46.67671203613281
-46.93574905395508
-46.60103988647461
-46.85258102416992
-46.67822265625
-46.75932693481445
-46.96531295776367
-46.90660858154297
-46.727394104003906
-46.76652908325195
-47.05017852783203
-47.02904510498047
-46.65196228027344
-46.94866180419922
-46.915767669677734
-46.860023498535156
-46.83928298950195
-46.811649322509766
-47.078189849853516
-46.7439079284668
-46.90547180175781
-47.01838684082031
-46.64325714111328
-46.80357360839844
-47.047733306884766
-46.72393798828125
-46.726200103759766
-46.91971206665039
-46.87169647216797
-46.969268798828125
-46.94350051879883
-46.96471405029297
-46.973350524902344
-46.95566940307617
-46.8437385559082
-47.115848541259766
-47.17428970336914
-47.02184295654297
-47.02619934082031
-46.89350891113281
-47.06829071044922
-47.24726104736328
-47.11650848388672
-46.96999740600586
-47.01676940917969
-47.10359191894531
-47.0865478515625
-47.193641662597656
-46.97798538208008
-47.05247116088867
-47.184452056884766
-47.239112854003906
-47.16804504394531
-47.15837478637695
-47.0343017578125
-47.176387786865234
-47.186302185058594
-47.218997955322266
-47.17878341674805
-47.25969314575195
-47.156436920166016
-47.2253303527832
-47.2495002746582
-47.25894546508789
-47.30497360229492
-47.27079391479492
-47.36572265625
-47.29195785522461
-47.285675048828125
-47.31344223022461
-47.324974060058594
-47.3253173828125
-47.350677490234375
-47.373023986816406
-47.2427864074707
-47.26959991455078
-47.25503158569336
-47.35657501220703
-47.38166046142578
-47.271968841552734
-47.2380256652832
-47.2894172668457
-47.29773712158203
-47.391387939453125
-47.46601867675781
-47.39021682739258
-47.4793701171875
-47.37574768066406
-47.279300689697266
-47.29283905029297
-47.4468879699707
-47.46742248535156
-47.3416748046875
-47.275062561035156
-47.423675537109375
-47.49583435058594
-47.33328628540039
-47.4556999206543
-47.467796325683594
-47.49273681640625
-47.44894027709961
-47.44213104248047
-47.538482666015625
-47.33859634399414
-47.50115966796875
-47.5315055847168
-47.561710357666016
-47.53504943847656
-47.44453430175781
-47.440704345703125
-47.494354248046875
-47.4892578125
-47.388580322265625
-47.43486022949219
-47.483787536621094
-47.54610824584961
-47.50090789794922
-47.485992431640625
-47.62288284301758
-47.59129333496094
-47.46080017089844
-47.48667907714844
-47.54388427734375
-47.608795166015625
-47.640899658203125
-47.661354064941406
-47.639259338378906
-47.43268966674805
-47.52110290527344
-47.503692626953125
-47.59565734863281
-47.55752182006836
-47.55642318725586
-47.53200149536133
-47.60195541381836
-47.44694519042969
-47.58197784423828
-47.65296936035156
-47.6853141784668
-47.67430877685547
-47.64480972290039
-47.6256103515625
-47.571128845214844
-47.558921813964844
-47.61737060546875
-47.64051818847656
-47.59363555908203
-47.5919075012207
-47.543025970458984
-47.414146423339844
-47.71967697143555
-47.7318115234375
-47.88890838623047
-47.791873931884766
-47.68089294433594
-47.56392288208008
-47.67383575439453
-47.735260009765625
-47.69040298461914
-47.695980072021484
-47.469635009765625
-47.74798583984375
-47.922786712646484
-47.84465789794922
-47.83504104614258
-47.8712158203125
-47.853843688964844
-47.79167556762695
-47.58887481689453
-47.77274703979492
-47.775611877441406
-47.89310836791992
-47.85253143310547
-47.723167419433594
-47.70813751220703
-47.6805305480957
-47.78697204589844
-47.78466033935547
-47.777862548828125
-47.81237030029297
-47.82331848144531
-47.770137786865234
-47.928279876708984
-47.779136657714844
-47.76206970214844
-47.754356384277344
-47.8128662109375
-47.816532135009766
-47.88926696777344
-47.8814697265625
-47.930809020996094
-47.867469787597656
-47.69316864013672
-47.88376998901367
-47.894752502441406
-47.920005798339844
-47.851112365722656
-47.8264274597168
-47.889923095703125
-47.934349060058594
-48.01276779174805
-47.91112518310547
-47.72142028808594
-47.80585479736328
-47.8708610534668
-48.018699645996094
-48.0114860534668
-48.02593994140625
-48.005733489990234
-48.12929916381836
-48.09793472290039
-48.0205192565918
-47.931129455566406
-47.98487854003906
-47.96559143066406
-47.986915588378906
-47.98970031738281
-48.1163330078125
-48.059234619140625
-48.179466247558594
-48.15438461303711
-48.10441970825195
-48.057151794433594
-48.073822021484375
-48.11488342285156
-48.247962951660156
-48.23054504394531
-48.308502197265625
-48.25908660888672
-48.16769790649414
-48.175514221191406
-48.06584548950195
-48.17262268066406
-48.068912506103516
-48.133201599121094
-48.149173736572266
-48.32674789428711
-47.853904724121094
-47.94071960449219
-48.097511291503906
-48.14189147949219
-48.15052032470703
-48.26647186279297
-48.134124755859375
-48.08808898925781
-48.3162727355957
-48.12824249267578
-48.364891052246094
-48.39385986328125
-48.24481964111328
-48.31697463989258
-48.1041145324707
-48.1266975402832
-48.35256576538086
-48.314239501953125
-48.32803726196289
-48.3379020690918
-48.39235305786133
-48.51165008544922
-48.39848327636719
-48.367496490478516
-48.380821228027344
-48.304046630859375
-48.25596618652344
-48.1822395324707
-48.365623474121094
-48.41014862060547
-48.31123352050781
-48.36656951904297
-48.383033752441406
-48.20745086669922
-48.29212951660156
-48.471256256103516
-48.515892028808594
-48.47809982299805
-48.55265426635742
-48.473365783691406
-48.34428024291992
-48.41913604736328
-48.24628829956055
-48.548545837402344
-48.5482063293457
-48.43233108520508
-48.33216857910156
-48.376956939697266
-48.497737884521484
-48.47032928466797
-48.45026397705078
-48.31641387939453
-48.49884033203125
-48.51667785644531
-48.44986343383789
-48.37702941894531
-48.3820686340332
-48.486534118652344
-48.5262451171875
-48.62078094482422
-48.64464569091797
-48.62164306640625
-48.54804992675781
-48.338890075683594
-48.624881744384766
-48.59893035888672
-48.66516876220703
-48.6066780090332
-48.60451126098633
-48.412208557128906
-48.431053161621094
-48.366363525390625
-48.56727981567383
-48.676815032958984
-48.708858489990234
-48.64786148071289
-48.505523681640625
-48.465736389160156
-48.5443115234375
-48.694419860839844
-48.71579360961914
-48.68002700805664
-48.73225784301758
-48.29681396484375
-48.409568786621094
-48.10881805419922
-48.565765380859375
-48.76324462890625
-48.59282684326172
-48.41823196411133
-48.487953186035156
-48.54905319213867
-48.58485412597656
-48.6816291809082
-48.49222946166992
-48.58383560180664
-48.65679931640625
-48.670806884765625
-48.783714294433594
-48.64439010620117
-48.611289978027344
-48.70726013183594
-48.66423797607422
-48.78629684448242
-48.92271423339844
-48.844390869140625
-48.73615264892578
-48.58797073364258
-48.86709976196289
-48.98363494873047
-48.93717956542969
-48.796905517578125
-48.63387680053711
-48.73755645751953
-48.6159782409668
-48.67186737060547
-48.6280403137207
-48.81230163574219
-48.88508605957031
-48.888423919677734
-48.6055908203125
-48.749305725097656
-48.79484558105469
-48.922508239746094
-48.943172454833984
-49.04465103149414
-48.84755325317383
-48.72282409667969
-48.782066345214844
-48.71759033203125
-48.64695739746094
-48.545387268066406
-48.75918960571289
-48.849205017089844
-48.983089447021484
-48.810874938964844
-48.716270446777344
-48.818359375
-48.99836730957031
-49.06832504272461
-49.02378463745117
-49.07133483886719
-49.0989875793457
-49.1275634765625
-49.0576286315918
-49.043060302734375
-48.880027770996094
-48.7330207824707
-48.76676559448242
-48.808990478515625
-49.03760528564453
-49.049713134765625
-48.93328857421875
-49.023353576660156
-49.01103210449219
-49.0070686340332
-48.97264099121094
-48.89704513549805
-48.99668502807617
-49.10242462158203
-49.00335693359375
-49.01934814453125
-49.03141784667969
-48.97394561767578
-48.901206970214844
-48.85670471191406
-49.04022216796875
-49.062252044677734
-49.054237365722656
-48.95520782470703
-48.8486328125
-49.11285400390625
-49.153602600097656
-49.1820068359375
-49.197837829589844
-49.24093246459961
-49.15869140625
-49.032833099365234
-48.82061004638672
-49.028141021728516
-49.16709899902344
-49.302452087402344
-49.21358108520508
-49.108436584472656
-48.86106872558594
-49.031105041503906
-49.33751678466797
-49.29743194580078
-49.227657318115234
-49.01116180419922
-48.80950927734375
-49.14847946166992
-49.32011413574219
-49.22840118408203
-49.17131805419922
-48.94874954223633
-49.15139389038086
-49.18020248413086
-49.22711181640625
-49.330204010009766
-49.22636413574219
-49.18082809448242
-49.119834899902344
-49.083580017089844
-49.29424285888672
-49.26177978515625
-49.17859649658203
-49.14014434814453
-49.282711029052734
-49.28444290161133
-49.10475158691406
-49.129886627197266
-49.14725875854492
-49.35520553588867
-49.42934799194336
-49.42988967895508
-49.27801513671875
-48.971981048583984
-49.18605041503906
-49.34400939941406
-49.41695785522461
-49.28776550292969
-49.23145294189453
-49.14083480834961
-49.19523239135742
-49.18186950683594
-49.164527893066406
-49.14252471923828
-49.306854248046875
-49.248565673828125
-49.3557014465332
-49.264739990234375
-49.256752014160156
-49.316673278808594
-49.36858367919922
-49.26655197143555
-49.35688781738281
-49.16640853881836
-49.229217529296875
-49.115299224853516
-49.199974060058594
-49.336090087890625
-49.25556564331055
-49.403160095214844
-49.37733459472656
-49.16172409057617
-49.137718200683594
-49.33476257324219
-49.406524658203125
-49.592674255371094
-49.41699981689453
-49.202606201171875
-49.17115783691406
-49.394020080566406
-49.42927169799805
-49.471553802490234
-49.10486602783203
-49.12667465209961
-49.452781677246094
-49.33817672729492
-49.57623291015625
-49.57491683959961
-49.148651123046875
-49.255455017089844
-49.414939880371094
-49.467288970947266
-49.3994255065918
-49.36848449707031
-49.39986801147461
-49.290367126464844
-49.41524124145508
-49.573081970214844
-49.46061706542969
-49.41926193237305
-49.30691146850586
-49.20489501953125
-49.566402435302734
-49.57569885253906
-49.64929962158203
-49.61214828491211
-49.4574089050293
-49.19068908691406
-49.603031158447266
-49.59071350097656
-49.64244842529297
-49.438804626464844
-49.2191162109375
-49.48502731323242
-49.54396438598633
-49.542030334472656
-49.38362121582031
-49.13684844970703
-49.54847717285156
-49.53157043457031
-49.48490905761719
-49.30561065673828
-49.35362243652344
-49.45342254638672
-49.42420959472656
-49.633750915527344
-49.598960876464844
-49.69519805908203
-49.54133224487305
-49.32554626464844
-49.472389221191406
-49.529212951660156
-49.694427490234375
-49.610076904296875
-49.62849426269531
-49.60938262939453
-49.42206573486328
-49.48702621459961
-49.458457946777344
-49.536441802978516
-49.60185623168945
-49.56125259399414
-49.65129089355469
-49.644588470458984
-49.53422927856445
-49.531578063964844
-49.62839126586914
-49.678794860839844
-49.64225769042969
-49.434288024902344
-49.58179473876953
-49.693824768066406
-49.68267822265625
-49.765403747558594
-49.648536682128906
-49.51186752319336
-49.497127532958984
-49.61424255371094
-49.62191390991211
-49.52650451660156
-49.76573181152344
-49.611534118652344
-49.504783630371094
-49.5683708190918
-49.69080352783203
-49.69575881958008
-49.75571823120117
-49.64284133911133
-49.649627685546875
-49.536590576171875
-49.54557418823242
-49.66016387939453
-49.69395065307617
-49.752197265625
-49.775291442871094
-49.754005432128906
-49.66961669921875
-49.52215576171875
-49.649662017822266
-49.68364334106445
-49.7917594909668
-49.88911056518555
-49.69859313964844
-49.608829498291016
-49.48006820678711
-49.69508361816406
-49.625186920166016
-49.84644317626953
-49.794921875
-49.69218826293945
-49.64640808105469
-49.5394287109375
-49.650733947753906
-49.631622314453125
-49.57069778442383
-49.545066833496094
-49.69280242919922
-49.79779815673828
-49.70454025268555
-49.70970153808594
-49.571475982666016
-49.60457992553711
-49.664024353027344
-49.682918548583984
-49.81391525268555
-49.64643478393555
-49.75723648071289
-49.779178619384766
-49.526859283447266
-49.69451141357422
-49.62309265136719
-49.85042190551758
-49.81431579589844
-49.805145263671875
-49.705780029296875
-49.749732971191406
-49.8153076171875
-49.614444732666016
-49.728878021240234
-49.79060363769531
-49.84737014770508
-49.76469802856445
-49.88949966430664
-49.906463623046875
-49.66992950439453
-49.74791717529297
-49.84346008300781
-49.958065032958984
-49.893638610839844
-49.87169647216797
-49.84878921508789
-49.8370475769043
-49.601226806640625
-49.57305908203125
-49.88020324707031
-49.766685485839844
-49.884971618652344
-49.65550231933594
-49.772560119628906
-49.8471565246582
-49.87868118286133
-49.92047882080078
-49.89802932739258
-49.827430725097656
-49.64471435546875
-49.69636917114258
-49.73070526123047
-49.888023376464844
-49.83249282836914
-49.940086364746094
-49.7839241027832
-49.63566970825195
-49.869041442871094
-49.84901428222656
-49.87458038330078
-50.0102653503418
-49.86134719848633
-49.9656867980957
-49.80268096923828
-49.6703987121582
-49.914005279541016
-49.93302536010742
-50.049713134765625
-49.718841552734375
-49.8202018737793
-49.579750061035156
-49.88128662109375
-49.99650573730469
-49.9603385925293
-49.914485931396484
-49.78791809082031
-49.742042541503906
-49.83244323730469
-50.10690689086914
-50.09027862548828
-49.95576858520508
-49.874847412109375
-49.76877212524414
-49.88355255126953
-49.95868682861328
-49.91442108154297
-49.899906158447266
-49.91384506225586
-49.700592041015625
-49.95381164550781
-49.94047546386719
-49.85066223144531
-49.7280387878418
-49.76488494873047
-49.89163589477539
-49.982234954833984
-50.052581787109375
-50.023582458496094
-49.932010650634766
-49.87346649169922
-49.57080841064453
-49.89086151123047
-49.8618049621582
-49.93766784667969
-50.110076904296875
-49.92326354980469
-49.82940673828125
-49.80143737792969
-49.80980682373047
-49.97301483154297
-49.922950744628906
-50.101165771484375
-50.060447692871094
-49.91484832763672
-49.895145416259766
-50.007469177246094
-50.004451751708984
-50.0963249206543
-50.053611755371094
-50.094566345214844
-50.143646240234375
-50.12755584716797
-50.09723663330078
-49.957435607910156
-49.75768280029297
-49.83842468261719
-50.025569915771484
-50.18933868408203
-50.17840576171875
-50.147613525390625
-49.866050720214844
-49.73220443725586
-49.96288299560547
-50.06199645996094
-49.887386322021484
-49.67966079711914
-50.005741119384766
-49.93076705932617
-50.21116256713867
-50.09713363647461
-49.955570220947266
-49.94026565551758
-49.911376953125
-50.12342071533203
-50.13444137573242
-50.089351654052734
-50.07470703125
-49.932090759277344
-49.931793212890625
-50.0751953125
-49.956504821777344
-49.98627471923828
-50.00908660888672
-49.97570037841797
-50.171424865722656
-50.18565368652344
-50.210601806640625
-50.12188720703125
-50.08928680419922
-49.854652404785156
-50.15481948852539
-50.11491775512695
-50.02152633666992
-50.05323028564453
-50.07709884643555
-49.98436737060547
-49.92965316772461
-50.144447326660156
-50.12370300292969
-50.04084396362305
-49.87968063354492
-50.077796936035156
-50.194793701171875
-50.05815505981445
-49.796241760253906
-50.019020080566406
-50.211849212646484
-50.248226165771484
-50.05281448364258
-49.94294357299805
-50.06514358520508
-50.17121505737305
-50.11583709716797
-49.98466491699219
-49.699100494384766
-50.02347946166992
-50.263641357421875
-50.13331985473633
-49.96861267089844
-49.96038055419922
-50.06171417236328
-50.28784942626953
-50.311424255371094
-50.18235778808594
-50.01671600341797
-49.8911018371582
-50.18105697631836
-50.247764587402344
-50.25993347167969
-49.99730682373047
-49.9680290222168
-50.23781967163086
-50.19927215576172
-50.0854606628418
-50.29031753540039
-50.18879699707031
-50.093788146972656
-49.89176559448242
-50.24378967285156
-50.40625
-50.115379333496094
-49.824256896972656
-49.99302291870117
-50.20302200317383
-50.31609344482422
-50.24391555786133
-50.29265213012695
-50.18043518066406
-50.07070541381836
-50.18953323364258
-50.381195068359375
-50.36229705810547
-50.19858169555664
-49.97419357299805
-50.17262649536133
-50.36207962036133
-50.31599426269531
-50.168914794921875
-49.937774658203125
-50.334224700927734
-50.23180389404297
-49.65579605102539
-50.31109619140625
-50.12140655517578
-49.7750129699707
-50.33552551269531
-50.06455993652344
-49.70061492919922
-50.3607063293457
-49.44150924682617
-50.34334945678711
-49.09809494018555
-49.43812561035156
-49.49268341064453
-49.31548309326172
-50.012813568115234
-50.11476516723633
-49.273658752441406
-49.626426696777344
-49.43001174926758
-49.39939880371094
-49.78857421875
-49.92033386230469
-49.472557067871094
-49.78702163696289
-49.21037673950195
-49.1766242980957
-50.22212219238281
-49.62327575683594
-50.06915283203125
-50.09306335449219
-49.693382263183594
-50.35045623779297
-49.89795684814453
-50.191871643066406
-50.26203155517578
-50.215736389160156
-49.99403381347656
-50.0994758605957
-50.37287139892578
-50.38037109375
-50.437843322753906
-50.29288101196289
-50.12474060058594
-50.21768569946289
-50.37757110595703
-50.43800354003906
-50.35269546508789
-50.110382080078125
-50.10090255737305
-50.38614273071289
-50.36873245239258
-50.35105514526367
-50.39575958251953
-50.259803771972656
-50.43603515625
-50.353172302246094
-50.378902435302734
-50.27131271362305
-50.229034423828125
-50.29264450073242
-50.295867919921875
-50.34071731567383
-50.31660461425781
-50.27809524536133
-50.263824462890625
-50.326622009277344
-50.36387634277344
-50.42088317871094
-50.385414123535156
-50.314735412597656
-50.257080078125
-50.32801055908203
-50.32831954956055
-50.3149299621582
-50.28672409057617
-50.25577926635742
-50.389381408691406
-50.3586540222168
-50.37446594238281
-50.27781677246094
-50.015968322753906
-49.96436309814453
-50.354835510253906
-50.41240692138672
-50.44001770019531
-49.95428466796875
-50.1024169921875
-50.20011901855469
-50.414283752441406
-50.396873474121094
-50.48544692993164
-50.485687255859375
-50.433685302734375
-50.37278747558594
-50.12252426147461
-50.3663330078125
-50.46815490722656
-50.47742462158203
-50.35281753540039
-50.3560905456543
-50.17839431762695
-50.19624710083008
-50.36861801147461
-50.48009490966797
-50.49120330810547
-50.487388610839844
-50.33348846435547
-50.19132995605469
-50.296077728271484
-50.505821228027344
-50.467960357666016
-50.53803253173828
-50.45005798339844
-50.2931022644043
-50.291107177734375
-50.41005325317383
-50.526222229003906
-50.63005447387695
-50.34992218017578
-50.100685119628906
-50.451324462890625
-50.47761154174805
-50.51103973388672
-50.47930908203125
-50.556968688964844
-50.53570556640625
-50.47795867919922
-50.29883575439453
-50.360477447509766
-50.468971252441406
-50.48668670654297
-50.472023010253906
-50.5449104309082
-50.606956481933594
-50.58392333984375
-50.62754440307617
-50.53268051147461
-50.40492248535156
-50.24074935913086
-50.395423889160156
-50.434120178222656
-50.49534606933594
-50.52436065673828
-50.37787628173828
-50.27133560180664
-50.548805236816406
-50.641685485839844
-50.68651580810547
-50.420166015625
-50.214332580566406
-50.49238967895508
-50.577816009521484
-50.446590423583984
-50.32764434814453
-50.193233489990234
-50.395111083984375
-50.63050079345703
-50.531124114990234
-50.41493606567383
-50.304481506347656
-50.11602020263672
-50.36613082885742
-50.5537223815918
-50.66893005371094
-50.65550231933594
-50.67826461791992
-50.494205474853516
-50.27191925048828
-50.379024505615234
-50.40620040893555
-50.503944396972656
-50.71089553833008
-50.588565826416016
-50.56549072265625
-50.644039154052734
-50.446983337402344
-50.142860412597656
-50.40638732910156
-50.34469223022461
-50.368309020996094
-50.40660858154297
-50.4045524597168
-50.290340423583984
-50.456443786621094
-50.43095397949219
-50.472328186035156
-50.266380310058594
-50.43898010253906
-50.410980224609375
-50.56195068359375
-50.558780670166016
-50.41541290283203
-50.301692962646484
-50.37619400024414
-50.384681701660156
-50.48839569091797
-50.503807067871094
-50.52474594116211
-50.30524826049805
-50.284828186035156
-50.3966064453125
-50.48759841918945
-50.543617248535156
-50.62382507324219
-50.22224807739258
-50.376441955566406
-50.50636291503906
-50.57810974121094
-50.34845733642578
-50.2020263671875
-50.38249206542969
-50.49716567993164
-49.99092102050781
-50.56551742553711
-50.27236557006836
-50.15987014770508
-50.645870208740234
-50.39600372314453
-49.96589660644531
-50.617431640625
-50.05167007446289
-50.60822296142578
-50.3474006652832
-49.8762092590332
-50.66428756713867
-50.26622772216797
-50.009952545166016
-50.51873779296875
-49.85485076904297
-50.56216812133789
-49.50916290283203
-50.26243209838867
-49.181724548339844
-48.72736740112305
-49.30491256713867
-49.821556091308594
-49.60797119140625
-50.487876892089844
-49.85185241699219
-50.55762481689453
-50.55908203125
-50.04808044433594
-50.52104568481445
-50.48284912109375
-50.49892044067383
-50.441856384277344
-50.484886169433594
-50.66797637939453
-50.667362213134766
-50.672340393066406
-50.62101745605469
-50.697349548339844
-50.67023468017578
-50.660980224609375
-50.631935119628906
-50.446678161621094
-50.605369567871094
-50.65142822265625
-50.58711242675781
-50.586639404296875
-50.6168098449707
-50.66374206542969
-50.642215728759766
-50.44282531738281
-50.625457763671875
-50.68470001220703
-50.688629150390625
-50.72038269042969
-50.69721984863281
-50.76641845703125
-50.62207794189453
-50.41682434082031
-50.63621520996094
-50.634098052978516
-50.64978790283203
-50.35475158691406
-50.48748016357422
-50.72177505493164
-50.761253356933594
-50.77287292480469
-50.67303466796875
-50.70769500732422
-50.682735443115234
-50.58646011352539
-50.643211364746094
-50.65618896484375
-50.78948974609375
-50.71149444580078
-50.75053024291992
-50.79803466796875
-50.779537200927734
-50.792423248291016
-50.742740631103516
-50.76017761230469
-50.591861724853516
-50.655086517333984
-50.53364181518555
-50.32745361328125
-50.71084213256836
-50.722389221191406
-50.69951629638672
-50.5281867980957
-50.62130355834961
-50.3708610534668
-50.636375427246094
-50.7990837097168
-50.726585388183594
-50.6555290222168
-50.42500305175781
-50.592193603515625
-50.666847229003906
-50.755794525146484
-50.756690979003906
-50.668174743652344
-50.58454132080078
-50.63215637207031
-50.74040985107422
-50.75937271118164
-50.804283142089844
-50.77156448364258
-50.633323669433594
-50.585391998291016
-50.694026947021484
-50.81730270385742
-50.855838775634766
-50.811283111572266
-50.54548645019531
-50.49622344970703
-50.72161102294922
-50.724952697753906
-50.802528381347656
-50.87868118286133
-50.846439361572266
-50.609039306640625
-50.49137878417969
-50.79990768432617
-50.83387756347656
-50.725341796875
-50.513797760009766
-50.44509506225586
-50.78152084350586
-50.87685775756836
-50.75644302368164
-50.473758697509766
-50.59910202026367
-50.78532409667969
-50.73634719848633
-50.61624526977539
-50.508506774902344
-50.775142669677734
-50.81194305419922
-50.79509353637695
-50.68381118774414
-50.69378662109375
-50.44731903076172
-50.79518127441406
-50.84143829345703
-50.79499816894531
-50.635318756103516
-50.52527618408203
-50.77895736694336
-50.88128662109375
-50.953487396240234
-50.78295135498047
-50.68955993652344
-50.62712860107422
-50.62177276611328
-50.788185119628906
-50.81352233886719
-50.65161895751953
-50.69656753540039
-50.61794662475586
-50.78371810913086
-50.750083923339844
-50.815208435058594
-50.706329345703125
-50.72772979736328
-50.60746765136719
-50.649017333984375
-50.902652740478516
-50.84135437011719
-50.861000061035156
-50.74907684326172
-50.71986389160156
-50.61798858642578
-50.73930740356445
-50.89052200317383
-50.95627212524414
-50.900352478027344
-50.80806350708008
-50.71619415283203
-50.518882751464844
-50.781158447265625
-50.830291748046875
-50.711605072021484
-50.27314758300781
-50.837501525878906
-50.78475570678711
-50.37881088256836
-50.81333923339844
-50.88105773925781
-50.71630096435547
-50.33647155761719
-50.869415283203125
-50.90256118774414
-50.536529541015625
-50.47266387939453
-50.826560974121094
-50.78599548339844
-50.395687103271484
-50.796775817871094
-50.742576599121094
-50.4664306640625
-50.61302185058594
-50.875755310058594
-50.89287567138672
-50.62638473510742
-50.464599609375
-50.88372039794922
-50.83695983886719
-50.672882080078125
-50.40504837036133
-50.811527252197266
-50.673240661621094
-50.27335739135742
-50.93859100341797
-50.5843505859375
-50.470458984375
-50.933197021484375
-50.577293395996094
-50.60943603515625
-51.00287628173828
-50.78305435180664
-50.57537078857422
-50.470481872558594
-50.74143981933594
-50.756256103515625
-50.39966583251953
-50.81050109863281
-50.87865447998047
-50.93553924560547
-50.57428741455078
-50.64252853393555
-50.758209228515625
-50.81147766113281
-50.84563446044922
-50.959957122802734
-50.82115936279297
-50.769954681396484
-50.66548156738281
-50.9098014831543
-50.87865447998047
-50.78158187866211
-50.76398468017578
-50.69255065917969
-50.839012145996094
-50.900577545166016
-50.80637741088867
-50.860939025878906
-50.87153244018555
-50.86520767211914
-50.767356872558594
-50.74906921386719
-50.81029510498047
-51.00209426879883
-50.9373779296875
-50.84468460083008
-50.79411315917969
-50.73478698730469
-50.82172393798828
-50.87028884887695
-50.91851806640625
-50.84653854370117
-50.89892578125
-50.726890563964844
-50.627952575683594
-50.841590881347656
-50.83911895751953
-50.84915542602539
-50.99326705932617
-50.80116271972656
-50.785282135009766
-50.58808898925781
-50.59504318237305
-50.631629943847656
-50.91294860839844
-50.955936431884766
-50.744266510009766
-50.83182907104492
-50.72319412231445
-50.76344680786133
-50.937652587890625
-50.94445037841797
-50.68977355957031
-50.506568908691406
-50.91878128051758
-50.96478271484375
-50.842586517333984
-50.701133728027344
-50.91168975830078
-51.009178161621094
-50.990211486816406
-50.9294548034668
-50.87639236450195
-50.81460189819336
-50.7918701171875
-50.905616760253906
-51.01579666137695
-51.01982116699219
-50.964515686035156
-50.987632751464844
-50.89944839477539
-50.74248504638672
-50.75099563598633
-50.91639709472656
-50.94636154174805
-50.97978591918945
-50.9763298034668
-50.83827209472656
-50.7813720703125
-50.75935363769531
-50.88341522216797
-50.970272064208984
-50.955360412597656
-50.786781311035156
-50.819908142089844
-50.83897399902344
-50.93781661987305
-50.97285079956055
-51.02106475830078
-51.03730773925781
-50.99303436279297
-50.86918640136719
-50.81647491455078
-50.841896057128906
-50.897422790527344
-51.03321838378906
-51.05879211425781
-50.98652267456055
-51.06697082519531
-50.94452667236328
-50.71118927001953
-50.85358810424805
-50.96295166015625
-50.96155548095703
-51.00444412231445
-50.98618698120117
-50.93671798706055
-50.81574249267578
-50.812744140625
-50.752525329589844
-50.894100189208984
-51.100914001464844
-50.918827056884766
-50.847110748291016
-50.73537826538086
-50.76097869873047
-50.94194030761719
-50.97410583496094
-50.948219299316406
-50.88108444213867
-50.76233673095703
-50.889930725097656
-50.991722106933594
-50.9714241027832
-50.983428955078125
-51.03447723388672
-50.835533142089844
-50.785919189453125
-50.90019989013672
-50.952171325683594
-51.05485534667969
-51.02790451049805
-50.76349639892578
-50.69769287109375
-50.785438537597656
-50.95111846923828
-50.91082763671875
-51.05036544799805
-50.85378646850586
-50.85657501220703
-50.823814392089844
-50.971641540527344
-50.858680725097656
-50.920413970947266
-50.81355667114258
-50.81416702270508
-50.77081298828125
-50.90681838989258
-50.98435974121094
-51.06414031982422
-50.96800231933594
-50.83816146850586
-50.787269592285156
-50.8831901550293
-51.044986724853516
-51.04753112792969
-51.11210632324219
-51.02177047729492
-50.98857116699219
-50.747894287109375
-50.782127380371094
-50.92607879638672
-51.028228759765625
-50.99083709716797
-50.982139587402344
-50.674278259277344
-50.72696304321289
-50.97911834716797
-51.05820083618164
-51.05116653442383
-51.04541778564453
-50.755401611328125
-50.833160400390625
-50.89736557006836
-50.91709899902344
-50.9777717590332
-51.0333251953125
-50.812294006347656
-50.769996643066406
-50.839656829833984
-50.821495056152344
-50.86695861816406
-51.09838104248047
-51.08883285522461
-51.03922653198242
-50.99432373046875
-50.776329040527344
-50.747188568115234
-50.92265701293945
-51.01028823852539
-51.012489318847656
-51.08457565307617
-50.90298080444336
-50.64627456665039
-50.70106887817383
-50.96872329711914
-51.113502502441406
-51.12689208984375
-51.19062042236328
-51.10889434814453
-51.04298400878906
-50.96940612792969
-50.754207611083984
-50.823333740234375
-50.992740631103516
-51.10220718383789
-50.91694641113281
-50.743255615234375
-50.77564239501953
-50.76161193847656
-51.065589904785156
-50.93947982788086
-50.54750442504883
-50.84213638305664
-50.947757720947266
-50.94877243041992
-51.0037956237793
-50.897945404052734
-50.648902893066406
-50.914825439453125
-50.9901237487793
-50.857627868652344
-50.945064544677734
-51.069488525390625
-50.96829605102539
-51.06520080566406
-51.03160858154297
-51.002586364746094
-50.694007873535156
-50.86518096923828
-51.04702377319336
-51.163551330566406
-50.84116744995117
-50.7556266784668
-50.7702522277832
-51.034332275390625
-51.05369186401367
-50.92033386230469
-50.93547439575195
-50.73054504394531
-50.83761978149414
-50.85390853881836
-50.891357421875
-50.97520065307617
-50.770084381103516
-50.869300842285156
-50.847686767578125
-50.9753532409668
-51.06633758544922
-51.07103729248047
-50.79065704345703
-50.81427001953125
-50.80403137207031
-50.88017272949219
-51.13853073120117
-51.15005874633789
-51.057395935058594
-50.96238327026367
-50.8851432800293
-50.96885681152344
-51.03407669067383
-51.097408294677734
-51.07813262939453
-51.077117919921875
-50.91637420654297
-50.9346923828125
-51.056480407714844
-51.13884735107422
-51.041927337646484
-51.07474899291992
-51.05926513671875
-51.01216125488281
-50.9613037109375
-51.08395004272461
-51.04606246948242
-51.020668029785156
-50.892120361328125
-51.08772659301758
-51.13390350341797
-51.12708282470703
-51.21601104736328
-51.21058654785156
-51.12866973876953
-50.980037689208984
-50.847129821777344
-51.021873474121094
-51.11344528198242
-51.1572380065918
-51.110374450683594
-51.08430480957031
-50.922489166259766
-50.76817321777344
-51.188636779785156
-51.00054931640625
-50.48107147216797
-51.096168518066406
-51.01913833618164
-50.546531677246094
-51.141502380371094
-50.89154052734375
-50.670555114746094
-51.15309143066406
-50.89550018310547
-50.62677001953125
-51.1035270690918
-50.79655456542969
-50.69158935546875
-51.22974395751953
-50.94696044921875
-50.70713806152344
-51.210418701171875
-50.94087219238281
-50.64542770385742
-51.17127990722656
-50.75029754638672
-50.99061584472656
-51.16208267211914
-51.15540313720703
-51.016502380371094
-50.831932067871094
-51.067665100097656
-51.20309829711914
-51.065269470214844
-50.78527069091797
-50.9851188659668
-51.13727569580078
-51.00911331176758
-50.86375045776367
-50.98886489868164
-51.10115432739258
-51.176231384277344
-51.15166091918945
-51.10026550292969
-50.951622009277344
-50.969268798828125
-51.12928771972656
-51.18746566772461
-51.10267639160156
-50.93184280395508
-50.888694763183594
-51.08747482299805
-51.19669723510742
-51.278228759765625
-51.181556701660156
-51.17870330810547
-51.121665954589844
-51.080078125
-51.12244415283203
-51.02470016479492
-50.97069549560547
-51.15022659301758
-51.10271453857422
-51.10783386230469
-51.14249038696289
-51.004005432128906
-51.178001403808594
-51.06787872314453
-50.94927978515625
-50.944095611572266
-51.211978912353516
-51.152217864990234
-51.102081298828125
-51.21595001220703
-51.11325454711914
-50.95947265625
-50.97673797607422
-50.93104553222656
-51.112796783447266
-51.1817512512207
-51.22246170043945
-51.085968017578125
-51.234161376953125
-51.13935852050781
-50.92418670654297
-51.10477066040039
-51.2501335144043
-51.29800033569336
-51.26580810546875
-51.14164733886719
-50.97829055786133
-51.02707290649414
-51.15772247314453
-51.18471145629883
-51.23554992675781
-51.22098159790039
-51.18681716918945
-51.20587158203125
-51.099002838134766
-51.016578674316406
-51.056251525878906
-51.0509147644043
-51.15587615966797
-51.06513214111328
-50.9371452331543
-51.01619338989258
-51.16595458984375
-51.1395149230957
-51.306732177734375
-51.18129348754883
-51.09051513671875
-50.89505386352539
-50.93633270263672
-51.17229080200195
-51.151512145996094
-51.28201675415039
-51.22625732421875
-51.27094268798828
-51.2705192565918
-51.22516632080078
-51.19508361816406
-51.05885314941406
-50.81489944458008
-51.157833099365234
-51.23541259765625
-51.167755126953125
-51.00872802734375
-50.914085388183594
-51.208526611328125
-51.26945495605469
-51.124366760253906
-51.04838562011719
-50.78083038330078
-51.093387603759766
-51.236053466796875
-51.11503601074219
-50.916439056396484
-50.971824645996094
-51.17689895629883
-51.23551940917969
-51.26325225830078
-51.20536804199219
-51.02181625366211
-50.916297912597656
-50.991668701171875
-51.0616569519043
-51.13030242919922
-51.195411682128906
-51.18115997314453
-50.996055603027344
-51.10167694091797
-51.21022415161133
-51.191307067871094
-51.30529022216797
-51.28619384765625
-51.28170394897461
-51.19728088378906
-51.10450744628906
-50.99159622192383
-51.09728240966797
-51.25165939331055
-51.22378921508789
-51.242576599121094
-51.166690826416016
-50.92253494262695
-51.01129150390625
-51.12327575683594
-51.152591705322266
-51.165069580078125
-51.06587600708008
-50.930179595947266
-51.0994873046875
-51.23002243041992
-51.282745361328125
-51.14897155761719
-50.910301208496094
-50.808685302734375
-51.13566589355469
-51.07860565185547
-51.02413558959961
-51.140342712402344
-50.87383270263672
-50.921875
-51.146846771240234
-51.22050094604492
-51.293724060058594
-51.07118606567383
-50.84895324707031
-51.13402557373047
-51.33174514770508
-51.23590087890625
-50.856929779052734
-51.047706604003906
-51.29916763305664
-51.209922790527344
-51.14616012573242
-51.02910614013672
-50.94834899902344
-51.17734909057617
-51.30271530151367
-51.326908111572266
-51.314674377441406
-51.357421875
-51.22264099121094
-51.10105895996094
-51.06672668457031
-51.21991729736328
-51.32433319091797
-51.305240631103516
-51.33082962036133
-51.27928161621094
-51.17579650878906
-51.09093475341797
-51.219242095947266
-51.25334930419922
-51.33599853515625
-51.325496673583984
-51.24453353881836
-51.21367645263672
-51.12420654296875
-50.993247985839844
-51.2027587890625
-51.37340545654297
-51.34713363647461
-51.12729263305664
-51.00196075439453
-51.0667724609375
-51.18470764160156
-51.23395919799805
-51.22181701660156
-51.318817138671875
-51.126625061035156
-50.96638107299805
-51.02538299560547
-51.13557434082031
-51.27263641357422
-51.24624252319336
-51.134735107421875
-50.994911193847656
-51.113929748535156
-51.33904266357422
-51.254764556884766
-50.99716567993164
-51.046897888183594
-51.15143585205078
-51.22713088989258
-51.29677963256836
-51.22962188720703
-51.13209533691406
-51.19961929321289
-51.24391555786133
-51.28759002685547
-51.26433181762695
-51.306724548339844
-51.317108154296875
-51.33146667480469
-51.34047317504883
-51.14674758911133
-50.96175765991211
-51.15691375732422
-51.208274841308594
-51.21517562866211
-51.19053649902344
-51.11134719848633
-51.087615966796875
-51.143497467041016
-51.15562438964844
-51.224754333496094
-51.281089782714844
-51.10128402709961
-51.06349182128906
-51.243934631347656
-51.239070892333984
-51.27632522583008
-51.30021286010742
-50.899871826171875
-50.95417785644531
-51.22320556640625
-51.230010986328125
-51.224205017089844
-51.20114517211914
-50.896087646484375
-51.13520431518555
-51.23606491088867
-51.18568420410156
-51.230712890625
-50.90595245361328
-51.096553802490234
-51.13220977783203
-51.31562423706055
-51.24366760253906
-51.30201721191406
-50.96535110473633
-51.09762954711914
-51.10721969604492
-51.230445861816406
-51.22279357910156
-51.31536102294922
-51.26263427734375
-51.2589225769043
-51.27215576171875
-51.1741943359375
-51.181819915771484
-51.23626708984375
-51.24106216430664
-51.27632522583008
-51.148136138916016
-51.00286865234375
-51.169883728027344
-51.37677001953125
-51.3662109375
-51.288352966308594
-50.962162017822266
-51.20697021484375
-51.300331115722656
-51.40617370605469
-51.34170913696289
-51.303733825683594
-51.14353942871094
-51.1834831237793
-51.251285552978516
-51.29585647583008
-51.378631591796875
-51.214637756347656
-51.16278839111328
-51.2910270690918
-51.38401794433594
-51.337791442871094
-51.24789047241211
-51.21342086791992
-51.0465087890625
-51.16075897216797
-51.238834381103516
-51.36128234863281
-51.151981353759766
-51.13703155517578
-51.11784744262695
-51.22882843017578
-51.28862762451172
-51.2474250793457
-51.275779724121094
-51.22747802734375
-51.156307220458984
-51.26346969604492
-51.36469268798828
-51.282752990722656
-51.28981018066406
-51.31066131591797
-51.101524353027344
-51.154212951660156
-51.087127685546875
-51.08869934082031
-51.272247314453125
-51.34376525878906
-51.23810577392578
-51.129608154296875
-51.15829849243164
-51.264991760253906
-51.32155227661133
-51.388797760009766
-51.3787727355957
-51.30915832519531
-51.23082733154297
-51.13604736328125
-51.166465759277344
-51.28971862792969
-51.00166320800781
-51.17338943481445
-51.24761962890625
-51.2881965637207
-51.40439987182617
-51.30293273925781
-51.30552673339844
-51.341739654541016
-51.104095458984375
-50.78072738647461
-51.29267120361328
-51.276668548583984
-51.14458465576172
-51.0985221862793
-50.912376403808594
-51.269081115722656
-51.372291564941406
-51.283485412597656
-51.32802200317383
-51.17631530761719
-51.19691848754883
-51.15445327758789
-51.24449157714844
-51.22267532348633
-51.180328369140625
-51.23119354248047
-51.247013092041016
-51.296531677246094
-51.31434631347656
-51.21653747558594
-51.170501708984375
-51.16177749633789
-51.30390930175781
-51.354339599609375
-51.437984466552734
-51.370689392089844
-51.30995178222656
-51.224605560302734
-51.133697509765625
-51.311119079589844
-51.37443923950195
-51.411094665527344
-51.31350326538086
-51.26326370239258
-51.15693664550781
-51.32178497314453
-51.37134552001953
-51.41394805908203
-51.127044677734375
-51.10480499267578
-51.29484176635742
-51.358055114746094
-51.112510681152344
-51.02582550048828
-51.31916809082031
-51.34062194824219
-51.417694091796875
-51.30333709716797
-51.02608108520508
-51.03126525878906
-51.25452423095703
-51.34558868408203
-51.34446334838867
-51.420631408691406
-51.40917205810547
-51.1793327331543
-51.016090393066406
-51.1143684387207
-51.254150390625
-51.286293029785156
-51.29710388183594
-51.16276931762695
-51.125572204589844
-51.06439971923828
-51.24958038330078
-51.318355560302734
-51.3015251159668
-51.01869201660156
-51.27608871459961
-51.34657669067383
-51.447601318359375
-51.31707763671875
-51.29289627075195
-51.137786865234375
-51.065650939941406
-51.22129821777344
-51.37697219848633
-51.42744064331055
-51.15776062011719
-50.845149993896484
-51.307891845703125
-51.33274841308594
-50.957706451416016
-51.014747619628906
-51.29351806640625
-51.325931549072266
-51.02921676635742
-51.10771179199219
-51.391502380371094
-51.37718963623047
-51.345985412597656
-51.39561462402344
-51.341705322265625
-51.17034912109375
-51.198387145996094
-51.30622863769531
-51.403507232666016
-51.43499755859375
-51.3248176574707
-51.377113342285156
-51.26311111450195
-50.940521240234375
-51.20359802246094
-51.32869338989258
-51.365264892578125
-51.26184844970703
-51.19100570678711
-51.30820846557617
-51.32963180541992
-51.35152053833008
-51.37869644165039
-51.19759750366211
-51.11690902709961
-51.34845733642578
-51.386566162109375
-51.352447509765625
-51.268516540527344
-51.23966979980469
-51.217769622802734
-51.311546325683594
-51.39577865600586
-51.42796325683594
-51.344749450683594
-51.35779571533203
-51.23806381225586
-51.177978515625
-51.156639099121094
-51.14512252807617
-51.21493148803711
-51.418277740478516
-51.19380569458008
-51.118324279785156
-51.14762496948242
-51.29961395263672
-50.99951934814453
-51.310543060302734
-51.12000274658203
-51.21159362792969
-51.08210754394531
-51.30980682373047
-51.027183532714844
-51.21021270751953
-51.38742446899414
-51.137027740478516
-51.249488830566406
-51.2628173828125
-51.28151321411133
-51.0169563293457
-51.20228958129883
-51.2725944519043
-51.27350616455078
-51.18531799316406
-51.30195236206055
-51.274871826171875
-51.44532012939453
-51.16545867919922
-51.34051513671875
-51.199806213378906
-51.38337707519531
-51.24848937988281
-51.42203140258789
-51.28634262084961
-51.23322296142578
-51.20110321044922
-51.26189422607422
-51.42787551879883
-51.272003173828125
-51.40856170654297
-51.385398864746094
-51.36589050292969
-51.29123306274414
-51.2176628112793
-51.29979705810547
-51.39927673339844
-51.41106033325195
-51.31549835205078
-51.30939865112305
-51.22331619262695
-51.271484375
-51.39440155029297
-51.44209671020508
-51.49042892456055
-51.487632751464844
-51.33802032470703
-51.36554718017578
-51.2808837890625
-51.1143798828125
-51.36482620239258
-51.458580017089844
-51.47616958618164
-51.52830123901367
-51.402767181396484
-51.46518325805664
-51.481407165527344
-51.36275863647461
-51.219322204589844
-51.26404571533203
-51.45688247680664
-51.49104309082031
-51.48658752441406
-51.51026153564453
-51.428077697753906
-51.374969482421875
-51.26841735839844
-51.171302795410156
-51.29081726074219
-51.45722961425781
-51.46891784667969
-51.405418395996094
-51.28192138671875
-51.20965576171875
-51.32758331298828
-51.49383544921875
-51.490455627441406
-51.471343994140625
-51.5267219543457
-51.49870300292969
-51.415313720703125
-51.335750579833984
-51.178001403808594
-51.284786224365234
-51.35816192626953
-51.38877868652344
-51.35102844238281
-51.23538589477539
-51.20722961425781
-51.36094665527344
-51.446685791015625
-51.44010543823242
-51.51122283935547
-51.39341354370117
-51.35483169555664
-51.227046966552734
-51.33846664428711
-51.39412307739258
-51.421905517578125
-51.37861633300781
-51.16129684448242
-51.13302230834961
-51.35198211669922
-51.420597076416016
-51.50049591064453
-51.40479278564453
-51.29367446899414
-51.22639846801758
-51.304325103759766
-51.35125732421875
-51.380035400390625
-51.409629821777344
-51.16216278076172
-51.10805892944336
-51.32737731933594
-51.439605712890625
-51.4940185546875
-51.433982849121094
-51.41130447387695
-51.159523010253906
-51.06163787841797
-51.36603546142578
-51.4256591796875
-51.341148376464844
-51.192955017089844
-51.28645706176758
-51.35044860839844
-51.39331817626953
-51.23657989501953
-51.25819778442383
-51.2939453125
-51.324928283691406
-51.3604736328125
-51.18110656738281
-51.16569137573242
-51.25442123413086
-51.3303108215332
-51.382415771484375
-51.41551971435547
-51.274234771728516
-51.21493148803711
-51.30216598510742
-51.340728759765625
-51.347434997558594
-51.45698928833008
-51.258758544921875
-51.28816223144531
-51.12077331542969
-51.274505615234375
-51.246726989746094
-51.45805740356445
-51.353492736816406
-51.33924102783203
-51.20198440551758
-51.25182342529297
-51.2725944519043
-51.44845199584961
-51.2552490234375
-51.29792022705078
-51.0704460144043
-51.1226806640625
-51.29008483886719
-51.42121505737305
-51.21628189086914
-51.241065979003906
-51.306983947753906
-51.40752410888672
-51.49988555908203
-51.4942626953125
-51.470458984375
-51.471168518066406
-51.390403747558594
-51.32023239135742
-51.29185104370117
-51.3707275390625
-51.38462829589844
-51.39693832397461
-51.40425109863281
-51.402748107910156
-51.400569915771484
-51.27655792236328
-51.307212829589844
-51.42119216918945
-51.519935607910156
-51.494346618652344
-51.52855682373047
-51.53965759277344
-51.551177978515625
-51.55070877075195
-51.478759765625
-51.415672302246094
-51.337486267089844
-51.17194366455078
-51.37602233886719
-51.48908615112305
-51.4941291809082
-51.47849655151367
-51.28968048095703
-51.310447692871094
-51.48719787597656
-51.53572463989258
-51.52724838256836
-51.534584045410156
-51.41058349609375
-51.3732795715332
-51.29320526123047
-51.389442443847656
-51.5485954284668
-51.340049743652344
-51.2999382019043
-51.28992462158203
-51.471351623535156
-51.261688232421875
-51.443450927734375
-51.42071533203125
-51.49771499633789
-51.322296142578125
-51.36796951293945
-51.20367431640625
-51.36945343017578
-51.514530181884766
-51.50514602661133
-51.48402404785156
-51.39630889892578
-51.21604537963867
-51.268760681152344
-51.530548095703125
-51.550315856933594
-51.41963195800781
-51.38644790649414
-51.20346450805664
-51.32424545288086
-51.443050384521484
-51.427642822265625
-51.3962516784668
-51.381195068359375
-51.4068603515625
-51.39824676513672
-51.325340270996094
-51.297672271728516
-51.3499641418457
-51.387203216552734
-51.47126770019531
-51.51298522949219
-51.53599166870117
-51.4802360534668
-51.516048431396484
-51.35004425048828
-51.35292053222656
-51.36796569824219
-51.307952880859375
-51.345802307128906
-51.1912841796875
-51.371219635009766
-51.36846923828125
-51.4005126953125
-51.29460144042969
-51.50397491455078
-51.407623291015625
-51.227195739746094
-51.21148681640625
-51.247901916503906
-51.41876983642578
-51.50862121582031
-51.48670959472656
-51.33200454711914
-51.27483367919922
-51.35597229003906
-51.205379486083984
-51.395965576171875
-51.55661392211914
-51.56148910522461
-51.549530029296875
-51.46428680419922
-51.37584686279297
-51.297176361083984
-51.505767822265625
-51.466949462890625
-51.47064971923828
-51.496002197265625
-51.44786071777344
-51.24834442138672
-51.37527847290039
-51.43136978149414
-51.57488250732422
