loss_b
-0.7423738837242126
-0.7444125413894653
-0.7467735409736633
-0.7498037219047546
-0.752312183380127
-0.7546471953392029
-0.7589986324310303
-0.7632955312728882
-0.7688175439834595
-0.7715303897857666
-0.7778294682502747
-0.7849341630935669
-0.7897106409072876
-0.7964019179344177
-0.8023492693901062
-0.8119069337844849
-0.8211789131164551
-0.83098304271698
-0.8399192094802856
-0.8513754606246948
-0.8605934977531433
-0.8831793069839478
-0.8893263339996338
-0.9123011827468872
-0.9329997301101685
-0.9513152837753296
-0.9751641750335693
-1.0039678812026978
-1.0276178121566772
-1.0579288005828857
-1.098402500152588
-1.160163402557373
-1.1816871166229248
-1.2236676216125488
-1.2535429000854492
-1.2923814058303833
-1.3671293258666992
-1.5266311168670654
-1.5597988367080688
-1.6178367137908936
-1.7207939624786377
-1.9342031478881836
-1.992478609085083
-2.111253499984741
-2.4144327640533447
-2.6811091899871826
-2.8033242225646973
-3.103472948074341
-3.380415439605713
-3.774735450744629
-3.814192295074463
-3.859518527984619
-3.849395990371704
-3.719881772994995
-3.387484550476074
-3.5816707611083984
-3.3302035331726074
-3.632155418395996
-3.507020950317383
-3.8268327713012695
-4.098247528076172
-4.122176170349121
-4.085628509521484
-4.047100067138672
-4.024725914001465
-3.7769577503204346
-4.0584001541137695
-4.015556335449219
-4.166857719421387
-4.417198657989502
-4.114509582519531
-4.20273494720459
-4.378030300140381
-4.43955135345459
-4.327010154724121
-4.293052673339844
-4.341765403747559
-4.438589096069336
-4.351935386657715
-4.426163673400879
-4.591960906982422
-4.451064586639404
-4.460978031158447
-4.440400123596191
-4.749333381652832
-4.670199394226074
-4.506368160247803
-4.6260762214660645
-4.690840721130371
-4.629753589630127
-4.773458957672119
-4.802439212799072
-4.93771505355835
-4.778106689453125
-4.7249555587768555
-4.847859859466553
-4.793675899505615
-4.855623245239258
-4.8953423500061035
-4.879156112670898
-4.927385330200195
-4.878595352172852
-4.880250930786133
-4.998162269592285
-5.124117851257324
-5.069998741149902
-5.06076717376709
-5.046433925628662
-5.097276210784912
-5.1362690925598145
-5.228140830993652
-5.144068717956543
-5.162817001342773
-5.079269886016846
-5.289676189422607
-5.3611159324646
-5.19467830657959
-5.237165927886963
-5.227015972137451
-5.3523454666137695
-5.48606014251709
-5.275396347045898
-5.312772750854492
-5.419037818908691
-5.338562965393066
-5.369660377502441
-5.534516334533691
-5.407775402069092
-5.411304473876953
-5.346236705780029
-5.545352458953857
-5.58135461807251
-5.514758586883545
-5.6050567626953125
-5.606728553771973
-5.581989288330078
-5.620145320892334
-5.582589626312256
-5.586739540100098
-5.607985496520996
-5.669151782989502
-5.694438934326172
-5.804432392120361
-5.673214435577393
-5.669058322906494
-5.770977020263672
-5.804800033569336
-5.729714393615723
-5.761157035827637
-5.685553550720215
-5.800514221191406
-5.88674783706665
-5.745792865753174
-5.790157318115234
-5.816437244415283
-5.841006755828857
-5.930147171020508
-5.89841890335083
-5.881363868713379
-6.011013984680176
-5.903416633605957
-5.891384601593018
-5.977819442749023
-5.993100166320801
-6.102016448974609
-6.02630090713501
-6.042724132537842
-6.028252601623535
-6.101133346557617
-6.100109577178955
-6.1281418800354
-6.175078392028809
-6.147704124450684
-6.154360294342041
-6.145512580871582
-6.184870719909668
-6.227184772491455
-6.2246222496032715
-6.334606647491455
-6.288130760192871
-6.304985523223877
-6.319866180419922
-6.312098503112793
-6.38014030456543
-6.2726569175720215
-6.312419414520264
-6.350142002105713
-6.307419776916504
-6.405008792877197
-6.3993940353393555
-6.443743705749512
-6.529275417327881
-6.473625659942627
-6.36322546005249
-6.407716274261475
-6.552205562591553
-6.277312278747559
-6.612006187438965
-6.457823753356934
-6.478342533111572
-6.405026912689209
-6.550966262817383
-6.465461254119873
-6.448484420776367
-6.752275466918945
-6.5310540199279785
-6.649679183959961
-6.611001968383789
-6.731022834777832
-6.386314392089844
-6.652029514312744
-6.541286468505859
-6.778364658355713
-6.66346549987793
-6.755537033081055
-6.770258903503418
-6.814571857452393
-6.758332252502441
-6.83433198928833
-6.8702192306518555
-6.7950310707092285
-6.8771257400512695
-6.7639384269714355
-6.935000419616699
-6.9060139656066895
-6.7292914390563965
-6.868595600128174
-6.94783878326416
-7.041016101837158
-7.016895294189453
-7.009434700012207
-6.985989093780518
-6.9448113441467285
-6.971071720123291
-7.138337135314941
-7.016192436218262
-7.053435802459717
-7.011585712432861
-6.909375190734863
-7.034214019775391
-7.092159748077393
-7.128301620483398
-7.187653541564941
-7.069282054901123
-7.09273624420166
-7.094812393188477
-7.118017196655273
-7.113443851470947
-7.163917064666748
-7.194787979125977
-7.180157661437988
-7.148783206939697
-7.254032611846924
-6.984838008880615
-7.05072546005249
-6.813405990600586
-7.245806694030762
-6.896657466888428
-7.257370471954346
-7.202454566955566
-7.23140287399292
-7.023310661315918
-7.304007053375244
-7.033998966217041
-7.251232147216797
-7.050512790679932
-7.1736297607421875
-7.103281497955322
-7.068592071533203
-7.220906734466553
-7.074343204498291
-7.365044593811035
-7.137375354766846
-7.483546733856201
-7.186331748962402
-7.3080267906188965
-7.210460662841797
-7.373514175415039
-7.33140754699707
-7.366909027099609
-7.296031951904297
-7.337559700012207
-7.293205738067627
-7.26078987121582
-7.363659381866455
-7.22870397567749
-7.468700885772705
-7.366069316864014
-7.427258014678955
-7.400266647338867
-7.303127765655518
-7.384314060211182
-7.332912921905518
-7.386011600494385
-7.424221992492676
-7.318379878997803
-7.3902058601379395
-7.247323036193848
-7.354428291320801
-7.311857223510742
-7.473845481872559
-7.392907619476318
-7.5254364013671875
-7.3326287269592285
-7.4286346435546875
-7.340794086456299
-7.407459735870361
-7.486109256744385
-7.450982570648193
-7.357914447784424
-7.588464260101318
-7.537740230560303
-7.52898645401001
-7.534736633300781
-7.392663955688477
-7.371104717254639
-7.500697135925293
-7.54865837097168
-7.46037483215332
-7.45351505279541
-7.509463787078857
-7.557516574859619
-7.513164520263672
-7.46087121963501
-7.4762420654296875
-7.578999996185303
-7.636209011077881
-7.618069648742676
-7.565784454345703
-7.520585536956787
-7.562569618225098
-7.514430046081543
-7.5001726150512695
-7.577017784118652
-7.62057638168335
-7.471726894378662
-7.5573577880859375
-7.6823811531066895
-7.579131126403809
-7.549836158752441
-7.6197638511657715
-7.674976825714111
-7.5422563552856445
-7.607487201690674
-7.63621711730957
-7.4967122077941895
-7.625377178192139
-7.685977458953857
-7.610421180725098
-7.555853843688965
-7.680220127105713
-7.627127647399902
-7.6916279792785645
-7.76444673538208
-7.617367744445801
-7.675494194030762
-7.695957183837891
-7.650082588195801
-7.640312194824219
-7.658784866333008
-7.634207725524902
-7.666306972503662
-7.673675537109375
-7.585498809814453
-7.6906256675720215
-7.727906703948975
-7.4951982498168945
-7.724606990814209
-7.622768402099609
-7.714486122131348
-7.720448017120361
-7.6487135887146
-7.617945194244385
-7.741427898406982
-7.734864234924316
-7.697760581970215
-7.6970319747924805
-7.711064338684082
-7.661624431610107
-7.696694850921631
-7.6659650802612305
-7.682041645050049
-7.650079727172852
-7.678661823272705
-7.648502826690674
-7.736611366271973
-7.731184482574463
-7.737493515014648
-7.784420967102051
-7.606136322021484
-7.698111534118652
-7.719527244567871
-7.706364154815674
-7.652294158935547
-7.696242809295654
-7.663323879241943
-7.67686653137207
-7.77031135559082
-7.623122692108154
-7.767353534698486
-7.68345308303833
-7.706058979034424
-7.74271297454834
-7.648228645324707
-7.768489360809326
-7.724280834197998
-7.765219688415527
-7.744569301605225
-7.5998053550720215
-7.717597484588623
-7.564768314361572
-7.791139602661133
-7.441518783569336
-7.780750751495361
-7.420938968658447
-7.671612739562988
-7.422471046447754
-7.732147693634033
-7.435297012329102
-7.467448711395264
-7.749637126922607
-7.676161766052246
-7.798122406005859
-7.67836856842041
-7.788887023925781
-7.7059478759765625
-7.78061056137085
-7.857734680175781
-7.809030532836914
-7.836858749389648
-7.791259288787842
-7.852265357971191
-7.830010890960693
-7.811270236968994
-7.850068092346191
-7.803056716918945
-7.799300670623779
-7.849424839019775
-7.788298606872559
-7.8556718826293945
-7.831005573272705
-7.8635663986206055
-7.865988731384277
-7.943270683288574
-7.8382039070129395
-7.827518463134766
-7.8503098487854
-7.91035795211792
-7.868447303771973
-7.860832214355469
-7.89225959777832
-7.697882652282715
-7.789156436920166
-7.892997741699219
-7.898126125335693
-7.918241500854492
-7.807109832763672
-7.899660587310791
-7.820252895355225
-7.8241071701049805
-7.873469829559326
-7.799261569976807
-7.922014236450195
-7.850863456726074
-7.892971038818359
-7.857985973358154
-7.894447326660156
-7.906092643737793
-7.834029197692871
-7.946194648742676
-7.894608974456787
-7.913161277770996
-7.944970607757568
-7.97695779800415
-7.928849697113037
-7.946454048156738
-7.978688716888428
-7.87037467956543
-7.900027275085449
-7.964039325714111
-7.969148635864258
-7.949874401092529
-7.927886962890625
-7.81979513168335
-7.945552349090576
-7.9432373046875
-7.967967987060547
-7.986420631408691
-7.916835784912109
-7.972129821777344
-7.9700026512146
-7.9532976150512695
-8.001601219177246
-7.999397277832031
-7.920709133148193
-7.939640045166016
-8.01848316192627
-7.946191787719727
-7.9219536781311035
-7.937693119049072
-7.8964128494262695
-7.975071907043457
-7.855738639831543
-8.031803131103516
-7.94441032409668
-7.950911998748779
-7.978914737701416
-7.951197147369385
-8.01025390625
-7.890897750854492
-7.932552814483643
-7.915424346923828
-7.894495964050293
-8.023905754089355
-7.905465602874756
-7.933592319488525
-7.976902484893799
-8.067122459411621
-8.053359985351562
-7.978886127471924
-8.02245044708252
-8.019758224487305
-8.030671119689941
-7.989370346069336
-8.02549934387207
-8.062493324279785
-8.053838729858398
-8.030035018920898
-7.996169090270996
-8.043381690979004
-7.977761745452881
-7.994978427886963
-8.01496696472168
-8.048054695129395
-8.080185890197754
-7.958249568939209
-8.00814437866211
-8.06434440612793
-7.987019062042236
-8.009788513183594
-8.057414054870605
-7.998332500457764
-8.077325820922852
-7.974627494812012
-8.030282020568848
-8.078073501586914
-8.085539817810059
-8.035296440124512
-8.015274047851562
-8.033061981201172
-8.097406387329102
-8.071244239807129
-8.083747863769531
-8.057168006896973
-8.051103591918945
-8.081819534301758
-8.126529693603516
-8.08707046508789
-8.025836944580078
-8.02153491973877
-8.098711013793945
-8.130635261535645
-8.031989097595215
-8.077354431152344
-8.06696891784668
-8.131123542785645
-8.093549728393555
-8.146842002868652
-8.054656028747559
-8.090046882629395
-8.109898567199707
-8.064577102661133
-8.117825508117676
-8.124828338623047
-8.078739166259766
-8.072502136230469
-8.13422966003418
-8.150484085083008
-8.06893539428711
-8.119372367858887
-8.068201065063477
-7.996395111083984
-8.106184959411621
-8.123514175415039
-8.097981452941895
-8.094196319580078
-8.184042930603027
-8.17130184173584
-8.140836715698242
-8.125978469848633
-8.152740478515625
-8.14748764038086
-8.156875610351562
-8.143688201904297
-8.119696617126465
-8.080804824829102
-8.175580024719238
-8.047666549682617
-8.103924751281738
-8.120118141174316
-7.986286163330078
-8.032976150512695
-8.117380142211914
-8.067866325378418
-8.071277618408203
-8.130236625671387
-8.179312705993652
-8.151447296142578
-8.172883987426758
-8.125531196594238
-8.10537338256836
-8.144194602966309
-8.227987289428711
-8.177433013916016
-8.170966148376465
-8.151232719421387
-8.19153881072998
-8.16072940826416
-8.15343952178955
-8.181859016418457
-8.204263687133789
-8.195252418518066
-8.206515312194824
-8.159366607666016
-8.166555404663086
-8.169842720031738
-8.196334838867188
-8.219355583190918
-8.247367858886719
-8.180556297302246
-8.192131042480469
-8.236637115478516
-8.260455131530762
-8.16085433959961
-8.107553482055664
-8.27064037322998
-8.165650367736816
-8.105388641357422
-8.208316802978516
-8.23582649230957
-8.148539543151855
-8.06423568725586
-8.132641792297363
-8.223322868347168
-8.104240417480469
-8.096985816955566
-8.238327980041504
-8.204790115356445
-8.115777969360352
-8.182591438293457
-8.15955924987793
-8.015098571777344
-8.158429145812988
-8.19316291809082
-8.138821601867676
-8.23293685913086
-8.164463996887207
-8.070623397827148
-8.173592567443848
-8.224249839782715
-8.163869857788086
-8.090045928955078
-8.2025728225708
-8.224457740783691
-8.242532730102539
-8.259714126586914
-8.256882667541504
-8.244580268859863
-8.214164733886719
-8.159650802612305
-8.25191593170166
-8.23804759979248
-8.252504348754883
-8.238757133483887
-8.210407257080078
-8.222731590270996
-8.214421272277832
-8.232906341552734
-8.225545883178711
-8.296902656555176
-8.26296615600586
-8.264952659606934
-8.281932830810547
-8.308491706848145
-8.277298927307129
-8.270008087158203
-8.253959655761719
-8.245591163635254
-8.27345085144043
-8.26323127746582
-8.175313949584961
-8.158830642700195
-8.28036880493164
-8.278318405151367
-8.266077995300293
-8.209336280822754
-8.2221040725708
-8.278717994689941
-8.257637023925781
-8.234844207763672
-8.223467826843262
-8.252208709716797
-8.219648361206055
-8.314865112304688
-8.260769844055176
-8.287602424621582
-8.310150146484375
-8.292254447937012
-8.24167251586914
-8.222783088684082
-8.268217086791992
-8.305258750915527
-8.315657615661621
-8.252856254577637
-8.283390045166016
-8.30505657196045
-8.268918991088867
-8.273327827453613
-8.168813705444336
-8.175209999084473
-8.333925247192383
-8.17161750793457
-8.130977630615234
-8.350733757019043
-8.186233520507812
-8.051556587219238
-8.297568321228027
-8.011382102966309
-8.225408554077148
-8.314116477966309
-8.090690612792969
-8.163244247436523
-8.333415031433105
-8.11182975769043
-8.170694351196289
-8.274235725402832
-7.91907262802124
-8.333775520324707
-8.130644798278809
-8.219940185546875
-8.326695442199707
-8.16663932800293
-8.337446212768555
-8.213385581970215
-8.10516357421875
-8.331643104553223
-7.862150192260742
-8.35673713684082
-8.057393074035645
-8.34522819519043
-8.157662391662598
-8.173871040344238
-8.342796325683594
-8.042773246765137
-8.279510498046875
-8.189661026000977
-8.244807243347168
-8.373942375183105
-8.208115577697754
-8.295849800109863
-8.271581649780273
-8.219649314880371
-8.325478553771973
-8.32274055480957
-8.309330940246582
-8.366861343383789
-8.342143058776855
-8.288909912109375
-8.343624114990234
-8.362516403198242
-8.3151216506958
-8.375961303710938
-8.372607231140137
-8.349658012390137
-8.343735694885254
-8.402423858642578
-8.380620002746582
-8.382448196411133
-8.383161544799805
-8.354125022888184
-8.363277435302734
-8.336678504943848
-8.345438003540039
-8.36617660522461
-8.3644380569458
-8.353568077087402
-8.363138198852539
-8.33478832244873
-8.390206336975098
-8.410361289978027
-8.398543357849121
-8.389602661132812
-8.408658981323242
-8.352960586547852
-8.380192756652832
-8.368424415588379
-8.386775016784668
-8.394879341125488
-8.31727123260498
-8.376208305358887
-8.322273254394531
-8.390599250793457
-8.451619148254395
-8.264131546020508
-8.234827995300293
-8.373872756958008
-8.175363540649414
-8.307768821716309
-8.378998756408691
-8.206502914428711
-8.321918487548828
-8.181769371032715
-8.284912109375
-8.387645721435547
-8.123869895935059
-8.397446632385254
-8.303947448730469
-8.262992858886719
-8.399941444396973
-8.137062072753906
-8.346898078918457
-8.39803409576416
-8.182450294494629
-8.35197639465332
-8.305893898010254
-8.186139106750488
-8.404332160949707
-8.323708534240723
-8.330802917480469
-8.375479698181152
-8.308917999267578
-8.331046104431152
-8.403014183044434
-8.339454650878906
-8.3970365524292
-8.388251304626465
-8.39068603515625
-8.421075820922852
-8.40217399597168
-8.381195068359375
-8.351394653320312
-8.420454025268555
-8.411172866821289
-8.398866653442383
-8.392269134521484
-8.399025917053223
-8.390020370483398
-8.427446365356445
-8.417610168457031
-8.427821159362793
-8.41748332977295
-8.395367622375488
-8.427087783813477
-8.399169921875
-8.40109920501709
-8.315552711486816
-8.35879898071289
-8.40046501159668
-8.257770538330078
-8.381345748901367
-8.451202392578125
-8.334089279174805
-8.348762512207031
-8.449922561645508
-8.296807289123535
-8.384063720703125
-8.370677947998047
-8.325186729431152
-8.4151029586792
-8.392847061157227
-8.420534133911133
-8.452771186828613
-8.402791976928711
-8.437722206115723
-8.452984809875488
-8.432973861694336
-8.414578437805176
-8.440448760986328
-8.434592247009277
-8.398385047912598
-8.401719093322754
-8.474538803100586
-8.4563570022583
-8.45340633392334
-8.466450691223145
-8.459848403930664
-8.460291862487793
-8.448539733886719
-8.459667205810547
-8.497209548950195
-8.49174690246582
-8.468243598937988
-8.446949005126953
-8.474867820739746
-8.479700088500977
-8.44596004486084
-8.44653606414795
-8.386691093444824
-8.43421459197998
-8.41950798034668
-8.462156295776367
-8.422699928283691
-8.470303535461426
-8.44326400756836
-8.41796588897705
-8.422490119934082
-8.437908172607422
-8.479104995727539
-8.475969314575195
-8.405447959899902
-8.436558723449707
-8.493192672729492
-8.485739707946777
-8.468329429626465
-8.433183670043945
-8.456472396850586
-8.48664379119873
-8.432019233703613
-8.413579940795898
-8.449564933776855
-8.50222396850586
-8.455899238586426
-8.401023864746094
-8.435592651367188
-8.449505805969238
-8.507570266723633
-8.483936309814453
-8.435270309448242
-8.453914642333984
-8.488899230957031
-8.45241928100586
-8.42666244506836
-8.508296012878418
-8.490373611450195
-8.403776168823242
-8.500977516174316
-8.543896675109863
-8.464017868041992
-8.472724914550781
-8.481231689453125
-8.478909492492676
-8.506814956665039
-8.485710144042969
-8.50816535949707
-8.478582382202148
-8.424989700317383
-8.478903770446777
-8.470264434814453
-8.461383819580078
-8.471746444702148
-8.47014045715332
-8.496004104614258
-8.50752067565918
-8.443220138549805
-8.507821083068848
-8.489322662353516
-8.49176025390625
-8.375950813293457
-8.405165672302246
-8.491277694702148
-8.427010536193848
-8.377382278442383
-8.489017486572266
-8.263283729553223
-8.35097885131836
-8.510992050170898
-8.262075424194336
-8.382999420166016
-8.505511283874512
-8.18446159362793
-8.459345817565918
-8.459649085998535
-8.176907539367676
-8.465775489807129
-8.517984390258789
-8.391087532043457
-8.49092960357666
-8.47390079498291
-8.498804092407227
-8.509773254394531
-8.50311279296875
-8.553789138793945
-8.489476203918457
-8.468412399291992
-8.512187957763672
-8.529037475585938
-8.500679016113281
-8.485589981079102
-8.458621978759766
-8.533313751220703
-8.511093139648438
-8.43808650970459
-8.460365295410156
-8.519283294677734
-8.552901268005371
-8.501212120056152
-8.461285591125488
-8.523653030395508
-8.51637077331543
-8.487249374389648
-8.483219146728516
-8.50513744354248
-8.505693435668945
-8.507577896118164
-8.488717079162598
-8.377909660339355
-8.451640129089355
-8.546385765075684
-8.456355094909668
-8.446603775024414
-8.539467811584473
-8.527234077453613
-8.457207679748535
-8.473169326782227
-8.516278266906738
-8.450478553771973
-8.404669761657715
-8.484776496887207
-8.553324699401855
-8.5407133102417
-8.5169677734375
-8.534460067749023
-8.578668594360352
-8.535418510437012
-8.538607597351074
-8.514215469360352
-8.544044494628906
-8.568890571594238
-8.560502052307129
-8.519185066223145
-8.528193473815918
-8.565597534179688
-8.575678825378418
-8.546841621398926
-8.490845680236816
-8.509202003479004
-8.592153549194336
-8.551161766052246
-8.523127555847168
-8.542787551879883
-8.562891960144043
-8.489446640014648
-8.508880615234375
-8.561168670654297
-8.547657012939453
-8.549783706665039
-8.624833106994629
-8.552220344543457
-8.503561973571777
-8.536123275756836
-8.560781478881836
-8.573002815246582
-8.563565254211426
-8.518707275390625
-8.556074142456055
-8.605384826660156
-8.558399200439453
-8.56136703491211
-8.535741806030273
-8.541637420654297
-8.531335830688477
-8.581635475158691
-8.589552879333496
-8.557055473327637
-8.49343204498291
-8.595054626464844
-8.589885711669922
-8.535429954528809
-8.549349784851074
-8.531314849853516
-8.542013168334961
-8.575139045715332
-8.59463119506836
-8.592436790466309
-8.586845397949219
-8.554495811462402
-8.575981140136719
-8.556981086730957
-8.527139663696289
-8.582531929016113
-8.524109840393066
-8.481340408325195
-8.487096786499023
-8.559127807617188
-8.526191711425781
-8.605557441711426
-8.58838176727295
-8.570135116577148
-8.52752685546875
-8.516301155090332
-8.582291603088379
-8.608139991760254
-8.6094970703125
-8.557015419006348
-8.572516441345215
-8.61323356628418
-8.633478164672852
-8.62842082977295
-8.621203422546387
-8.61795711517334
-8.58200740814209
-8.54116153717041
-8.572259902954102
-8.649454116821289
-8.575746536254883
-8.52237319946289
-8.483650207519531
-8.529017448425293
-8.614519119262695
-8.612401008605957
-8.518667221069336
-8.605021476745605
-8.643034934997559
-8.572030067443848
-8.367156982421875
-8.544819831848145
-8.626803398132324
-8.637951850891113
-8.60672378540039
-8.542675971984863
-8.571283340454102
-8.650094032287598
-8.609787940979004
-8.544076919555664
-8.537327766418457
-8.621532440185547
-8.629715919494629
-8.622241020202637
-8.590715408325195
-8.634354591369629
-8.64301872253418
-8.594993591308594
-8.636850357055664
-8.58165168762207
-8.561975479125977
-8.546032905578613
-8.608230590820312
-8.646824836730957
-8.629040718078613
-8.632594108581543
-8.575542449951172
-8.607590675354004
-8.533981323242188
-8.634954452514648
-8.660544395446777
-8.615821838378906
-8.568778991699219
-8.563538551330566
-8.593565940856934
-8.604437828063965
-8.575053215026855
-8.564641952514648
-8.623189926147461
-8.639715194702148
-8.684080123901367
-8.63899040222168
-8.650400161743164
-8.647153854370117
-8.64490032196045
-8.667503356933594
-8.595926284790039
-8.593544006347656
-8.614823341369629
-8.648062705993652
-8.6575288772583
-8.6671142578125
-8.685333251953125
-8.637262344360352
-8.4503755569458
-8.51539421081543
-8.675814628601074
-8.684088706970215
-8.650157928466797
-8.548958778381348
-8.641386032104492
-8.680641174316406
-8.669940948486328
-8.55439281463623
-8.595538139343262
-8.580843925476074
-8.648699760437012
-8.653473854064941
-8.671537399291992
-8.700569152832031
-8.708969116210938
-8.722912788391113
-8.718165397644043
-8.667606353759766
-8.66193675994873
-8.673413276672363
-8.696410179138184
-8.617432594299316
-8.634539604187012
-8.657781600952148
-8.668686866760254
-8.689311027526855
-8.661696434020996
-8.587233543395996
-8.645346641540527
-8.679043769836426
-8.6665620803833
-8.697951316833496
-8.712491989135742
-8.704998016357422
-8.596242904663086
-8.49541187286377
-8.592900276184082
-8.692784309387207
-8.704206466674805
-8.68861198425293
-8.651764869689941
-8.617639541625977
-8.609820365905762
-8.622601509094238
-8.684760093688965
-8.673579216003418
-8.703009605407715
-8.686410903930664
-8.694985389709473
-8.656522750854492
-8.62563419342041
-8.645169258117676
-8.723979949951172
-8.693653106689453
-8.638355255126953
-8.625570297241211
-8.66665267944336
-8.718050003051758
-8.726613998413086
-8.749971389770508
-8.728803634643555
-8.702006340026855
-8.705121994018555
-8.694846153259277
-8.649703979492188
-8.648821830749512
-8.69359302520752
-8.675874710083008
-8.702787399291992
-8.514549255371094
-8.533519744873047
-8.700234413146973
-8.697775840759277
-8.590913772583008
-8.661176681518555
-8.738067626953125
-8.721356391906738
-8.702901840209961
-8.661563873291016
-8.663029670715332
-8.663614273071289
-8.731760025024414
-8.724339485168457
-8.726655006408691
-8.736442565917969
-8.761306762695312
-8.704390525817871
-8.653559684753418
-8.656845092773438
-8.7254638671875
-8.682456970214844
-8.744386672973633
-8.721395492553711
-8.735628128051758
-8.742020606994629
-8.771727561950684
-8.730907440185547
-8.73253059387207
-8.726313591003418
-8.771278381347656
-8.754698753356934
-8.754232406616211
-8.757410049438477
-8.783617973327637
-8.757511138916016
-8.662490844726562
-8.66849136352539
-8.602219581604004
-8.693041801452637
-8.75210189819336
-8.75088882446289
-8.71529483795166
-8.696819305419922
-8.746916770935059
-8.758339881896973
-8.779485702514648
-8.768805503845215
-8.727995872497559
-8.77503776550293
-8.786934852600098
-8.754488945007324
-8.790233612060547
-8.784425735473633
-8.803704261779785
-8.748954772949219
-8.78174877166748
-8.704815864562988
-8.634650230407715
-8.66115665435791
-8.75122356414795
-8.73483943939209
-8.741436958312988
-8.770258903503418
-8.71261978149414
-8.643105506896973
-8.678457260131836
-8.742597579956055
-8.767583847045898
-8.730609893798828
-8.628897666931152
-8.678529739379883
-8.743159294128418
-8.80892276763916
-8.74455451965332
-8.586153030395508
-8.68972110748291
-8.717164039611816
-8.718643188476562
-8.649360656738281
-8.610187530517578
-8.802084922790527
-8.748144149780273
-8.611053466796875
-8.636157989501953
-8.77077865600586
-8.767579078674316
-8.704071044921875
-8.658873558044434
-8.72976016998291
-8.786040306091309
-8.82583999633789
-8.7682466506958
-8.720003128051758
-8.778853416442871
-8.783652305603027
-8.777523040771484
-8.765509605407715
-8.775482177734375
-8.792939186096191
-8.759261131286621
-8.75341510772705
-8.737625122070312
-8.690290451049805
-8.734997749328613
-8.769317626953125
-8.772242546081543
-8.796050071716309
-8.8016996383667
-8.827885627746582
-8.822857856750488
-8.709480285644531
-8.637151718139648
-8.798468589782715
-8.80256175994873
-8.675817489624023
-8.609781265258789
-8.744916915893555
-8.801935195922852
-8.705953598022461
-8.64474868774414
-8.767105102539062
-8.794922828674316
-8.745037078857422
-8.631854057312012
-8.686065673828125
-8.8191556930542
-8.694411277770996
-8.594064712524414
-8.800765991210938
-8.759603500366211
-8.594619750976562
-8.76690673828125
-8.831254005432129
-8.751002311706543
-8.692304611206055
-8.755266189575195
-8.809921264648438
-8.813532829284668
-8.720726013183594
-8.79203987121582
-8.846541404724121
-8.861846923828125
-8.778940200805664
-8.729419708251953
-8.763335227966309
-8.81186580657959
-8.799274444580078
-8.8192777633667
-8.800514221191406
-8.813600540161133
-8.841567993164062
-8.790572166442871
-8.774984359741211
-8.740147590637207
-8.747170448303223
-8.812553405761719
-8.854484558105469
-8.817620277404785
-8.738914489746094
-8.709922790527344
-8.768441200256348
-8.795916557312012
-8.794775009155273
-8.730470657348633
-8.651911735534668
-8.785124778747559
-8.826663970947266
-8.774846076965332
-8.749104499816895
-8.821466445922852
-8.833540916442871
-8.839529991149902
-8.830357551574707
-8.817381858825684
-8.850276947021484
-8.79443359375
-8.778926849365234
-8.743082046508789
-8.824844360351562
-8.874540328979492
-8.823784828186035
-8.7835693359375
-8.701995849609375
-8.774593353271484
-8.854914665222168
-8.836318969726562
-8.852587699890137
-8.826452255249023
-8.82015323638916
-8.8266019821167
-8.849930763244629
-8.873899459838867
-8.860727310180664
-8.84899616241455
-8.780921936035156
-8.748855590820312
-8.778382301330566
-8.829991340637207
-8.875677108764648
-8.887507438659668
-8.880999565124512
-8.810005187988281
-8.860185623168945
-8.89777946472168
-8.865113258361816
-8.882354736328125
-8.839409828186035
-8.88444995880127
-8.777868270874023
-8.666288375854492
-8.821208953857422
-8.877006530761719
-8.81396484375
-8.813175201416016
-8.806129455566406
-8.856973648071289
-8.852108001708984
-8.830902099609375
-8.84124755859375
-8.887491226196289
-8.869965553283691
-8.8926362991333
-8.885645866394043
-8.856158256530762
-8.913214683532715
-8.864862442016602
-8.844383239746094
-8.879158020019531
-8.863720893859863
-8.854788780212402
-8.852391242980957
-8.83928108215332
-8.879878997802734
-8.829272270202637
-8.849384307861328
-8.788416862487793
-8.759720802307129
-8.797990798950195
-8.873689651489258
-8.853323936462402
-8.858917236328125
-8.782272338867188
-8.774918556213379
-8.780449867248535
-8.850703239440918
-8.913036346435547
-8.892560958862305
-8.904932975769043
-8.890725135803223
-8.89370059967041
-8.870055198669434
-8.822999000549316
-8.8132905960083
-8.851161003112793
-8.91528034210205
-8.896441459655762
-8.902695655822754
-8.888371467590332
-8.885367393493652
-8.748640060424805
-8.691450119018555
-8.91442584991455
-8.877758026123047
-8.694953918457031
-8.758464813232422
-8.901451110839844
-8.832965850830078
-8.736374855041504
-8.760068893432617
-8.861783981323242
-8.90595817565918
-8.870298385620117
-8.819304466247559
-8.823265075683594
-8.82924747467041
-8.870524406433105
-8.880060195922852
-8.8807373046875
-8.92174243927002
-8.893007278442383
-8.89108657836914
-8.909076690673828
-8.806573867797852
-8.797255516052246
-8.79202938079834
-8.844391822814941
-8.848259925842285
-8.872005462646484
-8.866344451904297
-8.849611282348633
-8.880067825317383
-8.908807754516602
-8.914968490600586
-8.877017974853516
-8.907407760620117
-8.899815559387207
-8.873503684997559
-8.856882095336914
-8.882430076599121
-8.861287117004395
-8.856202125549316
-8.90478515625
-8.837668418884277
-8.899103164672852
-8.948995590209961
-8.897374153137207
-8.883869171142578
-8.918900489807129
-8.924439430236816
-8.861893653869629
-8.920835494995117
-8.925267219543457
-8.875704765319824
-8.89028263092041
-8.91555118560791
-8.939506530761719
-8.863469123840332
-8.810066223144531
-8.865718841552734
-8.879329681396484
-8.908970832824707
-8.908432960510254
-8.90672779083252
-8.928488731384277
-8.867446899414062
-8.87411880493164
-8.903704643249512
-8.864882469177246
-8.836756706237793
-8.830782890319824
-8.893373489379883
-8.932002067565918
-8.919296264648438
-8.875988960266113
-8.826008796691895
-8.80514144897461
-8.83342456817627
-8.92134952545166
-8.929669380187988
-8.826459884643555
-8.772953987121582
-8.836348533630371
-8.883309364318848
-8.958328247070312
-8.957568168640137
-8.90535831451416
-8.881736755371094
-8.88259220123291
-8.918293952941895
-8.948831558227539
-8.928972244262695
-8.925950050354004
-8.873611450195312
-8.819931983947754
-8.8356351852417
-8.853622436523438
-8.861533164978027
-8.911705017089844
-8.95810317993164
-8.890639305114746
-8.833427429199219
-8.9091215133667
-8.923091888427734
-8.947824478149414
-8.942456245422363
-8.929984092712402
-8.950272560119629
-8.855124473571777
-8.83205509185791
-8.801383972167969
-8.847476959228516
-8.927001953125
-8.934524536132812
-8.981646537780762
-8.909407615661621
-8.846888542175293
-8.933610916137695
-8.907461166381836
-8.885682106018066
-8.915966033935547
-8.87336254119873
-8.889046669006348
-8.874711036682129
-8.902194023132324
-8.91384506225586
-8.940573692321777
-8.964056968688965
-8.963571548461914
-8.94400405883789
-8.948139190673828
-8.927358627319336
-8.987078666687012
-8.953924179077148
-8.922260284423828
-8.849611282348633
-8.831060409545898
-8.928564071655273
-8.975408554077148
-8.911811828613281
-8.889725685119629
-8.84443187713623
-8.920252799987793
-8.92823314666748
-8.953383445739746
-8.949271202087402
-8.874468803405762
-8.881479263305664
-8.898591041564941
-8.929932594299316
-8.948152542114258
-8.903609275817871
-8.85218334197998
-8.862714767456055
-8.911373138427734
-8.981070518493652
-8.957423210144043
-8.937359809875488
-8.95598316192627
-8.904430389404297
-8.850422859191895
-8.854047775268555
-8.918325424194336
-8.979419708251953
-8.944639205932617
-8.90877914428711
-8.731603622436523
-8.860642433166504
-8.981586456298828
-8.8894624710083
-8.726194381713867
-8.938056945800781
-8.964136123657227
-8.851041793823242
-8.793469429016113
-8.901226043701172
-8.947494506835938
-8.922697067260742
-8.872838020324707
-8.815983772277832
-8.91663646697998
-8.944252014160156
-8.942115783691406
-8.872617721557617
-8.967167854309082
-8.984831809997559
-8.963001251220703
-8.947961807250977
-8.911635398864746
-8.86691665649414
-8.880806922912598
-8.969457626342773
-8.95557689666748
-8.873430252075195
-8.858073234558105
-8.95366096496582
-8.932291984558105
-8.894835472106934
-8.975729942321777
-9.012029647827148
-8.967706680297852
-8.966890335083008
-8.96594524383545
-8.992813110351562
-8.999564170837402
-8.999418258666992
-8.964970588684082
-8.985465049743652
-8.871684074401855
-8.812704086303711
-8.84368896484375
-8.956507682800293
-8.924959182739258
-8.810691833496094
-8.86825180053711
-8.984210014343262
-8.925311088562012
-8.743451118469238
-8.982184410095215
-8.915815353393555
-8.728374481201172
-9.011053085327148
-8.929898262023926
-8.676243782043457
-8.969305992126465
-8.824309349060059
-8.593798637390137
-8.981688499450684
-8.567436218261719
-8.843399047851562
-8.994324684143066
-8.710826873779297
-8.7865629196167
-8.952851295471191
-8.709657669067383
-8.864594459533691
-8.994755744934082
-8.59701156616211
-8.880383491516113
-8.970342636108398
-8.809473037719727
-8.896265029907227
-8.989187240600586
-8.88710880279541
-8.814128875732422
-8.975132942199707
-8.934428215026855
-8.874053955078125
-8.975909233093262
-9.024260520935059
-8.923154830932617
-8.931520462036133
-8.936851501464844
-8.970606803894043
-8.847711563110352
-8.746362686157227
-8.988526344299316
-8.92899227142334
-8.799476623535156
-8.926119804382324
-9.004441261291504
-8.825478553771973
-8.875419616699219
-9.029921531677246
-8.940112113952637
-8.9364013671875
-8.932348251342773
-8.977087020874023
-8.951653480529785
-8.91325855255127
-8.927059173583984
-8.987260818481445
-8.995813369750977
-8.899134635925293
-8.856821060180664
-8.93775749206543
-9.010171890258789
-8.98640251159668
-8.876791000366211
-8.945148468017578
-8.937186241149902
-9.015443801879883
-9.020228385925293
-9.000418663024902
-8.995646476745605
-9.01944351196289
-9.010622024536133
-8.987873077392578
-9.00968074798584
-9.011968612670898
-9.004559516906738
-8.982933044433594
-9.003190994262695
-8.89424991607666
-8.866303443908691
-8.99277400970459
-9.000115394592285
-8.830348014831543
-8.901371002197266
-9.00139045715332
-8.990466117858887
-9.031041145324707
-9.015559196472168
-8.98997974395752
-9.019792556762695
-8.986018180847168
-8.967329025268555
-9.031122207641602
-9.031713485717773
-9.030177116394043
-9.00968074798584
-9.039679527282715
-8.996732711791992
-8.968417167663574
-8.960759162902832
-8.984088897705078
-9.02039623260498
-9.025664329528809
-9.02304744720459
-9.016606330871582
-9.028104782104492
-9.04285717010498
-8.998701095581055
-8.937089920043945
-8.864181518554688
-9.006525993347168
-9.018560409545898
-8.968655586242676
-8.775880813598633
-8.941859245300293
-8.96792984008789
-8.998730659484863
-8.95816707611084
-9.008003234863281
-9.01041030883789
-9.013572692871094
-8.959074020385742
-8.955642700195312
-8.996317863464355
-8.991579055786133
-9.01841926574707
-9.024419784545898
-9.053306579589844
-9.037688255310059
-9.045334815979004
-9.023802757263184
-9.051778793334961
-9.037155151367188
-9.035008430480957
-9.048644065856934
-9.044973373413086
-9.033039093017578
-9.035567283630371
-9.005160331726074
-8.961106300354004
-9.02625560760498
-9.054713249206543
-9.039138793945312
-9.017146110534668
-9.03014850616455
-9.058979034423828
-9.060121536254883
-9.02759838104248
-9.034818649291992
-9.02894115447998
-8.946111679077148
-8.935921669006348
-8.999578475952148
-9.051164627075195
-9.01387882232666
-9.086282730102539
-9.044090270996094
-9.07211971282959
-9.011687278747559
-9.022384643554688
-8.992806434631348
-9.014911651611328
-8.993736267089844
-8.965227127075195
-9.00753116607666
-9.015396118164062
-9.030867576599121
-9.069242477416992
-9.026874542236328
-9.002654075622559
-8.977124214172363
-8.993997573852539
-8.981170654296875
-9.02844524383545
-9.040643692016602
-9.03313159942627
-9.029155731201172
-9.038764953613281
-8.992660522460938
-8.988487243652344
-9.059383392333984
-9.040451049804688
-9.073055267333984
-9.077463150024414
-9.069893836975098
-9.06627368927002
-9.058110237121582
-9.01831340789795
-9.064054489135742
-9.028572082519531
-9.057055473327637
-8.890095710754395
-8.818772315979004
-9.056127548217773
-8.965509414672852
-8.80654239654541
-9.001473426818848
-9.024685859680176
-8.877303123474121
-8.959114074707031
-9.046276092529297
-9.048614501953125
-9.052324295043945
-9.028878211975098
-9.025786399841309
-9.03342342376709
-9.048251152038574
-9.021001815795898
-9.014711380004883
-9.055862426757812
-9.078800201416016
-9.022134780883789
-9.031998634338379
-9.023008346557617
-9.02954387664795
-9.043745994567871
-9.075818061828613
-9.09097671508789
-9.054041862487793
-9.09185791015625
-9.067277908325195
-9.079629898071289
-8.968598365783691
-8.9006986618042
-9.026371955871582
-9.067278861999512
-9.003584861755371
-9.005614280700684
-8.99612045288086
-9.074784278869629
-9.078621864318848
-9.044172286987305
-9.051034927368164
-9.042655944824219
-8.979928970336914
-9.025227546691895
-9.092010498046875
-9.103839874267578
-9.046009063720703
-9.056833267211914
-8.982987403869629
-9.00443172454834
-9.072717666625977
-9.036593437194824
-9.067973136901855
-9.110884666442871
-9.091527938842773
-9.050284385681152
-8.994433403015137
-9.007884979248047
-9.026501655578613
-9.064616203308105
-9.06745433807373
-9.08777904510498
-9.098889350891113
-9.107674598693848
-9.098257064819336
-9.111600875854492
-9.088473320007324
-9.036842346191406
-9.000978469848633
-9.014690399169922
-9.077381134033203
-9.071227073669434
-9.010635375976562
-9.040348052978516
-9.074312210083008
-9.061120986938477
-9.095060348510742
-9.071196556091309
-9.071873664855957
-9.051856994628906
-9.064817428588867
-9.079950332641602
-9.095507621765137
-9.078163146972656
-9.097478866577148
-9.116969108581543
-9.12045669555664
-9.082978248596191
-9.070782661437988
-8.992837905883789
-8.975886344909668
-8.987480163574219
-9.06188678741455
-9.079513549804688
-9.120529174804688
-9.015420913696289
-8.953836441040039
-8.973111152648926
-9.086426734924316
-9.084000587463379
-9.018533706665039
-9.052966117858887
-9.062177658081055
-9.069829940795898
-9.1091947555542
-9.103442192077637
-9.0806884765625
-9.096686363220215
-9.119022369384766
-9.04986572265625
-8.9597806930542
-8.948257446289062
-9.078400611877441
-9.119607925415039
-9.052591323852539
-8.975587844848633
-8.962594032287598
-9.046928405761719
-9.088766098022461
-9.101064682006836
-9.099120140075684
-9.099760055541992
-9.029463768005371
-8.999866485595703
-9.02113151550293
-9.061009407043457
-9.086372375488281
-9.11121654510498
-9.09822940826416
-9.08315658569336
-9.057795524597168
-9.03500747680664
-9.027179718017578
-9.08126449584961
-9.05732536315918
-9.059284210205078
-9.0651216506958
-9.05430793762207
-9.133445739746094
-9.078048706054688
-9.000755310058594
-8.916497230529785
-8.999530792236328
-9.113016128540039
-9.110027313232422
-8.967657089233398
-9.036083221435547
-9.074832916259766
-9.12997817993164
-9.123139381408691
-9.08800983428955
-9.046707153320312
-9.008358001708984
-9.026928901672363
-9.096589088439941
-9.142181396484375
-9.14967155456543
-9.140707969665527
-9.110003471374512
-9.084929466247559
-9.117976188659668
-9.125554084777832
-9.12004566192627
-9.116082191467285
-9.055258750915527
-8.972824096679688
-9.069982528686523
-9.092281341552734
-9.169822692871094
-9.15784740447998
-9.103751182556152
-9.114184379577637
-9.12787914276123
-9.073175430297852
-9.007140159606934
-9.04609203338623
-9.066397666931152
-9.090919494628906
-9.105960845947266
-9.120681762695312
-9.099252700805664
-9.127192497253418
-9.11079216003418
-9.143381118774414
-9.10268497467041
-8.999541282653809
-9.068747520446777
-9.107040405273438
-9.10047721862793
-9.101173400878906
-9.04293155670166
-9.027973175048828
-9.049251556396484
-9.104459762573242
-9.122849464416504
-9.11413288116455
-9.119026184082031
-9.091340065002441
-9.038834571838379
-9.05403995513916
-9.051126480102539
-9.100018501281738
-9.135821342468262
-9.12460994720459
-9.096158027648926
-9.017378807067871
-9.04044246673584
-9.118948936462402
-9.164746284484863
-9.141134262084961
-9.069037437438965
-9.081623077392578
-9.070659637451172
-9.12475299835205
-9.128585815429688
-9.16673469543457
-9.135798454284668
-9.159074783325195
-9.042537689208984
-8.957112312316895
-9.097562789916992
-9.14013957977295
-9.119585037231445
-8.971136093139648
-8.930500030517578
-9.136804580688477
-9.066363334655762
-8.935937881469727
-9.132973670959473
-9.095189094543457
-8.913824081420898
-9.030251502990723
-9.13696575164795
-9.152243614196777
-9.124150276184082
-9.004175186157227
-9.009881019592285
-9.096917152404785
-9.155633926391602
-9.128448486328125
-9.084786415100098
-8.9645357131958
-8.991817474365234
-9.138131141662598
-9.117968559265137
-9.06883430480957
-8.869492530822754
-9.067147254943848
-9.148550987243652
-8.924398422241211
-8.884981155395508
-9.130300521850586
-9.024799346923828
-8.829937934875488
-9.142494201660156
-9.026082038879395
-8.787705421447754
-9.172527313232422
-8.716209411621094
-8.997493743896484
-9.11772632598877
-8.805732727050781
-9.046710968017578
-9.125478744506836
-8.966277122497559
-8.917815208435059
-9.177495956420898
-9.014339447021484
-8.939237594604492
-9.147547721862793
-8.883089065551758
-8.927756309509277
-9.154708862304688
-8.946059226989746
-8.919295310974121
-9.175816535949707
-9.034330368041992
-8.842658042907715
-9.139412879943848
-8.966920852661133
-8.942652702331543
-9.127433776855469
-9.040093421936035
-8.925393104553223
-9.155034065246582
-9.057562828063965
-8.963438034057617
-9.11363410949707
-9.134876251220703
-8.973400115966797
-9.1285982131958
-9.126211166381836
-9.073136329650879
-9.054819107055664
-9.109031677246094
-9.128829002380371
-9.015002250671387
-8.93976879119873
-9.163738250732422
-9.03002643585205
-8.85765552520752
-9.125150680541992
-8.995604515075684
-8.848923683166504
-9.146864891052246
-8.986824035644531
-8.919955253601074
-9.169149398803711
-8.797717094421387
-8.955344200134277
-9.125285148620605
-8.76263427734375
-9.116259574890137
-9.003249168395996
-8.927521705627441
-9.155862808227539
-9.077441215515137
-8.906871795654297
-9.087278366088867
-9.053522109985352
-8.895822525024414
-9.139016151428223
-9.132821083068848
-8.950959205627441
-9.080899238586426
-9.18904972076416
-9.095839500427246
-9.031189918518066
-9.172536849975586
-9.158037185668945
-9.057080268859863
-9.115058898925781
-9.185765266418457
-9.16387939453125
-9.145861625671387
-9.12071418762207
-9.169862747192383
-9.155425071716309
-9.139688491821289
-9.121767044067383
-9.136543273925781
-9.131314277648926
-9.152678489685059
-9.173649787902832
-9.146839141845703
-9.06929874420166
-9.093209266662598
-9.2040433883667
-9.16627311706543
-9.126561164855957
-9.10425090789795
-9.138078689575195
-9.14865493774414
-9.18674087524414
-9.147231101989746
-9.126168251037598
-9.162769317626953
-9.182881355285645
-9.171032905578613
-9.17461109161377
-9.171182632446289
-9.173590660095215
-9.160786628723145
-9.184253692626953
-9.182385444641113
-9.18451976776123
-9.191337585449219
-9.174354553222656
-9.141067504882812
-9.106221199035645
-9.168259620666504
-9.014907836914062
-9.05128002166748
-9.199892044067383
-9.080032348632812
-8.95504379272461
-9.142206192016602
-9.159650802612305
-9.083436012268066
-9.171171188354492
-9.15539836883545
-9.132467269897461
-9.133567810058594
-9.162579536437988
-9.148884773254395
-9.159165382385254
-9.124311447143555
-9.072073936462402
-9.115824699401855
-9.178956985473633
-9.13763427734375
-9.075408935546875
-9.151448249816895
-9.156366348266602
-9.046935081481934
-8.958184242248535
-9.157746315002441
-9.18867301940918
-9.107158660888672
-9.061721801757812
-9.171170234680176
-9.192705154418945
-9.15738582611084
-9.173049926757812
-9.176446914672852
-9.192658424377441
-9.182145118713379
-9.153613090515137
-9.201437950134277
-9.172534942626953
-9.181150436401367
-9.167951583862305
-9.173099517822266
-9.114723205566406
-9.101729393005371
-9.145063400268555
-9.18139934539795
-9.152202606201172
-9.1925687789917
-9.1951904296875
-9.161043167114258
-9.194926261901855
-9.171182632446289
-9.159842491149902
-9.14998722076416
-9.160987854003906
-9.208335876464844
-9.175345420837402
-9.117951393127441
-9.133225440979004
-9.18114948272705
-9.194249153137207
-9.19255256652832
-9.180597305297852
-9.191374778747559
-9.170231819152832
-9.203869819641113
-9.201948165893555
-9.206212997436523
-9.1850004196167
-9.156166076660156
-9.138725280761719
-9.176568031311035
-9.185029029846191
-9.206693649291992
-9.184864044189453
-9.192835807800293
-9.127339363098145
-9.135791778564453
-9.2235689163208
-9.14520263671875
-9.074437141418457
-9.056437492370605
-9.153119087219238
-9.174912452697754
-9.183531761169434
-9.114547729492188
-9.11564826965332
-9.14957046508789
-9.201221466064453
-9.211759567260742
-9.196345329284668
-9.182794570922852
-9.19051456451416
-9.154182434082031
-9.141727447509766
-9.152222633361816
-9.166413307189941
-9.182711601257324
-9.183890342712402
-9.194149017333984
-9.166570663452148
-9.172383308410645
-9.184211730957031
-9.185808181762695
-9.171401023864746
-9.202924728393555
-9.20051383972168
-9.149306297302246
-9.184664726257324
-9.153353691101074
-9.201139450073242
-9.198481559753418
-9.197052001953125
-9.1723051071167
-9.12116527557373
-9.0974760055542
-9.160784721374512
-9.1987943649292
-9.182232856750488
-9.14841365814209
-9.092358589172363
-9.187639236450195
-9.184327125549316
-9.23203182220459
-9.22609806060791
-9.16882610321045
-9.11815071105957
-9.123741149902344
-9.151116371154785
-9.183131217956543
-9.215751647949219
-9.194534301757812
-9.187667846679688
-9.139447212219238
-9.185357093811035
-9.195911407470703
-9.198610305786133
-9.200035095214844
-9.18520450592041
-9.16618537902832
-9.20694351196289
-9.1703519821167
-9.140080451965332
-9.171258926391602
-9.205915451049805
-9.205312728881836
-9.205495834350586
-9.208730697631836
-9.195013999938965
-9.158411026000977
-9.199172019958496
-9.218428611755371
-9.185149192810059
-9.190978050231934
-9.182978630065918
-9.165194511413574
-9.154936790466309
-9.159366607666016
-9.191539764404297
-9.186710357666016
-9.189539909362793
-9.203646659851074
-9.219372749328613
-9.177967071533203
-9.176963806152344
-9.228676795959473
-9.22050952911377
-9.191165924072266
-9.190447807312012
-9.213004112243652
-9.201271057128906
-9.204758644104004
-9.193838119506836
-9.251008033752441
-9.221657752990723
-9.171575546264648
-9.13604736328125
-9.150280952453613
-9.159918785095215
-9.208314895629883
-9.180879592895508
-9.223922729492188
-9.228120803833008
-9.215009689331055
-9.23100471496582
-9.214558601379395
-9.205952644348145
-9.223112106323242
-9.253715515136719
-9.17664909362793
-9.143112182617188
-9.108272552490234
-9.139018058776855
-9.19465446472168
-9.215517044067383
-9.199457168579102
-9.211053848266602
-9.188424110412598
-9.194050788879395
-9.200859069824219
-9.157968521118164
-9.202241897583008
-9.2431640625
-9.157953262329102
-9.056221008300781
-9.13610553741455
-9.166783332824707
-9.23653507232666
-9.218174934387207
-9.151185989379883
-9.122507095336914
-9.125838279724121
-9.173470497131348
-9.253296852111816
-9.213423728942871
-9.162776947021484
-9.088940620422363
-9.102190017700195
-9.17002010345459
-9.200064659118652
-9.212169647216797
-9.186760902404785
-9.206409454345703
-9.203207015991211
-9.239616394042969
-9.237820625305176
-9.234109878540039
-9.212919235229492
-9.178997039794922
-9.161382675170898
-9.172051429748535
-9.162433624267578
-9.15666389465332
-9.151837348937988
-9.200371742248535
-9.185018539428711
-9.209951400756836
-9.184510231018066
-9.180671691894531
-9.146671295166016
-9.129791259765625
-9.219496726989746
-9.246081352233887
-9.22200870513916
-9.227479934692383
-9.179884910583496
-9.164904594421387
-9.151328086853027
-9.19326114654541
-9.218873977661133
-9.216970443725586
-9.235949516296387
-9.175874710083008
-9.225290298461914
-9.19948673248291
-9.193257331848145
-9.126754760742188
-9.16744327545166
-9.190817832946777
-9.220427513122559
-9.174256324768066
-9.221880912780762
-9.237161636352539
-9.202987670898438
-9.2003755569458
-9.167023658752441
-9.218161582946777
-9.211931228637695
-9.236794471740723
-9.256585121154785
-9.199596405029297
-9.168294906616211
-9.09638786315918
-9.176029205322266
-9.25846004486084
-9.22487735748291
-9.218210220336914
-9.175968170166016
-9.09919261932373
-9.12991714477539
-9.22017765045166
-9.167284965515137
-9.007885932922363
-9.153976440429688
-9.210590362548828
-9.190666198730469
-8.98336410522461
-9.025328636169434
-9.232746124267578
-9.128629684448242
-8.967843055725098
-9.236574172973633
-9.152491569519043
-8.911727905273438
-9.247129440307617
-9.04980182647705
-8.887541770935059
-9.213199615478516
-8.951919555664062
-8.970065116882324
-9.22961711883545
-8.942831039428711
-8.994029998779297
-9.22437572479248
-9.061433792114258
-9.011213302612305
-9.239100456237793
-9.087130546569824
-8.946725845336914
-9.22325325012207
-9.111995697021484
-8.952052116394043
-9.255529403686523
-9.082269668579102
-8.942533493041992
-9.250246047973633
-9.081884384155273
-8.991455078125
-9.257646560668945
-9.112963676452637
-8.959409713745117
-9.258417129516602
-9.088438034057617
-8.929976463317871
-9.256022453308105
-9.051530838012695
-8.96013069152832
-9.227295875549316
-8.949481010437012
-9.029851913452148
-9.241667747497559
-8.881904602050781
-9.113496780395508
-9.187678337097168
-9.079147338867188
-9.135747909545898
-9.22854232788086
-9.168671607971191
-9.040242195129395
-9.218640327453613
-9.243865966796875
-9.084396362304688
-9.173794746398926
-9.230348587036133
-9.164565086364746
-9.139357566833496
-9.21324634552002
-9.21447467803955
-9.229333877563477
-9.210521697998047
-9.139291763305664
-9.18750286102295
-9.249029159545898
-9.28560733795166
-9.2299165725708
-9.195552825927734
-9.195398330688477
-9.243364334106445
-9.202736854553223
-9.164878845214844
-9.15855598449707
-9.226789474487305
-9.249398231506348
-9.094703674316406
-9.10247802734375
-9.230378150939941
-9.230216026306152
-9.144217491149902
-9.177388191223145
-9.22719669342041
-9.256245613098145
-9.193575859069824
-9.135729789733887
-9.227217674255371
-9.267858505249023
-9.21356201171875
-9.246542930603027
-9.229487419128418
-9.251726150512695
-9.260482788085938
-9.264506340026855
-9.173691749572754
-9.15194320678711
-9.189902305603027
-9.209568977355957
-9.248963356018066
-9.086893081665039
-9.041072845458984
-9.235442161560059
-9.11122989654541
-9.03785228729248
-9.25296401977539
-9.056400299072266
-9.006036758422852
-9.232552528381348
-9.133248329162598
-9.017717361450195
-9.237168312072754
-9.129094123840332
-9.003092765808105
-9.230369567871094
-9.190321922302246
-9.015435218811035
-9.217599868774414
-9.237655639648438
-9.038599967956543
-9.144667625427246
-9.242278099060059
-9.121521949768066
-9.047344207763672
-9.21905517578125
-9.266104698181152
-9.204728126525879
-9.167421340942383
-9.229426383972168
-9.254888534545898
-9.268762588500977
-9.210798263549805
-9.204755783081055
-9.204219818115234
-9.228023529052734
-9.264143943786621
-9.259675025939941
-9.254202842712402
-9.202380180358887
-9.206974029541016
-9.228809356689453
-9.263997077941895
-9.247770309448242
-9.2151517868042
-9.187766075134277
-9.187444686889648
-9.252415657043457
-9.259073257446289
-9.244203567504883
-9.204813957214355
-9.22014045715332
-9.237471580505371
-9.244636535644531
-9.238582611083984
-9.242430686950684
-9.249064445495605
-9.2410888671875
-9.266963005065918
-9.234183311462402
-9.199767112731934
-9.239717483520508
-9.286538124084473
-9.254343032836914
-9.282709121704102
-9.250025749206543
-9.254942893981934
-9.25968074798584
-9.256375312805176
-9.26359748840332
-9.257413864135742
-9.23474407196045
-9.259331703186035
-9.283373832702637
-9.270964622497559
-9.27133560180664
-9.264948844909668
-9.252559661865234
-9.272639274597168
-9.251582145690918
-9.2520170211792
-9.239367485046387
-9.253375053405762
-9.238076210021973
-9.204601287841797
-9.221925735473633
-9.247499465942383
-9.247978210449219
-9.2454252243042
-9.264788627624512
-9.250187873840332
-9.278253555297852
-9.190540313720703
-9.160862922668457
-9.207695960998535
-9.264884948730469
-9.277459144592285
-9.211984634399414
-9.214666366577148
-9.257438659667969
-9.20609188079834
-9.206835746765137
-9.260784149169922
-9.280441284179688
-9.238086700439453
-9.156599044799805
-9.172255516052246
-9.247836112976074
-9.266131401062012
-9.264817237854004
-9.211877822875977
-9.235507011413574
-9.277241706848145
-9.276442527770996
-9.254048347473145
-9.259812355041504
-9.261813163757324
-9.25770092010498
-9.261312484741211
-9.267781257629395
-9.283415794372559
-9.274436950683594
-9.268643379211426
-9.209647178649902
-9.183507919311523
-9.188257217407227
-9.235076904296875
-9.233481407165527
-9.261530876159668
-9.243263244628906
-9.255806922912598
-9.226016998291016
-9.24206256866455
-9.248486518859863
-9.266845703125
-9.280790328979492
-9.239946365356445
-9.217448234558105
-9.174415588378906
-9.19725513458252
-9.278014183044434
-9.285781860351562
-9.275860786437988
-9.28306770324707
-9.295549392700195
-9.28125
-9.26550579071045
-9.288616180419922
-9.298417091369629
-9.278671264648438
-9.248196601867676
-9.214173316955566
-9.160978317260742
-9.206460952758789
-9.202759742736816
-9.258864402770996
-9.26933765411377
-9.212278366088867
-9.134422302246094
-9.233901977539062
-9.280573844909668
-9.244144439697266
-9.139041900634766
-9.177430152893066
-9.264408111572266
-9.29057788848877
-9.232719421386719
-9.17143726348877
-9.186257362365723
-9.265830993652344
-9.276432037353516
-9.217397689819336
-9.181365013122559
-9.226059913635254
-9.247426986694336
-9.251229286193848
-9.306958198547363
-9.267605781555176
-9.188060760498047
-9.205890655517578
-9.24840259552002
-9.231900215148926
-9.255731582641602
-9.244175910949707
-9.18437671661377
-9.134322166442871
-9.240951538085938
-9.298443794250488
-9.274872779846191
-9.25369644165039
-9.266316413879395
-9.304134368896484
-9.273489952087402
-9.267775535583496
-9.242427825927734
-9.189016342163086
-9.222063064575195
-9.265172958374023
-9.307621002197266
-9.228121757507324
-9.21045970916748
-9.18552303314209
-9.22569465637207
-9.268499374389648
-9.298995971679688
-9.25833511352539
-9.290030479431152
-9.265684127807617
-9.279108047485352
-9.244816780090332
-9.272342681884766
-9.278239250183105
-9.262459754943848
-9.288405418395996
-9.298408508300781
-9.260685920715332
-9.206925392150879
-9.190428733825684
-9.202946662902832
-9.243958473205566
-9.304580688476562
-9.274423599243164
-9.271651268005371
-9.246322631835938
-9.213846206665039
-9.222722053527832
-9.240676879882812
-9.286816596984863
-9.284786224365234
-9.294605255126953
-9.29017448425293
-9.295188903808594
-9.222728729248047
-9.212339401245117
-9.185968399047852
-9.231342315673828
-9.300615310668945
-9.288419723510742
-9.212764739990234
-9.242110252380371
-9.266018867492676
-9.27631950378418
-9.281532287597656
-9.300002098083496
-9.298710823059082
-9.25318431854248
-9.224973678588867
-9.247438430786133
-9.269829750061035
-9.241534233093262
-9.25867748260498
-9.176762580871582
-9.208921432495117
-9.216937065124512
-9.235816955566406
-9.242488861083984
-9.268109321594238
-9.295598983764648
-9.310956001281738
-9.272078514099121
-9.238373756408691
-9.160567283630371
-9.196492195129395
-9.261723518371582
-9.2886323928833
-9.271978378295898
-9.21634578704834
-9.238373756408691
-9.249080657958984
-9.280952453613281
-9.301009178161621
-9.275297164916992
-9.303458213806152
-9.27643871307373
-9.296662330627441
-9.286154747009277
-9.2769193649292
-9.293614387512207
-9.250207901000977
-9.2271728515625
-9.163795471191406
-9.224233627319336
-9.316023826599121
-9.289020538330078
-9.178625106811523
-9.237297058105469
-9.314170837402344
-9.298354148864746
-9.27322006225586
-9.288217544555664
-9.26630687713623
-9.242408752441406
-9.182341575622559
-9.18106460571289
-9.208001136779785
-9.271135330200195
-9.294144630432129
-9.265155792236328
-9.202506065368652
-9.17354679107666
-9.222463607788086
-9.296359062194824
-9.187792778015137
-9.060338020324707
-9.291840553283691
-9.241250991821289
-8.99686050415039
-9.274620056152344
-9.249737739562988
-9.009514808654785
-9.2699613571167
-9.217425346374512
-8.973217010498047
-9.243237495422363
-9.240377426147461
-9.045527458190918
-9.242592811584473
-9.309093475341797
-9.178207397460938
-9.210619926452637
-9.249165534973145
-9.257025718688965
-9.272541999816895
-9.315605163574219
-9.281778335571289
-9.242545127868652
-9.174988746643066
-9.176006317138672
-9.235236167907715
-9.300849914550781
-9.278555870056152
-9.334372520446777
-9.308053970336914
-9.272623062133789
-9.2866792678833
-9.22594165802002
-9.220226287841797
-9.191547393798828
