loss_h
-7.40084171295166
-7.466227054595947
-7.553178310394287
-7.45233154296875
-7.418115615844727
-7.457821846008301
-7.493453502655029
-7.685999393463135
-7.7363481521606445
-7.630489826202393
-7.688518047332764
-7.68048095703125
-7.757940292358398
-7.7698893547058105
-7.799445629119873
-7.776949405670166
-7.768186092376709
-7.88267183303833
-7.7744317054748535
-7.809939384460449
-7.887284278869629
-7.764401912689209
-7.751445770263672
-7.850654602050781
-7.834647178649902
-7.801527976989746
-7.838249206542969
-7.841243267059326
-7.876694202423096
-7.836202621459961
-7.838515758514404
-7.848994255065918
-7.90244197845459
-7.877842903137207
-7.813711166381836
-7.837609767913818
-7.8108696937561035
-7.864245891571045
-7.793799877166748
-7.92704963684082
-7.8748884201049805
-7.839305877685547
-7.792198181152344
-7.8132147789001465
-7.893651962280273
-7.8754987716674805
-7.833198070526123
-7.8756279945373535
-7.836231708526611
-7.840959072113037
-7.906851768493652
-7.829347133636475
-7.905095100402832
-7.902097702026367
-7.860664367675781
-7.907461643218994
-7.910296440124512
-7.836355686187744
-7.877085208892822
-7.867269515991211
-7.857222557067871
-7.87593412399292
-7.911477565765381
-7.893694877624512
-7.918992042541504
-7.907650470733643
-7.881714820861816
-7.873109340667725
-7.8462443351745605
-7.89094877243042
-7.907619953155518
-7.884016990661621
-7.8784942626953125
-7.822458744049072
-7.88034725189209
-7.901487827301025
-7.959063529968262
-7.904785633087158
-7.869119167327881
-7.90272331237793
-7.87457799911499
-7.855680465698242
-7.876555919647217
-7.862210750579834
-7.852268218994141
-7.877962589263916
-7.930049419403076
-7.844886302947998
-7.885573387145996
-7.9228835105896
-7.910321235656738
-7.911984920501709
-7.884103298187256
-7.918679714202881
-7.886689186096191
-7.918134689331055
-7.929718017578125
-7.906313896179199
-7.990782260894775
-7.887263774871826
-7.891744613647461
-7.938038349151611
-7.91073751449585
-7.912393093109131
-7.940376281738281
-7.898597717285156
-7.860912322998047
-7.895453929901123
-7.957340240478516
-7.90859317779541
-7.912230968475342
-7.907364368438721
-7.908811569213867
-7.930936813354492
-7.888354778289795
-7.93472957611084
-7.931384563446045
-7.896179676055908
-7.93997049331665
-7.920062065124512
-7.910128593444824
-7.847291469573975
-7.9141621589660645
-7.903893947601318
-7.938702583312988
-7.9120965003967285
-7.912980079650879
-7.887131690979004
-7.946609973907471
-7.904074192047119
-7.908908367156982
-7.912904262542725
-7.938490390777588
-7.916811943054199
-7.949627876281738
-7.887801647186279
-7.908199310302734
-7.955711841583252
-7.966546058654785
-7.885444641113281
-7.903446197509766
-7.878444194793701
-7.972537994384766
-7.965837478637695
-7.9531779289245605
-7.947655200958252
-7.977097988128662
-7.906599044799805
-7.942054271697998
-7.932201385498047
-7.930401802062988
-7.933981418609619
-7.931496620178223
-7.933127403259277
-7.912353992462158
-7.955106735229492
-7.9432573318481445
-7.98970890045166
-7.970287322998047
-7.922633647918701
-7.996493816375732
-7.98050594329834
-7.926370620727539
-7.99855899810791
-7.95772647857666
-7.921513557434082
-7.997263431549072
-7.982849597930908
-7.992300033569336
-7.97219705581665
-7.993028163909912
-7.930444240570068
-7.98272180557251
-7.9427080154418945
-7.984073162078857
-7.9193572998046875
-7.983756065368652
-7.977911949157715
-7.976790428161621
-7.947807788848877
-7.971307277679443
-7.971808433532715
-7.982314109802246
-7.925215721130371
-7.9580512046813965
-7.983456134796143
-7.9702606201171875
-7.965363025665283
-7.988217353820801
-7.944155216217041
-7.969598293304443
-7.970996856689453
-7.988333225250244
-7.983285903930664
-7.9876532554626465
-7.974815845489502
-8.010741233825684
-7.987322807312012
-7.980815410614014
-7.966728210449219
-7.954402446746826
-7.991922855377197
-8.035664558410645
-8.000616073608398
-8.013686180114746
-7.986309051513672
-8.023195266723633
-7.970717430114746
-7.9859619140625
-8.001056671142578
-7.99074649810791
-8.003886222839355
-7.969756603240967
-7.994441032409668
-7.973296642303467
-7.956239700317383
-7.988110065460205
-7.968601703643799
-7.986254692077637
-7.979690074920654
-8.013333320617676
-8.000981330871582
-8.004598617553711
-8.013046264648438
-8.020492553710938
-7.959532737731934
-7.999148845672607
-7.991724967956543
-8.003314971923828
-7.991346836090088
-8.006360054016113
-7.972416877746582
-8.014848709106445
-8.010697364807129
-8.005437850952148
-7.967937469482422
-8.02153491973877
-8.045855522155762
-8.004137992858887
-8.009262084960938
-8.022276878356934
-8.020648002624512
-8.007576942443848
-8.001189231872559
-8.01002311706543
-8.01174259185791
-7.985077381134033
-8.02739143371582
-8.002969741821289
-8.006032943725586
-8.01404094696045
-8.040255546569824
-8.035571098327637
-8.050324440002441
-7.995422840118408
-8.013689041137695
-7.98143196105957
-8.03285026550293
-7.989151477813721
-8.037605285644531
-7.9939374923706055
-8.029291152954102
-8.029592514038086
-8.04613208770752
-8.00672435760498
-8.014654159545898
-8.037009239196777
-7.986502647399902
-8.03338623046875
-8.0004243850708
-8.038774490356445
-8.007674217224121
-8.00565242767334
-7.976842403411865
-8.020074844360352
-7.989335060119629
-8.026215553283691
-8.000067710876465
-8.031200408935547
-8.049601554870605
-8.05376148223877
-7.999011039733887
-8.019326210021973
-8.013911247253418
-8.044882774353027
-8.01054859161377
-8.044715881347656
-8.055693626403809
-8.001790046691895
-8.016907691955566
-8.034319877624512
-8.008758544921875
-8.035771369934082
-7.989167213439941
-8.022397994995117
-8.01579761505127
-8.052778244018555
-8.009856224060059
-8.028002738952637
-8.041415214538574
-8.014875411987305
-8.049661636352539
-8.05687427520752
-8.036208152770996
-7.9994425773620605
-8.055183410644531
-8.045859336853027
-8.063363075256348
-8.046368598937988
-8.01868724822998
-8.026535034179688
-8.021934509277344
-8.02208137512207
-8.029128074645996
-8.039776802062988
-8.069863319396973
-8.062883377075195
-8.014732360839844
-8.02915096282959
-8.03242301940918
-8.049378395080566
-8.048917770385742
-8.026727676391602
-8.02603816986084
-8.024530410766602
-8.06324577331543
-8.044581413269043
-8.034915924072266
-8.058871269226074
-8.015328407287598
-8.011058807373047
-8.052489280700684
-8.043882369995117
-8.03824520111084
-8.035186767578125
-8.049192428588867
-8.016402244567871
-8.054811477661133
-8.036100387573242
-8.040700912475586
-8.020452499389648
-8.037699699401855
-8.043015480041504
-8.035066604614258
-8.075321197509766
-8.018186569213867
-8.03187370300293
-8.072964668273926
-8.062631607055664
-8.047160148620605
-8.075599670410156
-8.045811653137207
-8.050162315368652
-8.040121078491211
-8.015750885009766
-8.062442779541016
-8.069806098937988
-8.04157829284668
-8.057087898254395
-8.058406829833984
-8.041193008422852
-8.057194709777832
-8.048022270202637
-8.049455642700195
-8.042292594909668
-8.032819747924805
-8.068751335144043
-8.045022010803223
-8.053324699401855
-8.082162857055664
-8.075947761535645
-8.061283111572266
-8.07166576385498
-8.047260284423828
-8.048060417175293
-8.066254615783691
-8.052407264709473
-8.066265106201172
-8.040348052978516
-8.056877136230469
-8.045220375061035
-8.057559967041016
-8.021730422973633
-8.073617935180664
-8.065309524536133
-8.074156761169434
-8.034016609191895
-8.072061538696289
-8.079480171203613
-8.062623977661133
-8.061436653137207
-8.06689739227295
-8.043543815612793
-8.070161819458008
-8.079057693481445
-8.056567192077637
-8.06122875213623
-8.072630882263184
-8.069753646850586
-8.103357315063477
-8.071573257446289
-8.075014114379883
-8.069352149963379
-8.055170059204102
-8.0633544921875
-8.061012268066406
-8.046534538269043
-8.025375366210938
-8.050440788269043
-8.08006477355957
-8.048844337463379
-8.066633224487305
-8.060251235961914
-8.071328163146973
-8.083555221557617
-8.073522567749023
-8.072980880737305
-8.063302993774414
-8.052939414978027
-8.081119537353516
-8.059317588806152
-8.078435897827148
-8.05331039428711
-8.066786766052246
-8.0841064453125
-8.087241172790527
-8.073351860046387
-8.063813209533691
-8.050066947937012
-8.088692665100098
-8.067344665527344
-8.062566757202148
-8.078810691833496
-8.068023681640625
-8.092727661132812
-8.047502517700195
-8.079635620117188
-8.068927764892578
-8.06193733215332
-8.086048126220703
-8.078380584716797
-8.069986343383789
-8.066174507141113
-8.072737693786621
-8.070711135864258
-8.080094337463379
-8.068964004516602
-8.069817543029785
-8.078234672546387
-8.078081130981445
-8.055299758911133
-8.059744834899902
-8.090005874633789
-8.079381942749023
-8.072586059570312
-8.062609672546387
-8.096370697021484
-8.070198059082031
-8.083236694335938
-8.070691108703613
-8.084325790405273
-8.087854385375977
-8.057621002197266
-8.05688762664795
-8.079894065856934
-8.09566593170166
-8.0729398727417
-8.089818954467773
-8.065474510192871
-8.059971809387207
-8.100831031799316
-8.058802604675293
-8.094828605651855
-8.078940391540527
-8.07555866241455
-8.06039047241211
-8.089941024780273
-8.081048965454102
-8.08181095123291
-8.079599380493164
-8.082890510559082
-8.068873405456543
-8.094642639160156
-8.067529678344727
-8.091719627380371
-8.102042198181152
-8.077995300292969
-8.100106239318848
-8.091140747070312
-8.062859535217285
-8.086743354797363
-8.060681343078613
-8.053666114807129
-8.08440113067627
-8.07660961151123
-8.062623023986816
-8.099333763122559
-8.09339427947998
-8.1037015914917
-8.09631061553955
-8.058921813964844
-8.065199851989746
-8.074981689453125
-8.073237419128418
-8.076512336730957
-8.08609390258789
-8.092202186584473
-8.084107398986816
-8.090270042419434
-8.07805347442627
-8.090487480163574
-8.1181058883667
-8.106597900390625
-8.076586723327637
-8.078315734863281
-8.106368064880371
-8.06893253326416
-8.075392723083496
-8.079768180847168
-8.050482749938965
-8.07884407043457
-8.06788158416748
-8.074100494384766
-8.10713005065918
-8.074700355529785
-8.10245418548584
-8.099803924560547
-8.08141803741455
-8.081390380859375
-8.087642669677734
-8.089728355407715
-8.091663360595703
-8.087563514709473
-8.077614784240723
-8.090048789978027
-8.074030876159668
-8.071968078613281
-8.099453926086426
-8.08202838897705
-8.088303565979004
-8.065852165222168
-8.074586868286133
-8.067556381225586
-8.098956108093262
-8.091737747192383
-8.117827415466309
-8.081623077392578
-8.104738235473633
-8.103189468383789
-8.103471755981445
-8.079771041870117
-8.09907341003418
-8.081241607666016
-8.099764823913574
-8.09202766418457
-8.091279983520508
-8.100777626037598
-8.086596488952637
-8.079723358154297
-8.085020065307617
-8.099466323852539
-8.080862045288086
-8.105485916137695
-8.08862590789795
-8.101242065429688
-8.08984375
-8.097626686096191
-8.100678443908691
-8.095024108886719
-8.077350616455078
-8.091120719909668
-8.06641674041748
-8.079890251159668
-8.089690208435059
-8.082409858703613
-8.090076446533203
-8.086591720581055
-8.114209175109863
-8.101548194885254
-8.105798721313477
-8.091809272766113
-8.080048561096191
-8.090737342834473
-8.068928718566895
-8.08188247680664
-8.074867248535156
-8.087520599365234
-8.094350814819336
-8.101579666137695
-8.080123901367188
-8.09554672241211
-8.087456703186035
-8.09107494354248
-8.097463607788086
-8.093719482421875
-8.083333969116211
-8.105690956115723
-8.096261978149414
-8.075366973876953
-8.089326858520508
-8.090876579284668
-8.074182510375977
-8.0810546875
-8.095052719116211
-8.104707717895508
-8.092487335205078
-8.09624195098877
-8.100521087646484
-8.111771583557129
-8.094828605651855
-8.081960678100586
-8.055359840393066
-8.113513946533203
-8.090776443481445
-8.076647758483887
-8.115381240844727
-8.080044746398926
-8.108864784240723
-8.088672637939453
-8.09823226928711
-8.107985496520996
-8.092592239379883
-8.09951114654541
-8.084982872009277
-8.10986328125
-8.115717887878418
-8.100064277648926
-8.088357925415039
-8.108015060424805
-8.08780574798584
-8.062633514404297
-8.088497161865234
-8.06718635559082
-8.092193603515625
-8.095911026000977
-8.098799705505371
-8.093523979187012
-8.110071182250977
-8.114461898803711
-8.094989776611328
-8.094223976135254
-8.11573314666748
-8.098167419433594
-8.102912902832031
-8.070422172546387
-8.091863632202148
-8.09357738494873
-8.105598449707031
-8.096625328063965
-8.095985412597656
-8.08908462524414
-8.092306137084961
-8.086281776428223
-8.093262672424316
-8.124922752380371
-8.079468727111816
-8.083657264709473
-8.108757019042969
-8.098018646240234
-8.115799903869629
-8.112322807312012
-8.087900161743164
-8.11923599243164
-8.115771293640137
-8.11916732788086
-8.114763259887695
-8.091450691223145
-8.079934120178223
-8.112822532653809
-8.087936401367188
-8.115151405334473
-8.111360549926758
-8.088619232177734
-8.12281322479248
-8.100278854370117
-8.094171524047852
-8.127694129943848
-8.080534934997559
-8.102354049682617
-8.095808982849121
-8.114232063293457
-8.112164497375488
-8.104061126708984
-8.115474700927734
-8.111709594726562
-8.082572937011719
-8.088662147521973
-8.122537612915039
-8.108977317810059
-8.108610153198242
-8.089022636413574
-8.098209381103516
-8.10898494720459
-8.118684768676758
-8.097394943237305
-8.10635757446289
-8.089498519897461
-8.110304832458496
-8.113911628723145
-8.101853370666504
-8.114079475402832
-8.095907211303711
-8.092516899108887
-8.123233795166016
-8.119566917419434
-8.11866569519043
-8.103343963623047
-8.114537239074707
-8.0952730178833
-8.100566864013672
-8.085330963134766
-8.097805976867676
-8.109285354614258
-8.097940444946289
-8.103582382202148
-8.082155227661133
-8.100218772888184
-8.115488052368164
-8.137277603149414
-8.117547035217285
-8.103137969970703
-8.096153259277344
-8.094893455505371
-8.10354995727539
-8.110194206237793
-8.086840629577637
-8.089228630065918
-8.094402313232422
-8.116474151611328
-8.091874122619629
-8.097528457641602
-8.115080833435059
-8.115620613098145
-8.09886360168457
-8.110786437988281
-8.094755172729492
-8.111104011535645
-8.10457992553711
-8.12144947052002
-8.093560218811035
-8.120838165283203
-8.100879669189453
-8.10278606414795
-8.090804100036621
-8.127984046936035
-8.090155601501465
-8.116558074951172
-8.125412940979004
-8.128819465637207
-8.119664192199707
-8.140701293945312
-8.123900413513184
-8.121781349182129
-8.08806037902832
-8.101848602294922
-8.089982986450195
-8.107216835021973
-8.11801528930664
-8.118332862854004
-8.108808517456055
-8.105560302734375
-8.12005615234375
-8.11250114440918
-8.11124324798584
-8.112277030944824
-8.111709594726562
-8.087183952331543
-8.105403900146484
-8.12481689453125
-8.117918014526367
-8.101980209350586
-8.116138458251953
-8.101176261901855
-8.123296737670898
-8.11188793182373
-8.08952522277832
-8.101269721984863
-8.127237319946289
-8.111505508422852
-8.124320983886719
-8.128571510314941
-8.09571647644043
-8.114115715026855
-8.113251686096191
-8.090043067932129
-8.105817794799805
-8.119481086730957
-8.113525390625
-8.111706733703613
-8.1212158203125
-8.129798889160156
-8.116914749145508
-8.118178367614746
-8.14253044128418
-8.11707592010498
-8.138104438781738
-8.111845016479492
-8.128191947937012
-8.144901275634766
-8.163614273071289
-8.136255264282227
-8.16643238067627
-8.173556327819824
-8.17043399810791
-8.185416221618652
-8.17808723449707
-8.212095260620117
-8.215560913085938
-8.223488807678223
-8.234752655029297
-8.237671852111816
-8.28580379486084
-8.277721405029297
-8.286996841430664
-8.307613372802734
-8.336359024047852
-8.348226547241211
-8.401121139526367
-8.40342903137207
-8.417122840881348
-8.440864562988281
-8.464386940002441
-8.510294914245605
-8.55788516998291
-8.566984176635742
-8.559879302978516
-8.648001670837402
-8.640665054321289
-8.713552474975586
-8.718301773071289
-8.740119934082031
-8.816170692443848
-8.816701889038086
-8.86749267578125
-8.9083251953125
-8.95980453491211
-9.009272575378418
-9.03797435760498
-9.064288139343262
-9.114006042480469
-9.11091423034668
-9.247960090637207
-9.209858894348145
-9.289020538330078
-9.312602996826172
-9.337180137634277
-9.42110824584961
-9.306351661682129
-9.37442684173584
-9.449687004089355
-9.442167282104492
-9.417595863342285
-9.51232624053955
-9.522442817687988
-9.573244094848633
-9.58229923248291
-9.535470962524414
-9.548251152038574
-9.583935737609863
-9.671758651733398
-9.754206657409668
-9.60738754272461
-9.620352745056152
-9.67156982421875
-9.660745620727539
-9.633110046386719
-9.675644874572754
-9.712228775024414
-9.722713470458984
-9.686932563781738
-9.71861743927002
-9.7601900100708
-9.7273530960083
-9.831114768981934
-9.709668159484863
-9.793346405029297
-9.815082550048828
-9.755513191223145
-9.831619262695312
-9.761597633361816
-9.826742172241211
-9.8515625
-9.764776229858398
-9.82668685913086
-9.835615158081055
-9.833484649658203
-9.877425193786621
-9.856697082519531
-9.794878005981445
-9.914711952209473
-9.833043098449707
-9.862759590148926
-9.851269721984863
-9.900992393493652
-9.926335334777832
-9.914563179016113
-9.917755126953125
-9.94102668762207
-9.92851734161377
-9.9140625
-9.983342170715332
-9.971779823303223
-9.995912551879883
-9.966660499572754
-9.89017105102539
-9.968212127685547
-9.99368667602539
-9.989773750305176
-9.905195236206055
-9.91153335571289
-9.952432632446289
-9.937171936035156
-10.008613586425781
-9.99651050567627
-10.036764144897461
-10.016300201416016
-10.027092933654785
-10.05057144165039
-10.036114692687988
-10.066332817077637
-9.943601608276367
-10.021255493164062
-10.038487434387207
-10.022298812866211
-9.977654457092285
-10.01492691040039
-10.028300285339355
-10.047797203063965
-10.079122543334961
-10.118707656860352
-10.080617904663086
-10.06290054321289
-10.087169647216797
-10.078510284423828
-10.105175018310547
-10.096813201904297
-10.125893592834473
-10.15294075012207
-10.124846458435059
-10.029191017150879
-10.111237525939941
-10.121658325195312
-10.077316284179688
-10.104466438293457
-10.118704795837402
-10.112835884094238
-10.130423545837402
-10.069522857666016
-10.108602523803711
-10.149214744567871
-10.158862113952637
-10.121089935302734
-10.112761497497559
-10.117260932922363
-10.088098526000977
-10.154698371887207
-10.13484001159668
-10.178912162780762
-10.177446365356445
-10.13914966583252
-10.112648010253906
-10.177788734436035
-10.120168685913086
-10.080595016479492
-10.132071495056152
-10.17812728881836
-10.152018547058105
-10.193130493164062
-10.134481430053711
-10.163263320922852
-10.140582084655762
-10.190924644470215
-10.153536796569824
-10.136563301086426
-10.06950855255127
-10.2042818069458
-10.175833702087402
-10.141390800476074
-10.187085151672363
-10.214569091796875
-10.163341522216797
-10.162519454956055
-10.170473098754883
-10.243053436279297
-10.158315658569336
-10.175960540771484
-10.241167068481445
-10.218421936035156
-10.167940139770508
-10.209123611450195
-10.169078826904297
-10.190637588500977
-10.186502456665039
-10.232863426208496
-10.155978202819824
-10.189634323120117
-10.217344284057617
-10.243824005126953
-10.222735404968262
-10.213909149169922
-10.249184608459473
-10.253543853759766
-10.191964149475098
-10.178054809570312
-10.275837898254395
-10.220479011535645
-10.300334930419922
-10.290410041809082
-10.21872615814209
-10.21937084197998
-10.26334285736084
-10.25930404663086
-10.239259719848633
-10.240407943725586
-10.298517227172852
-10.264674186706543
-10.24720573425293
-10.212275505065918
-10.270964622497559
-10.268320083618164
-10.22255802154541
-10.270858764648438
-10.269939422607422
-10.33679485321045
-10.218101501464844
-10.296293258666992
-10.282142639160156
-10.303004264831543
-10.289051055908203
-10.30894947052002
-10.2871675491333
-10.295392036437988
-10.293874740600586
-10.308886528015137
-10.314229011535645
-10.280941009521484
-10.268864631652832
-10.310330390930176
-10.328051567077637
-10.252016067504883
-10.342928886413574
-10.292120933532715
-10.272168159484863
-10.333735466003418
-10.283846855163574
-10.352758407592773
-10.315532684326172
-10.36344051361084
-10.295562744140625
-10.316390037536621
-10.26554012298584
-10.293669700622559
-10.333045959472656
-10.34179973602295
-10.329988479614258
-10.374314308166504
-10.377216339111328
-10.35842514038086
-10.27786922454834
-10.39084529876709
-10.330304145812988
-10.362303733825684
-10.303362846374512
-10.325240135192871
-10.391178131103516
-10.297721862792969
-10.3421630859375
-10.394515991210938
-10.369415283203125
-10.39428424835205
-10.328418731689453
-10.33499526977539
-10.392006874084473
-10.365348815917969
-10.374448776245117
-10.364398002624512
-10.435429573059082
-10.358537673950195
-10.351417541503906
-10.3145751953125
-10.338847160339355
-10.377479553222656
-10.372037887573242
-10.387984275817871
-10.38106632232666
-10.370287895202637
-10.375458717346191
-10.399884223937988
-10.387458801269531
-10.465002059936523
-10.408175468444824
-10.425456047058105
-10.4232816696167
-10.400225639343262
-10.38758373260498
-10.389533042907715
-10.41922378540039
-10.398526191711426
-10.445944786071777
-10.443924903869629
-10.3934907913208
-10.415830612182617
-10.45553970336914
-10.446061134338379
-10.455602645874023
-10.44311809539795
-10.476993560791016
-10.464754104614258
-10.38843822479248
-10.418524742126465
-10.414077758789062
-10.415499687194824
-10.442599296569824
-10.456890106201172
-10.449708938598633
-10.480018615722656
-10.465940475463867
-10.417768478393555
-10.473310470581055
-10.504559516906738
-10.404583930969238
-10.428818702697754
-10.48121166229248
-10.46418571472168
-10.452136993408203
-10.465751647949219
-10.480104446411133
-10.481646537780762
-10.509683609008789
-10.501306533813477
-10.532334327697754
-10.438261985778809
-10.457200050354004
-10.49815845489502
-10.524133682250977
-10.475218772888184
-10.455338478088379
-10.518684387207031
-10.440439224243164
-10.453667640686035
-10.588784217834473
-10.528501510620117
-10.525392532348633
-10.470632553100586
-10.52264404296875
-10.565210342407227
-10.512521743774414
-10.529733657836914
-10.556642532348633
-10.533949851989746
-10.50908088684082
-10.493782997131348
-10.555628776550293
-10.520302772521973
-10.494359016418457
-10.502996444702148
-10.544528007507324
-10.525193214416504
-10.528114318847656
-10.5593900680542
-10.544384002685547
-10.547345161437988
-10.539877891540527
-10.563358306884766
-10.534361839294434
-10.545373916625977
-10.50529670715332
-10.528846740722656
-10.527486801147461
-10.546822547912598
-10.478849411010742
-10.585758209228516
-10.58053970336914
-10.538102149963379
-10.580042839050293
-10.51141357421875
-10.595629692077637
-10.522038459777832
-10.571484565734863
-10.55130386352539
-10.542285919189453
-10.563663482666016
-10.60851764678955
-10.578075408935547
-10.558281898498535
-10.559454917907715
-10.559489250183105
-10.574501037597656
-10.606087684631348
-10.607033729553223
-10.557577133178711
-10.570610046386719
-10.582639694213867
-10.589162826538086
-10.639693260192871
-10.56694507598877
-10.597959518432617
-10.544193267822266
-10.582571029663086
-10.59050178527832
-10.587133407592773
-10.622071266174316
-10.613370895385742
-10.569368362426758
-10.619627952575684
-10.616486549377441
-10.643082618713379
-10.62402057647705
-10.579014778137207
-10.651052474975586
-10.618497848510742
-10.568108558654785
-10.670747756958008
-10.635826110839844
-10.626993179321289
-10.66342544555664
-10.599726676940918
-10.637965202331543
-10.662534713745117
-10.606815338134766
-10.638871192932129
-10.635150909423828
-10.617664337158203
-10.642985343933105
-10.613567352294922
-10.595141410827637
-10.64591121673584
-10.625277519226074
-10.626742362976074
-10.6304349899292
-10.652938842773438
-10.663745880126953
-10.690378189086914
-10.636491775512695
-10.622201919555664
-10.591925621032715
-10.661279678344727
-10.631178855895996
-10.653078079223633
-10.673761367797852
-10.66182804107666
-10.6663818359375
-10.6687593460083
-10.692522048950195
-10.665236473083496
-10.66120719909668
-10.669732093811035
-10.679739952087402
-10.672564506530762
-10.688180923461914
-10.641141891479492
-10.676315307617188
-10.63815689086914
-10.640054702758789
-10.703246116638184
-10.698430061340332
-10.69577693939209
-10.731008529663086
-10.726923942565918
-10.685458183288574
-10.702149391174316
-10.718594551086426
-10.652417182922363
-10.679396629333496
-10.651833534240723
-10.679539680480957
-10.735574722290039
-10.704757690429688
-10.721685409545898
-10.686774253845215
-10.656904220581055
-10.707344055175781
-10.687768936157227
-10.650212287902832
-10.684293746948242
-10.66577434539795
-10.669428825378418
-10.650362968444824
-10.69814682006836
-10.65558910369873
-10.69943904876709
-10.684730529785156
-10.70766830444336
-10.691583633422852
-10.740405082702637
-10.668370246887207
-10.740388870239258
-10.711255073547363
-10.74903678894043
-10.691141128540039
-10.686729431152344
-10.72815990447998
-10.692317008972168
-10.745659828186035
-10.729085922241211
-10.739399909973145
-10.713894844055176
-10.736557960510254
-10.723705291748047
-10.744709968566895
-10.70434856414795
-10.753495216369629
-10.753365516662598
-10.766822814941406
-10.751526832580566
-10.75408935546875
-10.749948501586914
-10.758105278015137
-10.775403022766113
-10.775571823120117
-10.740107536315918
-10.752298355102539
-10.744190216064453
-10.76315689086914
-10.771470069885254
-10.777708053588867
-10.745207786560059
-10.779541015625
-10.781757354736328
-10.755415916442871
-10.774935722351074
-10.775689125061035
-10.804216384887695
-10.756877899169922
-10.802985191345215
-10.782769203186035
-10.776748657226562
-10.801299095153809
-10.825456619262695
-10.800163269042969
-10.763049125671387
-10.763598442077637
-10.801567077636719
-10.835569381713867
-10.796777725219727
-10.816478729248047
-10.784165382385254
-10.831384658813477
-10.790655136108398
-10.810223579406738
-10.794652938842773
-10.809060096740723
-10.851814270019531
-10.840836524963379
-10.847599029541016
-10.829702377319336
-10.840537071228027
-10.837972640991211
-10.845697402954102
-10.819327354431152
-10.827007293701172
-10.8275785446167
-10.853938102722168
-10.85970401763916
-10.856486320495605
-10.862805366516113
-10.860167503356934
-10.864779472351074
-10.853761672973633
-10.852814674377441
-10.821564674377441
-10.840435028076172
-10.86267375946045
-10.86934757232666
-10.8734769821167
-10.84689712524414
-10.861164093017578
-10.89877700805664
-10.887578964233398
-10.881240844726562
-10.888101577758789
-10.861104965209961
-10.867259979248047
-10.853744506835938
-10.870372772216797
-10.86670207977295
-10.851983070373535
-10.881396293640137
-10.885841369628906
-10.915539741516113
-10.854310035705566
-10.902344703674316
-10.858153343200684
-10.869598388671875
-10.858168601989746
-10.903533935546875
-10.846070289611816
-10.911130905151367
-10.915715217590332
-10.911928176879883
-10.886905670166016
-10.90544605255127
-10.901451110839844
-10.908936500549316
-10.88758659362793
-10.906961441040039
-10.932918548583984
-10.865621566772461
-10.925000190734863
-10.924968719482422
-10.91620922088623
-10.924448013305664
-10.920600891113281
-10.935173034667969
-10.95226001739502
-10.951889991760254
-10.935444831848145
-10.926911354064941
-10.9100923538208
-10.923948287963867
-10.934418678283691
-10.943717956542969
-10.935064315795898
-10.88887882232666
-10.929781913757324
-10.927836418151855
-10.9347505569458
-10.92191219329834
-10.942273139953613
-10.943921089172363
-10.936464309692383
-10.935168266296387
-10.963096618652344
-10.937695503234863
-10.962010383605957
-10.95128059387207
-10.937500953674316
-10.910669326782227
-10.913434028625488
-10.960235595703125
-10.969134330749512
-10.958258628845215
-10.953994750976562
-10.955952644348145
-10.956756591796875
-10.982319831848145
-10.986943244934082
-10.969743728637695
-10.949172973632812
-10.96916675567627
-10.965415954589844
-10.989741325378418
-11.012933731079102
-10.961947441101074
-10.979021072387695
-10.978874206542969
-10.98609733581543
-10.970709800720215
-10.954181671142578
-11.011487007141113
-10.984922409057617
-10.954984664916992
-10.965421676635742
-11.0053129196167
-10.995158195495605
-11.002812385559082
-11.009318351745605
-11.004201889038086
-10.994728088378906
-11.004915237426758
-10.987664222717285
-11.012687683105469
-11.001985549926758
-11.003172874450684
-10.994278907775879
-11.003215789794922
-11.026784896850586
-11.003471374511719
-10.995871543884277
-11.021904945373535
-11.013442039489746
-11.038142204284668
-11.015758514404297
-10.986554145812988
-10.955829620361328
-10.992327690124512
-11.02591323852539
-10.988876342773438
-11.031352043151855
-10.979202270507812
-11.043606758117676
-11.021961212158203
-11.021317481994629
-11.043977737426758
-11.065942764282227
-11.033158302307129
-11.031429290771484
-11.063277244567871
-11.075630187988281
-11.024280548095703
-11.03607177734375
-11.057640075683594
-11.067134857177734
-11.083098411560059
-11.080818176269531
-11.055935859680176
-11.071249008178711
-11.04629135131836
-11.087362289428711
-11.097735404968262
-11.086260795593262
-11.095536231994629
-11.078185081481934
-11.051711082458496
-11.040542602539062
-11.028044700622559
-11.082988739013672
-11.027865409851074
-11.107207298278809
-11.047061920166016
-11.053912162780762
-11.098319053649902
-11.022440910339355
-11.133362770080566
-11.078381538391113
-11.09662914276123
-11.07834529876709
-11.073282241821289
-11.134142875671387
-11.097372055053711
-11.112141609191895
-11.151187896728516
-11.12773323059082
-11.098428726196289
-11.099178314208984
-11.133586883544922
-11.119217872619629
-11.10204792022705
-11.090293884277344
-11.079752922058105
-11.094488143920898
-11.102004051208496
-11.107038497924805
-11.132037162780762
-11.132437705993652
-11.109360694885254
-11.128368377685547
-11.10486888885498
-11.133111953735352
-11.071589469909668
-11.14278507232666
-11.163556098937988
-11.124146461486816
-11.191771507263184
-11.118703842163086
-11.106557846069336
-11.122540473937988
-11.091667175292969
-11.123172760009766
-11.112173080444336
-11.150284767150879
-11.164291381835938
-11.150604248046875
-11.131050109863281
-11.133499145507812
-11.13248348236084
-11.131810188293457
-11.141510963439941
-11.151651382446289
-11.14501667022705
-11.09725570678711
-11.107574462890625
-11.155582427978516
-11.169736862182617
-11.144978523254395
-11.160262107849121
-11.123944282531738
-11.173093795776367
-11.118452072143555
-11.145975112915039
-11.182394027709961
-11.134634971618652
-11.12552261352539
-11.174456596374512
-11.139431953430176
-11.172449111938477
-11.159756660461426
-11.180235862731934
-11.155449867248535
-11.119980812072754
-11.162430763244629
-11.179781913757324
-11.137434005737305
-11.162775993347168
-11.145719528198242
-11.154803276062012
-11.170587539672852
-11.165229797363281
-11.179076194763184
-11.158432960510254
-11.162973403930664
-11.157997131347656
-11.15343189239502
-11.160407066345215
-11.16994571685791
-11.179306030273438
-11.171027183532715
-11.173369407653809
-11.184613227844238
-11.192357063293457
-11.167241096496582
-11.166831016540527
-11.189913749694824
-11.190458297729492
-11.175930976867676
-11.14307975769043
-11.171771049499512
-11.15619945526123
-11.17142391204834
-11.158249855041504
-11.166129112243652
-11.191699981689453
-11.180000305175781
-11.174860000610352
-11.19422721862793
-11.167381286621094
-11.193854331970215
-11.138190269470215
-11.167116165161133
-11.187849998474121
-11.17320728302002
-11.180195808410645
-11.170601844787598
-11.198344230651855
-11.184687614440918
-11.196310997009277
-11.165543556213379
-11.195207595825195
-11.21828556060791
-11.210511207580566
-11.191023826599121
-11.178330421447754
-11.190500259399414
-11.207269668579102
-11.178657531738281
-11.20272159576416
-11.184671401977539
-11.211498260498047
-11.222779273986816
-11.219395637512207
-11.188615798950195
-11.201166152954102
-11.208473205566406
-11.196304321289062
-11.18539810180664
-11.195759773254395
-11.189752578735352
-11.187374114990234
-11.186153411865234
-11.184798240661621
-11.218740463256836
-11.20100212097168
-11.185462951660156
-11.177515983581543
-11.182900428771973
-11.21999740600586
-11.210310935974121
-11.198800086975098
-11.214518547058105
-11.205338478088379
-11.219810485839844
-11.214980125427246
-11.197785377502441
-11.203486442565918
-11.217915534973145
-11.187614440917969
-11.179030418395996
-11.18729019165039
-11.205687522888184
-11.2014741897583
-11.217820167541504
-11.222513198852539
-11.207136154174805
-11.223210334777832
-11.208054542541504
-11.210831642150879
-11.221125602722168
-11.218106269836426
-11.203381538391113
-11.193066596984863
-11.197246551513672
-11.197860717773438
-11.218610763549805
-11.198821067810059
-11.214624404907227
-11.174226760864258
-11.2097749710083
-11.20344352722168
-11.235309600830078
-11.197114944458008
-11.204812049865723
-11.201789855957031
-11.215381622314453
-11.225630760192871
-11.20364761352539
-11.197139739990234
-11.240985870361328
-11.239686012268066
-11.21248722076416
-11.199240684509277
-11.233525276184082
-11.226777076721191
-11.225464820861816
-11.218995094299316
-11.24208927154541
-11.209065437316895
-11.230063438415527
-11.218550682067871
-11.23825454711914
-11.220800399780273
-11.222390174865723
-11.223054885864258
-11.235997200012207
-11.205987930297852
-11.220440864562988
-11.215265274047852
-11.242040634155273
-11.235589027404785
-11.23094367980957
-11.2310152053833
-11.22643756866455
-11.205273628234863
-11.233030319213867
-11.22597885131836
-11.227020263671875
-11.23386001586914
-11.225471496582031
-11.238462448120117
-11.236800193786621
-11.24490737915039
-11.224821090698242
-11.25061321258545
-11.233928680419922
-11.222685813903809
-11.250534057617188
-11.231118202209473
-11.213972091674805
-11.242110252380371
-11.220361709594727
-11.237422943115234
-11.236434936523438
-11.200782775878906
-11.241846084594727
-11.220480918884277
-11.232499122619629
-11.21694278717041
-11.236751556396484
-11.232290267944336
-11.233769416809082
-11.231893539428711
-11.215904235839844
-11.22524356842041
-11.242673873901367
-11.246255874633789
-11.23870849609375
-11.224313735961914
-11.238500595092773
-11.245070457458496
-11.250161170959473
-11.23898696899414
-11.23904800415039
-11.254179954528809
-11.23702335357666
-11.232358932495117
-11.228623390197754
-11.244531631469727
-11.238594055175781
-11.241975784301758
-11.252303123474121
-11.216796875
-11.222691535949707
-11.244688987731934
-11.233696937561035
-11.247140884399414
-11.225508689880371
-11.254592895507812
-11.236881256103516
-11.26175594329834
-11.224342346191406
-11.244970321655273
-11.238280296325684
-11.234332084655762
-11.22641658782959
-11.23493766784668
-11.235126495361328
-11.24846076965332
-11.24066162109375
-11.23458194732666
-11.23194408416748
-11.24413776397705
-11.226465225219727
-11.252933502197266
-11.25269889831543
-11.249879837036133
-11.249053955078125
-11.256743431091309
-11.243149757385254
-11.246149063110352
-11.251884460449219
-11.234646797180176
-11.253708839416504
-11.255528450012207
-11.245856285095215
-11.241514205932617
-11.254631996154785
-11.266622543334961
-11.25929069519043
-11.233765602111816
-11.227947235107422
-11.266783714294434
-11.239057540893555
-11.250187873840332
-11.256595611572266
-11.247566223144531
-11.267864227294922
-11.265734672546387
-11.256631851196289
-11.238214492797852
-11.25474739074707
-11.240232467651367
-11.271600723266602
-11.238580703735352
-11.24002456665039
-11.249873161315918
-11.251402854919434
-11.26112174987793
-11.244453430175781
-11.25977611541748
-11.222602844238281
-11.25646686553955
-11.240097045898438
-11.246444702148438
-11.245875358581543
-11.238122940063477
-11.266432762145996
-11.23686408996582
-11.267348289489746
-11.248696327209473
-11.26425552368164
-11.250757217407227
-11.25079345703125
-11.239145278930664
-11.250341415405273
-11.261907577514648
-11.23559856414795
-11.246333122253418
-11.253500938415527
-11.24828815460205
-11.243340492248535
-11.260944366455078
-11.24947452545166
-11.267833709716797
-11.254389762878418
-11.246432304382324
-11.258909225463867
-11.254201889038086
-11.246519088745117
-11.27475357055664
-11.269094467163086
-11.251416206359863
-11.261213302612305
-11.25468921661377
-11.271628379821777
-11.253117561340332
-11.269281387329102
-11.246026039123535
-11.252674102783203
-11.245235443115234
-11.269493103027344
-11.251352310180664
-11.223518371582031
-11.246953964233398
-11.255867004394531
-11.248756408691406
-11.272562026977539
-11.255416870117188
-11.252358436584473
-11.255694389343262
-11.270618438720703
-11.259112358093262
-11.281510353088379
-11.278532028198242
-11.26801872253418
-11.273308753967285
-11.268052101135254
-11.272236824035645
-11.273542404174805
-11.269390106201172
-11.26878547668457
-11.250186920166016
-11.281111717224121
-11.252796173095703
-11.276642799377441
-11.245294570922852
-11.271796226501465
-11.273822784423828
-11.279963493347168
-11.274728775024414
-11.273761749267578
-11.272012710571289
-11.276331901550293
-11.279102325439453
-11.26992416381836
-11.269207000732422
-11.274486541748047
-11.26663875579834
-11.285676002502441
-11.272772789001465
-11.2844820022583
-11.27087116241455
-11.26918888092041
-11.260491371154785
-11.268229484558105
-11.270450592041016
-11.26095962524414
-11.277979850769043
-11.27159595489502
-11.278401374816895
-11.271828651428223
-11.26982307434082
-11.269144058227539
-11.26991081237793
-11.28424072265625
-11.260441780090332
-11.284188270568848
-11.252323150634766
-11.280430793762207
-11.232512474060059
-11.262834548950195
-11.253355026245117
-11.253083229064941
-11.277581214904785
-11.267461776733398
-11.267072677612305
-11.258772850036621
-11.277567863464355
-11.246939659118652
-11.27795696258545
-11.257684707641602
-11.265503883361816
-11.254258155822754
-11.28577709197998
-11.244484901428223
-11.26770305633545
-11.275524139404297
-11.272496223449707
-11.27704906463623
-11.255191802978516
-11.290125846862793
-11.274102210998535
-11.285181045532227
-11.278935432434082
-11.268143653869629
-11.261070251464844
-11.261119842529297
-11.293872833251953
-11.27517318725586
-11.298734664916992
-11.275876998901367
-11.27017593383789
-11.267804145812988
-11.268953323364258
-11.290932655334473
-11.269548416137695
-11.29042911529541
-11.279223442077637
-11.29703140258789
-11.277920722961426
-11.295164108276367
-11.29249382019043
-11.273638725280762
-11.277159690856934
-11.286441802978516
-11.27099895477295
-11.284889221191406
-11.270241737365723
-11.286615371704102
-11.29183578491211
-11.280400276184082
-11.290093421936035
-11.303268432617188
-11.285852432250977
-11.28759765625
-11.2835054397583
-11.279841423034668
-11.281766891479492
-11.290505409240723
-11.28255844116211
-11.273889541625977
-11.292750358581543
-11.290427207946777
-11.278752326965332
-11.305459022521973
-11.275945663452148
-11.27908706665039
-11.288206100463867
-11.276327133178711
-11.27352237701416
-11.293251037597656
-11.268041610717773
-11.301137924194336
-11.268420219421387
-11.29399299621582
-11.274011611938477
-11.301568984985352
-11.283098220825195
-11.276909828186035
-11.27497673034668
-11.288993835449219
-11.282014846801758
-11.277012825012207
-11.285443305969238
-11.27869987487793
-11.284220695495605
-11.288542747497559
-11.286967277526855
-11.284708976745605
-11.296104431152344
-11.299894332885742
-11.296272277832031
-11.291605949401855
-11.29690170288086
-11.277295112609863
-11.296744346618652
-11.282410621643066
-11.278714179992676
-11.261393547058105
-11.286822319030762
-11.296164512634277
-11.269259452819824
-11.295513153076172
-11.26392936706543
-11.279779434204102
-11.265582084655762
-11.269330978393555
-11.291914939880371
-11.282499313354492
-11.293066024780273
-11.293028831481934
-11.295119285583496
-11.290647506713867
-11.299960136413574
-11.269071578979492
-11.300355911254883
-11.278365135192871
-11.289983749389648
-11.27370548248291
-11.274550437927246
-11.27994155883789
-11.259614944458008
-11.293338775634766
-11.276297569274902
-11.285308837890625
-11.288084030151367
-11.289883613586426
-11.302380561828613
-11.292441368103027
-11.301948547363281
-11.308645248413086
-11.296296119689941
-11.300602912902832
-11.29976749420166
-11.309907913208008
-11.305310249328613
-11.305794715881348
-11.295282363891602
-11.296769142150879
-11.282217025756836
-11.296137809753418
-11.293416023254395
-11.287607192993164
-11.300296783447266
-11.289992332458496
-11.292093276977539
-11.306188583374023
-11.300046920776367
-11.284320831298828
-11.297154426574707
-11.279359817504883
-11.28419303894043
-11.296425819396973
-11.279275894165039
-11.296918869018555
-11.298955917358398
-11.295158386230469
-11.273697853088379
-11.291891098022461
-11.294029235839844
-11.289505958557129
-11.305792808532715
-11.29464054107666
-11.297463417053223
-11.290196418762207
-11.289836883544922
-11.28269100189209
-11.304795265197754
-11.279118537902832
-11.27220630645752
-11.30468463897705
-11.300040245056152
-11.300118446350098
-11.304004669189453
-11.297836303710938
-11.301716804504395
-11.29205322265625
-11.29590129852295
-11.301605224609375
-11.298490524291992
-11.298882484436035
-11.297996520996094
-11.308746337890625
-11.3096923828125
-11.307305335998535
-11.30547046661377
-11.31092357635498
-11.301130294799805
-11.300375938415527
-11.30009937286377
-11.310322761535645
-11.29541015625
-11.305665016174316
-11.298484802246094
-11.301807403564453
-11.290694236755371
-11.294227600097656
-11.291014671325684
-11.2706880569458
-11.302641868591309
-11.277641296386719
-11.308989524841309
-11.295551300048828
-11.305962562561035
-11.276430130004883
-11.304252624511719
-11.275197982788086
-11.303953170776367
-11.288108825683594
-11.31025218963623
-11.296086311340332
-11.30199909210205
-11.294682502746582
-11.290122032165527
-11.302228927612305
-11.302557945251465
-11.306158065795898
-11.305235862731934
-11.30835247039795
-11.306694984436035
-11.297378540039062
-11.310040473937988
-11.301294326782227
-11.30307388305664
-11.309370994567871
-11.306571960449219
-11.306077003479004
-11.302584648132324
-11.294974327087402
-11.30893325805664
-11.308218002319336
-11.310492515563965
-11.294034004211426
-11.29751205444336
-11.298444747924805
-11.30863094329834
-11.300500869750977
-11.290921211242676
-11.277938842773438
-11.283483505249023
-11.28609848022461
-11.290103912353516
-11.291369438171387
-11.29484748840332
-11.309992790222168
-11.314003944396973
-11.300492286682129
-11.30078125
-11.309813499450684
-11.303824424743652
-11.313082695007324
-11.31004810333252
-11.306861877441406
-11.302199363708496
-11.2982177734375
-11.302852630615234
-11.30712604522705
-11.310137748718262
-11.303655624389648
-11.304421424865723
-11.306572914123535
-11.314754486083984
-11.317315101623535
-11.311607360839844
-11.318135261535645
-11.309982299804688
-11.302240371704102
-11.319258689880371
-11.313782691955566
-11.304913520812988
-11.310261726379395
-11.303524017333984
-11.300481796264648
-11.299644470214844
-11.312223434448242
-11.290461540222168
-11.315533638000488
-11.290239334106445
-11.311065673828125
-11.301998138427734
-11.294580459594727
-11.300804138183594
-11.27402114868164
-11.307799339294434
-11.30236530303955
-11.317686080932617
-11.300729751586914
-11.297605514526367
-11.315937995910645
-11.306982040405273
-11.311324119567871
-11.312618255615234
-11.30170726776123
-11.313608169555664
-11.314029693603516
-11.31275463104248
-11.311240196228027
-11.31135368347168
-11.313032150268555
-11.308341979980469
-11.30766487121582
-11.299161911010742
-11.313532829284668
-11.321768760681152
-11.314047813415527
-11.310494422912598
-11.31236743927002
-11.311729431152344
-11.317389488220215
-11.308362007141113
-11.302979469299316
-11.315958023071289
-11.31158447265625
-11.314241409301758
-11.309412956237793
-11.321938514709473
-11.3077974319458
-11.319365501403809
-11.323315620422363
-11.309759140014648
-11.309893608093262
-11.310993194580078
-11.319864273071289
-11.31942367553711
-11.305066108703613
-11.326384544372559
-11.316795349121094
-11.322297096252441
-11.316253662109375
-11.315808296203613
-11.307428359985352
-11.315040588378906
-11.311962127685547
-11.31519889831543
-11.318280220031738
-11.30923080444336
-11.315620422363281
-11.319933891296387
-11.312761306762695
-11.31332778930664
-11.311901092529297
-11.315895080566406
-11.31802749633789
-11.317129135131836
-11.313263893127441
-11.313183784484863
-11.313272476196289
-11.312092781066895
-11.31786823272705
-11.317060470581055
-11.313078880310059
-11.313328742980957
-11.309762954711914
-11.307459831237793
-11.32611083984375
-11.308216094970703
-11.315046310424805
-11.31229019165039
-11.309601783752441
-11.318163871765137
-11.315393447875977
-11.322945594787598
-11.319952011108398
-11.320219993591309
-11.314399719238281
-11.31885814666748
-11.304703712463379
-11.320209503173828
-11.31694507598877
-11.325146675109863
-11.315155982971191
-11.321992874145508
-11.31165885925293
-11.319141387939453
-11.313069343566895
-11.320954322814941
-11.319211959838867
-11.322490692138672
-11.326043128967285
-11.324397087097168
-11.313419342041016
-11.305717468261719
-11.321611404418945
-11.311661720275879
-11.332672119140625
-11.29898452758789
-11.317108154296875
-11.309977531433105
-11.306146621704102
-11.307848930358887
-11.313873291015625
-11.313996315002441
-11.324503898620605
-11.310515403747559
-11.316227912902832
-11.32206916809082
-11.314377784729004
-11.32149600982666
-11.307129859924316
-11.323295593261719
-11.316841125488281
-11.318500518798828
-11.318778991699219
-11.31643009185791
-11.321919441223145
-11.321146011352539
-11.313204765319824
-11.317829132080078
-11.319302558898926
-11.324786186218262
-11.31788444519043
-11.326155662536621
-11.3201904296875
-11.320266723632812
-11.312814712524414
-11.325003623962402
-11.318634986877441
-11.321784019470215
-11.317797660827637
-11.332159042358398
-11.330558776855469
-11.326838493347168
-11.321005821228027
-11.322098731994629
-11.321917533874512
-11.329729080200195
-11.325119018554688
-11.3165922164917
-11.319334983825684
-11.314018249511719
-11.321735382080078
-11.316926002502441
-11.313295364379883
-11.320345878601074
-11.307709693908691
-11.319199562072754
-11.304611206054688
-11.307406425476074
-11.310641288757324
-11.310467720031738
-11.32402229309082
-11.310484886169434
-11.322952270507812
-11.297082901000977
-11.32100772857666
-11.303937911987305
-11.30675220489502
-11.319360733032227
-11.30746841430664
-11.326498031616211
-11.30606460571289
-11.318095207214355
-11.307469367980957
-11.322233200073242
-11.314550399780273
-11.32546615600586
-11.322710990905762
-11.33033275604248
-11.312911033630371
-11.312467575073242
-11.32662582397461
-11.312030792236328
-11.329557418823242
-11.30264949798584
-11.328516006469727
-11.308589935302734
-11.323002815246582
-11.311049461364746
-11.326407432556152
-11.303518295288086
-11.32166862487793
-11.305996894836426
-11.318036079406738
-11.293797492980957
-11.315305709838867
-11.302199363708496
-11.301319122314453
-11.31931209564209
-11.308568954467773
-11.311965942382812
-11.325560569763184
-11.305474281311035
-11.320401191711426
-11.310036659240723
-11.315193176269531
-11.3262300491333
-11.32502269744873
-11.319145202636719
-11.320379257202148
-11.332016944885254
-11.31832218170166
-11.323225975036621
-11.322486877441406
-11.326457977294922
-11.327092170715332
-11.32337760925293
-11.327848434448242
-11.324089050292969
-11.332042694091797
-11.321245193481445
-11.32541561126709
-11.322708129882812
-11.331635475158691
-11.32345199584961
-11.32158088684082
-11.32217788696289
-11.3224458694458
-11.325353622436523
-11.329748153686523
-11.315444946289062
-11.333944320678711
-11.331477165222168
-11.331887245178223
-11.33028793334961
-11.336444854736328
-11.327534675598145
-11.320366859436035
-11.317103385925293
-11.338903427124023
-11.327999114990234
-11.3291015625
-11.329776763916016
-11.311954498291016
-11.321211814880371
-11.326027870178223
-11.32097339630127
-11.317359924316406
-11.323396682739258
-11.310314178466797
-11.32292366027832
-11.32658576965332
-11.33176326751709
-11.320510864257812
-11.319695472717285
-11.309779167175293
-11.308187484741211
-11.332987785339355
-11.324518203735352
-11.329850196838379
-11.335144996643066
-11.322860717773438
-11.311293601989746
-11.33020305633545
-11.315498352050781
-11.325491905212402
-11.309638023376465
-11.325739860534668
-11.318689346313477
-11.334918022155762
-11.306294441223145
-11.331416130065918
-11.315665245056152
-11.333873748779297
-11.325753211975098
-11.323019981384277
-11.320330619812012
-11.334854125976562
-11.327680587768555
-11.33390998840332
-11.333669662475586
-11.329477310180664
-11.328337669372559
-11.326005935668945
-11.330178260803223
-11.316729545593262
-11.31853199005127
-11.32883071899414
-11.298157691955566
-11.337176322937012
-11.303232192993164
-11.339308738708496
-11.300087928771973
-11.321194648742676
-11.297199249267578
-11.327412605285645
-11.293888092041016
-11.300248146057129
-11.314663887023926
-11.332379341125488
-11.317584037780762
-11.311237335205078
-11.322376251220703
-11.325822830200195
-11.308858871459961
-11.324342727661133
-11.328155517578125
-11.335001945495605
-11.315486907958984
-11.320490837097168
-11.320050239562988
-11.319279670715332
-11.338508605957031
-11.323811531066895
-11.330759048461914
-11.317377090454102
-11.327509880065918
-11.323205947875977
-11.326262474060059
-11.326469421386719
-11.334827423095703
-11.333270072937012
-11.328584671020508
-11.331981658935547
-11.32070541381836
-11.325502395629883
-11.327489852905273
-11.329241752624512
-11.342400550842285
-11.335996627807617
-11.332427978515625
-11.325272560119629
-11.337004661560059
-11.332499504089355
-11.325826644897461
-11.335222244262695
-11.32368278503418
-11.334476470947266
-11.33585262298584
-11.331368446350098
-11.328524589538574
-11.336438179016113
-11.330683708190918
-11.332036972045898
-11.333239555358887
-11.33109188079834
-11.319681167602539
-11.316289901733398
-11.331767082214355
-11.295003890991211
-11.32474422454834
-11.292243957519531
-11.332648277282715
-11.31312370300293
-11.32127571105957
-11.317583084106445
-11.31529712677002
-11.328546524047852
-11.324651718139648
-11.331293106079102
-11.326372146606445
-11.33545207977295
-11.332036972045898
-11.325577735900879
-11.344694137573242
-11.331154823303223
-11.330292701721191
-11.333558082580566
-11.32907772064209
-11.331453323364258
-11.320125579833984
-11.321318626403809
-11.336014747619629
-11.300600051879883
-11.329388618469238
-11.279017448425293
-11.315135955810547
-11.31989574432373
-11.314050674438477
-11.338798522949219
-11.326554298400879
-11.304489135742188
-11.33488655090332
-11.307562828063965
-11.333515167236328
-11.322737693786621
-11.330713272094727
-11.308887481689453
-11.334877967834473
-11.311903953552246
-11.338591575622559
-11.297673225402832
-11.3326997756958
-11.330869674682617
-11.340128898620605
-11.320191383361816
-11.335129737854004
-11.322529792785645
-11.322027206420898
-11.327210426330566
-11.322803497314453
-11.330254554748535
-11.331839561462402
-11.334653854370117
-11.331964492797852
-11.321247100830078
-11.340065956115723
-11.332480430603027
-11.336788177490234
-11.339007377624512
-11.33430290222168
-11.331668853759766
-11.327576637268066
-11.329619407653809
-11.337888717651367
-11.32813549041748
-11.332280158996582
-11.322153091430664
-11.33924388885498
-11.323482513427734
-11.340213775634766
-11.332839012145996
-11.338295936584473
-11.326107025146484
-11.346383094787598
-11.339285850524902
-11.332783699035645
-11.334630966186523
-11.331833839416504
-11.342415809631348
-11.3135986328125
-11.32025146484375
-11.335611343383789
-11.323719024658203
-11.329793930053711
-11.325902938842773
-11.338462829589844
-11.321093559265137
-11.337267875671387
-11.342169761657715
-11.336319923400879
-11.327343940734863
-11.34638500213623
-11.330863952636719
-11.340353965759277
-11.330818176269531
-11.33857536315918
-11.339828491210938
-11.339925765991211
-11.323644638061523
-11.338704109191895
-11.33499526977539
-11.331995010375977
-11.33063793182373
-11.333438873291016
-11.331710815429688
-11.332114219665527
-11.346830368041992
-11.337153434753418
-11.335899353027344
-11.334708213806152
-11.33852481842041
-11.341826438903809
-11.34009838104248
-11.34035587310791
-11.338434219360352
-11.335943222045898
-11.332139015197754
-11.314736366271973
-11.335982322692871
-11.343491554260254
-11.350385665893555
-11.335655212402344
-11.33650016784668
-11.346381187438965
-11.338147163391113
-11.34230899810791
-11.3346529006958
-11.326356887817383
-11.336686134338379
-11.33836841583252
-11.33302116394043
-11.340217590332031
-11.341026306152344
-11.34231948852539
-11.333714485168457
-11.337794303894043
-11.331809997558594
-11.338824272155762
-11.326872825622559
-11.342037200927734
-11.334482192993164
-11.341997146606445
-11.33851432800293
-11.333585739135742
-11.337163925170898
-11.338150024414062
-11.3408784866333
-11.342643737792969
-11.341447830200195
-11.333927154541016
-11.345287322998047
-11.336442947387695
-11.336055755615234
-11.344043731689453
-11.335437774658203
-11.336894989013672
-11.337167739868164
-11.33353042602539
-11.342101097106934
-11.338998794555664
-11.346550941467285
-11.336244583129883
-11.339698791503906
-11.337226867675781
-11.337137222290039
-11.336642265319824
-11.33266830444336
-11.340435028076172
-11.33958625793457
-11.342988014221191
-11.343351364135742
-11.336899757385254
-11.343341827392578
-11.347132682800293
-11.349594116210938
-11.344523429870605
-11.33999252319336
-11.338010787963867
-11.33273696899414
-11.34079647064209
-11.331012725830078
-11.336174964904785
-11.33337688446045
-11.345027923583984
-11.331027030944824
-11.338051795959473
-11.327491760253906
-11.346067428588867
-11.338972091674805
-11.344032287597656
-11.340691566467285
-11.339414596557617
-11.332091331481934
-11.339041709899902
-11.341193199157715
-11.346518516540527
-11.335323333740234
-11.339119911193848
-11.339774131774902
-11.331212043762207
-11.340130805969238
-11.350435256958008
-11.346096992492676
-11.342933654785156
-11.337485313415527
-11.33675479888916
-11.34124755859375
-11.345351219177246
-11.33668041229248
-11.343783378601074
-11.347018241882324
-11.34013557434082
-11.344074249267578
-11.339876174926758
-11.340217590332031
-11.342851638793945
-11.351317405700684
-11.336668968200684
-11.342333793640137
-11.336817741394043
-11.335000991821289
-11.34341812133789
-11.333126068115234
-11.341649055480957
-11.329845428466797
-11.343417167663574
-11.339762687683105
-11.335433006286621
-11.340559005737305
-11.341964721679688
-11.341615676879883
-11.33681583404541
-11.33414363861084
-11.350146293640137
-11.336956024169922
-11.340126991271973
-11.335893630981445
-11.346986770629883
-11.339997291564941
-11.335400581359863
-11.337942123413086
-11.332983016967773
-11.343384742736816
-11.337763786315918
-11.345690727233887
-11.341459274291992
-11.35286808013916
-11.343156814575195
-11.347549438476562
-11.352357864379883
-11.340799331665039
-11.346406936645508
-11.326163291931152
-11.34801197052002
-11.340348243713379
-11.347119331359863
-11.342512130737305
-11.338812828063965
-11.34493637084961
-11.34079360961914
-11.338753700256348
-11.339285850524902
-11.338497161865234
-11.348006248474121
-11.35482120513916
-11.339838981628418
-11.344797134399414
-11.34001350402832
-11.33199691772461
-11.350173950195312
-11.330345153808594
-11.344467163085938
-11.34565258026123
-11.342406272888184
-11.339568138122559
-11.334884643554688
-11.343321800231934
-11.345280647277832
-11.342623710632324
-11.347121238708496
-11.34091567993164
-11.348898887634277
-11.345840454101562
-11.351841926574707
-11.344812393188477
-11.347951889038086
-11.347755432128906
-11.344497680664062
-11.346383094787598
-11.346850395202637
-11.348562240600586
-11.343988418579102
-11.348697662353516
-11.34763240814209
-11.345268249511719
-11.351685523986816
-11.344106674194336
-11.344508171081543
-11.3421630859375
-11.35077953338623
-11.339987754821777
-11.339274406433105
-11.346606254577637
-11.330673217773438
-11.341809272766113
-11.33409595489502
-11.331140518188477
-11.340808868408203
-11.331352233886719
-11.34997272491455
-11.322205543518066
-11.35158920288086
-11.320953369140625
-11.323294639587402
-11.337822914123535
-11.334620475769043
-11.345256805419922
-11.35394287109375
-11.34367561340332
-11.3433256149292
-11.346293449401855
-11.340291976928711
-11.340385437011719
-11.341357231140137
-11.33714485168457
-11.34737491607666
-11.351158142089844
-11.34100341796875
-11.350471496582031
-11.339879989624023
-11.333680152893066
-11.325994491577148
-11.345254898071289
-11.33653736114502
-11.343684196472168
-11.343696594238281
-11.339868545532227
-11.348738670349121
-11.34691333770752
-11.346065521240234
-11.348200798034668
-11.343196868896484
-11.333765983581543
-11.335064888000488
-11.341391563415527
-11.341704368591309
-11.347557067871094
-11.34425163269043
-11.346205711364746
-11.348552703857422
-11.34227180480957
-11.35372257232666
-11.349717140197754
-11.33961009979248
-11.347582817077637
-11.347156524658203
-11.337859153747559
-11.347539901733398
-11.34940242767334
-11.346541404724121
-11.350903511047363
-11.343219757080078
-11.350102424621582
-11.35304069519043
-11.349041938781738
-11.336769104003906
-11.340680122375488
-11.337162017822266
-11.33745002746582
-11.346824645996094
-11.332984924316406
-11.346969604492188
-11.339659690856934
-11.325417518615723
-11.342523574829102
-11.291329383850098
-11.326229095458984
-11.323624610900879
-11.315262794494629
-11.35509967803955
-11.33813190460205
-11.347119331359863
-11.329407691955566
-11.351628303527832
-11.348402976989746
-11.346030235290527
-11.321837425231934
-11.341955184936523
-11.333003044128418
-11.32432746887207
-11.3487548828125
-11.347822189331055
-11.347906112670898
-11.35073184967041
-11.340179443359375
-11.346962928771973
-11.33677864074707
-11.354301452636719
-11.337783813476562
-11.3489351272583
-11.350109100341797
-11.350749969482422
-11.347972869873047
-11.328963279724121
-11.342011451721191
-11.331849098205566
-11.33073616027832
-11.34923267364502
-11.342867851257324
-11.346882820129395
-11.34945011138916
-11.346419334411621
-11.345471382141113
-11.34063720703125
-11.350915908813477
-11.346282005310059
-11.348451614379883
-11.339431762695312
-11.337008476257324
-11.350833892822266
-11.348198890686035
-11.349297523498535
-11.33895492553711
-11.349041938781738
-11.345754623413086
-11.342010498046875
-11.347538948059082
-11.337204933166504
-11.341054916381836
-11.349103927612305
-11.344971656799316
-11.352151870727539
-11.341286659240723
-11.351845741271973
-11.333935737609863
-11.35215950012207
-11.344440460205078
-11.346351623535156
-11.340681076049805
-11.339481353759766
-11.327713966369629
-11.3335599899292
