loss_v
-5.192859172821045
-5.5724945068359375
-5.5108137130737305
-5.2800445556640625
-5.432297706604004
-5.5328369140625
-5.601069927215576
-5.882601261138916
-5.7822113037109375
-5.839502811431885
-5.811710357666016
-5.930848121643066
-5.98249626159668
-5.738783836364746
-6.2327165603637695
-6.018095970153809
-6.244056224822998
-5.907589435577393
-5.967194557189941
-6.458075523376465
-6.083626747131348
-6.207944869995117
-6.3945417404174805
-6.1351423263549805
-6.2942962646484375
-6.259795188903809
-6.305514335632324
-6.3540143966674805
-6.588893890380859
-6.571253776550293
-6.360263347625732
-6.375602722167969
-6.717859745025635
-6.653668403625488
-6.566500663757324
-6.691926002502441
-6.686471462249756
-6.775604248046875
-6.786601543426514
-6.594478130340576
-6.793997287750244
-6.76654052734375
-6.582070827484131
-6.854674339294434
-6.859142780303955
-6.965835094451904
-6.83413028717041
-6.931684970855713
-6.777095794677734
-7.035682678222656
-6.7515549659729
-6.96750545501709
-6.795852184295654
-6.807006359100342
-6.870993137359619
-6.967589855194092
-6.829614162445068
-6.799768924713135
-6.740455150604248
-7.053606986999512
-7.048211097717285
-7.012895584106445
-6.768179416656494
-6.955960750579834
-6.879280090332031
-7.092547416687012
-6.8307600021362305
-6.860414028167725
-6.919161319732666
-6.980288505554199
-7.06451940536499
-6.983357906341553
-7.033762454986572
-7.287093162536621
-7.129666328430176
-7.107945442199707
-7.039743423461914
-7.1986517906188965
-7.212242126464844
-7.1702046394348145
-7.074625492095947
-7.1066131591796875
-7.1500115394592285
-7.354671478271484
-7.188270568847656
-7.0633955001831055
-7.153001308441162
-7.222355842590332
-7.133292198181152
-7.134542465209961
-7.152106761932373
-7.1791300773620605
-7.286588191986084
-7.149323463439941
-7.175465106964111
-7.215437889099121
-7.182808876037598
-7.238725185394287
-7.208528995513916
-7.248231887817383
-7.286931037902832
-7.167771816253662
-7.329777717590332
-7.321613311767578
-7.378039360046387
-7.4732747077941895
-7.387374401092529
-7.443997859954834
-7.311172008514404
-7.32584285736084
-7.397510528564453
-7.421250343322754
-7.41834831237793
-7.559952259063721
-7.443655967712402
-7.477465629577637
-7.4865851402282715
-7.559067249298096
-7.546867847442627
-7.484113693237305
-7.525974750518799
-7.641942024230957
-7.497928142547607
-7.597692966461182
-7.539584636688232
-7.567567348480225
-7.577145099639893
-7.58603048324585
-7.667965888977051
-7.6042633056640625
-7.724755764007568
-7.620432376861572
-7.622053146362305
-7.608820915222168
-7.684105396270752
-7.707757949829102
-7.7519097328186035
-7.719010829925537
-7.728257656097412
-7.761099815368652
-7.771807670593262
-7.8103837966918945
-7.7493109703063965
-7.796451568603516
-7.778626918792725
-7.770760536193848
-7.786932468414307
-7.802610874176025
-7.7870774269104
-7.797949314117432
-7.839561939239502
-7.847909927368164
-7.839311122894287
-7.81519889831543
-7.850107669830322
-7.836584091186523
-7.8397626876831055
-7.825546741485596
-7.86015510559082
-7.8873186111450195
-7.858438014984131
-7.871061325073242
-7.90673828125
-7.892061710357666
-7.907573223114014
-7.92326021194458
-7.899188041687012
-7.912594795227051
-7.90800142288208
-7.9323577880859375
-7.905564785003662
-7.946767807006836
-7.9006667137146
-7.944919586181641
-7.978140830993652
-7.98799991607666
-8.007004737854004
-8.068205833435059
-8.069727897644043
-8.086339950561523
-8.099546432495117
-8.12948989868164
-8.143746376037598
-8.173591613769531
-8.207390785217285
-8.213282585144043
-8.23108959197998
-8.290125846862793
-8.295938491821289
-8.424786567687988
-8.37470817565918
-8.457024574279785
-8.536972045898438
-8.578934669494629
-8.657926559448242
-8.669954299926758
-8.733132362365723
-8.90234375
-8.973735809326172
-9.030433654785156
-9.049015045166016
-9.117220878601074
-9.21325397491455
-9.334916114807129
-9.28237247467041
-9.563833236694336
-9.104931831359863
-9.62856674194336
-9.61557674407959
-9.319127082824707
-9.716867446899414
-9.456765174865723
-9.712903022766113
-9.632719993591309
-9.624197006225586
-9.672597885131836
-9.56537914276123
-9.748254776000977
-9.646138191223145
-9.672656059265137
-9.435932159423828
-9.817248344421387
-9.547423362731934
-9.810332298278809
-9.708552360534668
-9.892250061035156
-9.738495826721191
-9.874350547790527
-9.782539367675781
-9.910743713378906
-9.880778312683105
-9.909428596496582
-9.879648208618164
-9.874433517456055
-9.92979907989502
-9.927570343017578
-9.911166191101074
-10.042536735534668
-10.061856269836426
-9.966374397277832
-9.85285758972168
-9.945695877075195
-10.004669189453125
-9.897422790527344
-9.996387481689453
-9.940926551818848
-10.10863208770752
-9.870281219482422
-10.108440399169922
-9.980772972106934
-10.047009468078613
-9.990020751953125
-9.995092391967773
-10.07557487487793
-10.081563949584961
-10.061396598815918
-10.169204711914062
-10.097940444946289
-10.025846481323242
-10.21157455444336
-10.033740043640137
-10.089324951171875
-10.184465408325195
-10.069604873657227
-10.206485748291016
-10.146044731140137
-10.194899559020996
-10.191049575805664
-10.211634635925293
-10.228816986083984
-10.209980964660645
-10.232247352600098
-10.210598945617676
-10.257124900817871
-10.241533279418945
-10.20997142791748
-10.307708740234375
-10.264774322509766
-10.316295623779297
-10.304821014404297
-10.272985458374023
-10.333921432495117
-10.230833053588867
-10.233539581298828
-10.306151390075684
-10.193367004394531
-10.360467910766602
-10.191973686218262
-10.320891380310059
-10.25976848602295
-10.348015785217285
-10.3228178024292
-10.263676643371582
-10.352144241333008
-10.37546157836914
-10.29637336730957
-10.428000450134277
-10.372791290283203
-10.357609748840332
-10.322543144226074
-10.374589920043945
-10.418181419372559
-10.415468215942383
-10.452208518981934
-10.345010757446289
-10.44960880279541
-10.431363105773926
-10.460415840148926
-10.486968040466309
-10.440430641174316
-10.415608406066895
-10.408074378967285
-10.451486587524414
-10.420900344848633
-10.4279203414917
-10.521628379821777
-10.490204811096191
-10.427119255065918
-10.401878356933594
-10.460381507873535
-10.489211082458496
-10.484997749328613
-10.467851638793945
-10.476871490478516
-10.471152305603027
-10.550125122070312
-10.506122589111328
-10.498229026794434
-10.478036880493164
-10.46196174621582
-10.518336296081543
-10.500031471252441
-10.499505043029785
-10.429747581481934
-10.510923385620117
-10.510405540466309
-10.529318809509277
-10.544188499450684
-10.523527145385742
-10.566335678100586
-10.498863220214844
-10.524836540222168
-10.526803970336914
-10.556112289428711
-10.56533432006836
-10.484183311462402
-10.587872505187988
-10.570594787597656
-10.555410385131836
-10.52529525756836
-10.52486801147461
-10.524849891662598
-10.595608711242676
-10.553546905517578
-10.553266525268555
-10.525053024291992
-10.569499969482422
-10.51784610748291
-10.396156311035156
-10.52838134765625
-10.584428787231445
-10.521721839904785
-10.571088790893555
-10.61291790008545
-10.617875099182129
-10.592494010925293
-10.561936378479004
-10.525036811828613
-10.637350082397461
-10.596964836120605
-10.563407897949219
-10.54387092590332
-10.617203712463379
-10.585477828979492
-10.573114395141602
-10.559590339660645
-10.62240982055664
-10.63685417175293
-10.61771011352539
-10.584015846252441
-10.63458251953125
-10.626424789428711
-10.600008010864258
-10.618005752563477
-10.633703231811523
-10.653974533081055
-10.607993125915527
-10.656633377075195
-10.651327133178711
-10.684345245361328
-10.661383628845215
-10.634726524353027
-10.651800155639648
-10.644587516784668
-10.657644271850586
-10.673602104187012
-10.680827140808105
-10.611260414123535
-10.650763511657715
-10.68074893951416
-10.652640342712402
-10.660472869873047
-10.669748306274414
-10.671867370605469
-10.693582534790039
-10.603909492492676
-10.636443138122559
-10.723447799682617
-10.669798851013184
-10.66948413848877
-10.632963180541992
-10.655109405517578
-10.672337532043457
-10.727130889892578
-10.722371101379395
-10.69306468963623
-10.685576438903809
-10.673391342163086
-10.66386604309082
-10.707515716552734
-10.6845703125
-10.713591575622559
-10.72263240814209
-10.719881057739258
-10.687685012817383
-10.697755813598633
-10.71481990814209
-10.699804306030273
-10.722367286682129
-10.68490219116211
-10.66114616394043
-10.691217422485352
-10.717917442321777
-10.666872024536133
-10.654534339904785
-10.6965913772583
-10.739725112915039
-10.704116821289062
-10.724390029907227
-10.739665985107422
-10.781196594238281
-10.73002815246582
-10.76104736328125
-10.712841987609863
-10.715721130371094
-10.768729209899902
-10.741381645202637
-10.732039451599121
-10.714205741882324
-10.75914192199707
-10.754152297973633
-10.721899032592773
-10.762022018432617
-10.787572860717773
-10.72127628326416
-10.744479179382324
-10.772016525268555
-10.774041175842285
-10.788846015930176
-10.745285034179688
-10.725617408752441
-10.776815414428711
-10.791197776794434
-10.77356243133545
-10.75179672241211
-10.793675422668457
-10.759221076965332
-10.74223804473877
-10.76109504699707
-10.715693473815918
-10.773695945739746
-10.768003463745117
-10.793556213378906
-10.738889694213867
-10.697298049926758
-10.74836540222168
-10.79836368560791
-10.786145210266113
-10.742210388183594
-10.77180004119873
-10.808871269226074
-10.819580078125
-10.783589363098145
-10.734783172607422
-10.790642738342285
-10.756730079650879
-10.760896682739258
-10.805866241455078
-10.782235145568848
-10.676721572875977
-10.80219841003418
-10.798346519470215
-10.782297134399414
-10.710624694824219
-10.740547180175781
-10.835503578186035
-10.83498477935791
-10.73779010772705
-10.714842796325684
-10.777606010437012
-10.749914169311523
-10.751677513122559
-10.772256851196289
-10.821516036987305
-10.789133071899414
-10.716984748840332
-10.828609466552734
-10.817880630493164
-10.827616691589355
-10.822968482971191
-10.787120819091797
-10.802597999572754
-10.776182174682617
-10.817375183105469
-10.869648933410645
-10.80947494506836
-10.783770561218262
-10.732827186584473
-10.765316009521484
-10.799227714538574
-10.824196815490723
-10.82271671295166
-10.864568710327148
-10.870766639709473
-10.847867965698242
-10.847433090209961
-10.861735343933105
-10.842252731323242
-10.847162246704102
-10.821889877319336
-10.865629196166992
-10.859310150146484
-10.861510276794434
-10.820630073547363
-10.817771911621094
-10.860965728759766
-10.857061386108398
-10.833759307861328
-10.872330665588379
-10.836549758911133
-10.803179740905762
-10.866321563720703
-10.829153060913086
-10.861950874328613
-10.835397720336914
-10.786966323852539
-10.83218765258789
-10.851430892944336
-10.865533828735352
-10.784605979919434
-10.825499534606934
-10.852824211120605
-10.864424705505371
-10.846780776977539
-10.815410614013672
-10.898053169250488
-10.807419776916504
-10.828364372253418
-10.839065551757812
-10.823617935180664
-10.868962287902832
-10.852831840515137
-10.839457511901855
-10.859207153320312
-10.899128913879395
-10.878180503845215
-10.854008674621582
-10.86471939086914
-10.875267028808594
-10.832884788513184
-10.882428169250488
-10.883792877197266
-10.896355628967285
-10.90485668182373
-10.903124809265137
-10.905048370361328
-10.875004768371582
-10.879319190979004
-10.872835159301758
-10.90306282043457
-10.871488571166992
-10.874007225036621
-10.901389122009277
-10.853494644165039
-10.87470531463623
-10.886858940124512
-10.906281471252441
-10.878686904907227
-10.91633415222168
-10.893036842346191
-10.872940063476562
-10.863007545471191
-10.904271125793457
-10.925773620605469
-10.882721900939941
-10.891526222229004
-10.904306411743164
-10.922115325927734
-10.837874412536621
-10.914287567138672
-10.885583877563477
-10.877878189086914
-10.843626976013184
-10.894493103027344
-10.8898344039917
-10.879533767700195
-10.92074203491211
-10.880373001098633
-10.90413761138916
-10.872994422912598
-10.896510124206543
-10.872350692749023
-10.901968955993652
-10.944080352783203
-10.888649940490723
-10.91603946685791
-10.89539909362793
-10.905035018920898
-10.88890266418457
-10.881264686584473
-10.903854370117188
-10.877856254577637
-10.906067848205566
-10.910538673400879
-10.922602653503418
-10.911556243896484
-10.8939790725708
-10.933736801147461
-10.914300918579102
-10.933114051818848
-10.950843811035156
-10.911539077758789
-10.915362358093262
-10.881035804748535
-10.92884635925293
-10.887368202209473
-10.883411407470703
-10.876940727233887
-10.943021774291992
-10.929616928100586
-10.860328674316406
-10.91638469696045
-10.910639762878418
-10.95688247680664
-10.884763717651367
-10.8854398727417
-10.883577346801758
-10.90576457977295
-10.878211975097656
-10.913905143737793
-10.880973815917969
-10.908382415771484
-10.926599502563477
-10.885009765625
-10.875775337219238
-10.867033958435059
-10.90671443939209
-10.943998336791992
-10.901861190795898
-10.854008674621582
-10.927929878234863
-10.921720504760742
-10.92056655883789
-10.906980514526367
-10.912426948547363
-10.919144630432129
-10.941195487976074
-10.962244987487793
-10.918302536010742
-10.926474571228027
-10.912240028381348
-10.91884708404541
-10.952957153320312
-10.937764167785645
-10.9413480758667
-10.937609672546387
-10.954203605651855
-10.982041358947754
-10.997105598449707
-10.91928482055664
-10.942326545715332
-10.933358192443848
-10.948631286621094
-10.949708938598633
-10.956648826599121
-10.935824394226074
-10.946406364440918
-10.940649032592773
-10.950252532958984
-10.955296516418457
-10.96104621887207
-10.934494972229004
-10.961577415466309
-10.971696853637695
-10.931036949157715
-10.973944664001465
-10.968043327331543
-10.978317260742188
-10.979186058044434
-11.004938125610352
-10.982345581054688
-10.998600006103516
-10.966377258300781
-10.978981018066406
-10.94996166229248
-10.985474586486816
-10.998198509216309
-10.965051651000977
-11.011003494262695
-10.986525535583496
-10.951643943786621
-11.00112247467041
-10.961227416992188
-10.994297981262207
-11.002788543701172
-10.95098876953125
-10.978309631347656
-10.960580825805664
-10.964174270629883
-10.985634803771973
-10.984701156616211
-11.002578735351562
-10.991599082946777
-10.997442245483398
-11.003764152526855
-10.97623348236084
-10.970453262329102
-11.01867389678955
-10.979531288146973
-10.959798812866211
-10.973371505737305
-10.967670440673828
-10.976999282836914
-10.975658416748047
-10.95022201538086
-10.977346420288086
-10.9908447265625
-10.961387634277344
-10.949874877929688
-10.994094848632812
-10.952380180358887
-10.969331741333008
-10.939116477966309
-10.974532127380371
-10.976659774780273
-10.985636711120605
-10.990936279296875
-10.96020221710205
-10.949374198913574
-10.929437637329102
-10.971840858459473
-10.987323760986328
-10.988517761230469
-10.963428497314453
-10.995938301086426
-11.0172758102417
-11.017216682434082
-10.988296508789062
-10.990605354309082
-11.012804985046387
-11.000800132751465
-10.988371849060059
-11.005563735961914
-11.00793743133545
-10.994874954223633
-10.97175407409668
-11.0040283203125
-11.025789260864258
-11.030110359191895
-10.997225761413574
-10.988072395324707
-10.973252296447754
-10.927759170532227
-10.950828552246094
-10.972757339477539
-11.051755905151367
-11.025216102600098
-11.049911499023438
-10.984017372131348
-10.991678237915039
-10.995942115783691
-10.968400955200195
-10.99946117401123
-10.998495101928711
-10.994241714477539
-11.001948356628418
-11.0068359375
-11.05328369140625
-11.034211158752441
-10.998225212097168
-10.996289253234863
-11.025144577026367
-11.013431549072266
-10.993974685668945
-11.020967483520508
-11.010445594787598
-11.014763832092285
-10.961359024047852
-10.995284080505371
-11.001443862915039
-11.039743423461914
-11.024260520935059
-10.994916915893555
-10.986279487609863
-11.031216621398926
-11.033763885498047
-11.028162002563477
-11.031954765319824
-11.020444869995117
-11.018620491027832
-11.004029273986816
-11.001640319824219
-10.986532211303711
-10.99842643737793
-11.014425277709961
-10.978251457214355
-10.942984580993652
-10.896397590637207
-10.9700927734375
-11.009289741516113
-10.995549201965332
-10.972525596618652
-10.979349136352539
-11.003140449523926
-11.038063049316406
-11.016380310058594
-11.03022289276123
-11.03942584991455
-11.034843444824219
-11.026058197021484
-11.0357666015625
-11.018575668334961
-11.0441255569458
-11.006574630737305
-11.005837440490723
-11.021896362304688
-11.044506072998047
-11.046725273132324
-11.017208099365234
-10.989060401916504
-10.962244987487793
-10.992547988891602
-11.045559883117676
-11.019091606140137
-11.025948524475098
-10.999051094055176
-11.014410018920898
-11.0486421585083
-11.014894485473633
-10.98813247680664
-11.015522956848145
-11.062112808227539
-11.050926208496094
-11.005899429321289
-11.033068656921387
-11.057923316955566
-11.073450088500977
-11.025364875793457
-11.029544830322266
-11.01187801361084
-11.037151336669922
-11.072388648986816
-11.055696487426758
-11.026101112365723
-11.062943458557129
-11.063620567321777
-11.088735580444336
-11.069576263427734
-11.034979820251465
-11.049633979797363
-11.017765998840332
-11.05027961730957
-11.04651165008545
-11.053303718566895
-11.006413459777832
-11.037500381469727
-11.05080795288086
-11.05992317199707
-11.008401870727539
-11.05394172668457
-11.081408500671387
-11.023374557495117
-11.050774574279785
-11.096193313598633
-11.068283081054688
-11.051474571228027
-11.024916648864746
-11.044689178466797
-11.067511558532715
-11.079327583312988
-11.085667610168457
-11.064478874206543
-11.045433044433594
-11.049097061157227
-11.0343656539917
-11.087014198303223
-11.100604057312012
-11.037714958190918
-11.070883750915527
-11.039916038513184
-11.058500289916992
-11.063516616821289
-11.023250579833984
-11.025736808776855
-11.043688774108887
-11.07756233215332
-11.054506301879883
-11.062565803527832
-11.0282564163208
-11.030921936035156
-11.06689167022705
-11.077488899230957
-11.066007614135742
-11.088449478149414
-11.105005264282227
-11.046550750732422
-11.08009147644043
-11.074002265930176
-11.068016052246094
-11.089529037475586
-11.081393241882324
-11.095069885253906
-11.062583923339844
-11.063209533691406
-11.04204273223877
-11.031692504882812
-11.07775592803955
-11.08440113067627
-11.086105346679688
-11.066113471984863
-11.047760963439941
-11.082021713256836
-11.094911575317383
-11.097390174865723
-11.100428581237793
-11.04255485534668
-11.075590133666992
-11.096844673156738
-11.068596839904785
-11.10454273223877
-11.063589096069336
-11.096219062805176
-11.084273338317871
-11.10537338256836
-11.058517456054688
-11.066858291625977
-11.103861808776855
-11.078871726989746
-11.094078063964844
-11.0888032913208
-11.067748069763184
-11.048044204711914
-11.077743530273438
-11.070350646972656
-11.093403816223145
-11.073698043823242
-11.08504867553711
-11.084602355957031
-11.073376655578613
-11.065444946289062
-11.053410530090332
-11.083283424377441
-11.06260871887207
-11.089764595031738
-11.107625961303711
-11.090629577636719
-11.060760498046875
-11.084321975708008
-11.100685119628906
-11.080591201782227
-11.095420837402344
-11.082438468933105
-11.076177597045898
-11.08481502532959
-11.104958534240723
-11.096128463745117
-11.133060455322266
-11.054738998413086
-11.044671058654785
-11.101568222045898
-11.102376937866211
-11.117305755615234
-11.082786560058594
-11.080453872680664
-11.083667755126953
-11.107178688049316
-11.113580703735352
-11.100499153137207
-11.056970596313477
-11.080667495727539
-11.103878021240234
-11.090376853942871
-11.0919771194458
-11.04656982421875
-11.09139347076416
-11.111356735229492
-11.124956130981445
-11.100223541259766
-11.09896469116211
-11.127304077148438
-11.093801498413086
-11.105533599853516
-11.120880126953125
-11.126662254333496
-11.115758895874023
-11.101476669311523
-11.094422340393066
-11.104052543640137
-11.113731384277344
-11.102862358093262
-11.123866081237793
-11.103665351867676
-11.07763671875
-11.112990379333496
-11.115105628967285
-11.112725257873535
-11.123239517211914
-11.067862510681152
-11.119848251342773
-11.121731758117676
-11.113096237182617
-11.124157905578613
-11.094099998474121
-11.109126091003418
-11.103214263916016
-11.10983657836914
-11.086423873901367
-11.05418872833252
-11.078158378601074
-11.117992401123047
-11.103846549987793
-11.098073959350586
-11.074159622192383
-11.08646297454834
-11.108506202697754
-11.101513862609863
-11.110057830810547
-11.161872863769531
-11.077618598937988
-11.105682373046875
-11.097043991088867
-11.091986656188965
-11.08820629119873
-11.102458953857422
-11.111740112304688
-11.137085914611816
-11.109696388244629
-11.15208625793457
-11.11369514465332
-11.117945671081543
-11.107861518859863
-11.14408016204834
-11.109768867492676
-11.11826229095459
-11.11636734008789
-11.135712623596191
-11.136101722717285
-11.146160125732422
-11.136894226074219
-11.1201171875
-11.131179809570312
-11.12018871307373
-11.103107452392578
-11.108864784240723
-11.123002052307129
-11.122370719909668
-11.156876564025879
-11.145237922668457
-11.149436950683594
-11.11850357055664
-11.112544059753418
-11.119710922241211
-11.140257835388184
-11.130854606628418
-11.100751876831055
-11.13491153717041
-11.121916770935059
-11.152679443359375
-11.118762016296387
-11.119049072265625
-11.123258590698242
-11.1298189163208
-11.151248931884766
-11.13658332824707
-11.121854782104492
-11.11585807800293
-11.118857383728027
-11.111193656921387
-11.115723609924316
-11.135634422302246
-11.159050941467285
-11.13404369354248
-11.161914825439453
-11.131302833557129
-11.094261169433594
-11.12661075592041
-11.127058029174805
-11.09801959991455
-11.138389587402344
-11.136099815368652
-11.127334594726562
-11.095865249633789
-11.118988037109375
-11.142022132873535
-11.13187026977539
-11.157548904418945
-11.131731986999512
-11.121782302856445
-11.126618385314941
-11.13902473449707
-11.153885841369629
-11.1469144821167
-11.157925605773926
-11.12790298461914
-11.136073112487793
-11.138229370117188
-11.141462326049805
-11.138750076293945
-11.170378684997559
-11.158894538879395
-11.125255584716797
-11.122802734375
-11.139196395874023
-11.144831657409668
-11.117063522338867
-11.120742797851562
-11.120203018188477
-11.117161750793457
-11.130377769470215
-11.118354797363281
-11.158382415771484
-11.14348316192627
-11.149809837341309
-11.156643867492676
-11.162954330444336
-11.142845153808594
-11.114662170410156
-11.117362976074219
-11.122482299804688
-11.161365509033203
-11.144092559814453
-11.150876998901367
-11.154946327209473
-11.119537353515625
-11.142955780029297
-11.167948722839355
-11.164872169494629
-11.162555694580078
-11.151034355163574
-11.143902778625488
-11.151106834411621
-11.10275936126709
-11.141762733459473
-11.170308113098145
-11.149229049682617
-11.13569164276123
-11.164320945739746
-11.160173416137695
-11.142315864562988
-11.15865421295166
-11.153332710266113
-11.121969223022461
-11.121016502380371
-11.142647743225098
-11.139937400817871
-11.147688865661621
-11.139161109924316
-11.15174674987793
-11.145329475402832
-11.106954574584961
-11.086909294128418
-11.128726959228516
-11.130356788635254
-11.11727523803711
-11.129904747009277
-11.107197761535645
-11.150023460388184
-11.118518829345703
-11.161893844604492
-11.147506713867188
-11.0590181350708
-11.044790267944336
-11.1488618850708
-11.148221015930176
-11.123441696166992
-11.113553047180176
-11.131863594055176
-11.13234806060791
-11.15778636932373
-11.170320510864258
-11.163117408752441
-11.149389266967773
-11.15536117553711
-11.140999794006348
-11.184661865234375
-11.115080833435059
-11.135051727294922
-11.1399564743042
-11.147602081298828
-11.157308578491211
-11.151410102844238
-11.199751853942871
-11.174772262573242
-11.153826713562012
-11.173614501953125
-11.166062355041504
-11.1668701171875
-11.147671699523926
-11.127551078796387
-11.14246654510498
-11.14200210571289
-11.1371431350708
-11.155926704406738
-11.200142860412598
-11.164554595947266
-11.15392017364502
-11.086946487426758
-11.102778434753418
-11.114859580993652
-11.110749244689941
-11.1408052444458
-11.150466918945312
-11.172563552856445
-11.189926147460938
-11.158778190612793
-11.123703002929688
-11.149538040161133
-11.1727876663208
-11.171980857849121
-11.163039207458496
-11.165691375732422
-11.194804191589355
-11.173479080200195
-11.137247085571289
-11.158408164978027
-11.139513969421387
-11.189773559570312
-11.166687965393066
-11.152863502502441
-11.163455963134766
-11.171229362487793
-11.161447525024414
-11.18591594696045
-11.164474487304688
-11.188596725463867
-11.153487205505371
-11.178722381591797
-11.194918632507324
-11.173660278320312
-11.19286060333252
-11.149932861328125
-11.173920631408691
-11.160835266113281
-11.154213905334473
-11.166369438171387
-11.153925895690918
-11.172740936279297
-11.172179222106934
-11.167255401611328
-11.136086463928223
-11.192486763000488
-11.175764083862305
-11.160086631774902
-11.172762870788574
-11.164433479309082
-11.168543815612793
-11.186391830444336
-11.181551933288574
-11.17553424835205
-11.154353141784668
-11.157929420471191
-11.168880462646484
-11.170336723327637
-11.14892292022705
-11.14881706237793
-11.190750122070312
-11.185359001159668
-11.200373649597168
-11.156747817993164
-11.174189567565918
-11.162590980529785
-11.152483940124512
-11.18307113647461
-11.160727500915527
-11.167744636535645
-11.184157371520996
-11.187307357788086
-11.193197250366211
-11.165156364440918
-11.152229309082031
-11.129165649414062
-11.146873474121094
-11.173624992370605
-11.188384056091309
-11.173285484313965
-11.158610343933105
-11.116890907287598
-11.150134086608887
-11.171475410461426
-11.168516159057617
-11.040945053100586
-10.984594345092773
-11.097407341003418
-11.165787696838379
-11.028298377990723
-11.038224220275879
-11.167872428894043
-11.14098834991455
-11.051105499267578
-11.08810043334961
-11.170633316040039
-11.16602611541748
-11.167101860046387
-11.158553123474121
-11.150962829589844
-11.19019889831543
-11.185888290405273
-11.18779182434082
-11.137767791748047
-11.145318031311035
-11.148859977722168
-11.176055908203125
-11.195303916931152
-11.190033912658691
-11.189720153808594
-11.188173294067383
-11.179587364196777
-11.212697982788086
-11.208054542541504
-11.18967342376709
-11.176260948181152
-11.184383392333984
-11.205463409423828
-11.203059196472168
-11.203557968139648
-11.200411796569824
-11.198507308959961
-11.176416397094727
-11.18915843963623
-11.169437408447266
-11.207947731018066
-11.163300514221191
-11.199080467224121
-11.230792045593262
-11.200237274169922
-11.198118209838867
-11.196492195129395
-11.1888427734375
-11.189361572265625
-11.190994262695312
-11.196033477783203
-11.219828605651855
-11.19493579864502
-11.213202476501465
-11.213409423828125
-11.208730697631836
-11.201371192932129
-11.221946716308594
-11.212468147277832
-11.187371253967285
-11.182083129882812
-11.181581497192383
-11.21124267578125
-11.19544792175293
-11.216235160827637
-11.200112342834473
-11.20080280303955
-11.221076965332031
-11.196504592895508
-11.18480396270752
-11.20132827758789
-11.187009811401367
-11.204671859741211
-11.16838264465332
-11.210243225097656
-11.198369979858398
-11.182682991027832
-11.18202018737793
-11.220947265625
-11.217110633850098
-11.165582656860352
-11.22561264038086
-11.180800437927246
-11.198092460632324
-11.196614265441895
-11.185186386108398
-11.176285743713379
-11.190010070800781
-11.198695182800293
-11.199828147888184
-11.167426109313965
-11.191230773925781
-11.18055248260498
-11.178937911987305
-11.191768646240234
-11.193304061889648
-11.211977005004883
-11.184369087219238
-11.232190132141113
-11.202900886535645
-11.187835693359375
-11.160988807678223
-11.138626098632812
-11.178008079528809
-11.204146385192871
-11.221641540527344
-11.203859329223633
-11.21076774597168
-11.155122756958008
-11.164544105529785
-11.116820335388184
-11.145608901977539
-11.202488899230957
-11.136431694030762
-11.1456298828125
-11.136533737182617
-11.162948608398438
-11.163810729980469
-11.186829566955566
-11.214081764221191
-11.209456443786621
-11.226069450378418
-11.20632266998291
-11.184226036071777
-11.213653564453125
-11.196470260620117
-11.196730613708496
-11.178000450134277
-11.176756858825684
-11.18245792388916
-11.196762084960938
-11.17519474029541
-11.209158897399902
-11.196672439575195
-11.201159477233887
-11.203642845153809
-11.196608543395996
-11.201244354248047
-11.200028419494629
-11.211342811584473
-11.214672088623047
-11.228754997253418
-11.224095344543457
-11.162728309631348
-11.1720552444458
-11.184144973754883
-11.157732963562012
-11.1845064163208
-11.175063133239746
-11.244482040405273
-11.171412467956543
-11.182615280151367
-11.181933403015137
-11.17245101928711
-11.183900833129883
-11.219985961914062
-11.21265697479248
-11.1864595413208
-11.152411460876465
-11.192599296569824
-11.134042739868164
-11.172446250915527
-11.195653915405273
-11.21378231048584
-11.170559883117676
-11.107882499694824
-11.110163688659668
-11.184988021850586
-11.2106294631958
-11.194195747375488
-11.215495109558105
-11.190362930297852
-11.18134593963623
-11.190627098083496
-11.192305564880371
-11.19704818725586
-11.23775577545166
-11.183238983154297
-11.182506561279297
-11.141250610351562
-11.189088821411133
-11.229276657104492
-11.208451271057129
-11.154129028320312
-11.217432975769043
-11.210978507995605
-11.221665382385254
-11.213678359985352
-11.173110961914062
-11.164494514465332
-11.182793617248535
-11.208375930786133
-11.226305961608887
-11.221146583557129
-11.190987586975098
-11.1956787109375
-11.196575164794922
-11.20505428314209
-11.219874382019043
-11.196083068847656
-11.178435325622559
-11.20671558380127
-11.177376747131348
-11.194764137268066
-11.219345092773438
-11.201874732971191
-11.187875747680664
-11.214611053466797
-11.223971366882324
-11.233177185058594
-11.207448959350586
-11.22053337097168
-11.205615043640137
-11.220392227172852
-11.219284057617188
-11.204678535461426
-11.239729881286621
-11.210363388061523
-11.240857124328613
-11.217199325561523
-11.212995529174805
-11.205737113952637
-11.2166748046875
-11.20926284790039
-11.198792457580566
-11.22335433959961
-11.231022834777832
-11.216609954833984
-11.223539352416992
-11.221939086914062
-11.222097396850586
-11.206321716308594
-11.23266887664795
-11.240086555480957
-11.226792335510254
-11.209687232971191
-11.211862564086914
-11.218576431274414
-11.225519180297852
-11.207962036132812
-11.212693214416504
-11.234265327453613
-11.244061470031738
-11.244626998901367
-11.208585739135742
-11.204513549804688
-11.223726272583008
-11.193511009216309
-11.204816818237305
-11.225927352905273
-11.23861312866211
-11.204856872558594
-11.20737361907959
-11.191987991333008
-11.210959434509277
-11.233657836914062
-11.232247352600098
-11.218062400817871
-11.242009162902832
-11.228473663330078
-11.181829452514648
-11.199170112609863
-11.256218910217285
-11.232382774353027
-11.218550682067871
-11.238304138183594
-11.22096061706543
-11.220282554626465
-11.191391944885254
-11.231178283691406
-11.220738410949707
-11.222671508789062
-11.183856964111328
-11.202102661132812
-11.195369720458984
-11.201275825500488
-11.190788269042969
-11.21117877960205
-11.233295440673828
-11.18993854522705
-11.18855094909668
-11.183673858642578
-11.192037582397461
-11.245444297790527
-11.230447769165039
-11.194805145263672
-11.218441009521484
-11.208642959594727
-11.229598045349121
-11.233084678649902
-11.207271575927734
-11.18931770324707
-11.207027435302734
-11.206884384155273
-11.20595932006836
-11.219592094421387
-11.230149269104004
-11.198983192443848
-11.225648880004883
-11.221078872680664
-11.22227954864502
-11.203659057617188
-11.238515853881836
-11.231496810913086
-11.232048988342285
-11.245729446411133
-11.230084419250488
-11.183014869689941
-11.17719554901123
-11.196232795715332
-11.223682403564453
-11.226578712463379
-11.21451473236084
-11.212773323059082
-11.217062950134277
-11.208160400390625
-11.216532707214355
-11.211125373840332
-11.228378295898438
-11.232577323913574
-11.226042747497559
-11.2233247756958
-11.212712287902832
-11.236136436462402
-11.220354080200195
-11.226644515991211
-11.214720726013184
-11.235594749450684
-11.220362663269043
-11.192402839660645
-11.182251930236816
-11.219442367553711
-11.246755599975586
-11.247979164123535
-11.23054313659668
-11.233123779296875
-11.235702514648438
-11.241861343383789
-11.226863861083984
-11.246286392211914
-11.231157302856445
-11.225937843322754
-11.250639915466309
-11.237508773803711
-11.214110374450684
-11.207077026367188
-11.229328155517578
-11.211235046386719
-11.215611457824707
-11.206684112548828
-11.227911949157715
-11.234320640563965
-11.222084045410156
-11.222496032714844
-11.236955642700195
-11.216153144836426
-11.242741584777832
-11.216432571411133
-11.22819995880127
-11.2232666015625
-11.22787857055664
-11.21865463256836
-11.207597732543945
-11.213757514953613
-11.220196723937988
-11.230743408203125
-11.226035118103027
-11.210044860839844
-11.22193717956543
-11.186444282531738
-11.221497535705566
-11.242019653320312
-11.244961738586426
-11.222492218017578
-11.239167213439941
-11.228514671325684
-11.213337898254395
-11.234098434448242
-11.244332313537598
-11.22351360321045
-11.240992546081543
-11.248360633850098
-11.220051765441895
-11.21176815032959
-11.2232027053833
-11.221999168395996
-11.240117073059082
-11.247171401977539
-11.239373207092285
-11.2177152633667
-11.226419448852539
-11.215096473693848
-11.238617897033691
-11.22612476348877
-11.235823631286621
-11.235620498657227
-11.247220993041992
-11.256839752197266
-11.208846092224121
-11.209871292114258
-11.20195484161377
-11.2205810546875
-11.246197700500488
-11.245621681213379
-11.248006820678711
-11.230350494384766
-11.24683666229248
-11.262632369995117
-11.25819206237793
-11.250300407409668
-11.243142127990723
-11.26109790802002
-11.26053237915039
-11.209888458251953
-11.21271800994873
-11.230652809143066
-11.256661415100098
-11.238426208496094
-11.237232208251953
-11.2472505569458
-11.244597434997559
-11.2398681640625
-11.231597900390625
-11.240859031677246
-11.251152038574219
-11.258746147155762
-11.233597755432129
-11.197955131530762
-11.224383354187012
-11.222002029418945
-11.212543487548828
-11.243894577026367
-11.236454010009766
-11.24662971496582
-11.253560066223145
-11.210478782653809
-11.222122192382812
-11.23636531829834
-11.227703094482422
-11.265437126159668
-11.246600151062012
-11.249983787536621
-11.246824264526367
-11.242483139038086
-11.231365203857422
-11.21439266204834
-11.214542388916016
-11.244465827941895
-11.246355056762695
-11.262186050415039
-11.217510223388672
-11.253107070922852
-11.226738929748535
-11.180899620056152
-11.202685356140137
-11.208279609680176
-11.188880920410156
-11.218031883239746
-11.252636909484863
-11.256745338439941
-11.250375747680664
-11.24757194519043
-11.187101364135742
-11.210055351257324
-11.218964576721191
-11.242806434631348
-11.222086906433105
-11.236067771911621
-11.232927322387695
-11.195148468017578
-11.201305389404297
-11.18913459777832
-11.23680305480957
-11.239790916442871
-11.241247177124023
-11.249200820922852
-11.238374710083008
-11.248481750488281
-11.236735343933105
-11.241382598876953
-11.236194610595703
-11.224647521972656
-11.227568626403809
-11.235501289367676
-11.229601860046387
-11.258687019348145
-11.25281810760498
-11.229164123535156
-11.249955177307129
-11.269418716430664
-11.245841979980469
-11.260766983032227
-11.240113258361816
-11.235555648803711
-11.229433059692383
-11.2298002243042
-11.252010345458984
-11.268178939819336
-11.243376731872559
-11.234634399414062
-11.259748458862305
-11.238703727722168
-11.257745742797852
-11.264049530029297
-11.256656646728516
-11.254948616027832
-11.263094902038574
-11.249737739562988
-11.227349281311035
-11.197778701782227
-11.2446870803833
-11.250697135925293
-11.248651504516602
-11.251730918884277
-11.250980377197266
-11.240978240966797
-11.196709632873535
-11.212313652038574
-11.240100860595703
-11.244377136230469
-11.264634132385254
-11.24867057800293
-11.250876426696777
-11.215619087219238
-11.225310325622559
-11.234440803527832
-11.24652099609375
-11.256299018859863
-11.243124008178711
-11.222677230834961
-11.240004539489746
-11.260735511779785
-11.244924545288086
-11.243934631347656
-11.246417999267578
-11.225951194763184
-11.21728515625
-11.244720458984375
-11.273865699768066
-11.263449668884277
-11.24920654296875
-11.247237205505371
-11.232519149780273
-11.221942901611328
-11.235167503356934
-11.243964195251465
-11.225852012634277
-11.254586219787598
-11.253988265991211
-11.264395713806152
-11.238283157348633
-11.255804061889648
-11.209216117858887
-11.24211597442627
-11.25216293334961
-11.257081985473633
-11.23903751373291
-11.169923782348633
-11.186396598815918
-11.244693756103516
-11.246644020080566
-11.277942657470703
-11.286338806152344
-11.270371437072754
-11.246143341064453
-11.228931427001953
-11.261993408203125
-11.265110969543457
-11.275162696838379
-11.254697799682617
-11.246912956237793
-11.245826721191406
-11.246980667114258
-11.229976654052734
-11.282712936401367
-11.272233963012695
-11.253449440002441
-11.24986457824707
-11.260604858398438
-11.266627311706543
-11.231393814086914
-11.268387794494629
-11.265488624572754
-11.26365852355957
-11.247177124023438
-11.25407886505127
-11.241528511047363
-11.226073265075684
-11.236042022705078
-11.252812385559082
-11.260682106018066
-11.269076347351074
-11.269376754760742
-11.263481140136719
-11.237703323364258
-11.223947525024414
-11.232197761535645
-11.251941680908203
-11.249069213867188
-11.222084045410156
-11.198373794555664
-11.24127197265625
-11.265783309936523
-11.242831230163574
-11.216476440429688
-11.227505683898926
-11.239502906799316
-11.264184951782227
-11.26093864440918
-11.249159812927246
-11.223126411437988
-11.251867294311523
-11.260299682617188
-11.261682510375977
-11.251593589782715
-11.250635147094727
-11.259321212768555
-11.26347541809082
-11.246060371398926
-11.249610900878906
-11.260743141174316
-11.268322944641113
-11.278197288513184
-11.225123405456543
-11.215986251831055
-11.208332061767578
-11.27316665649414
-11.270263671875
-11.260490417480469
-11.266892433166504
-11.266051292419434
-11.278982162475586
-11.25084400177002
-11.266587257385254
-11.266481399536133
-11.255522727966309
-11.269105911254883
-11.258668899536133
-11.260223388671875
-11.255010604858398
-11.252606391906738
-11.262470245361328
-11.233945846557617
-11.248064041137695
-11.261061668395996
-11.27627944946289
-11.258278846740723
-11.259631156921387
-11.239221572875977
-11.23912239074707
-11.249146461486816
-11.284893035888672
-11.260244369506836
-11.251609802246094
-11.227066040039062
-11.236687660217285
-11.228514671325684
-11.257207870483398
-11.281885147094727
-11.26759147644043
-11.238603591918945
-11.238951683044434
-11.250470161437988
-11.252677917480469
-11.269227981567383
-11.273921966552734
-11.259573936462402
-11.263740539550781
-11.278533935546875
-11.278379440307617
-11.256640434265137
-11.269658088684082
-11.265551567077637
-11.264714241027832
-11.28545093536377
-11.276768684387207
-11.28720760345459
-11.265780448913574
-11.257452964782715
-11.267109870910645
-11.270597457885742
-11.265578269958496
-11.28800106048584
-11.277543067932129
-11.273364067077637
-11.278139114379883
-11.267952919006348
-11.279884338378906
-11.257065773010254
-11.276674270629883
-11.273747444152832
-11.264506340026855
-11.255393981933594
-11.26650333404541
-11.24972152709961
-11.256858825683594
-11.294487953186035
-11.27780818939209
-11.267749786376953
-11.273650169372559
-11.27440357208252
-11.278738975524902
-11.281597137451172
-11.25114631652832
-11.281518936157227
-11.275084495544434
-11.26951789855957
-11.281509399414062
-11.290521621704102
-11.293763160705566
-11.276592254638672
-11.276261329650879
-11.270108222961426
-11.248969078063965
-11.27293586730957
-11.262762069702148
-11.267011642456055
-11.2600736618042
-11.27949333190918
-11.284523963928223
-11.283849716186523
-11.261667251586914
-11.287531852722168
-11.2677583694458
-11.272741317749023
-11.261734008789062
-11.269835472106934
-11.272257804870605
-11.25690746307373
-11.274578094482422
-11.274381637573242
-11.296188354492188
-11.279359817504883
-11.255873680114746
-11.238208770751953
-11.243043899536133
-11.260836601257324
-11.243634223937988
-11.273686408996582
-11.255423545837402
-11.269086837768555
-11.259531021118164
-11.256304740905762
-11.27168083190918
-11.268640518188477
-11.2771577835083
-11.27985954284668
-11.287641525268555
-11.272971153259277
-11.266950607299805
-11.286083221435547
-11.301005363464355
-11.280290603637695
-11.247258186340332
-11.262463569641113
-11.275726318359375
-11.241571426391602
-11.24162769317627
-11.229836463928223
-11.226664543151855
-11.277813911437988
-11.284553527832031
-11.263849258422852
-11.2677640914917
-11.252044677734375
-11.265560150146484
-11.252035140991211
-11.27601146697998
-11.298691749572754
-11.28484058380127
-11.282892227172852
-11.251082420349121
-11.253921508789062
-11.260050773620605
-11.262985229492188
-11.266305923461914
-11.27709674835205
-11.282774925231934
-11.28287410736084
-11.28090763092041
-11.262887001037598
-11.279083251953125
-11.281780242919922
-11.270484924316406
-11.276269912719727
-11.293374061584473
-11.284513473510742
-11.28384017944336
-11.257416725158691
-11.249091148376465
-11.240118026733398
-11.263843536376953
-11.26758861541748
-11.298020362854004
-11.288447380065918
-11.275400161743164
-11.299091339111328
-11.284518241882324
-11.27651596069336
-11.291577339172363
-11.291465759277344
-11.270516395568848
-11.301506042480469
-11.298487663269043
-11.276447296142578
-11.25880241394043
-11.276557922363281
-11.294416427612305
-11.288756370544434
-11.270540237426758
-11.263494491577148
-11.256329536437988
-11.226890563964844
-11.21277141571045
-11.253030776977539
-11.26729679107666
-11.283209800720215
-11.27823257446289
-11.275456428527832
-11.272417068481445
-11.274691581726074
-11.25946044921875
-11.2186861038208
-11.242729187011719
-11.236153602600098
-11.267515182495117
-11.302175521850586
-11.269590377807617
-11.249343872070312
-11.213233947753906
-11.238640785217285
-11.257102966308594
-11.298478126525879
-11.289896965026855
-11.282569885253906
-11.284006118774414
-11.263971328735352
-11.271018028259277
-11.255815505981445
-11.265931129455566
-11.266583442687988
-11.268096923828125
-11.277729034423828
-11.302997589111328
-11.28321361541748
-11.283146858215332
-11.296048164367676
-11.288495063781738
-11.289557456970215
-11.285210609436035
-11.30630111694336
-11.29858684539795
-11.294260025024414
-11.28311538696289
-11.295828819274902
-11.292316436767578
-11.288198471069336
-11.27065372467041
-11.305201530456543
-11.290977478027344
-11.260019302368164
-11.271730422973633
-11.275050163269043
-11.311772346496582
-11.30786418914795
-11.290628433227539
-11.300803184509277
-11.281149864196777
-11.269415855407715
-11.260178565979004
-11.259800910949707
-11.26405143737793
-11.27468490600586
-11.276153564453125
-11.277071952819824
-11.284592628479004
-11.274580001831055
-11.267682075500488
-11.274055480957031
-11.299660682678223
-11.286924362182617
-11.297083854675293
-11.290552139282227
-11.28687572479248
-11.289950370788574
-11.274932861328125
-11.265933990478516
-11.268723487854004
-11.277975082397461
-11.288999557495117
-11.293129920959473
-11.297860145568848
-11.308789253234863
-11.287338256835938
-11.303555488586426
-11.30234432220459
-11.306309700012207
-11.283551216125488
-11.281013488769531
-11.288582801818848
-11.297374725341797
-11.284517288208008
-11.308036804199219
-11.301065444946289
-11.298142433166504
-11.297922134399414
-11.292899131774902
-11.28774642944336
-11.299129486083984
-11.282652854919434
-11.284208297729492
-11.303048133850098
-11.27971076965332
-11.299205780029297
-11.277628898620605
-11.270002365112305
-11.268365859985352
-11.295414924621582
-11.277570724487305
-11.295665740966797
-11.305326461791992
-11.293705940246582
-11.303380966186523
-11.288749694824219
-11.290312767028809
-11.305771827697754
-11.297296524047852
-11.27527904510498
-11.280313491821289
-11.276543617248535
-11.23646068572998
-11.249105453491211
-11.246217727661133
-11.28818416595459
-11.289620399475098
-11.284331321716309
-11.300963401794434
-11.29239273071289
-11.288857460021973
-11.299296379089355
-11.293850898742676
-11.29693603515625
-11.300225257873535
-11.29033374786377
-11.288753509521484
-11.295424461364746
-11.30008602142334
-11.296568870544434
-11.278980255126953
-11.252764701843262
-11.245121955871582
-11.240408897399902
-11.283015251159668
-11.279212951660156
-11.296562194824219
-11.251616477966309
-11.194332122802734
-11.207231521606445
-11.282685279846191
-11.296774864196777
-11.235907554626465
-11.176772117614746
-11.203715324401855
-11.228055000305176
-11.279224395751953
-11.250661849975586
-11.17885684967041
-11.192469596862793
-11.284496307373047
-11.289400100708008
-11.108589172363281
-11.088776588439941
-11.2684326171875
-11.179641723632812
-10.977599143981934
-11.25049114227295
-11.241008758544922
-11.005804061889648
-11.225543975830078
-11.29272174835205
-11.136027336120605
-11.159440994262695
-11.289631843566895
-11.25723934173584
-11.204710006713867
-11.243534088134766
-11.290563583374023
-11.28957748413086
-11.258379936218262
-11.253849983215332
-11.280014038085938
-11.295973777770996
-11.284822463989258
-11.289617538452148
-11.29214859008789
-11.298739433288574
-11.297866821289062
-11.290818214416504
-11.30426025390625
-11.283843040466309
-11.300211906433105
-11.26069164276123
-11.260456085205078
-11.2659330368042
-11.284957885742188
-11.304367065429688
-11.26145076751709
-11.269306182861328
-11.30111026763916
-11.28394889831543
-11.268638610839844
-11.2572660446167
-11.30325698852539
-11.293496131896973
-11.281688690185547
-11.296842575073242
-11.300025939941406
-11.306778907775879
-11.304765701293945
-11.310503959655762
-11.306568145751953
-11.299779891967773
-11.309330940246582
-11.31896686553955
-11.318285942077637
-11.290038108825684
-11.295772552490234
-11.29279899597168
-11.30354118347168
-11.31295394897461
-11.315330505371094
-11.303934097290039
-11.311752319335938
-11.302932739257812
-11.299505233764648
-11.30410385131836
-11.302535057067871
-11.301243782043457
-11.307802200317383
-11.309197425842285
-11.31248950958252
-11.29755687713623
-11.303524017333984
-11.315627098083496
-11.311525344848633
-11.311482429504395
-11.295830726623535
-11.298433303833008
-11.327975273132324
-11.310794830322266
-11.313248634338379
-11.310015678405762
-11.309602737426758
-11.319841384887695
-11.317052841186523
-11.311812400817871
-11.297239303588867
-11.306524276733398
-11.322000503540039
-11.296858787536621
-11.322342872619629
-11.303417205810547
-11.32156753540039
-11.304019927978516
-11.30046558380127
-11.308537483215332
-11.305940628051758
-11.32332992553711
-11.316600799560547
-11.310104370117188
-11.312597274780273
-11.307138442993164
-11.293108940124512
-11.307934761047363
-11.303262710571289
-11.309962272644043
-11.307933807373047
-11.289109230041504
-11.322135925292969
-11.310271263122559
-11.324901580810547
-11.315631866455078
-11.305440902709961
-11.304539680480957
-11.310237884521484
-11.302545547485352
-11.286340713500977
-11.311491966247559
-11.300191879272461
-11.303451538085938
-11.31419563293457
-11.308091163635254
-11.300264358520508
-11.318319320678711
-11.3099365234375
-11.317221641540527
-11.305511474609375
-11.327920913696289
-11.318058013916016
-11.308069229125977
-11.316356658935547
-11.313255310058594
-11.303470611572266
-11.312586784362793
-11.30997371673584
-11.316248893737793
-11.316186904907227
-11.317595481872559
-11.299488067626953
-11.316033363342285
-11.323783874511719
-11.300009727478027
-11.293352127075195
-11.328505516052246
-11.310737609863281
-11.306402206420898
-11.311710357666016
-11.293713569641113
-11.316120147705078
-11.310931205749512
-11.30600357055664
-11.318412780761719
-11.305209159851074
-11.317476272583008
-11.309581756591797
-11.312438011169434
-11.315067291259766
-11.31786823272705
-11.313199043273926
-11.317903518676758
-11.319730758666992
-11.301697731018066
-11.3314790725708
-11.303681373596191
-11.3143949508667
-11.297770500183105
-11.302177429199219
-11.298995971679688
-11.306856155395508
-11.31317138671875
-11.329975128173828
-11.328349113464355
-11.307717323303223
-11.319890975952148
-11.313404083251953
-11.315959930419922
-11.296087265014648
-11.289774894714355
-11.323407173156738
-11.308913230895996
-11.313104629516602
-11.315496444702148
-11.312002182006836
-11.320940971374512
-11.299057006835938
-11.285703659057617
-11.262699127197266
-11.280866622924805
-11.293293952941895
-11.304609298706055
-11.306784629821777
-11.307103157043457
-11.310408592224121
-11.292363166809082
-11.293667793273926
-11.258684158325195
-11.269410133361816
-11.309174537658691
-11.310647964477539
-11.316568374633789
-11.307578086853027
-11.298391342163086
-11.278273582458496
-11.268680572509766
-11.282837867736816
-11.286839485168457
-11.267579078674316
-11.295145034790039
-11.295848846435547
-11.313553810119629
-11.310327529907227
-11.314314842224121
-11.320964813232422
-11.309475898742676
-11.302848815917969
-11.30562686920166
-11.30136775970459
-11.296429634094238
-11.31908130645752
-11.298989295959473
-11.305741310119629
-11.295973777770996
-11.284239768981934
-11.29994010925293
-11.322674751281738
-11.29919147491455
-11.322165489196777
-11.3132963180542
-11.307546615600586
-11.325246810913086
-11.317097663879395
-11.280000686645508
-11.269451141357422
-11.253877639770508
-11.286900520324707
-11.309965133666992
-11.305183410644531
-11.304328918457031
-11.327113151550293
-11.321000099182129
-11.315003395080566
-11.2843017578125
-11.294513702392578
-11.30025863647461
-11.306133270263672
-11.273401260375977
-11.31318473815918
-11.301085472106934
-11.295705795288086
-11.316617012023926
-11.289798736572266
-11.29619312286377
-11.314861297607422
-11.301989555358887
-11.296669006347656
-11.283587455749512
-11.313776969909668
-11.311821937561035
-11.306985855102539
-11.319655418395996
-11.327239990234375
-11.319694519042969
-11.292448997497559
-11.280553817749023
-11.2738676071167
-11.2586088180542
-11.28395938873291
-11.284158706665039
-11.3013334274292
-11.298789024353027
-11.311003684997559
-11.31045150756836
-11.303668022155762
-11.31102180480957
-11.295793533325195
-11.294392585754395
-11.314155578613281
-11.321895599365234
-11.309974670410156
-11.315497398376465
-11.308418273925781
-11.300594329833984
-11.308821678161621
-11.311964988708496
-11.303813934326172
-11.31389045715332
-11.31639575958252
-11.324569702148438
-11.30544662475586
-11.298727035522461
-11.284332275390625
-11.290160179138184
-11.310064315795898
-11.325007438659668
-11.324021339416504
-11.312511444091797
-11.299485206604004
-11.311927795410156
-11.321418762207031
-11.32390308380127
-11.31055736541748
-11.324653625488281
-11.321661949157715
-11.32187271118164
-11.307408332824707
-11.316115379333496
-11.309857368469238
-11.315065383911133
-11.315986633300781
-11.301933288574219
-11.315759658813477
-11.322559356689453
-11.292827606201172
-11.317862510681152
-11.3214693069458
-11.327342987060547
-11.31903076171875
-11.307394027709961
-11.315434455871582
-11.312682151794434
-11.307012557983398
-11.294129371643066
-11.295479774475098
-11.29521656036377
-11.280255317687988
-11.283058166503906
-11.308866500854492
-11.334769248962402
-11.315064430236816
-11.282459259033203
-11.237245559692383
-11.258705139160156
-11.309776306152344
-11.321773529052734
-11.323674201965332
-11.313400268554688
-11.278879165649414
-11.282266616821289
-11.279516220092773
-11.307188034057617
-11.298243522644043
-11.330217361450195
-11.312682151794434
-11.314671516418457
-11.309593200683594
-11.335424423217773
-11.319467544555664
-11.329195022583008
-11.31574821472168
-11.329137802124023
-11.328532218933105
-11.317090034484863
-11.306262969970703
-11.31127643585205
-11.310431480407715
-11.298775672912598
-11.301895141601562
-11.295860290527344
-11.288436889648438
-11.316276550292969
-11.312275886535645
-11.3173246383667
-11.316752433776855
-11.309394836425781
-11.332204818725586
-11.31862735748291
-11.3115234375
-11.28964614868164
-11.285418510437012
-11.261204719543457
-11.25709056854248
-11.289219856262207
-11.323368072509766
-11.3277587890625
-11.334920883178711
-11.30506420135498
-11.277902603149414
-11.275113105773926
-11.285359382629395
-11.300097465515137
-11.323972702026367
-11.318464279174805
-11.320228576660156
-11.32999038696289
-11.312020301818848
-11.300827026367188
-11.26934814453125
-11.272727012634277
-11.289772033691406
-11.317885398864746
-11.333410263061523
-11.310888290405273
-11.287449836730957
-11.226959228515625
-11.25943660736084
-11.30596923828125
-11.334797859191895
-11.313709259033203
-11.300576210021973
-11.266212463378906
-11.282522201538086
-11.298757553100586
-11.333232879638672
-11.31546401977539
-11.30379581451416
-11.289859771728516
-11.304572105407715
-11.308582305908203
-11.318914413452148
-11.329336166381836
-11.328155517578125
-11.313824653625488
-11.336091041564941
-11.317230224609375
-11.327993392944336
-11.327044486999512
-11.319665908813477
-11.310506820678711
-11.323236465454102
-11.305636405944824
-11.29025650024414
-11.296600341796875
-11.288376808166504
-11.298145294189453
-11.282977104187012
-11.288381576538086
-11.31124210357666
-11.323687553405762
-11.313497543334961
-11.27966594696045
-11.295456886291504
-11.292811393737793
-11.31991958618164
-11.339312553405762
-11.31338882446289
-11.311302185058594
-11.317461013793945
-11.307064056396484
-11.311623573303223
-11.304760932922363
-11.308969497680664
-11.305377006530762
-11.32752513885498
-11.312406539916992
-11.313413619995117
-11.32883358001709
-11.330344200134277
-11.324600219726562
-11.327062606811523
-11.329440116882324
-11.332545280456543
-11.316502571105957
-11.32550048828125
-11.32554817199707
-11.32682991027832
-11.321944236755371
-11.31911563873291
-11.310134887695312
-11.300662994384766
-11.321171760559082
-11.319451332092285
-11.328742980957031
-11.326553344726562
-11.295124053955078
-11.273266792297363
-11.270750999450684
-11.281617164611816
-11.32023811340332
-11.338907241821289
-11.31007194519043
-11.290379524230957
-11.290321350097656
-11.271310806274414
-11.290628433227539
-11.303152084350586
-11.3200101852417
-11.300524711608887
-11.276741981506348
-11.244321823120117
-11.242287635803223
-11.310741424560547
-11.302717208862305
-11.23369312286377
-11.260305404663086
-11.305171966552734
-11.323431015014648
-11.280914306640625
-11.271679878234863
-11.318435668945312
-11.306096076965332
-11.33237361907959
-11.328054428100586
-11.327582359313965
-11.337456703186035
-11.32813549041748
-11.328536033630371
-11.327810287475586
-11.307456016540527
-11.336869239807129
-11.326478004455566
-11.32409381866455
-11.32564926147461
-11.336047172546387
-11.326285362243652
-11.32635498046875
-11.336719512939453
-11.329900741577148
-11.337345123291016
-11.31696891784668
-11.308897972106934
-11.33044147491455
-11.323418617248535
-11.339381217956543
-11.321266174316406
-11.313608169555664
-11.323891639709473
-11.304706573486328
-11.323859214782715
-11.31822681427002
-11.343117713928223
-11.338281631469727
-11.33039379119873
-11.28669261932373
-11.27879810333252
-11.296175003051758
-11.321585655212402
-11.339394569396973
-11.340911865234375
-11.319730758666992
-11.29342269897461
-11.28870677947998
-11.301140785217285
-11.31497859954834
-11.338224411010742
-11.299185752868652
-11.307456970214844
-11.301158905029297
-11.306629180908203
-11.331268310546875
-11.326677322387695
-11.293811798095703
-11.258748054504395
-11.289929389953613
-11.324191093444824
-11.299263954162598
-11.29281234741211
-11.247578620910645
-11.295120239257812
-11.313453674316406
-11.309486389160156
-11.246504783630371
-11.213746070861816
-11.289148330688477
-11.290274620056152
-11.311905860900879
-11.324901580810547
-11.323612213134766
-11.256932258605957
-11.279792785644531
-11.252321243286133
-11.302189826965332
-11.318655967712402
-11.310121536254883
-11.260541915893555
-11.251296997070312
-11.312203407287598
-11.334379196166992
-11.323237419128418
-11.329095840454102
-11.286966323852539
-11.278755187988281
-11.283846855163574
-11.32237434387207
-11.319012641906738
-11.326818466186523
-11.301543235778809
-11.292380332946777
-11.318406105041504
-11.33349323272705
-11.322731971740723
-11.313443183898926
-11.316240310668945
-11.336820602416992
-11.329682350158691
-11.32450008392334
-11.335949897766113
-11.321696281433105
-11.307657241821289
-11.315494537353516
-11.28959846496582
-11.259194374084473
-11.313575744628906
-11.326092720031738
-11.331259727478027
-11.342508316040039
-11.336503982543945
-11.329180717468262
-11.322240829467773
-11.347129821777344
-11.32635498046875
-11.336169242858887
-11.341477394104004
-11.325881958007812
-11.315276145935059
-11.326233863830566
-11.33337116241455
-11.329011917114258
-11.32768440246582
-11.334942817687988
-11.322084426879883
-11.340669631958008
-11.331826210021973
-11.337236404418945
-11.330604553222656
-11.33935260772705
-11.339066505432129
-11.342260360717773
-11.337753295898438
-11.325597763061523
-11.346867561340332
-11.33482551574707
-11.346970558166504
-11.329052925109863
-11.331704139709473
-11.336280822753906
-11.34826374053955
-11.336080551147461
-11.332111358642578
-11.339643478393555
-11.327810287475586
-11.345108032226562
-11.345331192016602
-11.335579872131348
-11.333090782165527
-11.33426284790039
-11.34080696105957
-11.344669342041016
-11.33554744720459
-11.332598686218262
-11.33271598815918
-11.328567504882812
-11.335164070129395
-11.354121208190918
-11.32659912109375
-11.33645248413086
-11.33910083770752
-11.331229209899902
-11.34677505493164
-11.323259353637695
-11.341348648071289
-11.33703899383545
-11.336833953857422
-11.343782424926758
-11.341005325317383
-11.344206809997559
-11.335705757141113
-11.354537010192871
-11.342740058898926
-11.340341567993164
-11.332768440246582
-11.327792167663574
-11.332242965698242
-11.334144592285156
-11.338218688964844
-11.331522941589355
-11.333168983459473
-11.334607124328613
-11.331748008728027
-11.33974552154541
-11.33104133605957
-11.329301834106445
-11.33669662475586
-11.318283081054688
-11.357010841369629
-11.327164649963379
-11.350944519042969
-11.341815948486328
-11.350204467773438
-11.346277236938477
-11.340551376342773
-11.332022666931152
-11.31104564666748
-11.335710525512695
-11.341371536254883
-11.350064277648926
-11.332724571228027
-11.341787338256836
-11.321656227111816
-11.334185600280762
-11.321142196655273
-11.327717781066895
-11.326947212219238
-11.332189559936523
-11.346562385559082
-11.336044311523438
-11.343530654907227
-11.343828201293945
-11.345919609069824
-11.3496675491333
-11.328333854675293
-11.334033012390137
-11.326027870178223
-11.327548027038574
-11.3331298828125
-11.313980102539062
-11.323864936828613
-11.336331367492676
-11.332648277282715
-11.315155982971191
-11.32787036895752
-11.331489562988281
-11.330875396728516
-11.340764045715332
-11.330638885498047
-11.330719947814941
-11.315688133239746
-11.309317588806152
-11.333971977233887
-11.35450553894043
-11.32466983795166
-11.338394165039062
-11.318204879760742
-11.31832218170166
-11.324360847473145
-11.320939064025879
-11.343910217285156
-11.332659721374512
-11.3511381149292
-11.347811698913574
-11.321664810180664
