loss_b
-1.0973126888275146
-1.0981831550598145
-1.099148154258728
-1.0994586944580078
-1.0998576879501343
-1.1001055240631104
-1.1001715660095215
-1.0997710227966309
-1.1000399589538574
-1.1008070707321167
-1.100691318511963
-1.1013725996017456
-1.1014248132705688
-1.1025307178497314
-1.1021195650100708
-1.1030455827713013
-1.103517770767212
-1.1044867038726807
-1.1053571701049805
-1.1057376861572266
-1.1071491241455078
-1.1092133522033691
-1.1125410795211792
-1.109243392944336
-1.1137661933898926
-1.1173803806304932
-1.117979645729065
-1.1202313899993896
-1.128068447113037
-1.1340703964233398
-1.1335437297821045
-1.1408789157867432
-1.1473935842514038
-1.1534439325332642
-1.15751051902771
-1.1734163761138916
-1.1690349578857422
-1.1794207096099854
-1.1964385509490967
-1.2007641792297363
-1.2192938327789307
-1.243767499923706
-1.2530040740966797
-1.2715823650360107
-1.2641009092330933
-1.32227623462677
-1.352073311805725
-1.3512555360794067
-1.381747841835022
-1.4381625652313232
-1.469594120979309
-1.4871230125427246
-1.5796347856521606
-1.5779237747192383
-1.658703088760376
-1.8180549144744873
-1.9250640869140625
-1.9751280546188354
-2.141291618347168
-2.1788222789764404
-2.32650089263916
-2.4348597526550293
-2.656493902206421
-3.0506234169006348
-2.7812304496765137
-3.2683157920837402
-3.4115915298461914
-3.215136766433716
-3.2390706539154053
-3.1740524768829346
-3.2081079483032227
-3.232550621032715
-3.020005464553833
-3.274270534515381
-3.0995190143585205
-3.3031375408172607
-3.4805233478546143
-3.5833580493927
-3.6841678619384766
-3.6975302696228027
-3.6843180656433105
-3.8024933338165283
-3.4863224029541016
-3.6387553215026855
-4.09717321395874
-3.7871358394622803
-3.696502923965454
-3.798384666442871
-3.8905434608459473
-3.9236066341400146
-3.9992549419403076
-4.171916484832764
-3.9244120121002197
-4.124295234680176
-4.097034454345703
-4.111959934234619
-4.246201992034912
-4.444155216217041
-4.219311237335205
-4.3888397216796875
-4.335692405700684
-4.5186944007873535
-4.510611534118652
-4.555419921875
-4.737975597381592
-4.604375839233398
-4.519138336181641
-4.459766864776611
-4.818645477294922
-4.772857666015625
-4.764290809631348
-4.754561901092529
-4.6200337409973145
-5.190999507904053
-4.966149806976318
-5.011642932891846
-5.114267826080322
-5.1599650382995605
-4.998064994812012
-5.115021228790283
-5.218719959259033
-5.143449306488037
-5.092825889587402
-5.313679218292236
-5.387073040008545
-5.416699409484863
-5.315707206726074
-5.588897705078125
-5.523666858673096
-5.570647716522217
-5.393551826477051
-5.537568092346191
-5.702230453491211
-5.689119338989258
-5.695950508117676
-5.661166667938232
-5.714541435241699
-5.811365604400635
-5.7109832763671875
-5.641371250152588
-5.761687278747559
-5.8200788497924805
-5.771712303161621
-5.983925819396973
-5.901975631713867
-5.878504276275635
-5.927207946777344
-5.847269058227539
-5.888854503631592
-5.89603853225708
-5.8954010009765625
-5.94890832901001
-5.971656799316406
-6.030882358551025
-6.01030969619751
-5.9958415031433105
-6.095040798187256
-6.071885108947754
-6.018767356872559
-6.109188556671143
-6.165857315063477
-6.065946578979492
-6.073968410491943
-6.1106343269348145
-6.105586528778076
-6.063043117523193
-6.1089043617248535
-6.205935001373291
-6.098335266113281
-6.107372283935547
-6.120781898498535
-6.199690818786621
-6.096601963043213
-6.123879909515381
-6.246798515319824
-6.058062553405762
-6.214685440063477
-6.260366916656494
-6.258383750915527
-6.304731369018555
-6.344085216522217
-6.2856526374816895
-6.2725605964660645
-6.348413467407227
-6.39176607131958
-6.404685020446777
-6.3199944496154785
-6.40495491027832
-6.3722357749938965
-6.457566738128662
-6.377997875213623
-6.481712818145752
-6.549740791320801
-6.478057384490967
-6.529313087463379
-6.504940032958984
-6.575934886932373
-6.588067054748535
-6.641748905181885
-6.585764408111572
-6.491985321044922
-6.647090911865234
-6.717790603637695
-6.750136852264404
-6.709759712219238
-6.703232288360596
-6.775820732116699
-6.708438873291016
-6.694334506988525
-6.732250213623047
-6.873640060424805
-6.678999900817871
-6.919830799102783
-6.925252437591553
-6.904448509216309
-7.05769157409668
-6.883117198944092
-6.9427008628845215
-6.7757978439331055
-6.904996395111084
-6.9618377685546875
-6.896755695343018
-6.90474271774292
-6.926859378814697
-6.831342697143555
-7.030380725860596
-6.892791748046875
-6.986609935760498
-7.042164325714111
-6.77170467376709
-6.872498512268066
-6.997507572174072
-6.96065616607666
-7.168462753295898
-7.032764911651611
-7.169895172119141
-7.034637928009033
-7.192531585693359
-7.057123184204102
-7.112396717071533
-7.159788131713867
-7.015914440155029
-6.980986595153809
-7.328494071960449
-7.2520623207092285
-7.231619358062744
-7.171672821044922
-7.162115097045898
-7.3399658203125
-7.321369647979736
-7.3044562339782715
-7.201659679412842
-7.203183174133301
-7.296871185302734
-7.264508247375488
-7.151754856109619
-7.296955108642578
-7.277104377746582
-7.301011085510254
-7.3386454582214355
-7.320553779602051
-7.297637462615967
-7.291088581085205
-7.42852258682251
-7.340817451477051
-7.443695068359375
-7.431911945343018
-7.237398147583008
-7.32546329498291
-7.251622676849365
-7.378073692321777
-7.433651447296143
-7.344295501708984
-7.413810729980469
-7.341214656829834
-7.209031105041504
-7.347036838531494
-7.128680229187012
-7.387067794799805
-7.251054286956787
-7.331607818603516
-7.383979320526123
-7.269344806671143
-7.482517242431641
-7.428280353546143
-7.367258548736572
-7.404918670654297
-7.345486164093018
-7.46617317199707
-7.536069869995117
-7.406078815460205
-7.479865074157715
-7.488550662994385
-7.6131978034973145
-7.5439982414245605
-7.460820198059082
-7.547449588775635
-7.53193473815918
-7.498918533325195
-7.4947028160095215
-7.493775844573975
-7.728832721710205
-7.553857326507568
-7.49128532409668
-7.471071720123291
-7.441990375518799
-7.558520317077637
-7.5387139320373535
-7.493506908416748
-7.6198811531066895
-7.609256744384766
-7.5946736335754395
-7.62225866317749
-7.585981369018555
-7.696354866027832
-7.582161903381348
-7.634670734405518
-7.602487087249756
-7.613972187042236
-7.649142742156982
-7.703385353088379
-7.581640243530273
-7.569887161254883
-7.694859981536865
-7.556499481201172
-7.638540744781494
-7.472783088684082
-7.567550182342529
-7.603381633758545
-7.661527156829834
-7.636084079742432
-7.5589141845703125
-7.711259365081787
-7.589503288269043
-7.628646373748779
-7.638777732849121
-7.626409530639648
-7.71075963973999
-7.689749717712402
-7.669396877288818
-7.696185111999512
-7.654126167297363
-7.687888145446777
-7.701354026794434
-7.677980899810791
-7.7599310874938965
-7.567951679229736
-7.707466125488281
-7.636494159698486
-7.6539998054504395
-7.735586166381836
-7.679257392883301
-7.774181842803955
-7.844888210296631
-7.691819667816162
-7.738953590393066
-7.686764717102051
-7.729166507720947
-7.761713027954102
-7.820505619049072
-7.842659950256348
-7.821718215942383
-7.817850589752197
-7.719399929046631
-7.780128479003906
-7.794976234436035
-7.847536087036133
-7.79953670501709
-7.798746109008789
-7.789552211761475
-7.767006874084473
-7.84222412109375
-7.866485595703125
-7.819364547729492
-7.796227931976318
-7.787536144256592
-7.7822065353393555
-7.781461238861084
-7.8112263679504395
-7.829062461853027
-7.801548004150391
-7.852785587310791
-7.835113048553467
-7.814656734466553
-7.818737983703613
-7.87554931640625
-7.7695817947387695
-7.841170787811279
-7.902796745300293
-7.82000732421875
-7.87560510635376
-7.874286651611328
-7.875824928283691
-7.869338512420654
-7.936772346496582
-7.902848243713379
-7.901335716247559
-7.869237422943115
-7.862200736999512
-7.898158073425293
-7.936716079711914
-7.8511247634887695
-7.939850807189941
-7.8756232261657715
-7.954873085021973
-7.867534160614014
-7.851069450378418
-7.952630519866943
-7.844806671142578
-7.919896125793457
-7.895383358001709
-7.898392200469971
-7.909491539001465
-7.870821952819824
-7.880052089691162
-7.887763023376465
-7.929052352905273
-7.927552700042725
-7.862157821655273
-7.8721418380737305
-7.912428379058838
-7.917903900146484
-7.910097599029541
-7.97318172454834
-7.931105136871338
-7.9971184730529785
-7.96558952331543
-7.97908353805542
-8.004681587219238
-7.899048805236816
-7.962414264678955
-8.012084007263184
-7.958531379699707
-7.981316089630127
-7.940801620483398
-8.008143424987793
-7.9731011390686035
-7.9623637199401855
-7.955026626586914
-7.903095722198486
-7.951689720153809
-8.011909484863281
-8.050750732421875
-7.948131561279297
-7.994017601013184
-7.930706977844238
-8.063125610351562
-7.934577465057373
-8.034109115600586
-8.006669998168945
-8.090190887451172
-7.978767395019531
-8.025291442871094
-7.953694820404053
-8.055423736572266
-7.995588779449463
-8.088294982910156
-8.063339233398438
-8.073537826538086
-8.026137351989746
-8.009749412536621
-8.114946365356445
-7.973196029663086
-8.05771255493164
-7.976938247680664
-8.023319244384766
-8.0684232711792
-8.057950973510742
-8.029118537902832
-8.10684871673584
-8.041526794433594
-8.059128761291504
-8.01732349395752
-8.086734771728516
-8.06729793548584
-8.112710952758789
-8.082523345947266
-8.044520378112793
-8.116559982299805
-8.049936294555664
-8.078987121582031
-8.059103965759277
-8.113250732421875
-8.066312789916992
-8.088462829589844
-8.076367378234863
-8.075091361999512
-8.115307807922363
-8.147146224975586
-8.105530738830566
-8.090245246887207
-8.116242408752441
-8.091361045837402
-8.137956619262695
-8.053037643432617
-8.10501766204834
-8.102544784545898
-8.137863159179688
-8.100379943847656
-8.1517333984375
-8.158824920654297
-8.134993553161621
-8.130038261413574
-8.136327743530273
-8.161641120910645
-8.154898643493652
-8.189379692077637
-8.194464683532715
-8.158857345581055
-8.181971549987793
-8.132333755493164
-8.148159980773926
-8.177933692932129
-8.194140434265137
-8.207636833190918
-8.17947006225586
-8.17353630065918
-8.104795455932617
-8.154476165771484
-8.223031997680664
-8.173467636108398
-8.144132614135742
-8.094139099121094
-8.184517860412598
-8.153664588928223
-8.18208122253418
-8.220044136047363
-8.075644493103027
-8.208985328674316
-8.14366626739502
-8.162529945373535
-8.17859935760498
-8.181168556213379
-8.156651496887207
-8.236211776733398
-8.214030265808105
-8.201896667480469
-8.231830596923828
-8.282739639282227
-8.23976993560791
-8.222111701965332
-8.191818237304688
-8.172721862792969
-8.250370979309082
-8.24282455444336
-8.192564964294434
-8.228727340698242
-8.226776123046875
-8.258052825927734
-8.226740837097168
-8.23802375793457
-8.227214813232422
-8.146825790405273
-8.211429595947266
-8.208280563354492
-8.174518585205078
-8.247915267944336
-8.269250869750977
-8.23360538482666
-8.284350395202637
-8.241034507751465
-8.234768867492676
-8.28231430053711
-8.199249267578125
-8.267396926879883
-8.236180305480957
-8.2794189453125
-8.272265434265137
-8.225312232971191
-8.281394958496094
-8.308077812194824
-8.236848831176758
-8.24559497833252
-8.280099868774414
-8.309606552124023
-8.277667999267578
-8.280303955078125
-8.300488471984863
-8.319168090820312
-8.27100944519043
-8.289551734924316
-8.261964797973633
-8.296154022216797
-8.309053421020508
-8.289956092834473
-8.29683780670166
-8.341577529907227
-8.316521644592285
-8.309629440307617
-8.323323249816895
-8.3180513381958
-8.274985313415527
-8.389599800109863
-8.267132759094238
-8.161858558654785
-8.338473320007324
-8.264163970947266
-8.248390197753906
-8.323904037475586
-8.205916404724121
-8.33349609375
-8.389202117919922
-8.1412935256958
-8.369139671325684
-8.273435592651367
-8.31063461303711
-8.314458847045898
-8.224536895751953
-8.368436813354492
-8.231688499450684
-8.311446189880371
-8.373083114624023
-8.320032119750977
-8.3569974899292
-8.32722282409668
-8.394031524658203
-8.417485237121582
-8.393106460571289
-8.383898735046387
-8.35739517211914
-8.371898651123047
-8.344170570373535
-8.413421630859375
-8.376989364624023
-8.374969482421875
-8.416259765625
-8.376155853271484
-8.293492317199707
-8.397464752197266
-8.440412521362305
-8.389735221862793
-8.372800827026367
-8.430100440979004
-8.278390884399414
-8.378495216369629
-8.444199562072754
-8.238404273986816
-8.424860954284668
-8.370079040527344
-8.306265830993652
-8.423975944519043
-8.21546745300293
-8.485553741455078
-8.268243789672852
-8.357820510864258
-8.47215461730957
-8.35276985168457
-8.448668479919434
-8.449956893920898
-8.392545700073242
-8.441405296325684
-8.447419166564941
-8.391704559326172
-8.3956880569458
-8.483037948608398
-8.435601234436035
-8.414928436279297
-8.482305526733398
-8.409812927246094
-8.360052108764648
-8.45467472076416
-8.433478355407715
-8.457171440124512
-8.462580680847168
-8.474265098571777
-8.467939376831055
-8.470409393310547
-8.426492691040039
-8.459579467773438
-8.449430465698242
-8.43731689453125
-8.461923599243164
-8.44664192199707
-8.3472261428833
-8.474937438964844
-8.38479995727539
-8.431373596191406
-8.478193283081055
-8.385346412658691
-8.448996543884277
-8.493339538574219
-8.326452255249023
-8.516780853271484
-8.398858070373535
-8.38103199005127
-8.496941566467285
-8.358189582824707
-8.478347778320312
-8.495667457580566
-8.416685104370117
-8.516195297241211
-8.511180877685547
-8.48031234741211
-8.558878898620605
-8.51976490020752
-8.500933647155762
-8.578110694885254
-8.48458480834961
-8.45677661895752
-8.566105842590332
-8.524981498718262
-8.471833229064941
-8.492403984069824
-8.58898639678955
-8.473525047302246
-8.518095016479492
-8.55954360961914
-8.503507614135742
-8.535829544067383
-8.532465934753418
-8.558696746826172
-8.548221588134766
-8.568319320678711
-8.507129669189453
-8.55951976776123
-8.523040771484375
-8.505694389343262
-8.55948543548584
-8.568885803222656
-8.579014778137207
-8.607518196105957
-8.561888694763184
-8.594141006469727
-8.574005126953125
-8.574857711791992
-8.560161590576172
-8.595426559448242
-8.596436500549316
-8.59141731262207
-8.557145118713379
-8.563302040100098
-8.568472862243652
-8.564142227172852
-8.576150894165039
-8.622337341308594
-8.611108779907227
-8.56175708770752
-8.668701171875
-8.566286087036133
-8.546948432922363
-8.578817367553711
-8.61568832397461
-8.49958324432373
-8.592968940734863
-8.602669715881348
-8.509098052978516
-8.567892074584961
-8.600327491760254
-8.526700973510742
-8.528730392456055
-8.62038516998291
-8.606066703796387
-8.599302291870117
-8.645326614379883
-8.59775161743164
-8.53904914855957
-8.581733703613281
-8.597841262817383
-8.539318084716797
-8.590439796447754
-8.660039901733398
-8.645528793334961
-8.672624588012695
-8.577797889709473
-8.599011421203613
-8.665823936462402
-8.693216323852539
-8.629657745361328
-8.645857810974121
-8.644806861877441
-8.653318405151367
-8.629007339477539
-8.597765922546387
-8.663338661193848
-8.646977424621582
-8.646357536315918
-8.70226001739502
-8.59183120727539
-8.57877254486084
-8.678645133972168
-8.642906188964844
-8.564728736877441
-8.647592544555664
-8.630199432373047
-8.596234321594238
-8.657001495361328
-8.684097290039062
-8.625452041625977
-8.632996559143066
-8.715442657470703
-8.670587539672852
-8.663591384887695
-8.658903121948242
-8.670202255249023
-8.66614818572998
-8.65172004699707
-8.673344612121582
-8.681642532348633
-8.698282241821289
-8.682323455810547
-8.682766914367676
-8.744741439819336
-8.686258316040039
-8.686387062072754
-8.653197288513184
-8.70319652557373
-8.585097312927246
-8.644919395446777
-8.692808151245117
-8.667508125305176
-8.64712142944336
-8.740077018737793
-8.685967445373535
-8.624005317687988
-8.709556579589844
-8.746231079101562
-8.706735610961914
-8.646623611450195
-8.654385566711426
-8.714642524719238
-8.686427116394043
-8.671354293823242
-8.616230010986328
-8.674444198608398
-8.728570938110352
-8.704266548156738
-8.706530570983887
-8.623284339904785
-8.7241792678833
-8.69399642944336
-8.643674850463867
-8.670851707458496
-8.702868461608887
-8.716094970703125
-8.702068328857422
-8.691240310668945
-8.762483596801758
-8.782227516174316
-8.73133373260498
-8.680397987365723
-8.711931228637695
-8.74494743347168
-8.7349214553833
-8.767884254455566
-8.750333786010742
-8.713268280029297
-8.7146577835083
-8.764123916625977
-8.773283004760742
-8.74350643157959
-8.752840042114258
-8.767047882080078
-8.744519233703613
-8.7890043258667
-8.797473907470703
-8.755342483520508
-8.765488624572754
-8.776995658874512
-8.74516773223877
-8.760146141052246
-8.773691177368164
-8.795614242553711
-8.755354881286621
-8.725797653198242
-8.757450103759766
-8.778853416442871
-8.758917808532715
-8.814470291137695
-8.80734634399414
-8.745376586914062
-8.744281768798828
-8.75490951538086
-8.77667236328125
-8.76983642578125
-8.820606231689453
-8.777064323425293
-8.711755752563477
-8.585285186767578
-8.730059623718262
-8.781978607177734
-8.545919418334961
-8.676894187927246
-8.816617012023926
-8.648868560791016
-8.654369354248047
-8.819807052612305
-8.626785278320312
-8.690412521362305
-8.734000205993652
-8.626070976257324
-8.748080253601074
-8.817061424255371
-8.646885871887207
-8.653615951538086
-8.800122261047363
-8.817956924438477
-8.79491901397705
-8.793168067932129
-8.809896469116211
-8.82370376586914
-8.808563232421875
-8.80257797241211
-8.732305526733398
-8.808521270751953
-8.84326171875
-8.749910354614258
-8.653966903686523
-8.827044486999512
-8.724574089050293
-8.516237258911133
-8.801352500915527
-8.612602233886719
-8.645821571350098
-8.79556655883789
-8.535683631896973
-8.732956886291504
-8.803812980651855
-8.580055236816406
-8.810354232788086
-8.71524715423584
-8.703434944152832
-8.784546852111816
-8.55002212524414
-8.826549530029297
-8.732202529907227
-8.677135467529297
-8.820279121398926
-8.699599266052246
-8.718547821044922
-8.86337661743164
-8.654228210449219
-8.746386528015137
-8.818702697753906
-8.711915016174316
-8.81164264678955
-8.745565414428711
-8.720124244689941
-8.864266395568848
-8.850916862487793
-8.795928955078125
-8.831621170043945
-8.795974731445312
-8.809340476989746
-8.851407051086426
-8.895569801330566
-8.886259078979492
-8.856965065002441
-8.861715316772461
-8.870579719543457
-8.820056915283203
-8.844200134277344
-8.84536361694336
-8.71243953704834
-8.868706703186035
-8.851408004760742
-8.740464210510254
-8.838173866271973
-8.85279369354248
-8.807849884033203
-8.872978210449219
-8.857328414916992
-8.888423919677734
-8.780847549438477
-8.835081100463867
-8.832883834838867
-8.667891502380371
-8.850031852722168
-8.72658634185791
-8.785423278808594
-8.841004371643066
-8.775712966918945
-8.862101554870605
-8.920042037963867
-8.815845489501953
-8.853052139282227
-8.864513397216797
-8.805840492248535
-8.805394172668457
-8.885323524475098
-8.870930671691895
-8.801429748535156
-8.896567344665527
-8.903050422668457
-8.90852165222168
-8.925320625305176
-8.894790649414062
-8.851393699645996
-8.830405235290527
-8.855770111083984
-8.874750137329102
-8.860381126403809
-8.799135208129883
-8.847088813781738
-8.851991653442383
-8.899886131286621
-8.902971267700195
-8.916656494140625
-8.885130882263184
-8.905494689941406
-8.868319511413574
-8.909955024719238
-8.933577537536621
-8.925402641296387
-8.932746887207031
-8.957939147949219
-8.940462112426758
-8.926888465881348
-8.941011428833008
-8.8992338180542
-8.898443222045898
-8.862943649291992
-8.95127010345459
-8.881699562072754
-8.898975372314453
-8.887977600097656
-8.931328773498535
-8.916118621826172
-8.89698600769043
-8.909284591674805
-8.938945770263672
-8.900301933288574
-8.910550117492676
-8.93665885925293
-8.944620132446289
-8.96375846862793
-8.948264122009277
-8.959726333618164
-8.903063774108887
-8.925651550292969
-8.846395492553711
-8.8820161819458
-8.903407096862793
-8.94877815246582
-8.932703018188477
-8.778352737426758
-8.867460250854492
-8.947627067565918
-8.821266174316406
-8.784577369689941
-8.97526741027832
-8.90902042388916
-8.82614803314209
-8.944825172424316
-8.889298439025879
-8.732625007629395
-8.97162914276123
-8.854630470275879
-8.67823314666748
-8.965873718261719
-8.674138069152832
-8.739466667175293
-8.878305435180664
-8.440655708312988
-8.934564590454102
-8.594801902770996
-8.941995620727539
-8.73595905303955
-8.782146453857422
-8.95344066619873
-8.715249061584473
-8.893274307250977
-8.93828010559082
-8.783649444580078
-8.908177375793457
-8.786927223205566
-8.851706504821777
-9.002184867858887
-8.949498176574707
-8.9210786819458
-8.9691801071167
-8.978445053100586
-8.97618579864502
-8.991832733154297
-8.991498947143555
-8.941781997680664
-8.940223693847656
-8.93620777130127
-9.000117301940918
-8.989840507507324
-9.011219024658203
-8.954057693481445
-8.910008430480957
-8.932724952697754
-8.945782661437988
-8.991446495056152
-8.973233222961426
-8.925331115722656
-9.002735137939453
-8.953422546386719
-8.917342185974121
-8.909708976745605
-8.972511291503906
-8.995224952697754
-8.986091613769531
-8.974692344665527
-8.943742752075195
-9.032243728637695
-9.006415367126465
-8.980297088623047
-9.028578758239746
-8.99410629272461
-8.959237098693848
-8.960575103759766
-9.00189208984375
-8.966558456420898
-8.941073417663574
-8.913384437561035
-8.98648738861084
-9.012810707092285
-9.02901554107666
-8.937250137329102
-8.832921981811523
-8.9826021194458
-9.039474487304688
-8.965622901916504
-8.955521583557129
-8.985177993774414
-9.023083686828613
-8.98330020904541
-8.925494194030762
-8.974849700927734
-9.020395278930664
-8.999815940856934
-8.897711753845215
-8.909648895263672
-9.012392044067383
-9.03772258758545
-9.015730857849121
-9.033510208129883
-8.989606857299805
-8.950539588928223
-9.080708503723145
-8.967906951904297
-8.806097984313965
-8.872906684875488
-9.059263229370117
-9.024530410766602
-9.028146743774414
-9.028764724731445
-9.05703067779541
-8.995258331298828
-8.952020645141602
-8.982454299926758
-8.989145278930664
-9.016261100769043
-9.03240966796875
-9.013836860656738
-9.06723403930664
-9.008453369140625
-8.969836235046387
-8.954415321350098
-9.027652740478516
-9.031526565551758
-9.098856925964355
-9.037038803100586
-9.048357009887695
-9.024293899536133
-9.050336837768555
-9.01148796081543
-9.052111625671387
-9.040346145629883
-9.072030067443848
-9.095419883728027
-9.071439743041992
-9.036811828613281
-9.017902374267578
-9.027975082397461
-9.108427047729492
-9.045036315917969
-8.993407249450684
-8.878071784973145
-9.006573677062988
-9.038933753967285
-8.971644401550293
-8.932815551757812
-9.043594360351562
-9.091292381286621
-8.998238563537598
-8.960226058959961
-9.040989875793457
-9.073260307312012
-8.96805477142334
-8.953994750976562
-9.030160903930664
-9.054855346679688
-9.052180290222168
-8.90482234954834
-8.929823875427246
-9.096219062805176
-8.8577299118042
-8.886698722839355
-9.0359468460083
-8.968832969665527
-8.852615356445312
-9.059138298034668
-9.027068138122559
-8.99417781829834
-9.023530006408691
-9.089250564575195
-8.984006881713867
-9.032099723815918
-9.04182243347168
-9.07318115234375
-9.056232452392578
-9.015896797180176
-9.036822319030762
-9.0890474319458
-9.08459186553955
-9.085771560668945
-9.066555976867676
-9.112173080444336
-9.08980655670166
-9.100390434265137
-9.09422492980957
-9.146522521972656
-9.059215545654297
-9.016007423400879
-8.933245658874512
-9.019843101501465
-9.09291934967041
-9.072823524475098
-9.055232048034668
-9.031333923339844
-9.044208526611328
-9.044898986816406
-9.102773666381836
-9.07283878326416
-9.05649471282959
-8.946796417236328
-9.01966667175293
-9.099769592285156
-9.095600128173828
-9.051984786987305
-9.036208152770996
-9.036762237548828
-9.097811698913574
-9.091635704040527
-9.054243087768555
-9.012014389038086
-9.058540344238281
-9.080065727233887
-9.03989028930664
-8.88940143585205
-9.038897514343262
-9.10844898223877
-9.016938209533691
-8.931655883789062
-9.05268383026123
-9.059579849243164
-9.072305679321289
-9.051651000976562
-9.116068840026855
-9.100528717041016
-9.063076972961426
-9.052806854248047
-9.14786434173584
-9.084739685058594
-9.058810234069824
-8.839619636535645
-9.040769577026367
-9.048208236694336
-8.89346981048584
-9.011941909790039
-9.122546195983887
-8.922635078430176
-8.989398002624512
-9.08029556274414
-8.987451553344727
-9.034833908081055
-9.07081413269043
-9.033230781555176
-9.09003734588623
-9.094130516052246
-9.122347831726074
-9.10430908203125
-9.077160835266113
-9.100977897644043
-9.033987998962402
-9.06149673461914
-9.040922164916992
-9.097648620605469
-9.142730712890625
-9.141023635864258
-9.138368606567383
-9.081960678100586
-9.11905574798584
-9.13296127319336
-9.112916946411133
-9.0821533203125
-9.094820976257324
-9.116466522216797
-9.118219375610352
-9.076791763305664
-9.09323787689209
-9.161581993103027
-9.160433769226074
-9.117637634277344
-9.097704887390137
-9.114295959472656
-9.107880592346191
-9.143918991088867
-9.121009826660156
-9.175836563110352
-9.134937286376953
-9.123151779174805
-9.030491828918457
-9.026888847351074
-9.132519721984863
-9.09362506866455
-9.029675483703613
-9.024992942810059
-9.129987716674805
-9.13829517364502
-9.068512916564941
-9.046943664550781
-9.092122077941895
-9.135869026184082
-9.105369567871094
-9.144033432006836
-9.12666130065918
-9.066892623901367
-9.08569049835205
-9.145892143249512
-9.175539016723633
-9.098204612731934
-9.065641403198242
-9.094308853149414
-9.094131469726562
-9.12940788269043
-9.124244689941406
-9.151883125305176
-9.098408699035645
-9.122426986694336
-9.146937370300293
-9.192612648010254
-9.158458709716797
-9.139065742492676
-9.134482383728027
-9.122725486755371
-9.18746566772461
-9.162875175476074
-9.172164916992188
-9.07973861694336
-9.031311988830566
-9.011038780212402
-9.110678672790527
-9.167917251586914
-9.13361644744873
-8.978954315185547
-9.133502960205078
-9.164040565490723
-9.146385192871094
-9.127043724060059
-9.118313789367676
-9.15717601776123
-9.183271408081055
-9.164566040039062
-9.165335655212402
-9.16877555847168
-9.175835609436035
-9.195698738098145
-9.168874740600586
-9.170279502868652
-9.162964820861816
-9.148825645446777
-9.13692569732666
-9.171981811523438
-9.18624496459961
-9.191293716430664
-9.12479305267334
-9.059711456298828
-9.101583480834961
-9.118188858032227
-9.181327819824219
-9.132098197937012
-9.11808967590332
-9.12203311920166
-9.141875267028809
-9.079812049865723
-9.14398193359375
-9.18340015411377
-9.168316841125488
-9.129218101501465
-9.120244026184082
-9.157447814941406
-9.133966445922852
-9.184894561767578
-9.122557640075684
-9.010987281799316
-9.147002220153809
-9.204585075378418
-9.134689331054688
-9.011707305908203
-9.078753471374512
-9.180442810058594
-9.158173561096191
-9.05939769744873
-9.125452041625977
-9.173826217651367
-9.208410263061523
-8.991010665893555
-9.051390647888184
-9.176058769226074
-9.1553955078125
-9.073424339294434
-9.044541358947754
-9.123085975646973
-9.208893775939941
-9.076589584350586
-8.973384857177734
-9.17131519317627
-9.15947437286377
-8.972513198852539
-9.072271347045898
-9.196959495544434
-9.15235710144043
-9.066555976867676
-9.074286460876465
-9.17962646484375
-9.146476745605469
-9.087481498718262
-9.103475570678711
-9.189971923828125
-9.218791961669922
-9.091791152954102
-9.029729843139648
-9.17403507232666
-8.961698532104492
-8.990232467651367
-9.227255821228027
-8.983329772949219
-9.011543273925781
-9.168973922729492
-8.970412254333496
-9.068175315856934
-9.194210052490234
-9.06363296508789
-9.056930541992188
-9.181873321533203
-9.126012802124023
-9.064116477966309
-9.110118865966797
-9.158143043518066
-9.212224006652832
-9.212644577026367
-9.225238800048828
-9.209547996520996
-9.20641803741455
-9.214594841003418
-9.251778602600098
-9.200968742370605
-9.137484550476074
-9.198938369750977
-9.178135871887207
-9.188112258911133
-9.224387168884277
-9.227306365966797
-9.163497924804688
-9.116271018981934
-9.150352478027344
-9.232440948486328
-9.190030097961426
-9.184784889221191
-9.227274894714355
-9.216188430786133
-9.142461776733398
-9.22847843170166
-9.182231903076172
-9.130132675170898
-9.12686538696289
-9.22146224975586
-9.208553314208984
-9.17453384399414
-9.177205085754395
-9.208078384399414
-9.219159126281738
-9.190011024475098
-9.188289642333984
-9.207287788391113
-9.196425437927246
-9.214094161987305
-9.145549774169922
-9.133009910583496
-9.254926681518555
-9.242817878723145
-9.183598518371582
-9.199663162231445
-9.184597969055176
-9.209574699401855
-9.196403503417969
-9.222289085388184
-9.164599418640137
-9.13605785369873
-9.179868698120117
-9.223555564880371
-9.27273178100586
-9.170479774475098
-9.107486724853516
-9.173641204833984
-9.239659309387207
-9.212794303894043
-9.122300148010254
-9.111671447753906
-9.177549362182617
-9.237290382385254
-9.21338939666748
-9.248320579528809
-9.218634605407715
-9.2154541015625
-9.249409675598145
-9.238631248474121
-9.230588912963867
-9.231437683105469
-9.245694160461426
-9.207540512084961
-9.194265365600586
-9.136797904968262
-9.227837562561035
-9.24379825592041
-9.21815299987793
-9.085494041442871
-9.064565658569336
-9.239058494567871
-9.20363998413086
-9.053881645202637
-9.168118476867676
-9.185661315917969
-9.018592834472656
-9.074957847595215
-9.170440673828125
-9.00008487701416
-9.12424373626709
-9.227082252502441
-9.136465072631836
-9.164595603942871
-9.208027839660645
-9.203495025634766
-9.228466987609863
-9.223902702331543
-9.252375602722168
-9.228412628173828
-9.186699867248535
-9.233888626098633
-9.220252990722656
-9.200630187988281
-9.10253620147705
-9.049175262451172
-9.166764259338379
-9.263147354125977
-9.168696403503418
-9.16179084777832
-9.174676895141602
-9.261092185974121
-9.171324729919434
-9.035900115966797
-9.269912719726562
-9.160870552062988
-9.069001197814941
-9.231159210205078
-9.106579780578613
-9.020763397216797
-9.238574028015137
-9.121376037597656
-9.028430938720703
-9.227411270141602
-9.027017593383789
-9.058405876159668
-9.202231407165527
-9.089388847351074
-9.074247360229492
-9.267339706420898
-9.14647102355957
-9.058283805847168
-9.25886058807373
-9.18884563446045
-9.064229011535645
-9.198274612426758
-9.252961158752441
-9.209589004516602
-9.233663558959961
-9.271380424499512
-9.312114715576172
-9.256747245788574
-9.250129699707031
-9.21365737915039
-9.269041061401367
-9.229419708251953
-9.255143165588379
-9.258917808532715
-9.25877571105957
-9.253326416015625
-9.26419734954834
-9.280902862548828
-9.262667655944824
-9.222753524780273
-9.205422401428223
-9.244060516357422
-9.238025665283203
-9.244114875793457
-9.276601791381836
-9.280227661132812
-9.201602935791016
-9.22559928894043
-9.25683879852295
-9.264086723327637
-9.29221248626709
-9.280632972717285
-9.270096778869629
-9.246199607849121
-9.183563232421875
-9.2030611038208
-9.248019218444824
-9.287550926208496
-9.29935073852539
-9.171095848083496
-9.113571166992188
-9.24480152130127
-9.284598350524902
-9.185428619384766
-9.216471672058105
-9.248891830444336
-9.327383995056152
-9.22593879699707
-9.166887283325195
-9.298445701599121
-9.276891708374023
-9.174349784851074
-9.229544639587402
-9.285439491271973
-9.274181365966797
-9.281432151794434
-9.280927658081055
-9.30971908569336
-9.332849502563477
-9.315295219421387
-9.28882884979248
-9.26737117767334
-9.323259353637695
-9.27849006652832
-9.311417579650879
-9.28286361694336
-9.275728225708008
-9.25928783416748
-9.253999710083008
-9.293238639831543
-9.279072761535645
-9.269874572753906
-9.301802635192871
-9.32185173034668
-9.28691291809082
-9.206171989440918
-9.15719985961914
-9.256400108337402
-9.276737213134766
-9.295251846313477
-9.300806999206543
-9.28134822845459
-9.294839859008789
-9.32508659362793
-9.282490730285645
-9.27689266204834
-8.995415687561035
-9.128838539123535
-9.27425765991211
-9.261728286743164
-9.226595878601074
-9.2451753616333
-9.30196762084961
-9.302773475646973
-9.310906410217285
-9.303125381469727
-9.299582481384277
-9.267844200134277
-9.329887390136719
-9.230766296386719
-9.183337211608887
-9.168950080871582
-9.255243301391602
-9.30368709564209
-9.292458534240723
-9.21044635772705
-9.202049255371094
-9.283123970031738
-9.270085334777832
-9.258283615112305
-9.282136917114258
-9.276191711425781
-9.294589042663574
-9.16474437713623
-9.160231590270996
-9.32755184173584
-9.317126274108887
-9.187788963317871
-9.222023963928223
-9.292503356933594
-9.321885108947754
-9.322338104248047
-9.278604507446289
-9.296574592590332
-9.316823959350586
-9.227936744689941
-9.161310195922852
-9.275588035583496
-9.30248737335205
-9.30540657043457
-9.24945068359375
-9.22158145904541
-9.269205093383789
-9.266679763793945
-9.273639678955078
-9.322990417480469
-9.339698791503906
-9.313031196594238
-9.336098670959473
-9.322216987609863
-9.318584442138672
-9.266422271728516
-9.231724739074707
-9.221559524536133
-9.244207382202148
-9.314400672912598
-9.346994400024414
-9.315801620483398
-9.235294342041016
-9.214720726013184
-9.2862548828125
-9.345446586608887
-9.310526847839355
-9.323445320129395
-9.319478034973145
-9.338817596435547
-9.332561492919922
-9.332280158996582
-9.285099983215332
-9.289507865905762
-9.24229907989502
-9.17186164855957
-9.248208045959473
-9.3123779296875
-9.345129013061523
-9.33127498626709
-9.258472442626953
-9.190094947814941
-9.28909683227539
-9.294078826904297
-9.343953132629395
-9.287392616271973
-9.279314041137695
-9.290682792663574
-9.298637390136719
-9.310625076293945
-9.342388153076172
-9.315197944641113
-9.292593002319336
-9.227272033691406
-9.266514778137207
-9.358165740966797
-9.364102363586426
-9.348628997802734
-9.333242416381836
-9.289800643920898
-9.273575782775879
-9.245063781738281
-9.311389923095703
-9.393648147583008
-9.339265823364258
-9.264532089233398
-9.220248222351074
-9.24721908569336
-9.32429027557373
-9.373108863830566
-9.351476669311523
-9.30753231048584
-9.240792274475098
-9.22783088684082
-9.289409637451172
-9.301748275756836
-9.331199645996094
-9.334731101989746
-9.223258018493652
-9.218321800231934
-9.301698684692383
-9.32482624053955
-9.378357887268066
-9.350815773010254
-9.307307243347168
-9.281618118286133
-9.297818183898926
-9.35489559173584
-9.37466812133789
-9.31949234008789
-9.177475929260254
-9.201300621032715
-9.346409797668457
-9.32447338104248
-9.11178207397461
-9.242804527282715
-9.339648246765137
-9.294279098510742
-9.151702880859375
-9.245562553405762
-9.370341300964355
-9.336484909057617
-9.194390296936035
-9.324989318847656
-9.33942699432373
-9.276180267333984
-9.148134231567383
-9.29053783416748
-9.350820541381836
-9.274788856506348
-9.159001350402832
-9.28448486328125
-9.346787452697754
-9.20915699005127
-9.217670440673828
-9.293140411376953
-9.37072467803955
-9.357455253601074
-9.292110443115234
-9.351613998413086
-9.3814697265625
-9.338055610656738
-9.30776596069336
-9.32012939453125
-9.335548400878906
-9.288753509521484
-9.330126762390137
-9.356834411621094
-9.340621948242188
-9.39598274230957
-9.370868682861328
-9.344659805297852
-9.342126846313477
-9.347099304199219
-9.283577919006348
-9.316265106201172
-9.315240859985352
-9.34093189239502
-9.34538459777832
-9.34697151184082
-9.40453052520752
-9.41657829284668
-9.400493621826172
-9.358052253723145
-9.380627632141113
-9.291831016540527
-9.13279914855957
-9.287052154541016
-9.36536979675293
-9.412643432617188
-9.323596000671387
-9.205549240112305
-9.192227363586426
-9.358513832092285
-9.369485855102539
-9.326542854309082
-9.28406047821045
-9.29695987701416
-9.336612701416016
-9.337620735168457
-9.35993766784668
-9.371979713439941
-9.305120468139648
-9.189498901367188
-9.338606834411621
-9.373897552490234
-9.321368217468262
-9.179903984069824
-9.226651191711426
-9.401102066040039
-9.168963432312012
-9.028701782226562
-9.377410888671875
-9.11339282989502
-9.128487586975098
-9.368167877197266
-8.818461418151855
-9.347299575805664
-8.954193115234375
-9.30785083770752
-9.260550498962402
-8.98390007019043
-9.369125366210938
-9.154452323913574
-9.183794021606445
-9.347875595092773
-9.227818489074707
-9.28009033203125
-9.40463638305664
-9.348906517028809
-9.262934684753418
-9.38553237915039
-9.352914810180664
-9.246973037719727
-9.240835189819336
-9.373289108276367
-9.397368431091309
-9.349376678466797
-9.327387809753418
-9.2742280960083
-9.344311714172363
-9.333364486694336
-9.4110689163208
-9.391526222229004
-9.347804069519043
-9.326637268066406
-9.249137878417969
-9.300846099853516
-9.358321189880371
-9.401335716247559
-9.401885986328125
-9.372461318969727
-9.258000373840332
-9.312590599060059
-9.37751579284668
-9.417733192443848
-9.320721626281738
-9.1878080368042
-9.336076736450195
-9.34065055847168
-9.322735786437988
-9.279129028320312
-9.393843650817871
-9.378125190734863
-9.371466636657715
-9.378894805908203
-9.353339195251465
-9.34859561920166
-9.353860855102539
-9.385675430297852
-9.406844139099121
-9.36521053314209
-9.287692070007324
-9.321220397949219
-9.3933744430542
-9.401389122009277
-9.393535614013672
-9.377079010009766
-9.388686180114746
-9.390130043029785
-9.36336898803711
-9.378878593444824
-9.39393424987793
-9.421364784240723
-9.392330169677734
-9.40904426574707
-9.416715621948242
-9.34129810333252
-9.222018241882324
-9.260059356689453
-9.376991271972656
-9.411519050598145
-9.374527931213379
-9.30091381072998
-9.237680435180664
-9.304269790649414
-9.427630424499512
-9.389507293701172
-9.336960792541504
-9.28946304321289
-9.383354187011719
-9.419519424438477
-9.417343139648438
-9.425151824951172
-9.380125045776367
-9.392223358154297
-9.389864921569824
-9.414315223693848
-9.408849716186523
-9.365432739257812
-9.383997917175293
-9.425089836120605
-9.407133102416992
-9.419449806213379
-9.381346702575684
-9.425171852111816
-9.359994888305664
-9.387746810913086
-9.28687858581543
-9.271268844604492
-9.329805374145508
-9.400849342346191
-9.42111873626709
-9.391535758972168
-9.323104858398438
-9.307360649108887
-9.381980895996094
-9.453372955322266
-9.415294647216797
-9.4292631149292
-9.415377616882324
-9.391831398010254
-9.429315567016602
-9.441904067993164
-9.456171989440918
-9.403762817382812
-9.34859561920166
-9.240530967712402
-9.218070030212402
-9.378358840942383
-9.408662796020508
-9.38839054107666
-9.292634963989258
-9.28610897064209
-9.387686729431152
-9.389852523803711
-9.23759651184082
-9.276542663574219
-9.402396202087402
-9.369136810302734
-9.25100040435791
-9.310869216918945
-9.435222625732422
-9.38811206817627
-9.285201072692871
-9.269662857055664
-9.366043090820312
-9.437599182128906
-9.289788246154785
-9.256226539611816
-9.373226165771484
-9.423687934875488
-9.434440612792969
-9.315340042114258
-9.278711318969727
-9.393867492675781
-9.406089782714844
-9.35232925415039
-9.331977844238281
-9.371054649353027
-9.432446479797363
-9.367098808288574
-9.348474502563477
-9.363536834716797
-9.408638954162598
-9.419591903686523
-9.407380104064941
-9.339485168457031
-9.29979419708252
-9.365764617919922
-9.442719459533691
-9.36655330657959
-9.212565422058105
-9.352537155151367
-9.437118530273438
-9.411516189575195
-9.2866849899292
-9.33333969116211
-9.396307945251465
-9.429078102111816
-9.403907775878906
-9.333938598632812
-9.282285690307617
-9.391687393188477
-9.4157075881958
-9.443276405334473
-9.433014869689941
-9.39821720123291
-9.253730773925781
-9.294760704040527
-9.410385131835938
-9.30516242980957
-9.22411823272705
-9.460467338562012
-9.289664268493652
-9.111141204833984
-9.411114692687988
-9.274737358093262
-9.164010047912598
-9.439846992492676
-9.250035285949707
-9.139875411987305
-9.425756454467773
-9.011030197143555
-9.365885734558105
-9.405143737792969
-9.192757606506348
-9.347965240478516
-9.442355155944824
-9.254819869995117
-9.319192886352539
-9.42461109161377
-9.346464157104492
-9.315284729003906
-9.38117504119873
-9.414158821105957
-9.382035255432129
-9.36351203918457
-9.41490650177002
-9.395130157470703
-9.411766052246094
-9.45198917388916
-9.377764701843262
-9.28707504272461
-9.405133247375488
-9.453433990478516
-9.41751766204834
-9.424311637878418
-9.423773765563965
-9.379738807678223
-9.360690116882324
-9.350970268249512
-9.39926815032959
-9.414243698120117
-9.452814102172852
-9.438884735107422
-9.440787315368652
-9.445152282714844
-9.48151683807373
-9.440569877624512
-9.4818754196167
-9.426173210144043
-9.436527252197266
-9.444253921508789
-9.453832626342773
-9.456666946411133
-9.4358491897583
-9.444788932800293
-9.436458587646484
-9.440852165222168
-9.39456558227539
-9.434850692749023
-9.444000244140625
-9.466408729553223
-9.466350555419922
-9.399044036865234
-9.435644149780273
-9.374693870544434
-9.381840705871582
-9.390501022338867
-9.40341567993164
-9.416810989379883
-9.433928489685059
-9.431371688842773
-9.431089401245117
-9.363848686218262
-9.40544605255127
-9.422486305236816
-9.472676277160645
-9.376241683959961
-9.24888801574707
-9.402196884155273
-9.449383735656738
-9.453519821166992
-9.430243492126465
-9.386829376220703
-9.339292526245117
-9.395429611206055
-9.438066482543945
-9.449398040771484
-9.469883918762207
-9.44207763671875
-9.358680725097656
-9.446671485900879
-9.463847160339355
-9.459859848022461
-9.367310523986816
-9.302450180053711
-9.351414680480957
-9.466886520385742
-9.4159517288208
-9.294825553894043
-9.302935600280762
-9.444920539855957
-9.429553031921387
-9.3355073928833
-9.38637924194336
-9.463560104370117
-9.444136619567871
-9.427520751953125
-9.41193962097168
-9.432555198669434
-9.442527770996094
-9.429173469543457
-9.44781494140625
-9.448183059692383
-9.393413543701172
-9.404324531555176
-9.404114723205566
-9.389420509338379
-9.405976295471191
-9.450395584106445
-9.349803924560547
-9.149344444274902
-9.381091117858887
-9.433968544006348
-9.302496910095215
-9.299389839172363
-9.397871017456055
-9.480606079101562
-9.469062805175781
-9.40836238861084
-9.379305839538574
-9.425019264221191
-9.47160530090332
-9.450092315673828
-9.4835786819458
-9.420493125915527
-9.401713371276855
-9.451993942260742
-9.439068794250488
-9.437132835388184
-9.485221862792969
-9.47085952758789
-9.414839744567871
-9.449845314025879
-9.448125839233398
-9.451698303222656
-9.420740127563477
-9.427037239074707
-9.455953598022461
-9.47504711151123
-9.490249633789062
-9.478358268737793
-9.470580101013184
-9.455872535705566
-9.461406707763672
-9.463092803955078
-9.461212158203125
-9.46277141571045
-9.480048179626465
-9.488204002380371
-9.479065895080566
-9.518767356872559
-9.495293617248535
-9.438929557800293
-9.503767967224121
-9.47074031829834
-9.38900089263916
-9.340439796447754
-9.377934455871582
-9.394046783447266
-9.460485458374023
-9.47961711883545
-9.47231674194336
-9.428752899169922
-9.41372013092041
-9.415687561035156
-9.423151016235352
-9.410877227783203
-9.415285110473633
-9.468050003051758
-9.445978164672852
-9.347505569458008
-9.320538520812988
-9.400033950805664
-9.480188369750977
-9.442704200744629
-9.405405044555664
-9.286676406860352
-9.420127868652344
-9.463088035583496
-9.19017505645752
-9.245366096496582
-9.48055362701416
-9.241302490234375
-9.218668937683105
-9.489129066467285
-9.260234832763672
-9.297143936157227
-9.44913387298584
-9.227046966552734
-9.311424255371094
-9.443416595458984
-9.45952320098877
-9.376203536987305
-9.358966827392578
-9.446738243103027
-9.45892333984375
-9.418753623962402
-9.428675651550293
-9.471712112426758
-9.483674049377441
-9.492854118347168
-9.483454704284668
-9.484041213989258
-9.503498077392578
-9.490300178527832
-9.503973960876465
-9.513739585876465
-9.48311710357666
-9.455137252807617
-9.372706413269043
-9.251140594482422
-9.448099136352539
-9.471652030944824
-9.233128547668457
-9.336464881896973
-9.478931427001953
-9.452510833740234
-9.239045143127441
-9.339967727661133
-9.499919891357422
-9.384563446044922
-9.264178276062012
-9.485486030578613
-9.447945594787598
-9.271812438964844
-9.39366340637207
-9.493667602539062
-9.40683650970459
-9.362503051757812
-9.457232475280762
-9.459803581237793
-9.331907272338867
-9.310510635375977
-9.458077430725098
-9.465825080871582
-9.310758590698242
-9.399394989013672
-9.4469575881958
-9.422004699707031
-9.267901420593262
-9.349026679992676
-9.46675968170166
-9.388274192810059
-9.33726692199707
-9.476414680480957
-9.473361015319824
-9.430511474609375
-9.405375480651855
-9.422276496887207
-9.516583442687988
-9.397326469421387
-9.219419479370117
-9.42111873626709
-9.506088256835938
-9.430027961730957
-9.416277885437012
-9.415194511413574
-9.473150253295898
-9.490497589111328
-9.439091682434082
-9.394984245300293
-9.427212715148926
-9.445402145385742
-9.482792854309082
-9.473681449890137
-9.42656135559082
-9.382564544677734
-9.384102821350098
-9.48458480834961
-9.479001998901367
-9.444515228271484
-9.351473808288574
-9.454883575439453
-9.503886222839355
-9.495870590209961
-9.435210227966309
-9.388041496276855
-9.461909294128418
-9.487672805786133
-9.509319305419922
-9.494206428527832
-9.467374801635742
-9.421502113342285
-9.414741516113281
-9.457404136657715
-9.498908996582031
-9.479961395263672
-9.499279022216797
-9.500495910644531
-9.521117210388184
-9.501836776733398
-9.495465278625488
-9.438700675964355
-9.493734359741211
-9.510228157043457
-9.494527816772461
-9.474145889282227
-9.454071998596191
-9.467583656311035
-9.46440601348877
-9.424267768859863
-9.415182113647461
-9.44297981262207
-9.466695785522461
-9.473515510559082
-9.510428428649902
-9.509550094604492
-9.501439094543457
-9.523425102233887
-9.510374069213867
-9.510744094848633
-9.476018905639648
-9.493322372436523
-9.385503768920898
-9.307572364807129
-9.419479370117188
-9.488616943359375
-9.528168678283691
-9.51406478881836
-9.49164867401123
-9.504703521728516
-9.495346069335938
-9.471190452575684
-9.481596946716309
-9.451750755310059
-9.45298957824707
-9.467994689941406
-9.499458312988281
-9.52302360534668
-9.494312286376953
-9.480205535888672
-9.485297203063965
-9.485431671142578
-9.478935241699219
-9.483047485351562
-9.452680587768555
-9.437041282653809
-9.336381912231445
-9.385662078857422
-9.465078353881836
-9.515564918518066
-9.427377700805664
-9.405963897705078
-9.412256240844727
-9.468718528747559
-9.51091194152832
-9.542974472045898
-9.51672077178955
-9.511984825134277
-9.52445125579834
-9.50414752960205
-9.487031936645508
-9.520365715026855
-9.532204627990723
-9.466841697692871
-9.40913200378418
-9.470783233642578
-9.508419036865234
-9.530279159545898
-9.532498359680176
-9.492621421813965
-9.515373229980469
-9.542869567871094
-9.503581047058105
-9.480905532836914
-9.50987434387207
-9.517187118530273
-9.522457122802734
-9.495219230651855
-9.503608703613281
-9.464519500732422
-9.38553524017334
-9.30931282043457
-9.455167770385742
-9.509652137756348
-9.473769187927246
-9.469616889953613
-9.411325454711914
-9.48324203491211
-9.449357032775879
-9.326608657836914
-9.408060073852539
-9.501522064208984
-9.509682655334473
-9.35084056854248
-9.311310768127441
-9.455860137939453
-9.518705368041992
-9.470141410827637
-9.2409029006958
-9.366937637329102
-9.469704627990723
-9.49750804901123
-9.414060592651367
-9.398811340332031
-9.4984769821167
-9.513683319091797
-9.506603240966797
-9.530744552612305
-9.532440185546875
-9.523625373840332
-9.522921562194824
-9.490845680236816
-9.457924842834473
-9.425664901733398
-9.339661598205566
-9.379459381103516
-9.478137016296387
-9.512900352478027
-9.482532501220703
-9.435015678405762
-9.399163246154785
-9.424371719360352
-9.457612991333008
-9.48888874053955
-9.482558250427246
-9.449335098266602
-9.29053783416748
-9.38465404510498
-9.50629997253418
-9.514249801635742
-9.394172668457031
-9.329305648803711
-9.473858833312988
-9.514557838439941
-9.496637344360352
-9.353391647338867
-9.35418701171875
-9.462430953979492
-9.488475799560547
-9.308148384094238
-9.251262664794922
-9.480055809020996
-9.435538291931152
-9.306330680847168
-9.452582359313965
-9.515562057495117
-9.503841400146484
-9.443513870239258
-9.423239707946777
-9.503716468811035
-9.54263973236084
-9.500635147094727
-9.430636405944824
-9.369844436645508
-9.452401161193848
-9.498394966125488
-9.516633033752441
-9.29203987121582
-9.362809181213379
-9.481712341308594
-9.480782508850098
-9.350881576538086
-9.42331600189209
-9.49250316619873
-9.426827430725098
-9.367770195007324
-9.454075813293457
-9.511956214904785
-9.506091117858887
-9.463153839111328
-9.449551582336426
-9.44731616973877
-9.50351333618164
-9.526716232299805
-9.552078247070312
-9.518708229064941
-9.434309005737305
-9.39041519165039
-9.379354476928711
-9.489477157592773
-9.5295991897583
-9.49150276184082
-9.5380277633667
-9.557458877563477
-9.549582481384277
-9.538595199584961
-9.530050277709961
-9.52965259552002
-9.523786544799805
-9.5148286819458
-9.461309432983398
-9.39583969116211
-9.440268516540527
-9.498878479003906
-9.496176719665527
-9.514124870300293
-9.52864933013916
-9.48480224609375
-9.53062915802002
-9.539928436279297
-9.549569129943848
-9.475160598754883
-9.428980827331543
-9.451974868774414
-9.490604400634766
-9.454065322875977
-9.517784118652344
-9.501731872558594
-9.543238639831543
-9.542150497436523
-9.546974182128906
-9.537900924682617
-9.534124374389648
-9.568002700805664
-9.556915283203125
-9.534965515136719
-9.41882610321045
-9.331053733825684
-9.370621681213379
-9.513087272644043
-9.519438743591309
-9.47549819946289
-9.341928482055664
-9.500693321228027
-9.496119499206543
-9.300440788269043
-9.326308250427246
-9.501032829284668
-9.496315956115723
-9.365558624267578
-9.323853492736816
-9.505470275878906
-9.487597465515137
-9.391676902770996
-9.48511028289795
-9.577969551086426
-9.50396728515625
-9.50273609161377
-9.527508735656738
-9.561117172241211
-9.499524116516113
-9.388768196105957
-9.329427719116211
-9.457682609558105
-9.535431861877441
-9.48531723022461
-9.363868713378906
-9.415127754211426
-9.502339363098145
-9.532740592956543
-9.486674308776855
-9.42361831665039
-9.390798568725586
-9.492023468017578
-9.522103309631348
-9.462860107421875
-9.30352783203125
-9.509509086608887
-9.506556510925293
-9.329760551452637
-9.310317993164062
-9.505748748779297
-9.46252727508545
-9.435572624206543
-9.47901439666748
-9.543988227844238
-9.416609764099121
-9.399759292602539
-9.494930267333984
-9.404892921447754
-9.25997543334961
-9.409546852111816
-9.4859037399292
-9.40771484375
-9.247698783874512
-9.480298042297363
-9.466241836547852
-9.304669380187988
-9.414352416992188
-9.485308647155762
-9.484580993652344
-9.503763198852539
-9.462629318237305
-9.465380668640137
-9.539285659790039
-9.510762214660645
-9.477243423461914
-9.459318161010742
-9.499164581298828
-9.530660629272461
-9.54145336151123
-9.52255916595459
-9.50407886505127
-9.479449272155762
-9.493582725524902
-9.514914512634277
-9.548327445983887
-9.526067733764648
-9.439352989196777
-9.49557113647461
-9.500273704528809
-9.505746841430664
-9.536026000976562
-9.581334114074707
-9.555569648742676
-9.544682502746582
-9.515735626220703
-9.522407531738281
-9.555484771728516
-9.567230224609375
-9.53046989440918
-9.40710163116455
-9.333052635192871
-9.530142784118652
-9.51622486114502
-9.387222290039062
-9.350282669067383
-9.531535148620605
-9.504576683044434
-9.325929641723633
-9.387953758239746
-9.524799346923828
-9.497310638427734
-9.396117210388184
-9.490158081054688
-9.54617691040039
-9.474119186401367
-9.499347686767578
-9.537267684936523
-9.55163288116455
-9.567090034484863
-9.54684829711914
-9.541108131408691
-9.571135520935059
-9.549227714538574
-9.568543434143066
-9.533902168273926
-9.54512882232666
-9.519735336303711
-9.459736824035645
-9.55998420715332
-9.51014518737793
-9.326436042785645
-9.450166702270508
-9.55309772491455
-9.55344295501709
-9.451733589172363
-9.30797004699707
-9.495696067810059
-9.567952156066895
-9.540631294250488
-9.452345848083496
-9.421558380126953
-9.547201156616211
-9.504286766052246
-9.37374210357666
-9.469457626342773
-9.555747985839844
-9.566828727722168
-9.496644973754883
-9.44826889038086
-9.49488353729248
-9.55103874206543
-9.56743049621582
-9.583656311035156
-9.552531242370605
-9.547019004821777
-9.557466506958008
-9.537263870239258
-9.550110816955566
-9.520194053649902
-9.555736541748047
-9.551895141601562
-9.593398094177246
-9.509154319763184
-9.469735145568848
-9.306575775146484
-9.388416290283203
-9.49577808380127
-9.537631034851074
-9.411049842834473
-9.35736083984375
-9.508685111999512
-9.474557876586914
-9.349247932434082
-9.440582275390625
-9.5595121383667
-9.218118667602539
-9.41838550567627
-9.513650894165039
-9.281373977661133
-9.39062213897705
-9.563149452209473
-9.3381929397583
-9.371042251586914
-9.5620756149292
-9.405928611755371
-9.36825180053711
-9.566033363342285
-9.361052513122559
-9.31009292602539
-9.540560722351074
-9.393404006958008
-9.312935829162598
-9.559645652770996
-9.369122505187988
-9.236371040344238
-9.579544067382812
-9.115059852600098
-9.448519706726074
-9.476618766784668
-9.27522087097168
-9.5348482131958
-9.457162857055664
-9.446565628051758
-9.523026466369629
-9.522608757019043
-9.432332038879395
-9.46092700958252
-9.553308486938477
-9.548701286315918
-9.410699844360352
-9.386366844177246
-9.530546188354492
-9.508708000183105
-9.38517951965332
-9.475505828857422
-9.585379600524902
-9.522697448730469
-9.430959701538086
-9.547901153564453
-9.605344772338867
-9.574572563171387
-9.55585765838623
-9.546069145202637
-9.547849655151367
-9.560102462768555
-9.592543601989746
-9.56005859375
-9.54432201385498
-9.570474624633789
-9.531277656555176
-9.537646293640137
-9.5457763671875
-9.520295143127441
-9.54892635345459
-9.580643653869629
-9.57762336730957
-9.580193519592285
-9.58438777923584
-9.5672025680542
-9.50210952758789
-9.57841968536377
-9.551290512084961
-9.518404960632324
-9.29160213470459
-9.404854774475098
-9.551048278808594
-9.481840133666992
-9.213873863220215
-9.523037910461426
-9.560267448425293
-9.408061027526855
-9.51391887664795
-9.569048881530762
-9.555949211120605
-9.570372581481934
-9.574393272399902
-9.582952499389648
-9.606226921081543
-9.581738471984863
-9.576772689819336
-9.593201637268066
-9.598569869995117
-9.568278312683105
-9.602057456970215
-9.55289077758789
-9.530136108398438
-9.49744987487793
-9.446640014648438
-9.456809043884277
-9.500252723693848
-9.56747055053711
-9.560023307800293
-9.542374610900879
-9.487215995788574
-9.470037460327148
-9.440345764160156
-9.515279769897461
-9.570037841796875
-9.592052459716797
-9.572636604309082
-9.502385139465332
-9.43912124633789
-9.536901473999023
-9.579797744750977
-9.575779914855957
-9.607370376586914
-9.580854415893555
-9.562278747558594
-9.558950424194336
-9.57729434967041
-9.578422546386719
-9.575270652770996
-9.533971786499023
-9.457684516906738
-9.411209106445312
-9.505441665649414
-9.5751314163208
-9.6159029006958
-9.570123672485352
-9.39114761352539
-9.476539611816406
-9.567086219787598
-9.572379112243652
-9.547013282775879
-9.548686027526855
-9.547990798950195
-9.500205993652344
-9.55501651763916
-9.580293655395508
-9.504607200622559
-9.448596000671387
-9.467979431152344
-9.520805358886719
-9.548823356628418
-9.580174446105957
-9.580652236938477
-9.581918716430664
-9.595760345458984
-9.523219108581543
-9.45707893371582
-9.439202308654785
-9.513091087341309
-9.535090446472168
-9.566912651062012
-9.519943237304688
-9.449721336364746
-9.502863883972168
-9.526362419128418
-9.540444374084473
-9.610054016113281
-9.591557502746582
-9.578022003173828
-9.559597969055176
-9.453439712524414
-9.544149398803711
-9.54930591583252
-9.486446380615234
-9.327384948730469
-9.468171119689941
-9.60425853729248
-9.544967651367188
-9.383234024047852
-9.385032653808594
-9.515377044677734
-9.582894325256348
-9.485803604125977
-9.364564895629883
-9.54349422454834
-9.608065605163574
-9.487054824829102
-9.534076690673828
-9.564355850219727
-9.594378471374512
-9.591044425964355
-9.5238676071167
-9.523128509521484
-9.573896408081055
-9.592085838317871
-9.595415115356445
-9.604125022888184
-9.563043594360352
-9.595389366149902
-9.60008430480957
-9.574048042297363
-9.620142936706543
-9.578072547912598
-9.527796745300293
-9.576041221618652
-9.59704875946045
-9.579533576965332
-9.543208122253418
-9.386110305786133
-9.357115745544434
-9.46399211883545
-9.60230541229248
-9.522957801818848
-9.40639591217041
-9.510984420776367
-9.574054718017578
-9.586311340332031
-9.609044075012207
-9.586928367614746
-9.600826263427734
-9.57216739654541
-9.548172950744629
-9.494386672973633
-9.44998836517334
-9.476889610290527
-9.61974811553955
-9.553619384765625
-9.436100006103516
-9.437499046325684
-9.509856224060059
-9.61018180847168
-9.372408866882324
-9.299880027770996
-9.583560943603516
-9.110958099365234
-9.49604320526123
-9.519911766052246
-9.20995807647705
-9.535863876342773
-9.315742492675781
-9.394509315490723
-9.531575202941895
-9.407493591308594
-9.521080017089844
-9.558281898498535
-9.521482467651367
-9.411865234375
-9.50045108795166
-9.5772123336792
-9.482836723327637
-9.480154991149902
-9.59216594696045
-9.58820915222168
-9.547325134277344
-9.510812759399414
-9.461470603942871
-9.513235092163086
-9.587371826171875
-9.583961486816406
-9.598892211914062
