loss_total
-19.89076042175293
-19.734201431274414
-19.920814514160156
-19.84407615661621
-20.371103286743164
-20.416366577148438
-20.531766891479492
-20.34223747253418
-20.879562377929688
-20.822410583496094
-20.610103607177734
-20.594711303710938
-20.789371490478516
-20.605995178222656
-20.867368698120117
-20.93780517578125
-21.228479385375977
-21.09232521057129
-20.99874496459961
-20.878948211669922
-20.981618881225586
-21.17538070678711
-21.484386444091797
-21.53936767578125
-21.380739212036133
-21.315494537353516
-21.710168838500977
-21.14269256591797
-21.32721710205078
-21.775510787963867
-21.968326568603516
-21.845294952392578
-22.03350257873535
-22.01365089416504
-22.10910987854004
-22.150619506835938
-22.31581687927246
-22.18788719177246
-22.567304611206055
-22.713619232177734
-23.183013916015625
-22.927024841308594
-23.042539596557617
-23.667692184448242
-23.7183837890625
-24.23249053955078
-24.20077896118164
-24.667274475097656
-25.633140563964844
-25.344942092895508
-25.508241653442383
-26.028400421142578
-25.975120544433594
-26.02111053466797
-25.8524169921875
-26.22530174255371
-26.384498596191406
-26.48279571533203
-26.82174301147461
-27.297330856323242
-27.46815299987793
-28.01611328125
-28.247173309326172
-28.465408325195312
-29.47913932800293
-28.812767028808594
-28.92018699645996
-28.755451202392578
-29.363636016845703
-29.333621978759766
-29.236818313598633
-29.344741821289062
-29.5250244140625
-29.563907623291016
-29.890592575073242
-30.033292770385742
-30.15421485900879
-30.26654815673828
-30.4816951751709
-30.283111572265625
-30.389869689941406
-30.902542114257812
-30.282421112060547
-30.426185607910156
-30.756650924682617
-30.615997314453125
-30.97610092163086
-31.234567642211914
-31.104656219482422
-31.503143310546875
-31.33292007446289
-31.760677337646484
-31.684490203857422
-31.887149810791016
-31.568145751953125
-31.62042236328125
-31.932029724121094
-32.30748748779297
-32.22969436645508
-32.39823532104492
-32.61414337158203
-32.3911247253418
-32.827640533447266
-32.76465606689453
-33.003578186035156
-32.98973846435547
-33.13129425048828
-33.21405792236328
-33.62332534790039
-33.385955810546875
-33.83821487426758
-34.087581634521484
-34.23814010620117
-33.905364990234375
-34.28697204589844
-34.536766052246094
-34.44248962402344
-34.781490325927734
-34.91885757446289
-35.12168502807617
-35.1804313659668
-34.950504302978516
-35.58281707763672
-35.4658088684082
-35.608604431152344
-35.75374221801758
-36.00780487060547
-36.037445068359375
-35.563480377197266
-35.911231994628906
-36.229373931884766
-36.04034423828125
-36.2381706237793
-36.2409553527832
-36.32857131958008
-36.5626106262207
-36.43117141723633
-36.88726043701172
-36.582454681396484
-36.57422637939453
-36.74720764160156
-36.592498779296875
-36.809471130371094
-37.06045913696289
-37.330101013183594
-36.857521057128906
-37.139434814453125
-37.33372116088867
-37.14676284790039
-37.36997985839844
-37.39852523803711
-37.312721252441406
-37.5384521484375
-37.49491882324219
-37.62165069580078
-37.703025817871094
-37.39480972290039
-38.13842010498047
-37.644569396972656
-37.77103042602539
-37.88512420654297
-37.961944580078125
-37.97949981689453
-38.133338928222656
-38.124996185302734
-38.33750534057617
-38.17144775390625
-38.16303634643555
-38.45357894897461
-38.260459899902344
-38.694026947021484
-38.437835693359375
-38.49369812011719
-38.631446838378906
-38.65544509887695
-38.62693786621094
-39.03826904296875
-38.80810546875
-38.82604217529297
-38.910240173339844
-38.920433044433594
-39.139652252197266
-39.24775695800781
-39.20600128173828
-39.093849182128906
-39.365142822265625
-39.66378402709961
-39.48058319091797
-39.50598907470703
-39.292057037353516
-39.70025634765625
-39.44970703125
-39.999229431152344
-39.789306640625
-39.65274429321289
-39.79608154296875
-39.6745491027832
-40.27521896362305
-40.41304016113281
-40.202850341796875
-40.24315643310547
-40.30880355834961
-40.05232238769531
-40.366981506347656
-40.204139709472656
-40.358604431152344
-40.77349853515625
-40.511749267578125
-40.24587631225586
-40.49897766113281
-40.3198356628418
-40.53681564331055
-40.80881118774414
-40.805023193359375
-40.50434112548828
-40.72969055175781
-40.75136947631836
-41.01036834716797
-40.994140625
-40.587337493896484
-40.970916748046875
-41.10649108886719
-41.13871383666992
-41.0604248046875
-41.2315673828125
-41.3399772644043
-41.28178787231445
-41.18809509277344
-41.72258758544922
-41.26377487182617
-41.231868743896484
-41.54743576049805
-41.62101364135742
-41.560585021972656
-41.69282531738281
-41.792842864990234
-41.613075256347656
-41.75830841064453
-41.71452331542969
-41.84832000732422
-41.83678436279297
-41.80537414550781
-42.152400970458984
-41.85469055175781
-41.88794708251953
-41.83190155029297
-41.98725128173828
-41.8641357421875
-41.911399841308594
-41.78044509887695
-42.01224899291992
-42.11207580566406
-41.93638610839844
-42.071937561035156
-42.18389129638672
-42.16624069213867
-42.339778900146484
-42.294857025146484
-42.37007522583008
-42.385032653808594
-42.365848541259766
-42.583839416503906
-42.56517028808594
-42.38288497924805
-42.679603576660156
-42.656734466552734
-42.64153289794922
-42.279571533203125
-42.30384826660156
-42.83772659301758
-42.830078125
-42.7166633605957
-43.117305755615234
-42.9516716003418
-42.40725326538086
-42.51990509033203
-42.8770751953125
-42.763641357421875
-42.74700927734375
-42.953556060791016
-42.982391357421875
-43.01039505004883
-42.9923210144043
-43.17900466918945
-43.000980377197266
-42.845977783203125
-43.05312728881836
-43.307010650634766
-43.38064193725586
-42.99705505371094
-43.37796401977539
-43.11235046386719
-43.23357391357422
-43.17494583129883
-43.138816833496094
-43.328365325927734
-43.330047607421875
-43.04896545410156
-43.38075637817383
-43.39165115356445
-43.27360153198242
-43.53400421142578
-43.33024215698242
-43.29673385620117
-43.213134765625
-43.6712646484375
-43.35594940185547
-43.45112991333008
-43.4047966003418
-43.73402786254883
-43.64076614379883
-43.938201904296875
-43.90970993041992
-43.77947235107422
-43.746700286865234
-43.877498626708984
-44.03523635864258
-43.72028350830078
-44.19242858886719
-44.22892761230469
-43.829586029052734
-43.81291580200195
-44.007930755615234
-43.90230178833008
-44.094905853271484
-43.95759963989258
-44.136802673339844
-44.101131439208984
-44.07358169555664
-44.21220397949219
-44.018314361572266
-44.19894790649414
-44.48581314086914
-44.030818939208984
-44.35476303100586
-44.329219818115234
-44.17201232910156
-44.44651412963867
-44.44257354736328
-44.53673553466797
-44.53548049926758
-44.15065383911133
-44.26790237426758
-44.46710968017578
-44.556854248046875
-44.49618148803711
-44.14190673828125
-44.3363037109375
-44.33551788330078
-44.3723030090332
-44.633277893066406
-44.33357620239258
-44.61488723754883
-44.65660858154297
-44.14644241333008
-44.42762756347656
-44.60389709472656
-44.42954635620117
-44.7679557800293
-44.878719329833984
-45.01655197143555
-44.75429916381836
-44.91751480102539
-44.79241180419922
-45.048362731933594
-44.77121353149414
-44.896324157714844
-44.79682159423828
-44.82933807373047
-44.6119384765625
-44.87995529174805
-45.101478576660156
-44.650638580322266
-44.889854431152344
-44.91605758666992
-44.994876861572266
-44.807559967041016
-44.98702621459961
-44.998817443847656
-45.44307327270508
-45.208290100097656
-45.073341369628906
-45.319244384765625
-45.0527229309082
-45.32561492919922
-45.244327545166016
-45.34260559082031
-45.290016174316406
-45.430946350097656
-45.28759765625
-45.231388092041016
-45.44383239746094
-45.337158203125
-45.475364685058594
-45.648834228515625
-45.75688934326172
-45.590919494628906
-45.39433670043945
-45.183494567871094
-45.916786193847656
-45.724945068359375
-45.27582550048828
-45.218441009521484
-45.39833068847656
-45.503578186035156
-45.567230224609375
-45.54694366455078
-45.576656341552734
-45.927146911621094
-45.76735305786133
-45.71538543701172
-45.623111724853516
-45.646873474121094
-45.5454216003418
-45.59347915649414
-45.906944274902344
-46.07518768310547
-45.587886810302734
-45.870689392089844
-45.75347137451172
-45.88818359375
-45.881500244140625
-45.72474670410156
-45.90095138549805
-45.82096862792969
-46.061283111572266
-45.8575439453125
-46.060394287109375
-46.187103271484375
-45.92385482788086
-45.8749885559082
-45.9813117980957
-46.01349639892578
-46.07530212402344
-45.932899475097656
-46.1119384765625
-46.31083679199219
-45.971458435058594
-46.17716598510742
-46.26072311401367
-46.22232437133789
-46.01997756958008
-46.48543167114258
-46.425262451171875
-46.062381744384766
-46.1314811706543
-46.10773849487305
-46.353904724121094
-46.30525588989258
-46.45970153808594
-46.37660217285156
-46.12805938720703
-46.2013053894043
-46.33368682861328
-46.244781494140625
-46.37335205078125
-46.158851623535156
-46.26634216308594
-46.11294174194336
-46.25563430786133
-46.602333068847656
-46.722900390625
-46.65559387207031
-46.39121627807617
-46.522003173828125
-46.55575180053711
-46.474571228027344
-46.46537780761719
-46.64023971557617
-46.67897033691406
-46.738094329833984
-46.592586517333984
-46.425479888916016
-46.560577392578125
-46.519248962402344
-46.68693923950195
-46.47683334350586
-46.82899856567383
-46.70777893066406
-46.73999786376953
-46.608299255371094
-46.87464141845703
-46.76372528076172
-46.91165542602539
-46.87338638305664
-46.829139709472656
-46.7464599609375
-46.84203338623047
-47.09095764160156
-46.8812370300293
-46.83757400512695
-46.712425231933594
-47.19296646118164
-47.21354293823242
-47.05205535888672
-46.981536865234375
-47.00570297241211
-47.0696907043457
-47.15339279174805
-46.7694091796875
-46.92510986328125
-47.125831604003906
-47.120018005371094
-47.06947708129883
-46.81291198730469
-46.97248077392578
-47.08750915527344
-47.045989990234375
-47.02199935913086
-47.09729766845703
-46.98836898803711
-47.12831497192383
-46.834930419921875
-47.18526840209961
-47.251319885253906
-47.14374542236328
-47.17935562133789
-47.29788589477539
-47.26852035522461
-47.1098747253418
-47.64408493041992
-47.241275787353516
-47.39531707763672
-47.05534362792969
-47.57282638549805
-47.194923400878906
-47.33100891113281
-47.31097412109375
-47.324527740478516
-47.489051818847656
-47.317848205566406
-47.539459228515625
-47.504207611083984
-47.660091400146484
-47.52027130126953
-47.52900695800781
-47.672183990478516
-47.53314971923828
-47.565834045410156
-47.553279876708984
-47.52754592895508
-47.62464904785156
-47.52022171020508
-47.62268829345703
-47.45978546142578
-47.59653854370117
-47.347782135009766
-47.43838119506836
-47.43941879272461
-47.656986236572266
-47.56947708129883
-47.61328887939453
-47.4781379699707
-47.64216232299805
-47.44729995727539
-47.75225067138672
-47.56537628173828
-47.62615203857422
-47.68843460083008
-47.74507141113281
-47.45705795288086
-47.59856414794922
-47.72875213623047
-47.55447769165039
-47.50326919555664
-47.614009857177734
-47.742225646972656
-47.88574981689453
-47.72824478149414
-47.770751953125
-47.73540496826172
-47.848270416259766
-47.98957061767578
-47.75185775756836
-47.52074432373047
-47.815765380859375
-47.6849250793457
-47.652687072753906
-47.31781005859375
-47.762107849121094
-47.301326751708984
-47.69227600097656
-47.645328521728516
-47.4820556640625
-47.85709762573242
-47.678218841552734
-47.540611267089844
-47.87183380126953
-47.5854606628418
-47.673622131347656
-48.00946044921875
-47.85718536376953
-47.79560470581055
-47.94934844970703
-47.860565185546875
-47.7650146484375
-47.583457946777344
-47.96015548706055
-47.93165969848633
-48.019920349121094
-47.957679748535156
-48.11248779296875
-47.79833221435547
-47.889564514160156
-47.873451232910156
-48.015018463134766
-47.89138412475586
-47.94984436035156
-48.0426139831543
-48.07685852050781
-48.03263854980469
-47.87078094482422
-48.001129150390625
-48.05208206176758
-48.02134704589844
-47.98210144042969
-48.017478942871094
-48.10832977294922
-48.074798583984375
-48.081390380859375
-48.304420471191406
-48.24613952636719
-48.39247512817383
-48.23548889160156
-48.12124252319336
-48.329376220703125
-48.101776123046875
-48.249576568603516
-48.20124816894531
-48.15485382080078
-48.168983459472656
-48.05393981933594
-48.2130126953125
-48.07213592529297
-48.29145431518555
-48.23495101928711
-48.305850982666016
-48.168636322021484
-48.24460983276367
-48.31475830078125
-48.327308654785156
-48.286346435546875
-48.31468963623047
-48.22381591796875
-48.38068771362305
-48.426055908203125
-48.455997467041016
-48.391937255859375
-48.29701614379883
-48.251853942871094
-48.27656173706055
-48.151123046875
-48.2191162109375
-48.310489654541016
-48.23509216308594
-48.361270904541016
-48.1578254699707
-48.30073928833008
-48.30509567260742
-48.32298278808594
-48.20953369140625
-48.336944580078125
-48.39265823364258
-48.44120788574219
-48.12670135498047
-48.42494201660156
-48.425254821777344
-48.53302764892578
-48.29090118408203
-48.47782897949219
-48.315513610839844
-48.51335906982422
-48.45783233642578
-48.40945816040039
-48.43541717529297
-48.53074645996094
-48.48176193237305
-48.418548583984375
-48.44538497924805
-48.58698272705078
-48.58238983154297
-48.59268569946289
-48.61283874511719
-48.61553955078125
-48.372554779052734
-48.54732131958008
-48.5696907043457
-48.54147720336914
-48.47482681274414
-48.46025085449219
-48.54301071166992
-48.46775817871094
-48.3944091796875
-48.43821716308594
-48.6343994140625
-48.45705795288086
-48.708492279052734
-48.659610748291016
-48.60132598876953
-48.55256271362305
-48.60814666748047
-48.656761169433594
-48.765872955322266
-48.472076416015625
-48.53162384033203
-48.699981689453125
-48.643089294433594
-48.66100311279297
-48.74309539794922
-48.68342208862305
-48.70491409301758
-48.50531768798828
-48.60639953613281
-48.75013732910156
-48.67258071899414
-48.8061408996582
-48.79904556274414
-48.502052307128906
-48.670684814453125
-48.62678909301758
-48.63338088989258
-48.64820861816406
-48.73052978515625
-48.6149787902832
-48.71258544921875
-48.735130310058594
-48.70761489868164
-48.6046142578125
-48.7748908996582
-48.82147216796875
-48.48139190673828
-48.76827621459961
-48.66423416137695
-48.524696350097656
-48.891151428222656
-48.337249755859375
-48.57530212402344
-48.77231979370117
-48.367164611816406
-48.71258544921875
-48.6455078125
-48.8138427734375
-48.964500427246094
-48.92631530761719
-48.71435546875
-48.91747283935547
-48.8502082824707
-48.97358703613281
-48.70560836791992
-49.01966094970703
-48.86613082885742
-48.78187942504883
-48.984893798828125
-48.81586456298828
-48.765594482421875
-48.947391510009766
-48.91127014160156
-48.57477951049805
-48.557926177978516
-48.794349670410156
-48.83277130126953
-48.81018829345703
-49.102867126464844
-48.688838958740234
-48.80006408691406
-48.70069885253906
-49.0315055847168
-48.84961700439453
-48.90663528442383
-49.12786865234375
-48.86529541015625
-48.909053802490234
-48.912879943847656
-49.12114715576172
-48.910640716552734
-48.7901725769043
-49.03508377075195
-48.881534576416016
-48.85858917236328
-49.13178634643555
-48.93054962158203
-49.16015625
-48.9600944519043
-48.9490966796875
-49.00151824951172
-48.8212890625
-49.05754852294922
-49.182472229003906
-48.90056610107422
-48.96200180053711
-49.198936462402344
-49.20309829711914
-49.03691864013672
-49.11799621582031
-49.00279998779297
-48.99765396118164
-48.988861083984375
-49.155364990234375
-48.850955963134766
-48.939151763916016
-49.12931823730469
-49.06745147705078
-49.05913543701172
-49.00830078125
-48.961997985839844
-49.141754150390625
-49.0898551940918
-48.976097106933594
-49.303550720214844
-49.17070770263672
-49.074729919433594
-49.255767822265625
-49.1060676574707
-49.081241607666016
-49.13050079345703
-49.15921401977539
-49.17179870605469
-48.996185302734375
-49.26421356201172
-49.11784362792969
-49.336029052734375
-49.272911071777344
-49.34989547729492
-49.18252182006836
-49.21278381347656
-49.23653030395508
-49.1553955078125
-49.18858337402344
-49.13169860839844
-49.231590270996094
-49.280311584472656
-49.30116653442383
-49.21654510498047
-49.17204284667969
-49.27787399291992
-49.21335983276367
-49.17496871948242
-49.33627700805664
-49.340084075927734
-49.307491302490234
-49.374603271484375
-49.25230026245117
-49.22618103027344
-49.27607727050781
-49.338008880615234
-49.353240966796875
-49.18891525268555
-49.13965606689453
-49.13845443725586
-49.29554748535156
-49.29117202758789
-49.445308685302734
-49.18558883666992
-49.04345703125
-49.33943557739258
-49.219139099121094
-49.15406799316406
-49.2846565246582
-49.37015151977539
-49.395835876464844
-49.25954818725586
-49.35417938232422
-49.37858581542969
-49.55287170410156
-49.27000427246094
-49.29740905761719
-49.231040954589844
-49.302066802978516
-49.43991470336914
-49.35646057128906
-49.331817626953125
-49.35214614868164
-49.24808120727539
-49.35912322998047
-49.4100227355957
-49.22959899902344
-49.40467071533203
-49.505611419677734
-49.500343322753906
-49.4990119934082
-49.279727935791016
-49.28120803833008
-49.60088348388672
-49.504756927490234
-49.370361328125
-49.36205291748047
-49.32002258300781
-49.42999267578125
-49.4425048828125
-49.49037551879883
-49.37818145751953
-49.488746643066406
-49.47440719604492
-49.422542572021484
-49.374755859375
-49.26988983154297
-49.560325622558594
-49.50286102294922
-49.33271789550781
-49.396915435791016
-49.47455596923828
-49.49955749511719
-49.353363037109375
-49.38191223144531
-49.41881561279297
-49.50759506225586
-49.56755828857422
-49.5583610534668
-49.17319869995117
-49.33518981933594
-49.58789825439453
-49.447357177734375
-49.551963806152344
-49.593345642089844
-49.406497955322266
-49.462677001953125
-49.525909423828125
-49.631385803222656
-49.576053619384766
-49.56413650512695
-49.509361267089844
-49.51020050048828
-49.406776428222656
-49.578060150146484
-49.54833984375
-49.567359924316406
-49.38603973388672
-49.55239486694336
-49.63024139404297
-49.49284362792969
-49.55024337768555
-49.688663482666016
-49.595611572265625
-49.45234298706055
-49.45045471191406
-49.61614227294922
-49.74275588989258
-49.59300231933594
-49.52788543701172
-49.599544525146484
-49.62622833251953
-49.7386589050293
-49.68474578857422
-49.61161804199219
-49.682498931884766
-49.624969482421875
-49.617530822753906
-49.582645416259766
-49.509185791015625
-49.64779281616211
-49.7496337890625
-49.688140869140625
-49.74363708496094
-49.606544494628906
-49.67007064819336
-49.64757537841797
-49.60771179199219
-49.683349609375
-49.871726989746094
-49.66598129272461
-49.678802490234375
-49.74240493774414
-49.701454162597656
-49.767845153808594
-49.71764373779297
-49.385162353515625
-49.52375793457031
-49.5667610168457
-49.79254913330078
-49.69628143310547
-49.77146911621094
-49.80215835571289
-49.692317962646484
-49.662654876708984
-49.6800537109375
-49.494529724121094
-49.71598434448242
-49.716766357421875
-49.60183334350586
-49.41902160644531
-49.592124938964844
-49.749366760253906
-49.64250946044922
-49.393768310546875
-49.669673919677734
-49.765602111816406
-49.734130859375
-49.6600227355957
-49.51103973388672
-49.77208709716797
-49.76340103149414
-49.65889358520508
-49.743980407714844
-49.60797882080078
-49.78891372680664
-49.42622375488281
-49.63393783569336
-49.78053283691406
-49.70505142211914
-49.577308654785156
-49.77497100830078
-49.88555908203125
-49.71045684814453
-49.474082946777344
-49.739898681640625
-49.92961883544922
-49.408870697021484
-49.734989166259766
-49.75699996948242
-49.640830993652344
-49.4229850769043
-49.86958312988281
-49.33720397949219
-49.58210754394531
-49.98206329345703
-49.496700286865234
-49.46205139160156
-49.726741790771484
-49.5290641784668
-49.40055847167969
-49.95383834838867
-49.67494201660156
-49.62923812866211
-49.805416107177734
-49.7382926940918
-49.44619369506836
-49.883453369140625
-49.58218765258789
-49.68144607543945
-49.83165740966797
-49.559226989746094
-49.647216796875
-49.94789505004883
-49.63993453979492
-49.6214485168457
-49.95551300048828
-49.74128341674805
-49.51753616333008
-49.92909240722656
-49.48293685913086
-49.95061492919922
-49.92544174194336
-49.63090515136719
-49.87199401855469
-49.922203063964844
-49.701175689697266
-49.76604080200195
-49.95187759399414
-49.81948471069336
-49.755313873291016
-49.88407897949219
-49.92632293701172
-49.80227279663086
-49.8447151184082
-49.914817810058594
-49.864349365234375
-49.719425201416016
-50.01898956298828
-49.90015411376953
-49.739688873291016
-49.945960998535156
-49.937599182128906
-49.89366912841797
-49.858795166015625
-49.873043060302734
-50.080810546875
-50.02808380126953
-49.938812255859375
-49.884056091308594
-50.00934600830078
-50.04322814941406
-49.881534576416016
-49.96587371826172
-49.960445404052734
-49.99897384643555
-49.8206672668457
-49.96747589111328
-50.073875427246094
-50.10873031616211
-49.92707061767578
-49.997222900390625
-49.88370895385742
-49.9777946472168
-50.00969696044922
-50.044193267822266
-50.001468658447266
-50.04517364501953
-49.99641799926758
-50.059295654296875
-49.94806671142578
-50.10179138183594
-50.1295166015625
-50.029388427734375
-49.994998931884766
-50.09387969970703
-50.02479934692383
-50.13593292236328
-50.0946159362793
-49.99219512939453
-49.8970832824707
-49.930328369140625
-49.9865608215332
-50.08187484741211
-50.150917053222656
-50.05495071411133
-50.008460998535156
-49.9471435546875
-49.92188262939453
-50.03145217895508
-50.165321350097656
-50.082435607910156
-50.0732307434082
-49.9362907409668
-50.02907180786133
-50.16794967651367
-49.98554611206055
-50.090660095214844
-49.97141647338867
-49.82474136352539
-50.154396057128906
-50.16704177856445
-49.93549728393555
-50.047569274902344
-50.00413513183594
-50.066837310791016
-50.09307861328125
-49.95939254760742
-50.15714645385742
-49.923561096191406
-50.12701416015625
-50.07387924194336
-50.19508743286133
-50.0627326965332
-50.14349365234375
-50.124290466308594
-50.155792236328125
-50.09525680541992
-50.0113525390625
-50.004154205322266
-50.08559799194336
-50.174930572509766
-50.195457458496094
-50.17445373535156
-50.094600677490234
-50.16013717651367
-50.02833557128906
-49.97039031982422
-50.07890701293945
-50.234397888183594
-50.21918487548828
-50.069114685058594
-50.1053581237793
-50.112648010253906
-50.21418380737305
-50.20815658569336
-50.17588806152344
-50.09284973144531
-49.945960998535156
-50.0809326171875
-50.05980682373047
-50.171810150146484
-49.98684310913086
-50.071754455566406
-50.07180404663086
-50.10099792480469
-50.20893096923828
-50.195289611816406
-50.17158126831055
-49.968013763427734
-50.1188850402832
-50.193817138671875
-50.228607177734375
-50.09501647949219
-50.16810607910156
-49.958038330078125
-50.17799377441406
-50.2890739440918
-50.36285400390625
-50.118743896484375
-50.03834915161133
-50.15253448486328
-50.34870529174805
-50.2266960144043
-50.12263870239258
-49.9658203125
-50.18295669555664
-50.13791275024414
-50.05903625488281
-50.02338790893555
-50.24449920654297
-50.31657409667969
-50.18152618408203
-50.08845138549805
-50.09507751464844
-50.288543701171875
-50.26291275024414
-49.97772979736328
-49.93282699584961
-50.112857818603516
-50.284175872802734
-50.23991012573242
-50.19334411621094
-50.24373245239258
-50.1252326965332
-50.31156539916992
-50.05490493774414
-50.150299072265625
-50.259521484375
-50.33977127075195
-50.216033935546875
-50.307762145996094
-50.13844680786133
-50.28921890258789
-50.064720153808594
-50.13798904418945
-50.1669921875
-50.1797981262207
-50.18338394165039
-50.14168167114258
-50.33399963378906
-50.23723220825195
-50.33064270019531
-50.355712890625
-50.41305923461914
-50.25926208496094
-50.01138687133789
-50.16040802001953
-49.96294403076172
-50.32176208496094
-50.2880973815918
-50.139156341552734
-50.26863098144531
-50.35484313964844
-50.23012924194336
-50.30412292480469
-50.24224090576172
-50.37248229980469
-50.19540023803711
-50.296112060546875
-50.22721481323242
-50.16010284423828
-50.31755065917969
-50.350738525390625
-50.363128662109375
-50.201290130615234
-50.313438415527344
-50.3474235534668
-50.353824615478516
-50.12635040283203
-50.16374969482422
-50.2855339050293
-50.33781814575195
-50.34956741333008
-50.398563385009766
-50.315391540527344
-50.26322937011719
-50.241302490234375
-50.147727966308594
-50.26384735107422
-50.3380241394043
-50.51587677001953
-50.48341751098633
-50.503028869628906
-50.37188720703125
-50.239898681640625
-50.30004119873047
-50.28375244140625
-50.493282318115234
-50.35955810546875
-50.330230712890625
-50.33414840698242
-50.18220138549805
-50.03181457519531
-50.32345199584961
-50.29121017456055
-50.31144714355469
-50.18208312988281
-50.19444274902344
-50.2706413269043
-50.40765380859375
-50.37184143066406
-50.2768669128418
-50.3812141418457
-50.391910552978516
-50.349063873291016
-50.36186981201172
-50.32206726074219
-50.46158218383789
-50.32368469238281
-50.437705993652344
-50.31361389160156
-50.46710968017578
-50.48945617675781
-50.57176208496094
-50.44029235839844
-50.286888122558594
-50.19049835205078
-50.35401916503906
-50.291297912597656
-50.419395446777344
-50.439537048339844
-50.390079498291016
-50.34342956542969
-50.338653564453125
-50.31090545654297
-50.49449157714844
-50.297733306884766
-50.47917175292969
-50.340606689453125
-50.333553314208984
-50.49424743652344
-50.390045166015625
-50.266082763671875
-50.365081787109375
-50.36520004272461
-50.33837890625
-50.41571807861328
-50.366363525390625
-50.559837341308594
-50.29423522949219
-50.35777282714844
-50.402462005615234
-50.570858001708984
-50.42475891113281
-50.492488861083984
-50.38235855102539
-50.38618469238281
-50.317962646484375
-50.346717834472656
-50.40531921386719
-50.29010772705078
-50.43528366088867
-50.313499450683594
-50.254676818847656
-50.37259292602539
-50.406341552734375
-50.51292419433594
-50.46346664428711
-50.3654670715332
-50.39899444580078
-50.233665466308594
-50.36384582519531
-50.53108215332031
-50.415130615234375
-50.535614013671875
-50.392181396484375
-50.47331237792969
-50.528507232666016
-50.477561950683594
-50.41820526123047
-50.30714416503906
-50.439945220947266
-50.286102294921875
-50.33863067626953
-50.537174224853516
-50.416648864746094
-50.41440200805664
-50.336334228515625
-50.32829666137695
-50.470829010009766
-50.51310348510742
-50.45627212524414
-50.54914093017578
-50.369049072265625
-50.37371063232422
-50.264373779296875
-50.43809127807617
-50.52570724487305
-50.39662170410156
-50.371986389160156
-49.87940216064453
-50.491851806640625
-49.776153564453125
-50.56794738769531
-50.18251037597656
-50.01511001586914
-50.418426513671875
-49.933895111083984
-50.50086212158203
-50.37040710449219
-50.078582763671875
-50.388736724853516
-50.51852798461914
-50.295047760009766
-50.37941360473633
-50.51030731201172
-50.57481002807617
-50.55712127685547
-50.51252365112305
-50.501800537109375
-50.484214782714844
-50.4100227355957
-50.43998718261719
-50.451072692871094
-50.60441970825195
-50.60322952270508
-50.54966735839844
-50.42888641357422
-50.558780670166016
-50.49628448486328
-50.38972473144531
-50.36211395263672
-50.2333869934082
-50.39872741699219
-50.341854095458984
-50.401607513427734
-50.09983444213867
-50.40119552612305
-50.624053955078125
-50.431434631347656
-50.24492645263672
-50.41604995727539
-50.63981628417969
-50.46105194091797
-50.35340118408203
-50.233177185058594
-50.558719635009766
-50.56757354736328
-50.53125762939453
-50.473236083984375
-50.675201416015625
-50.478851318359375
-50.385948181152344
-50.49006652832031
-50.67340850830078
-50.544864654541016
-50.435306549072266
-50.37177276611328
-50.602176666259766
-50.650352478027344
-50.468170166015625
-50.261268615722656
-50.40143966674805
-50.72240447998047
-50.54086685180664
-50.23979949951172
-50.49361801147461
-50.52800750732422
-50.542972564697266
-50.43788528442383
-50.538448333740234
-50.46940612792969
-50.57278823852539
-50.61614990234375
-50.7120246887207
-50.53081130981445
-50.56525802612305
-50.65250778198242
-50.60651779174805
-50.63980484008789
-50.404056549072266
-50.393436431884766
-50.44561004638672
-50.497135162353516
-50.54359436035156
-50.47197723388672
-50.48258972167969
-50.52021408081055
-50.581993103027344
-50.563392639160156
-50.69804382324219
-50.530784606933594
-50.50262451171875
-50.66801071166992
-50.57766342163086
-50.527462005615234
-50.55061721801758
-50.44061279296875
-50.490211486816406
-50.658447265625
-50.702449798583984
-50.48027038574219
-50.496368408203125
-50.41806411743164
-50.65769577026367
-50.58672332763672
-50.482295989990234
-50.43354797363281
-50.65142059326172
-50.61809539794922
-50.38892364501953
-50.52040100097656
-50.61735153198242
-50.60908889770508
-50.65571212768555
-50.526981353759766
-50.42461395263672
-50.643890380859375
-50.65386199951172
-50.627803802490234
-50.67063522338867
-50.45089340209961
-50.46123504638672
-50.6181755065918
-50.69213104248047
-50.44794464111328
-50.55897521972656
-50.575836181640625
-50.78729248046875
-50.510337829589844
