loss_total
-17.090749740600586
-17.323028564453125
-17.102346420288086
-17.34113883972168
-17.55118751525879
-17.597496032714844
-17.991294860839844
-17.75528335571289
-17.823659896850586
-18.28119659423828
-18.3321590423584
-18.395729064941406
-18.50445556640625
-18.44165802001953
-18.84228515625
-18.910966873168945
-18.816177368164062
-18.756763458251953
-19.22699737548828
-19.211750030517578
-19.438411712646484
-19.386999130249023
-19.53571319580078
-19.945087432861328
-19.932907104492188
-20.227807998657227
-20.654443740844727
-20.774099349975586
-21.232542037963867
-21.838165283203125
-22.260095596313477
-22.654306411743164
-22.824697494506836
-22.87181282043457
-22.914703369140625
-22.804088592529297
-23.005313873291016
-23.45786476135254
-23.576026916503906
-23.569747924804688
-23.635650634765625
-23.89588737487793
-23.693754196166992
-23.93993377685547
-24.155406951904297
-24.421323776245117
-24.360004425048828
-24.514480590820312
-24.576568603515625
-25.073898315429688
-24.6699275970459
-25.23561668395996
-25.364925384521484
-25.275142669677734
-25.513761520385742
-25.682252883911133
-26.067455291748047
-26.71100425720215
-26.379783630371094
-26.605209350585938
-27.15169906616211
-26.904735565185547
-27.216060638427734
-26.940200805664062
-27.313739776611328
-27.29547119140625
-27.25359535217285
-27.341808319091797
-27.74112319946289
-27.54116439819336
-27.752506256103516
-27.85621452331543
-27.912639617919922
-27.85613250732422
-27.734220504760742
-27.98300552368164
-28.12041473388672
-28.704965591430664
-28.474945068359375
-28.50262451171875
-28.314151763916016
-28.299386978149414
-28.650365829467773
-28.43600082397461
-28.993785858154297
-28.632919311523438
-29.212890625
-28.867664337158203
-28.781068801879883
-29.053939819335938
-29.058237075805664
-29.242799758911133
-29.71117401123047
-29.128273010253906
-29.303213119506836
-29.75078582763672
-29.52231788635254
-29.796085357666016
-29.579681396484375
-29.549036026000977
-29.997407913208008
-30.16921043395996
-29.830636978149414
-29.92158317565918
-30.031295776367188
-30.31452178955078
-30.306766510009766
-30.560487747192383
-30.51862335205078
-30.808834075927734
-30.854719161987305
-30.668718338012695
-30.93390655517578
-30.870573043823242
-30.93703842163086
-30.92430877685547
-30.956043243408203
-31.101221084594727
-31.076324462890625
-31.06609535217285
-31.368608474731445
-31.2987003326416
-31.196216583251953
-31.450307846069336
-31.464496612548828
-31.550251007080078
-31.55601692199707
-31.576068878173828
-31.66488265991211
-31.852632522583008
-31.88428497314453
-32.01779556274414
-31.96113395690918
-32.072757720947266
-32.16312789916992
-32.29972457885742
-32.41349792480469
-32.463260650634766
-32.59907531738281
-32.78428649902344
-32.8628044128418
-33.108699798583984
-33.255165100097656
-33.45701217651367
-33.231842041015625
-33.388919830322266
-33.229671478271484
-33.48281478881836
-33.30339050292969
-33.34280776977539
-33.66402053833008
-33.678977966308594
-33.72760772705078
-33.932132720947266
-33.85161209106445
-33.997528076171875
-34.254146575927734
-34.134918212890625
-34.31372833251953
-34.45970916748047
-34.57889175415039
-34.57988357543945
-34.73439025878906
-34.825687408447266
-34.93074035644531
-35.3028564453125
-35.31844711303711
-35.53239822387695
-35.68851089477539
-35.741050720214844
-35.8931770324707
-36.14942932128906
-36.07322692871094
-36.444976806640625
-37.081050872802734
-37.104522705078125
-36.970863342285156
-37.19232940673828
-37.15757369995117
-36.68790054321289
-37.09654235839844
-37.19670867919922
-37.091373443603516
-37.54686737060547
-37.74121856689453
-37.656673431396484
-37.608848571777344
-37.84916687011719
-37.858612060546875
-37.82524490356445
-38.08846664428711
-38.063201904296875
-38.24934005737305
-38.231361389160156
-38.42633056640625
-38.22943878173828
-38.37897491455078
-38.48793411254883
-38.39700698852539
-38.725379943847656
-38.850093841552734
-38.77220916748047
-38.62874984741211
-39.12308120727539
-38.90456008911133
-38.950965881347656
-39.161407470703125
-39.19871520996094
-39.13414001464844
-39.522640228271484
-39.230648040771484
-39.632999420166016
-39.494056701660156
-39.71381378173828
-39.64531326293945
-40.05935287475586
-39.910701751708984
-39.94871520996094
-39.971214294433594
-39.925045013427734
-40.35497283935547
-40.28970718383789
-40.335205078125
-40.307777404785156
-40.55672836303711
-40.73251724243164
-40.922969818115234
-40.88740158081055
-40.950714111328125
-40.89806365966797
-41.01997375488281
-40.361087799072266
-40.949466705322266
-41.01144790649414
-40.36504364013672
-41.099910736083984
-40.07996368408203
-40.60690689086914
-40.77062225341797
-40.4584846496582
-41.33921813964844
-40.94317626953125
-41.498538970947266
-41.63142395019531
-41.50693893432617
-41.575599670410156
-41.187313079833984
-41.6596565246582
-41.03884506225586
-40.973899841308594
-41.84822463989258
-41.54662322998047
-41.74214172363281
-41.419342041015625
-42.24847412109375
-41.886573791503906
-41.92935562133789
-42.10165023803711
-42.29048156738281
-41.80165100097656
-42.407470703125
-42.25929641723633
-42.566993713378906
-42.698829650878906
-42.82905960083008
-43.008541107177734
-42.95418930053711
-43.138427734375
-42.80988311767578
-43.235435485839844
-42.991580963134766
-43.31526184082031
-43.345184326171875
-43.457122802734375
-43.33788299560547
-43.33033752441406
-43.36093521118164
-43.299781799316406
-43.545650482177734
-43.4025764465332
-43.527408599853516
-43.51103210449219
-43.6497688293457
-43.739479064941406
-43.56275177001953
-43.544410705566406
-43.64387130737305
-43.749881744384766
-43.98384475708008
-43.906986236572266
-44.04048156738281
-43.92265701293945
-43.93305206298828
-43.97269058227539
-43.84429168701172
-43.95660400390625
-44.1064453125
-43.84817886352539
-44.087703704833984
-44.244380950927734
-44.09598159790039
-44.18268585205078
-44.13276290893555
-44.197696685791016
-44.12890625
-43.97267150878906
-44.266109466552734
-44.24134826660156
-44.16587448120117
-44.02098083496094
-44.123741149902344
-44.18081283569336
-44.453487396240234
-44.22630310058594
-44.160240173339844
-44.22573471069336
-44.19057083129883
-44.43379592895508
-44.15303421020508
-44.510536193847656
-44.143516540527344
-44.53530502319336
-44.20547866821289
-44.51728439331055
-44.3880729675293
-44.20178985595703
-44.439788818359375
-44.32809066772461
-44.58030319213867
-44.601478576660156
-44.44767379760742
-44.69841766357422
-44.51481246948242
-44.84794998168945
-44.71282958984375
-44.853248596191406
-44.698028564453125
-44.6331672668457
-44.8624153137207
-44.72231674194336
-44.936832427978516
-44.6728515625
-44.929325103759766
-44.630950927734375
-44.8992919921875
-44.817970275878906
-45.034549713134766
-44.8180046081543
-44.81328201293945
-44.92559051513672
-44.88524627685547
-45.006813049316406
-45.22950744628906
-45.06848907470703
-45.191436767578125
-44.89373016357422
-44.972618103027344
-45.0201416015625
-45.06177520751953
-45.208656311035156
-45.09646987915039
-45.2747917175293
-45.12123489379883
-45.21400833129883
-45.20197296142578
-45.117408752441406
-45.145965576171875
-45.14541244506836
-45.42523956298828
-45.24553298950195
-45.18546676635742
-45.36845397949219
-44.89612579345703
-45.204437255859375
-45.321449279785156
-45.442596435546875
-45.24547576904297
-45.22813034057617
-45.30017852783203
-45.46517562866211
-45.4127311706543
-45.38263702392578
-45.48944091796875
-45.476104736328125
-45.4051399230957
-45.4538688659668
-45.426151275634766
-45.616065979003906
-45.645233154296875
-45.53082275390625
-45.396018981933594
-45.56989669799805
-45.57329559326172
-45.671417236328125
-45.509090423583984
-45.54010009765625
-45.62041091918945
-45.74699401855469
-45.691341400146484
-45.41900634765625
-45.69898986816406
-45.79985046386719
-45.804473876953125
-45.799041748046875
-45.37041473388672
-45.599853515625
-45.994178771972656
-45.64855194091797
-45.404075622558594
-45.81281661987305
-45.948760986328125
-45.894989013671875
-45.69895553588867
-45.86695861816406
-45.8597412109375
-46.068023681640625
-45.8941650390625
-45.614078521728516
-45.774478912353516
-46.05809020996094
-45.81999206542969
-45.99582290649414
-46.15485382080078
-45.94129943847656
-46.13227081298828
-46.02174377441406
-45.91232681274414
-45.94353103637695
-45.8991813659668
-46.236846923828125
-45.95365905761719
-46.098636627197266
-46.033016204833984
-46.227455139160156
-45.89250946044922
-45.98881530761719
-45.81266403198242
-46.08354949951172
-46.184791564941406
-46.24818801879883
-46.26163864135742
-46.3178825378418
-46.052391052246094
-46.27655029296875
-46.27703857421875
-46.38196563720703
-46.33367919921875
-46.4327392578125
-46.363521575927734
-46.41004180908203
-46.30377960205078
-46.103912353515625
-46.16108322143555
-46.298519134521484
-46.48506546020508
-46.37562561035156
-46.533382415771484
-46.56591796875
-46.37249755859375
-46.46048355102539
-46.32419204711914
-46.460113525390625
-46.5614128112793
-46.536888122558594
-45.90384292602539
-46.55473327636719
-46.50294876098633
-46.29438018798828
-46.48354721069336
-46.52988815307617
-46.483238220214844
-46.46922302246094
-46.401756286621094
-46.58599090576172
-46.6948127746582
-46.605865478515625
-46.423988342285156
-46.350746154785156
-46.70151138305664
-46.82711410522461
-46.65433120727539
-46.506103515625
-46.64287185668945
-46.53618621826172
-46.63872146606445
-46.8209228515625
-46.898277282714844
-46.53221893310547
-46.90065383911133
-46.603126525878906
-46.68150329589844
-46.44984436035156
-46.727718353271484
-46.920143127441406
-46.66996765136719
-46.47948455810547
-46.4885368347168
-46.77837371826172
-46.811065673828125
-46.90336227416992
-46.62256622314453
-47.07648849487305
-46.66847229003906
-47.02435302734375
-46.60316467285156
-47.002655029296875
-46.53361511230469
-46.722984313964844
-46.22681427001953
-46.36919021606445
-46.609962463378906
-46.81853485107422
-46.93782424926758
-46.873050689697266
-47.065147399902344
-46.943626403808594
-46.90301513671875
-46.7686767578125
-46.7758903503418
-46.95667266845703
-47.01386642456055
-47.11903381347656
-47.12096405029297
-46.96084213256836
-47.307762145996094
-47.05229949951172
-46.694969177246094
-46.99119186401367
-47.11759948730469
-47.16688919067383
-47.02116012573242
-46.970985412597656
-47.01036071777344
-47.04349899291992
-47.1358757019043
-47.16931915283203
-47.11127853393555
-46.993507385253906
-47.19731140136719
-47.12635040283203
-46.91064453125
-47.01813507080078
-47.11973571777344
-47.13663864135742
-47.19520950317383
-47.24524688720703
-47.34745788574219
-46.973731994628906
-47.173866271972656
-47.13341522216797
-47.14057159423828
-47.17000961303711
-47.21253204345703
-47.267635345458984
-47.33460998535156
-47.27599334716797
-47.44381332397461
-47.29902267456055
-47.390445709228516
-47.24336242675781
-47.391563415527344
-47.45284652709961
-47.47703552246094
-47.56940460205078
-47.45476531982422
-47.3166618347168
-47.17583084106445
-47.23080062866211
-47.26167678833008
-47.338172912597656
-47.41655731201172
-47.388790130615234
-47.287715911865234
-47.474090576171875
-47.553279876708984
-47.478782653808594
-47.4175910949707
-47.29074478149414
-47.524234771728516
-47.549171447753906
-47.173728942871094
-47.296234130859375
-47.620147705078125
-47.34562301635742
-47.5102653503418
-47.38827896118164
-47.365264892578125
-47.66725540161133
-47.63216781616211
-47.62921905517578
-47.38438415527344
-47.193660736083984
-47.68239974975586
-47.5181884765625
-47.067195892333984
-47.570030212402344
-47.66875457763672
-47.25825881958008
-47.47352981567383
-47.66304397583008
-47.72317123413086
-47.483978271484375
-47.35704803466797
-47.60852813720703
-47.41780090332031
-47.561309814453125
-47.333126068115234
-47.427398681640625
-47.69654846191406
-47.733360290527344
-47.400726318359375
-47.43732833862305
-47.64380645751953
-47.649620056152344
-47.61168670654297
-47.59852600097656
-47.46731948852539
-47.69898986816406
-47.6071662902832
-47.69234848022461
-47.451019287109375
-47.648475646972656
-47.7280158996582
-47.77832794189453
-47.816707611083984
-47.58251190185547
-47.51879119873047
-47.53792953491211
-47.635963439941406
-47.715354919433594
-47.88471984863281
-47.79643630981445
-47.76844024658203
-47.83192443847656
-47.81690216064453
-47.66300964355469
-47.356163024902344
-47.61602020263672
-47.92475128173828
-47.76683807373047
-47.75594711303711
-47.926998138427734
-47.5908088684082
-47.73378372192383
-47.80200958251953
-47.932029724121094
-47.868125915527344
-47.95344161987305
-47.69953918457031
-47.73206329345703
-47.70034408569336
-47.80181121826172
-47.89968490600586
-47.76976013183594
-47.96767807006836
-47.8026123046875
-47.68524932861328
-47.75148010253906
-47.86684799194336
-47.67237854003906
-47.9019660949707
-47.982784271240234
-47.8818473815918
-47.81705093383789
-47.79564666748047
-48.003231048583984
-48.12039566040039
-47.9764404296875
-47.890323638916016
-47.920753479003906
-47.8205451965332
-47.972015380859375
-47.97258377075195
-47.828670501708984
-47.71446990966797
-47.79081726074219
-48.07776641845703
-48.00611114501953
-48.017940521240234
-47.929542541503906
-47.98268127441406
-48.019737243652344
-48.11907958984375
-48.09599304199219
-47.986610412597656
-47.849002838134766
-47.983402252197266
-48.075340270996094
-48.1394157409668
-48.2130126953125
-48.01053237915039
-47.70227813720703
-48.135643005371094
-48.19878005981445
-48.16946792602539
-47.85738754272461
-47.79600143432617
-48.1392822265625
-48.216556549072266
-48.14562225341797
-47.76713180541992
-47.911598205566406
-48.15447998046875
-48.28480529785156
-48.04619216918945
-47.857967376708984
-48.133384704589844
-48.3477897644043
-48.28834533691406
-48.19795227050781
-48.07177734375
-47.94999313354492
-48.273094177246094
-48.37837219238281
-48.36109161376953
-48.22975158691406
-48.19802474975586
-48.06912612915039
-48.09259796142578
-48.1911506652832
-48.250457763671875
-48.267478942871094
-48.1335334777832
-48.25425338745117
-48.2133674621582
-48.13949203491211
-48.28420639038086
-48.224891662597656
-48.037330627441406
-48.073421478271484
-48.30056381225586
-48.277530670166016
-48.33491134643555
-48.23746109008789
-48.220855712890625
-48.0203857421875
-48.26539993286133
-48.29491424560547
-48.23595428466797
-48.208091735839844
-48.236297607421875
-48.047000885009766
-48.325904846191406
-48.376739501953125
-48.44933319091797
-48.278564453125
-48.33558654785156
-48.174705505371094
-48.20221710205078
-48.24678039550781
-48.39434814453125
-48.410831451416016
-48.238502502441406
-48.22766876220703
-48.34636688232422
-48.26715087890625
-48.49594497680664
-48.26585388183594
-48.333984375
-48.30845260620117
-48.28762435913086
-48.35346221923828
-48.45668029785156
-48.57382583618164
-48.456016540527344
-48.398590087890625
-48.36614990234375
-48.22491455078125
-48.26729965209961
-48.35590744018555
-48.44919967651367
-48.47337341308594
-48.25312805175781
-48.2083740234375
-48.5521354675293
-48.42665481567383
-47.919795989990234
-48.44777297973633
-48.24411392211914
-48.03086853027344
-48.59186553955078
-48.00886917114258
-48.368507385253906
-48.566307067871094
-48.39112854003906
-48.195899963378906
-48.6177978515625
-48.28339767456055
-48.02519226074219
-48.48161315917969
-48.03453063964844
-48.52676010131836
-48.39044952392578
-47.90596008300781
-48.47942352294922
-48.00690841674805
-48.50529479980469
-48.52448654174805
-48.283546447753906
-48.37637710571289
-48.606807708740234
-48.61787414550781
-48.29117202758789
-48.47468185424805
-48.61664581298828
-48.708736419677734
-48.40685272216797
-48.35578155517578
-48.55323028564453
-48.636497497558594
-48.49013137817383
-48.33512878417969
-48.60626983642578
-48.623050689697266
-48.505069732666016
-48.34449005126953
-48.50175476074219
-48.49571990966797
-48.5473518371582
-48.71500778198242
-48.66010284423828
-48.55165100097656
-48.619842529296875
-48.28401565551758
-48.591339111328125
-48.67668914794922
-48.541587829589844
-48.632179260253906
-48.54252624511719
-48.47631072998047
-48.713504791259766
-48.63181686401367
-48.3877067565918
-48.58687210083008
-48.565086364746094
-48.742835998535156
-48.60029602050781
-48.39061737060547
-48.692989349365234
-48.756736755371094
-48.55714416503906
-48.52662658691406
-48.69920349121094
-48.72551727294922
-48.35433578491211
-48.586181640625
-48.76880645751953
-48.780052185058594
-48.4132194519043
-48.59828186035156
-48.847660064697266
-48.76092529296875
-48.45048141479492
-48.592437744140625
-48.695343017578125
-48.79788589477539
-48.786842346191406
-48.86130142211914
-48.837127685546875
-48.858642578125
-48.75663757324219
-48.768089294433594
-48.421546936035156
-48.63386154174805
-48.89015197753906
-48.863487243652344
-48.93344497680664
-48.87994384765625
-48.88322067260742
-48.89302062988281
-48.875267028808594
-48.700279235839844
-48.61088943481445
-48.90277099609375
-48.93025588989258
-48.800750732421875
-48.63355255126953
-48.64215087890625
-48.83772659301758
-48.84762954711914
-48.973724365234375
-48.858070373535156
-48.7735481262207
-48.626651763916016
-48.85023498535156
-48.94339370727539
-48.915287017822266
-48.94845199584961
-48.85076904296875
-48.60424041748047
-48.74884033203125
-48.89884948730469
-48.99946594238281
-48.85456848144531
-48.730262756347656
-48.654605865478516
-48.82223129272461
-48.917259216308594
-48.95003128051758
-48.928199768066406
-48.8831901550293
-48.882198333740234
-48.819854736328125
-48.87699890136719
-48.886905670166016
-48.94303512573242
-48.898868560791016
-48.88319396972656
-48.91777420043945
-48.99492263793945
-49.10051345825195
-48.94096374511719
-48.746761322021484
-48.93300247192383
-48.995853424072266
-49.05626678466797
-49.024539947509766
-48.90373229980469
-48.83530807495117
-48.938411712646484
-48.935081481933594
-49.03004455566406
-49.045719146728516
-48.96677780151367
-48.842315673828125
-48.92078399658203
-48.91697311401367
-49.00913619995117
-48.903228759765625
-49.00131607055664
-48.879173278808594
-48.85569763183594
-49.07057189941406
-49.105220794677734
-49.021820068359375
-49.14714813232422
-49.13568115234375
-49.147457122802734
-49.03673553466797
-48.89323043823242
-48.96891403198242
-48.99542236328125
-49.01646423339844
-49.119422912597656
-48.83295440673828
-48.54711151123047
-48.88010025024414
-49.023338317871094
-48.7957878112793
-48.71198654174805
-49.00416564941406
-48.92556381225586
-48.68769836425781
-48.99163818359375
-48.691650390625
-48.66575241088867
-48.958900451660156
-49.141578674316406
-48.908599853515625
-48.70583724975586
-48.78886413574219
-48.91801071166992
-49.13961410522461
-49.178070068359375
-49.15705108642578
-48.89265823364258
-48.91056823730469
-49.087364196777344
-49.15574645996094
-48.96389389038086
-49.063167572021484
-48.93998718261719
-48.94855880737305
-48.9812126159668
-49.160736083984375
-49.03135681152344
-49.02275848388672
-48.955543518066406
-49.095314025878906
-49.04802322387695
-49.197914123535156
-49.26223373413086
-49.143585205078125
-49.01126480102539
-49.013038635253906
-48.96829605102539
-49.149139404296875
-49.2293586730957
-49.062583923339844
-48.72840881347656
-49.150367736816406
-49.17336654663086
-48.90743637084961
-48.98876953125
-49.168663024902344
-49.312744140625
-49.28672409057617
-49.25212097167969
-49.20549011230469
-49.13102340698242
-48.89497756958008
-49.1536865234375
-49.21125030517578
-48.7575798034668
-49.155029296875
-49.03813552856445
-48.80547332763672
-48.936767578125
-49.25284957885742
-49.17384719848633
-48.78218460083008
-49.18994140625
-49.09038543701172
-48.63274383544922
-49.320960998535156
-49.12175369262695
-48.82691955566406
-49.35845947265625
-48.961669921875
-48.72591018676758
-49.14833068847656
-48.608524322509766
-49.37727737426758
-48.96876525878906
-48.7656364440918
-49.2657470703125
-48.70751953125
-49.27995681762695
-49.31252670288086
-48.66587448120117
-49.41648864746094
-48.4887580871582
-49.28767776489258
-47.98536682128906
-47.911590576171875
-49.29202651977539
-47.618892669677734
-47.1191291809082
-47.44540786743164
-49.134010314941406
-47.18062973022461
-46.322181701660156
-46.10200119018555
-46.099876403808594
-46.448265075683594
-47.30339431762695
-48.660308837890625
-47.64373016357422
-47.894081115722656
-49.020545959472656
-48.116661071777344
-48.50535583496094
-48.51224136352539
-48.407005310058594
-49.11318588256836
-49.10054016113281
-48.77826690673828
-49.19266891479492
-48.55010986328125
-48.95845031738281
-48.200767517089844
-48.300235748291016
-49.28194046020508
-49.03342056274414
-48.67097473144531
-49.14543914794922
-48.232887268066406
-48.319969177246094
-49.234947204589844
-48.87973403930664
-49.140602111816406
-49.42071533203125
-48.735870361328125
-49.432003021240234
-49.11238098144531
-49.03765869140625
-49.366859436035156
-49.21036148071289
-49.22132873535156
-49.4706916809082
-49.33380889892578
-49.05610275268555
-49.442230224609375
-49.341773986816406
-49.07256317138672
-49.48522186279297
-49.4769287109375
-49.215606689453125
-49.363162994384766
-49.537254333496094
-49.47246551513672
-49.388336181640625
-49.38203811645508
-49.509971618652344
-49.569175720214844
-49.58143615722656
-49.23954391479492
-49.436737060546875
-49.38806915283203
-49.455177307128906
-49.61670684814453
-49.48434829711914
-49.532989501953125
-49.47975540161133
-49.446937561035156
-49.435630798339844
-49.405250549316406
-49.51261901855469
-49.45832824707031
-49.52180099487305
-49.499629974365234
-49.57818603515625
-49.47161102294922
-49.49700927734375
-49.467830657958984
-49.54853820800781
-49.40262222290039
-49.28949737548828
-49.463314056396484
-49.502986907958984
-49.53854751586914
-49.629310607910156
-49.57310104370117
-49.426856994628906
-49.39385986328125
-49.433135986328125
-49.57624816894531
-49.62199401855469
-49.60881423950195
-49.620338439941406
-49.67763137817383
-49.610416412353516
-49.45275115966797
-49.48624038696289
-49.374290466308594
-49.28355026245117
-49.42026901245117
-49.58390808105469
-49.41653823852539
-49.63873291015625
-49.61083221435547
-49.476043701171875
-49.42305374145508
-49.54035568237305
-49.565284729003906
-49.51348114013672
-49.48834228515625
-49.479427337646484
-49.486541748046875
-49.53684997558594
-49.58440017700195
-49.6571044921875
-49.659915924072266
-49.69496154785156
-49.610225677490234
-49.7037239074707
-49.63682556152344
-49.67921829223633
-49.52003860473633
-49.43646240234375
-49.405296325683594
-49.540000915527344
-49.65995407104492
-49.672828674316406
-49.62601852416992
-49.61992645263672
-49.55490493774414
-49.33084487915039
-49.379730224609375
-49.62473678588867
-49.70118713378906
-49.66584777832031
-49.678524017333984
-49.62883758544922
-49.39776611328125
-49.478973388671875
-49.621665954589844
-49.756649017333984
-49.69206237792969
-49.69297409057617
-49.687870025634766
-49.49540328979492
-49.3936767578125
-49.5069465637207
-49.563167572021484
-49.60310745239258
-49.641082763671875
-49.52998352050781
-49.61677169799805
-49.506805419921875
-49.54214096069336
-49.601783752441406
-49.566307067871094
-49.64204788208008
-49.58485794067383
-49.562103271484375
-49.566162109375
-49.66727828979492
-49.70923614501953
-49.72335433959961
-49.637081146240234
-49.60437774658203
-49.35761642456055
-49.376712799072266
-49.630516052246094
-49.65861511230469
-49.75490951538086
-49.551170349121094
-49.55335235595703
-49.44525146484375
-49.594764709472656
-49.759742736816406
-49.76066589355469
-49.739044189453125
-49.62617492675781
-49.513160705566406
-49.57665252685547
-49.61299514770508
-49.68816375732422
-49.715206146240234
-49.62226104736328
-49.558258056640625
-49.490726470947266
-49.65409469604492
-49.70182418823242
-49.70942687988281
-49.5870361328125
-49.522865295410156
-49.65727233886719
-49.75762176513672
-49.85253143310547
-49.757591247558594
-49.841896057128906
-49.61827087402344
-49.61103820800781
-49.4719352722168
-49.706703186035156
-49.83722686767578
-49.830474853515625
-49.752315521240234
-49.483253479003906
-49.501590728759766
-49.79416275024414
-49.85114669799805
-49.70176315307617
-49.47736358642578
-49.72842788696289
-49.939937591552734
-49.6099853515625
-49.346221923828125
-49.495384216308594
-49.669288635253906
-49.622371673583984
-49.7429313659668
-49.22827911376953
-49.745880126953125
-49.824501037597656
-49.830196380615234
-49.532718658447266
-49.49972915649414
-49.595306396484375
-49.82840347290039
-49.85429763793945
-49.733673095703125
-49.60406494140625
-49.624267578125
-49.66188430786133
-49.61375427246094
-49.77383041381836
-49.724761962890625
-49.535980224609375
-49.61342239379883
-49.776954650878906
-49.66531753540039
-49.79103469848633
-49.707618713378906
-49.50285720825195
-49.8626708984375
-49.94728088378906
-49.862693786621094
-49.900962829589844
-49.88190460205078
-49.76494216918945
-49.60660171508789
-49.72849655151367
-49.857425689697266
-49.86336898803711
-49.82312774658203
-49.686553955078125
-49.562095642089844
-49.821205139160156
-49.85350799560547
-49.94032669067383
-49.72208786010742
-49.52190399169922
-49.70916748046875
-49.87006759643555
-49.81275177001953
-49.75828552246094
-49.56916809082031
-49.81669616699219
-49.88896942138672
-49.931861877441406
-49.805076599121094
-49.49571228027344
-49.826812744140625
-49.878211975097656
-49.883338928222656
-49.601287841796875
-49.680702209472656
-49.87112045288086
-49.90789794921875
-49.97434997558594
-49.9949836730957
-49.830787658691406
-49.38063430786133
-49.4671630859375
-49.90238571166992
-49.936302185058594
-49.66801071166992
-49.61161804199219
-49.707603454589844
-49.8468017578125
-49.56321334838867
-49.74394226074219
-49.68769836425781
-49.62965393066406
-49.561553955078125
-49.455841064453125
-49.619773864746094
-49.84678268432617
-49.7075080871582
-49.404510498046875
-49.67171859741211
-49.79102325439453
-49.65243911743164
-49.526695251464844
-49.802024841308594
-49.921634674072266
-49.773170471191406
-49.8193473815918
-49.71337127685547
-49.560543060302734
-49.79880142211914
-49.98810577392578
-50.04692840576172
-49.98497772216797
-49.953147888183594
-49.990516662597656
-49.92311477661133
-49.53907775878906
-49.79560470581055
-50.00244140625
-50.05036163330078
-49.828617095947266
-49.558319091796875
-49.79422378540039
-50.01422119140625
-50.050479888916016
-49.9240837097168
-49.8619270324707
-49.686973571777344
-49.82672882080078
-50.005592346191406
-49.973350524902344
-49.95081329345703
-49.83244705200195
-49.760948181152344
-49.89601135253906
-50.009952545166016
-49.965599060058594
-49.93170928955078
-49.836299896240234
-49.946937561035156
-50.0128059387207
-50.05078887939453
-50.038970947265625
-49.92587661743164
-49.73497772216797
-49.80910110473633
-49.95573043823242
-49.92085647583008
-49.89020919799805
-49.852027893066406
-49.83747482299805
-49.95337677001953
-50.064971923828125
-50.10683822631836
-49.86285400390625
-49.650794982910156
-50.11150360107422
-50.00552749633789
-49.56753158569336
-49.95896911621094
-50.0317268371582
-49.722896575927734
-49.777923583984375
-49.936073303222656
-49.996368408203125
-50.10068893432617
-50.079498291015625
-50.135894775390625
-50.02729034423828
-49.741249084472656
-49.784603118896484
-49.98488998413086
-50.05575180053711
-49.942405700683594
-49.925819396972656
-49.77540969848633
-49.92338562011719
-50.019588470458984
-50.06866455078125
-49.80875778198242
-49.84332275390625
-49.98762512207031
-50.04624557495117
-49.894493103027344
-49.878990173339844
-49.927772521972656
-49.93699645996094
-50.056575775146484
-50.03197479248047
-50.038238525390625
-49.92176055908203
-49.80589294433594
-49.98596954345703
-50.054595947265625
-50.02737808227539
-50.06475830078125
-50.06884765625
-49.98778533935547
-49.88441467285156
-49.94953918457031
-50.010501861572266
-50.09204864501953
-49.891380310058594
-49.879249572753906
-49.987037658691406
-49.97996139526367
-49.93727493286133
-49.95123291015625
-49.78105163574219
-49.943355560302734
-50.0563850402832
-50.00286865234375
-50.086761474609375
-49.849063873291016
-50.07047653198242
-50.13401412963867
-50.10065841674805
-49.87440872192383
-49.87539291381836
-50.03450393676758
-50.026214599609375
-49.92365264892578
-49.935943603515625
-50.023399353027344
-50.04426193237305
-49.98896789550781
-50.02565383911133
-49.95680236816406
-49.96673583984375
-50.047489166259766
-50.12057113647461
-50.06682205200195
-50.003074645996094
-49.89149856567383
-49.932769775390625
-50.07221603393555
-50.09064483642578
-50.142417907714844
-50.105308532714844
-50.01203918457031
-49.95504379272461
-49.968589782714844
-50.02130889892578
-50.15444564819336
-50.066673278808594
-49.98691177368164
-50.003021240234375
-49.97782897949219
-50.001773834228516
-49.950435638427734
-49.954429626464844
-49.993621826171875
-49.86792755126953
-50.04923629760742
-50.044700622558594
-50.158485412597656
-50.09784698486328
-50.05622100830078
-49.80998992919922
-50.003684997558594
-50.12303924560547
-50.19483184814453
-50.039424896240234
-50.10943603515625
-49.80791473388672
-49.93084716796875
-50.082916259765625
-50.115882873535156
-50.00387954711914
-50.09138107299805
-49.943031311035156
-49.845741271972656
-50.08584976196289
-49.89497756958008
-49.966548919677734
-49.97196960449219
-49.9801025390625
-49.579368591308594
-50.201541900634766
-50.04728698730469
-49.80669403076172
-50.06411361694336
-50.124935150146484
-49.96345520019531
-49.75044631958008
-50.08160400390625
-50.189476013183594
-50.153297424316406
-49.917545318603516
-50.02088165283203
-50.21335983276367
-50.231605529785156
-50.07992935180664
-49.84695053100586
-50.0617790222168
-50.1064338684082
-49.53315353393555
-50.10639190673828
-50.15450668334961
-49.916465759277344
-50.011226654052734
-50.19646072387695
-50.16779327392578
-50.21464157104492
-49.99457931518555
-50.01873016357422
-50.12728500366211
-50.2930793762207
-50.24137496948242
-50.258811950683594
-50.29090881347656
-50.31407928466797
-50.23896026611328
-50.05350112915039
-50.01723861694336
-50.14414596557617
-50.31991958618164
-50.265235900878906
-50.0879020690918
-49.94184875488281
-50.10715866088867
-50.28011703491211
-50.25529479980469
-50.2861328125
-50.28594207763672
-50.299468994140625
-50.16001892089844
-50.03704071044922
-50.20543670654297
-50.25557327270508
-50.214988708496094
-50.153812408447266
-49.97919845581055
-50.138267517089844
-50.209144592285156
-50.182437896728516
-50.186920166015625
-50.064178466796875
-50.04536056518555
-50.116172790527344
-50.28034973144531
-50.25514221191406
-50.23573303222656
-50.199607849121094
-50.11322021484375
-50.07550048828125
-50.05250930786133
-50.11735153198242
-50.236183166503906
-50.17679214477539
-50.293174743652344
-50.367332458496094
-50.16962814331055
-50.04130554199219
-50.01578903198242
-50.27422332763672
-50.34332275390625
-50.367027282714844
-50.334129333496094
-50.23109436035156
-50.204708099365234
-49.99427032470703
-50.16177749633789
-50.27156066894531
-50.336814880371094
-50.21751022338867
-50.0197868347168
-50.158050537109375
-50.3231086730957
-50.27777099609375
-50.175079345703125
-50.057334899902344
-50.093570709228516
-49.962974548339844
-50.12814712524414
-50.20872497558594
-50.36379623413086
-50.284454345703125
-50.16327667236328
-50.080345153808594
-50.23750686645508
-50.259552001953125
-50.29158020019531
-50.30895233154297
-50.20598220825195
-50.140869140625
-50.114261627197266
-50.13526153564453
-50.15502166748047
-50.10679244995117
-50.085601806640625
-50.17039108276367
-50.199832916259766
-50.12013244628906
-50.28573989868164
-50.371124267578125
-50.15011215209961
-50.26396942138672
-50.09862518310547
-50.00107192993164
-50.225486755371094
-50.33989715576172
-50.194984436035156
-50.21609115600586
-50.17683792114258
-50.1735954284668
-50.292335510253906
-50.21738052368164
-50.17634963989258
-50.12080764770508
-50.249000549316406
-50.314430236816406
-50.352535247802734
-50.25181579589844
-50.14455032348633
-50.297420501708984
-50.4124641418457
-50.36703872680664
-50.36296081542969
-50.24163055419922
-50.01277160644531
-50.1072998046875
-50.22203826904297
-50.29582214355469
-50.405757904052734
-50.34135437011719
-50.12884521484375
-50.141944885253906
-50.224891662597656
-50.29924774169922
-50.08562469482422
-50.26146697998047
-49.98915100097656
-50.30538558959961
-50.23373031616211
-50.29231643676758
-50.324440002441406
-50.13299560546875
-49.921913146972656
-50.248653411865234
-50.22169494628906
-50.212162017822266
-50.014244079589844
-50.23138427734375
-50.25743865966797
-50.362205505371094
-50.393028259277344
-50.407691955566406
-50.39232635498047
-50.32449722290039
-50.211063385009766
-50.0887451171875
-50.321075439453125
-50.393882751464844
-50.395633697509766
-50.196197509765625
-50.30195617675781
-50.09372329711914
-50.067039489746094
-50.23091125488281
-50.3466911315918
-50.36756134033203
-50.26557159423828
-50.11846923828125
-50.35016632080078
-50.389217376708984
-50.366477966308594
-50.28208923339844
-50.20878982543945
-50.25770950317383
-50.270042419433594
-50.39379119873047
-50.462039947509766
-50.24097442626953
-50.068138122558594
-50.324806213378906
-50.372047424316406
-50.41069793701172
-50.42689895629883
-50.296268463134766
-49.85435485839844
-50.26303482055664
-50.5108757019043
-50.364830017089844
-50.300716400146484
-50.508148193359375
-50.501121520996094
-50.36199188232422
-50.24878692626953
-50.1590576171875
-50.270294189453125
-50.44944381713867
-50.46406555175781
-50.39238357543945
-50.1260986328125
-50.35479736328125
-50.429649353027344
-50.401947021484375
-50.429107666015625
-50.38550567626953
-50.37089157104492
-50.40534973144531
-50.36160659790039
-50.37647247314453
-50.34634017944336
-50.328643798828125
-50.41112518310547
-50.45169448852539
-50.323394775390625
-50.35097885131836
-50.198036193847656
-50.236366271972656
-50.33898162841797
-50.31663513183594
-50.44156265258789
-50.400718688964844
-50.391357421875
-50.162269592285156
-50.25031661987305
-50.29442596435547
-50.43614196777344
-50.420169830322266
-50.430423736572266
-50.24433898925781
-50.32339859008789
-50.4591064453125
-50.452632904052734
-50.495323181152344
-50.4383430480957
-50.32903289794922
-50.228145599365234
-50.3206787109375
-50.43809509277344
-50.49577331542969
-50.529815673828125
-50.56616973876953
-50.57057571411133
-50.601776123046875
-50.54019546508789
-50.37619400024414
-50.203819274902344
-50.448646545410156
-50.48284149169922
-50.539085388183594
-50.57099914550781
-50.50765609741211
-50.43031692504883
-50.07301712036133
-50.50132369995117
-50.58704376220703
-50.46989440917969
-50.20317840576172
-50.26874923706055
-50.56211471557617
-50.596336364746094
-50.675567626953125
-50.56159973144531
-50.540138244628906
-50.21625518798828
-50.19151306152344
-50.450382232666016
-50.641380310058594
-50.56403732299805
-50.63820266723633
-50.60950469970703
-50.592010498046875
-50.435890197753906
-50.34718322753906
-50.04235076904297
-50.602603912353516
-50.59807205200195
-50.30402374267578
-50.20720291137695
-50.513572692871094
-50.610416412353516
-50.519508361816406
-50.08893966674805
-50.53867721557617
-50.65532684326172
-50.53401565551758
-50.224857330322266
-50.4623908996582
-50.58586120605469
-50.6268310546875
-50.58205032348633
-50.212120056152344
-50.391822814941406
-50.55247116088867
-50.62420654296875
-50.49925231933594
-50.34870147705078
-50.44680404663086
-50.5360107421875
-50.726436614990234
-50.63445281982422
-50.515419006347656
-50.30575942993164
-50.500587463378906
-50.617889404296875
-50.70914077758789
-50.61708068847656
-50.601409912109375
-50.49712371826172
-50.28091049194336
-50.451114654541016
-50.55190658569336
-50.57035827636719
-50.46706008911133
-50.40007781982422
-50.508888244628906
-50.57433319091797
-50.577484130859375
-50.60057830810547
-50.557212829589844
-50.464759826660156
-50.31290817260742
-50.5281982421875
-50.521854400634766
-50.71641159057617
-50.652557373046875
-50.567657470703125
-50.49947738647461
-50.31396484375
-50.326576232910156
-50.54833984375
-50.60990524291992
-50.44380187988281
-50.39247512817383
-50.38203048706055
-50.54869079589844
-50.486541748046875
-50.61437225341797
-50.60416793823242
-50.479068756103516
-50.32194519042969
-50.48923873901367
-50.595314025878906
-50.661659240722656
-50.548011779785156
-50.40171813964844
-50.45166778564453
-50.56846237182617
-50.640567779541016
-50.613746643066406
-50.51200866699219
-50.51209259033203
-50.46363067626953
-50.473533630371094
-50.58919143676758
-50.636165618896484
-50.680442810058594
-50.62975311279297
-50.46095275878906
-50.393524169921875
-50.553836822509766
-50.69635009765625
-50.73564147949219
-50.64154815673828
-50.61756896972656
-50.334320068359375
-50.4289665222168
-50.660614013671875
-50.66905975341797
-50.71919631958008
-50.738975524902344
-50.677978515625
-50.5130615234375
-50.258750915527344
-50.57284927368164
-50.76278305053711
-50.666934967041016
-50.611412048339844
-50.357486724853516
-50.483421325683594
-50.589664459228516
-50.735137939453125
-50.71818542480469
-50.730411529541016
-50.484588623046875
-50.45147705078125
-50.63447570800781
-50.70551300048828
-50.586822509765625
-50.478050231933594
-50.5858154296875
-50.60962677001953
-50.66770935058594
-50.579376220703125
-50.46002197265625
-50.52048873901367
-50.5577278137207
-50.61001205444336
-50.6397819519043
-50.68738555908203
-50.79393768310547
-50.75773620605469
-50.7464599609375
-50.64339828491211
-50.5496826171875
-50.2341423034668
-50.54103469848633
-50.718257904052734
-50.694549560546875
-50.75133514404297
-50.73661422729492
-50.69838333129883
-50.56401443481445
-50.49846649169922
-50.51261520385742
-50.547523498535156
-50.72118377685547
-50.7086067199707
-50.59782409667969
-50.459896087646484
-50.60411834716797
-50.546939849853516
-50.61803436279297
-50.54912567138672
-50.435272216796875
-50.585418701171875
-50.453147888183594
-50.48711395263672
-50.71636199951172
-50.5439567565918
-50.3619384765625
-50.625518798828125
-50.69205856323242
-50.795616149902344
-50.731021881103516
-50.47561264038086
-50.40727996826172
-50.66527557373047
-50.742374420166016
-50.75164794921875
-50.7418212890625
-50.58580017089844
-50.31245803833008
-50.68548583984375
-50.73632049560547
-50.52744674682617
-50.115989685058594
-50.7681770324707
-50.58844757080078
-50.05766296386719
-50.73031234741211
-50.42772674560547
-50.053314208984375
-50.66057205200195
-50.109962463378906
-50.556270599365234
-50.753475189208984
-50.67842102050781
-50.309871673583984
-50.439674377441406
-50.7579345703125
-50.81120300292969
-50.726810455322266
-50.62992477416992
-50.41222381591797
-50.51991271972656
-50.59600830078125
-50.642478942871094
-50.54541015625
-50.61145782470703
-50.54529571533203
-50.75197982788086
-50.66704559326172
-50.62196731567383
-50.37495803833008
-50.580078125
-50.703704833984375
-50.81898880004883
-50.71171569824219
-50.594505310058594
-50.53801727294922
-50.55649185180664
-50.74243927001953
-50.809165954589844
-50.85576629638672
-50.81059646606445
-50.87256622314453
-50.800987243652344
-50.835914611816406
-50.811180114746094
-50.58890151977539
-50.47046661376953
-50.67720413208008
-50.77942657470703
-50.794395446777344
-50.782264709472656
-50.76900863647461
-50.75564956665039
-50.55358123779297
-50.570011138916016
-50.72807693481445
-50.64570999145508
-50.53533172607422
-50.606163024902344
-50.735721588134766
-50.82673263549805
-50.89305877685547
-50.859703063964844
-50.57701873779297
-50.3673210144043
-50.74253463745117
-50.82176208496094
-50.82535934448242
-50.49828338623047
-50.533973693847656
-50.60877227783203
-50.877994537353516
-50.71968460083008
-50.48589324951172
-50.652034759521484
-50.83857727050781
-50.43626022338867
-50.153011322021484
-50.802833557128906
-50.3892822265625
-50.450313568115234
-50.57588195800781
-50.662269592285156
-50.831546783447266
-50.651649475097656
-50.45390319824219
-50.59130859375
-50.81752014160156
-50.647918701171875
-50.50395202636719
-50.597408294677734
-50.801612854003906
-50.59767532348633
-50.39152526855469
-50.521263122558594
-50.50199890136719
-50.402015686035156
-50.74152374267578
-50.773948669433594
-50.573829650878906
-50.50965881347656
-50.85118103027344
-50.55821990966797
-50.45186233520508
-50.8856086730957
-50.64128875732422
-50.2642936706543
-50.879905700683594
-50.6839485168457
-50.29374694824219
-50.82407760620117
-50.55912399291992
-50.15723419189453
-50.93742370605469
-50.454872131347656
-50.35578155517578
-50.89500427246094
-50.77891159057617
-50.44813537597656
-50.554107666015625
-50.78661346435547
-50.81800842285156
-50.65858459472656
-50.35784149169922
-50.902923583984375
-50.76065444946289
-50.40250015258789
-50.74747848510742
-50.83332824707031
-50.90867614746094
-50.74973678588867
-50.46074295043945
-50.76655960083008
-50.91753387451172
-50.7904052734375
-50.58787536621094
-50.64509582519531
-50.73493194580078
-50.868804931640625
-50.851680755615234
-50.82249069213867
-50.814449310302734
-50.55219650268555
-50.71330261230469
-50.889739990234375
-50.882259368896484
-50.708473205566406
-50.43259048461914
-50.60032272338867
-50.72316360473633
-50.86311721801758
-50.831336975097656
-50.409019470214844
-50.37297821044922
-50.68226623535156
-50.711578369140625
-50.78761291503906
-50.751399993896484
-50.44002914428711
-50.72416687011719
-50.795082092285156
-50.88196563720703
-50.86931610107422
-50.69634246826172
-50.68193817138672
-50.76929473876953
-50.85528564453125
-50.73776626586914
-50.5556526184082
-50.747745513916016
-50.80313491821289
-50.274410247802734
-50.90760040283203
-50.386810302734375
-50.49286651611328
-50.93598937988281
-50.525123596191406
-50.46338653564453
-50.92338943481445
-50.72154235839844
-50.280216217041016
-50.842655181884766
-50.06483459472656
-50.92988586425781
-49.834861755371094
-50.38807678222656
-49.48249435424805
-49.068790435791016
-50.02881622314453
-49.57923126220703
-48.993316650390625
-49.56407165527344
-50.217830657958984
-49.78067398071289
-50.754791259765625
-50.21923828125
-50.664512634277344
-50.60350799560547
-50.483154296875
-50.82831573486328
-50.681297302246094
-50.44948196411133
-50.8661994934082
-50.60741424560547
-50.523582458496094
-50.90290069580078
-50.510833740234375
-50.591583251953125
-50.84514617919922
-50.873619079589844
-50.704429626464844
-50.680084228515625
-50.845245361328125
-50.837799072265625
-50.62281799316406
-50.4596061706543
-50.91844177246094
-50.813873291015625
-50.592140197753906
-50.69960021972656
-50.95615768432617
-50.85369873046875
-50.68044662475586
-50.73923873901367
-50.95844268798828
-51.028343200683594
-50.92456817626953
-50.677616119384766
-50.8175048828125
-50.93644332885742
-51.019493103027344
-50.99920654296875
-50.931007385253906
-50.9205207824707
-50.819210052490234
-50.711856842041016
-50.735904693603516
-50.91958999633789
-50.867862701416016
-50.91505432128906
-50.88106918334961
-50.78099822998047
-50.8370361328125
-50.85486602783203
-50.81275177001953
-50.883174896240234
-50.942893981933594
-50.948631286621094
-50.7718620300293
-50.694786071777344
-50.95173263549805
-50.900978088378906
-50.755733489990234
-50.53748321533203
-50.68230438232422
-50.94997787475586
-50.69601058959961
-50.81123733520508
-50.790855407714844
-50.69778060913086
-50.79986572265625
-50.88389587402344
-50.83857345581055
-50.75843048095703
-50.720977783203125
-50.85008239746094
-50.98834228515625
-50.97458267211914
-50.9244499206543
-50.79240798950195
-50.712615966796875
-50.74919509887695
-50.980125427246094
-50.9959716796875
-50.98174285888672
-50.977073669433594
-50.793006896972656
-50.64645767211914
-50.72559356689453
-50.93803024291992
-50.99123764038086
-50.940330505371094
-50.87877655029297
-50.74507141113281
-50.73611831665039
-50.8348388671875
-50.908348083496094
-50.95431900024414
-50.92784881591797
-50.82570266723633
-50.656585693359375
-50.843563079833984
-50.887054443359375
-50.95818328857422
-50.9432373046875
-50.97956466674805
-50.87335968017578
-50.52547836303711
-50.75658416748047
-50.89563751220703
-51.05527114868164
-50.9814338684082
-50.69876480102539
-50.557926177978516
-50.88065719604492
-51.05999755859375
-50.920291900634766
-50.49891662597656
-50.696868896484375
-50.98455047607422
-50.96112060546875
-50.68905258178711
-50.62535858154297
-50.9228515625
-51.077728271484375
-50.94341278076172
-50.62291717529297
-50.551998138427734
-50.91027069091797
-50.97358703613281
-51.04637908935547
-51.00885009765625
-51.038169860839844
-51.079402923583984
-51.04330062866211
-50.8321533203125
-50.77484130859375
-50.89929962158203
-50.979736328125
-50.96488952636719
-50.91740036010742
-50.897621154785156
-50.90430450439453
-50.87827682495117
-50.96983337402344
-51.032554626464844
-50.998802185058594
-50.9095344543457
-50.90934753417969
-50.84092712402344
-50.820587158203125
-50.93268585205078
-51.00395965576172
-50.96103286743164
-50.84956359863281
-50.80008316040039
-50.94336700439453
-51.07147216796875
-50.984127044677734
-50.83492660522461
-50.84452819824219
-50.989051818847656
-51.008827209472656
-51.07286071777344
-51.12016296386719
-51.08689880371094
-50.872215270996094
-50.57319259643555
-50.97068786621094
-51.086944580078125
-51.079063415527344
-50.820377349853516
-50.622962951660156
-51.002017974853516
-51.089019775390625
-50.89527130126953
-50.60857391357422
-51.05543518066406
-51.090728759765625
-50.884368896484375
-50.698123931884766
-50.96249008178711
-51.110836029052734
-51.01017379760742
-50.783443450927734
-50.834815979003906
-50.955596923828125
-51.11442565917969
-51.06364822387695
-51.04230880737305
-50.753089904785156
-50.8685417175293
-50.97429656982422
-50.95692443847656
-50.411231994628906
-50.9413948059082
-50.8569450378418
-50.38106155395508
-50.95023727416992
-50.96928405761719
-51.024688720703125
-50.745121002197266
-50.79750061035156
-50.965736389160156
-51.051761627197266
-51.08036804199219
-51.08380889892578
-51.102325439453125
-51.124324798583984
-51.088890075683594
-51.00067138671875
-50.832862854003906
-50.80889892578125
-51.023719787597656
-51.12531280517578
-51.157554626464844
-51.064308166503906
-50.897613525390625
-50.692420959472656
-50.83992004394531
-51.0257568359375
-51.08552551269531
-51.10979461669922
-51.18747329711914
-51.122562408447266
-51.13736343383789
-50.801631927490234
-50.55392837524414
-50.88978958129883
-51.099369049072266
-51.01652145385742
-51.028160095214844
-50.71522521972656
-50.87099838256836
-51.02006149291992
-51.0528678894043
-51.03758239746094
-50.84538269042969
-50.85516357421875
-51.002567291259766
-51.137664794921875
-51.070030212402344
-50.89373016357422
-50.74777603149414
-51.08461380004883
-51.1346321105957
-51.08838653564453
-50.890289306640625
-50.87835693359375
-50.986846923828125
-51.14112854003906
-51.07904815673828
-51.05651092529297
-50.861480712890625
-50.888099670410156
-51.03470230102539
-51.113990783691406
-51.111629486083984
-51.0489616394043
-50.87672424316406
-50.92845153808594
-50.95965576171875
-50.98370361328125
-50.95237350463867
-50.93529510498047
-51.00100326538086
-51.07793426513672
-51.068580627441406
-50.87295150756836
-50.87987518310547
-51.00621795654297
-51.09727478027344
-51.08930969238281
-50.987022399902344
-50.93889617919922
-50.97714614868164
-51.081687927246094
-51.05443572998047
-50.90742492675781
-50.90203094482422
-51.001522064208984
-51.061500549316406
-50.97373580932617
-50.99573516845703
-50.91661834716797
-51.05944061279297
-51.00155258178711
-50.94210433959961
-50.97117233276367
-51.02388000488281
-51.10759735107422
-50.98588180541992
-50.809974670410156
-50.99940490722656
-51.029640197753906
-50.957183837890625
-50.968223571777344
-50.861534118652344
-50.775272369384766
-51.060325622558594
-51.18840408325195
-51.10036849975586
-51.16595458984375
-51.196407318115234
-51.08573913574219
-51.082942962646484
-51.08971405029297
-51.15129470825195
-50.92404556274414
-50.745849609375
-50.98465347290039
-51.11832046508789
-51.03659439086914
-50.787803649902344
-50.71665954589844
-51.08774948120117
-51.154212951660156
-51.11236572265625
-50.817176818847656
-50.91343688964844
-51.02998352050781
-51.11061096191406
-51.12097930908203
-50.94206619262695
-50.892799377441406
-51.02589416503906
-51.10279083251953
-51.1148567199707
-50.96083068847656
-50.79161071777344
-50.929290771484375
-51.11460876464844
-51.231773376464844
-51.17460632324219
-51.11827850341797
-51.13678741455078
-50.91253662109375
-50.849266052246094
-51.11332702636719
-51.18155288696289
-51.07427215576172
-51.0868034362793
-50.930789947509766
-50.853790283203125
-51.00831985473633
-51.160125732421875
-51.112022399902344
-50.95697784423828
-50.88749313354492
-50.90984344482422
-51.10578918457031
-51.13105010986328
-51.09750747680664
-51.03411865234375
-51.00227355957031
-51.04913330078125
-51.13453674316406
-51.04586410522461
-51.078208923339844
-50.97755432128906
-50.936256408691406
-51.06187438964844
-51.105655670166016
-51.13446044921875
-51.046875
-50.9753532409668
-51.0943717956543
-51.10445785522461
-51.04827117919922
-51.00586700439453
-50.80754089355469
-51.022621154785156
-51.120948791503906
-51.078590393066406
-51.03419494628906
-50.94536590576172
-50.96915817260742
-51.010711669921875
-51.099525451660156
-51.0833740234375
-50.92498016357422
-50.9390869140625
-51.090396881103516
-50.96868896484375
-50.927101135253906
-51.00766372680664
-50.93681716918945
-51.06403350830078
-51.075927734375
-51.047115325927734
-50.94139862060547
-51.050254821777344
-51.10520553588867
-51.122230529785156
-51.15196990966797
-51.19221878051758
-51.07381057739258
-51.12114715576172
-50.83738327026367
-50.937477111816406
-50.95055389404297
-51.16478729248047
-50.937957763671875
-51.003814697265625
-50.876625061035156
-51.1433219909668
-51.197540283203125
-51.20106887817383
-51.05274200439453
-50.856842041015625
-51.073326110839844
-51.218353271484375
-51.16718292236328
-51.28813552856445
-51.17320251464844
-50.965091705322266
-50.979652404785156
-51.19183349609375
-51.1037483215332
-51.1788330078125
-51.153419494628906
-50.95183563232422
-50.87064743041992
-51.12174606323242
-51.046485900878906
-51.047359466552734
-50.934234619140625
-50.99859619140625
-51.088661193847656
-51.213890075683594
-51.17587661743164
-51.15782165527344
-51.084983825683594
-50.84868621826172
-50.96343231201172
-51.15167236328125
-51.11716842651367
-51.00249481201172
-50.93624496459961
-51.087615966796875
-51.13690185546875
-51.025245666503906
-51.00263977050781
-50.81098175048828
-51.08241271972656
-51.102455139160156
-50.99537658691406
-51.04322814941406
-51.04789733886719
-51.02206802368164
-50.98807144165039
-51.1309814453125
-51.173343658447266
-51.254417419433594
-51.2666015625
-51.25536346435547
-51.044403076171875
-50.768436431884766
-50.99169158935547
-51.147377014160156
-51.1502799987793
-50.79439926147461
-50.907012939453125
-51.18613815307617
-51.20234298706055
-51.198455810546875
-51.15324020385742
-51.0688591003418
-50.80546951293945
-50.924564361572266
-51.17839431762695
-51.221595764160156
-51.25410079956055
-51.2398567199707
-51.12242889404297
-50.79039764404297
-50.976829528808594
-51.22827911376953
-51.110965728759766
-51.14189147949219
-51.10526657104492
-51.015174865722656
-51.10692596435547
-51.07001495361328
-51.22551345825195
-51.118770599365234
-51.13990783691406
-50.77638244628906
-51.094154357910156
-51.1793327331543
-51.16979217529297
-50.81969451904297
-50.95627975463867
-51.15470886230469
-51.2457160949707
-50.90385055541992
-50.84169387817383
-51.16477966308594
-51.213218688964844
-51.17679977416992
-50.831668853759766
-51.01165771484375
-51.20060729980469
-51.2319221496582
-51.18092346191406
-50.86696243286133
-51.09834289550781
-51.25599670410156
-51.352787017822266
-51.21432113647461
-51.156333923339844
-50.759735107421875
-50.948097229003906
-51.150020599365234
-51.30840301513672
-51.140342712402344
-51.26909255981445
-51.05683135986328
-50.98103332519531
-51.0739860534668
-51.16279602050781
-51.16950988769531
-51.102088928222656
-50.98351287841797
-51.2135009765625
-51.26316833496094
-51.284263610839844
-51.12226104736328
-50.87847137451172
-50.924278259277344
-51.121543884277344
-51.24195861816406
-50.887168884277344
-50.8201904296875
-51.22413635253906
-51.04449462890625
-50.86690139770508
-51.11444854736328
-51.17212677001953
-50.92673110961914
-50.61201095581055
-51.193450927734375
-50.73019027709961
-50.78509521484375
-51.20915222167969
-51.052146911621094
-50.530277252197266
-51.281768798828125
-50.77231216430664
-50.674312591552734
-51.11125946044922
-50.732887268066406
-50.78826904296875
-51.248504638671875
-50.96353530883789
-50.691162109375
-51.2241325378418
-51.027740478515625
-50.83266067504883
-51.23681640625
-51.31562042236328
-51.098045349121094
-50.85132598876953
-51.07464599609375
-51.219573974609375
-51.204463958740234
-51.18059539794922
-51.20441818237305
-51.14482879638672
-51.070838928222656
-51.030059814453125
-51.08829879760742
-50.941898345947266
-51.16911315917969
-51.01233673095703
-50.983680725097656
-50.9988899230957
-51.15244674682617
-51.07304000854492
-51.2149772644043
-51.093631744384766
-50.838172912597656
-50.9493293762207
-51.15754699707031
-51.2863883972168
-51.23005676269531
-51.208900451660156
-50.9383544921875
-50.91465759277344
-51.10958480834961
-51.31047058105469
-51.29045867919922
-51.358333587646484
-51.23976516723633
-51.07820129394531
-50.90370559692383
-51.1983642578125
-51.286964416503906
-51.29240036010742
-51.29358673095703
-51.178035736083984
-50.98893356323242
-51.05261993408203
-51.217987060546875
-51.23407745361328
-51.22254943847656
-50.97100830078125
-51.063499450683594
-51.19149398803711
-51.303466796875
-51.28472137451172
-51.321922302246094
-51.19444274902344
-50.97718811035156
-51.15575408935547
-51.3483772277832
-51.320831298828125
-51.294464111328125
-51.31767272949219
-51.313560485839844
-51.31937789916992
-51.37810134887695
-51.2837028503418
-51.254886627197266
-51.00357437133789
-51.08830261230469
-51.187042236328125
-51.23632049560547
-51.143157958984375
-50.99080276489258
-51.18048858642578
-51.28268814086914
-51.36763381958008
-51.310813903808594
-51.28618240356445
-51.30000305175781
-50.94792938232422
-51.089637756347656
-51.2944221496582
-51.28364944458008
-51.103824615478516
-50.922462463378906
-51.17823791503906
-51.289085388183594
-50.99653625488281
-50.85707092285156
-51.080936431884766
-50.895538330078125
-50.637428283691406
-51.19316101074219
-50.275779724121094
-51.149776458740234
-49.65359115600586
-49.09746170043945
-50.03902816772461
-50.41404724121094
-49.953163146972656
-51.15489959716797
-49.720787048339844
-49.384033203125
-50.500267028808594
-49.34620666503906
-48.490333557128906
-48.28868865966797
-48.908573150634766
-50.35527801513672
-49.345436096191406
-48.34306335449219
-48.08121109008789
-48.129547119140625
-48.54811096191406
-49.67289733886719
-49.8115234375
-48.90997314453125
-48.992767333984375
-49.95903778076172
-50.20561218261719
-49.670005798339844
-50.4577751159668
-49.91668701171875
-49.65824890136719
-50.84799575805664
-49.91777038574219
-49.82965850830078
-50.76137924194336
-50.223854064941406
-50.88868713378906
-50.304351806640625
-50.835784912109375
-49.97705841064453
-49.78626251220703
-51.10565948486328
-50.0926628112793
-50.24940490722656
-50.66029357910156
-50.573387145996094
-50.765769958496094
-51.17427444458008
-50.1138801574707
-50.43284606933594
-50.46017074584961
-50.34461975097656
-50.86875915527344
-50.887115478515625
-50.473365783691406
-50.91044235229492
-49.94648361206055
-49.64463806152344
-50.67341995239258
-50.00225830078125
-49.434226989746094
-50.16822052001953
-50.458580017089844
-49.90251541137695
-51.068180084228516
-49.90567398071289
-49.68083190917969
-50.991790771484375
-49.639122009277344
-49.26901626586914
-50.13938522338867
-50.39082336425781
-50.04850387573242
-51.060935974121094
-49.802581787109375
-49.39699935913086
-50.14988708496094
-50.2928352355957
-50.00505447387695
-50.850318908691406
-49.69160842895508
-49.301109313964844
-49.847557067871094
-51.09314727783203
-50.425289154052734
-51.23780822753906
-50.137508392333984
-50.44491195678711
-50.61329650878906
-50.479244232177734
-50.88704299926758
-51.145606994628906
-50.64755630493164
-51.03899383544922
-49.97271728515625
-50.21049880981445
-51.11739730834961
-50.67831039428711
-50.93290328979492
-51.17534637451172
-50.88274383544922
-51.19887924194336
-51.306758880615234
-50.98313903808594
-51.170509338378906
-51.317745208740234
-51.313995361328125
-51.29045867919922
-51.182369232177734
-51.252723693847656
-51.33293914794922
-51.34748840332031
-51.32365417480469
-51.224342346191406
-51.16863250732422
-51.245765686035156
-51.32760238647461
-51.42562484741211
-51.4151725769043
-51.410953521728516
-51.40239334106445
-51.32203674316406
-51.1675910949707
-51.19922637939453
-51.333648681640625
-51.360164642333984
-51.282447814941406
-51.11590576171875
-51.22462844848633
-51.335357666015625
-51.26898193359375
-51.20710372924805
-51.15191650390625
-51.09856414794922
-51.208595275878906
-51.207557678222656
-51.31550598144531
-51.34744644165039
-51.408538818359375
-51.33004379272461
-51.383262634277344
-51.265018463134766
-51.13446807861328
-51.1474494934082
-51.281028747558594
-51.32072067260742
-51.18932342529297
-51.201820373535156
-51.25495910644531
-51.15425109863281
-51.28717803955078
-51.321128845214844
-51.174102783203125
-51.1080322265625
-51.16811752319336
-51.267906188964844
-51.27745819091797
-51.146507263183594
-51.272857666015625
-51.125762939453125
-51.14208984375
-51.20580291748047
-50.953895568847656
-50.989715576171875
-51.29212188720703
-50.93055725097656
-50.81525802612305
-51.07756423950195
-51.40959930419922
-51.14299774169922
-50.68098068237305
-51.091556549072266
-51.30497360229492
-51.162437438964844
-51.31373977661133
-51.374359130859375
-51.26130676269531
-51.428096771240234
-51.226097106933594
-51.13880920410156
-51.19487762451172
-51.37283706665039
-51.40982437133789
-51.40971374511719
-51.308685302734375
-51.34581756591797
-51.317138671875
