loss_u
-5.297975540161133
-5.173177242279053
-5.21738862991333
-5.382174491882324
-5.247674465179443
-5.345603942871094
-5.320802211761475
-5.281989097595215
-5.380932331085205
-5.513907432556152
-5.490128993988037
-5.406139850616455
-5.418537139892578
-5.479024410247803
-5.382623195648193
-5.530591011047363
-5.543675422668457
-5.587692737579346
-5.59063196182251
-5.591062068939209
-5.582250118255615
-5.624510288238525
-5.60481595993042
-5.66569185256958
-5.541747093200684
-5.704899787902832
-5.801352024078369
-5.606436252593994
-5.756604194641113
-5.771389961242676
-5.712132453918457
-5.86991548538208
-5.7686262130737305
-5.856849193572998
-5.668167591094971
-5.765108585357666
-5.836588382720947
-5.86860990524292
-5.826526641845703
-5.8942999839782715
-5.840115070343018
-5.872274875640869
-5.899953842163086
-5.966312408447266
-5.86527681350708
-5.856461048126221
-5.942836284637451
-5.970588684082031
-5.937022686004639
-5.979335308074951
-5.9258246421813965
-5.997865676879883
-5.981954097747803
-5.967304706573486
-5.931188583374023
-5.9416961669921875
-5.921238422393799
-5.963919639587402
-5.99813985824585
-5.942228317260742
-5.960290431976318
-5.967675685882568
-6.0151495933532715
-5.976974010467529
-6.037365913391113
-6.020707607269287
-5.987825870513916
-6.080924987792969
-5.997859001159668
-6.064373016357422
-6.069890022277832
-6.0163655281066895
-6.040726184844971
-6.057968616485596
-6.098298072814941
-6.084888935089111
-6.141741752624512
-6.044010639190674
-6.18809700012207
-6.16231107711792
-6.144019603729248
-6.199501991271973
-6.229823112487793
-6.271655559539795
-6.203019142150879
-6.254210948944092
-6.282776832580566
-6.330575466156006
-6.300265789031982
-6.359515190124512
-6.337172031402588
-6.340840816497803
-6.3339152336120605
-6.420375823974609
-6.399574279785156
-6.497490882873535
-6.417120456695557
-6.45591402053833
-6.530307292938232
-6.457056522369385
-6.586463451385498
-6.608509063720703
-6.576457977294922
-6.618747234344482
-6.654510498046875
-6.764021873474121
-6.751433849334717
-6.674152374267578
-6.8431901931762695
-7.026401996612549
-6.999188423156738
-6.903814792633057
-6.967191696166992
-6.958773612976074
-7.003016948699951
-7.050184726715088
-7.239010810852051
-7.185422897338867
-7.238601207733154
-7.462535858154297
-7.574398517608643
-7.359158515930176
-7.422642707824707
-7.637363433837891
-7.506838798522949
-7.8055830001831055
-7.744433403015137
-7.84771728515625
-7.659814357757568
-7.8362555503845215
-7.968673229217529
-7.978115081787109
-7.998049736022949
-8.17020320892334
-8.258284568786621
-8.033817291259766
-8.233349800109863
-8.323196411132812
-8.255000114440918
-8.349041938781738
-8.283287048339844
-8.449492454528809
-8.43680191040039
-8.494136810302734
-8.466497421264648
-8.589288711547852
-8.621794700622559
-8.489829063415527
-8.61402416229248
-8.827574729919434
-8.667835235595703
-8.695635795593262
-8.814821243286133
-8.940134048461914
-8.889880180358887
-9.094608306884766
-8.992325782775879
-8.930891990661621
-8.969225883483887
-8.81850814819336
-9.007462501525879
-8.872918128967285
-9.168865203857422
-9.27469253540039
-9.097387313842773
-9.181488037109375
-9.02586555480957
-9.237573623657227
-9.164308547973633
-9.153175354003906
-9.256837844848633
-9.248520851135254
-9.34587287902832
-9.4248046875
-9.310343742370605
-9.34872055053711
-9.379638671875
-9.32285213470459
-9.357345581054688
-9.410388946533203
-9.443208694458008
-9.302390098571777
-9.396688461303711
-9.449800491333008
-9.504475593566895
-9.422472953796387
-9.319924354553223
-9.440671920776367
-9.580544471740723
-9.512965202331543
-9.587787628173828
-9.526701927185059
-9.631060600280762
-9.583555221557617
-9.371537208557129
-9.660401344299316
-9.518145561218262
-9.458603858947754
-9.68716049194336
-9.575251579284668
-9.533841133117676
-9.771637916564941
-9.755270004272461
-9.566821098327637
-9.82353401184082
-9.741076469421387
-9.741205215454102
-9.878528594970703
-9.895705223083496
-9.854080200195312
-9.876079559326172
-9.78065299987793
-9.873435020446777
-9.858968734741211
-9.908638954162598
-9.79809284210205
-9.912240028381348
-9.868897438049316
-10.033275604248047
-9.9739408493042
-10.031122207641602
-9.99068546295166
-10.023472785949707
-9.952473640441895
-10.034772872924805
-10.099235534667969
-10.054520606994629
-10.075264930725098
-10.125022888183594
-10.101173400878906
-10.109318733215332
-10.143193244934082
-10.094661712646484
-10.089507102966309
-10.192120552062988
-10.181656837463379
-10.184101104736328
-10.188092231750488
-10.208861351013184
-10.283123970031738
-10.228548049926758
-10.286561012268066
-10.25644302368164
-10.291434288024902
-10.246087074279785
-10.301291465759277
-10.309969902038574
-10.348158836364746
-10.273694038391113
-10.306328773498535
-10.34955883026123
-10.31191635131836
-10.350159645080566
-10.333456993103027
-10.355249404907227
-10.232034683227539
-10.424548149108887
-10.34908390045166
-10.423517227172852
-10.4232816696167
-10.477374076843262
-10.433096885681152
-10.463557243347168
-10.495174407958984
-10.472949981689453
-10.489619255065918
-10.515237808227539
-10.526440620422363
-10.548460006713867
-10.513278007507324
-10.568790435791016
-10.557382583618164
-10.55989933013916
-10.543651580810547
-10.587112426757812
-10.590967178344727
-10.604714393615723
-10.574894905090332
-10.607253074645996
-10.616741180419922
-10.613839149475098
-10.615144729614258
-10.59769058227539
-10.613346099853516
-10.599026679992676
-10.637613296508789
-10.655198097229004
-10.641538619995117
-10.670944213867188
-10.63530445098877
-10.638618469238281
-10.691280364990234
-10.686620712280273
-10.66781997680664
-10.704526901245117
-10.69215202331543
-10.685625076293945
-10.690122604370117
-10.721429824829102
-10.69073486328125
-10.734102249145508
-10.722209930419922
-10.70899486541748
-10.702071189880371
-10.708152770996094
-10.717606544494629
-10.736932754516602
-10.747721672058105
-10.767810821533203
-10.77031421661377
-10.756881713867188
-10.760383605957031
-10.701251983642578
-10.751657485961914
-10.763077735900879
-10.76816177368164
-10.75920295715332
-10.793914794921875
-10.820206642150879
-10.744938850402832
-10.763111114501953
-10.812244415283203
-10.801785469055176
-10.824695587158203
-10.791885375976562
-10.816193580627441
-10.819005012512207
-10.841287612915039
-10.79985237121582
-10.8182373046875
-10.815327644348145
-10.832524299621582
-10.844148635864258
-10.823124885559082
-10.81623363494873
-10.841216087341309
-10.854218482971191
-10.868473052978516
-10.8063383102417
-10.825956344604492
-10.874013900756836
-10.879637718200684
-10.870645523071289
-10.864460945129395
-10.862279891967773
-10.883716583251953
-10.869807243347168
-10.86929988861084
-10.886920928955078
-10.849738121032715
-10.88948917388916
-10.879274368286133
-10.840349197387695
-10.890625953674316
-10.877869606018066
-10.872215270996094
-10.879536628723145
-10.892616271972656
-10.90267562866211
-10.91707706451416
-10.884343147277832
-10.90974235534668
-10.8956937789917
-10.884995460510254
-10.896871566772461
-10.932074546813965
-10.888474464416504
-10.903769493103027
-10.889808654785156
-10.925843238830566
-10.925069808959961
-10.9457426071167
-10.937409400939941
-10.93156623840332
-10.97085952758789
-10.954048156738281
-10.914484024047852
-10.9653902053833
-10.926548957824707
-10.94208812713623
-10.946697235107422
-10.917608261108398
-10.917596817016602
-10.93851089477539
-10.952006340026855
-10.924555778503418
-10.938740730285645
-10.935701370239258
-10.934618949890137
-10.95869255065918
-10.94020938873291
-10.955304145812988
-10.946168899536133
-10.972091674804688
-10.918614387512207
-10.982133865356445
-10.97879695892334
-10.960590362548828
-10.986603736877441
-10.972396850585938
-10.941789627075195
-10.958259582519531
-10.99389362335205
-10.950072288513184
-10.994088172912598
-10.97779369354248
-11.014623641967773
-10.983172416687012
-10.992838859558105
-10.972872734069824
-10.99618148803711
-10.979239463806152
-10.968172073364258
-10.965340614318848
-10.970727920532227
-11.001789093017578
-11.0000638961792
-10.97216796875
-11.014021873474121
-10.988883972167969
-11.000260353088379
-10.988256454467773
-11.017363548278809
-10.979707717895508
-10.980314254760742
-10.986289024353027
-11.01307487487793
-11.023908615112305
-11.01240348815918
-10.988993644714355
-11.019570350646973
-11.016058921813965
-10.988677024841309
-10.975057601928711
-11.010261535644531
-11.009420394897461
-11.046060562133789
-11.009675979614258
-11.00856876373291
-11.030961036682129
-11.033987998962402
-10.98929500579834
-11.0215482711792
-11.034985542297363
-11.031888961791992
-11.042819023132324
-11.046247482299805
-11.056204795837402
-11.04297161102295
-11.037467956542969
-11.04379653930664
-11.009899139404297
-11.059552192687988
-11.054059982299805
-11.029809951782227
-11.055895805358887
-11.03052043914795
-11.028325080871582
-11.03707218170166
-11.033320426940918
-11.035757064819336
-11.01727294921875
-11.006370544433594
-11.03136920928955
-11.064082145690918
-11.051383972167969
-11.048452377319336
-11.068926811218262
-11.064483642578125
-11.043621063232422
-11.01356029510498
-11.045832633972168
-11.037047386169434
-11.0465726852417
-11.066487312316895
-11.03012466430664
-11.06655216217041
-11.053939819335938
-11.051334381103516
-11.036535263061523
-11.054971694946289
-11.043163299560547
-11.056963920593262
-11.046095848083496
-11.063802719116211
-11.060026168823242
-11.054875373840332
-11.071556091308594
-11.06266975402832
-11.05042552947998
-11.064506530761719
-11.079286575317383
-11.084575653076172
-11.072065353393555
-11.050475120544434
-11.049671173095703
-11.083800315856934
-11.071954727172852
-11.072744369506836
-11.076090812683105
-11.055729866027832
-11.07125473022461
-11.088558197021484
-11.089016914367676
-11.096320152282715
-11.084915161132812
-11.095206260681152
-11.088536262512207
-11.094836235046387
-11.047080993652344
-11.104615211486816
-11.061182022094727
-11.098160743713379
-11.08527660369873
-11.099186897277832
-11.080805778503418
-11.108617782592773
-11.092836380004883
-11.111015319824219
-11.110040664672852
-11.091328620910645
-11.105600357055664
-11.104114532470703
-11.10062026977539
-11.10379409790039
-11.088046073913574
-11.090202331542969
-11.120010375976562
-11.123018264770508
-11.1137113571167
-11.104743003845215
-11.125038146972656
-11.109169960021973
-11.09277629852295
-11.110156059265137
-11.124008178710938
-11.131952285766602
-11.107744216918945
-11.113715171813965
-11.124887466430664
-11.107778549194336
-11.10088062286377
-11.102999687194824
-11.116082191467285
-11.105795860290527
-11.087295532226562
-11.130019187927246
-11.105209350585938
-11.13415813446045
-11.101761817932129
-11.08422565460205
-11.081936836242676
-11.144254684448242
-11.126216888427734
-11.108699798583984
-11.063690185546875
-11.082736015319824
-11.115865707397461
-11.142743110656738
-11.142698287963867
-11.097471237182617
-11.093118667602539
-11.147607803344727
-11.141656875610352
-11.145833969116211
-11.116557121276855
-11.108692169189453
-11.129216194152832
-11.121088981628418
-11.138558387756348
-11.115365982055664
-11.139090538024902
-11.12907600402832
-11.126649856567383
-11.112558364868164
-11.131234169006348
-11.152656555175781
-11.133330345153809
-11.13746452331543
-11.138911247253418
-11.165545463562012
-11.13685131072998
-11.142723083496094
-11.149861335754395
-11.13630485534668
-11.156885147094727
-11.137899398803711
-11.165121078491211
-11.135584831237793
-11.160688400268555
-11.146327018737793
-11.176644325256348
-11.16273021697998
-11.167998313903809
-11.147785186767578
-11.164502143859863
-11.155213356018066
-11.156044006347656
-11.14039134979248
-11.173914909362793
-11.167444229125977
-11.168697357177734
-11.15933895111084
-11.155797004699707
-11.15330696105957
-11.166598320007324
-11.180607795715332
-11.160765647888184
-11.170980453491211
-11.193924903869629
-11.162311553955078
-11.175113677978516
-11.154170036315918
-11.179628372192383
-11.178616523742676
-11.17578411102295
-11.205642700195312
-11.158495903015137
-11.18338680267334
-11.15744400024414
-11.162714004516602
-11.187063217163086
-11.188173294067383
-11.190932273864746
-11.176124572753906
-11.174999237060547
-11.189367294311523
-11.197015762329102
-11.173436164855957
-11.1907320022583
-11.176814079284668
-11.19141674041748
-11.189685821533203
-11.16684627532959
-11.185059547424316
-11.197382926940918
-11.178971290588379
-11.183547973632812
-11.176273345947266
-11.188745498657227
-11.178671836853027
-11.183173179626465
-11.202313423156738
-11.205292701721191
-11.166258811950684
-11.188847541809082
-11.172496795654297
-11.183914184570312
-11.170805931091309
-11.183045387268066
-11.19422435760498
-11.194361686706543
-11.173782348632812
-11.174039840698242
-11.168105125427246
-11.157604217529297
-11.189748764038086
-11.174342155456543
-11.171760559082031
-11.209839820861816
-11.192618370056152
-11.204486846923828
-11.166380882263184
-11.139971733093262
-11.149660110473633
-11.18814468383789
-11.186075210571289
-11.194942474365234
-11.146583557128906
-11.168601036071777
-11.177239418029785
-11.196813583374023
-11.186552047729492
-11.166486740112305
-11.207315444946289
-11.197145462036133
-11.189467430114746
-11.19459056854248
-11.175549507141113
-11.171452522277832
-11.18652629852295
-11.18117904663086
-11.202245712280273
-11.162178993225098
-11.141868591308594
-11.146221160888672
-11.195858001708984
-11.180790901184082
-11.122288703918457
-11.148658752441406
-11.188454627990723
-11.196314811706543
-11.132265090942383
-11.141267776489258
-11.210480690002441
-11.175824165344238
-11.127400398254395
-11.19223690032959
-11.214399337768555
-11.166014671325684
-11.160361289978027
-11.203167915344238
-11.201571464538574
-11.20125675201416
-11.196269035339355
-11.212926864624023
-11.203946113586426
-11.19831657409668
-11.196033477783203
-11.209456443786621
-11.223159790039062
-11.175823211669922
-11.212017059326172
-11.223913192749023
-11.213494300842285
-11.2147798538208
-11.211795806884766
-11.217080116271973
-11.207221031188965
-11.205732345581055
-11.23477840423584
-11.203253746032715
-11.22382640838623
-11.21041488647461
-11.202606201171875
-11.210217475891113
-11.23507308959961
-11.232394218444824
-11.219279289245605
-11.236452102661133
-11.226531028747559
-11.224565505981445
-11.226648330688477
-11.227641105651855
-11.213521957397461
-11.219331741333008
-11.212162971496582
-11.211423873901367
-11.210638999938965
-11.230527877807617
-11.228812217712402
-11.235430717468262
-11.218364715576172
-11.24084186553955
-11.251619338989258
-11.203469276428223
-11.22208023071289
-11.24851131439209
-11.239015579223633
-11.236859321594238
-11.228034973144531
-11.219264030456543
-11.20816421508789
-11.234172821044922
-11.22182846069336
-11.230911254882812
-11.218765258789062
-11.23982048034668
-11.246675491333008
-11.211440086364746
-11.214799880981445
-11.228933334350586
-11.229538917541504
-11.228419303894043
-11.235734939575195
-11.23245906829834
-11.232343673706055
-11.231073379516602
-11.231858253479004
-11.23719310760498
-11.231466293334961
-11.250758171081543
-11.238157272338867
-11.242053985595703
-11.236734390258789
-11.241144180297852
-11.232291221618652
-11.240471839904785
-11.22933578491211
-11.231081008911133
-11.24135684967041
-11.247268676757812
-11.235932350158691
-11.242077827453613
-11.258638381958008
-11.226706504821777
-11.226612091064453
-11.255951881408691
-11.2633056640625
-11.249166488647461
-11.235211372375488
-11.24820613861084
-11.232112884521484
-11.25949478149414
-11.247804641723633
-11.24600887298584
-11.26363468170166
-11.25222396850586
-11.257164001464844
-11.236590385437012
-11.246811866760254
-11.230217933654785
-11.238759994506836
-11.24672794342041
-11.25637149810791
-11.24032211303711
-11.269940376281738
-11.239985466003418
-11.244721412658691
-11.239045143127441
-11.261494636535645
-11.251713752746582
-11.247579574584961
-11.253324508666992
-11.257959365844727
-11.259235382080078
-11.232121467590332
-11.246342658996582
-11.235692977905273
-11.244422912597656
-11.271528244018555
-11.248353004455566
-11.252595901489258
-11.262751579284668
-11.260543823242188
-11.25639533996582
-11.244309425354004
-11.237588882446289
-11.263094902038574
-11.250848770141602
-11.247597694396973
-11.237154006958008
-11.2593994140625
-11.276503562927246
-11.245121002197266
-11.262079238891602
-11.2476167678833
-11.258262634277344
-11.26186752319336
-11.261680603027344
-11.24540901184082
-11.245994567871094
-11.266767501831055
-11.259272575378418
-11.239676475524902
-11.223711013793945
-11.265737533569336
-11.270529747009277
-11.24252986907959
-11.267791748046875
-11.272424697875977
-11.252237319946289
-11.252409934997559
-11.27529525756836
-11.256200790405273
-11.26944637298584
-11.247912406921387
-11.249984741210938
-11.25487232208252
-11.261428833007812
-11.259481430053711
-11.255969047546387
-11.244269371032715
-11.24917221069336
-11.268914222717285
-11.259081840515137
-11.262619972229004
-11.262495040893555
-11.278047561645508
-11.279863357543945
-11.2603759765625
-11.270400047302246
-11.256009101867676
-11.261637687683105
-11.25892162322998
-11.26479434967041
-11.268383026123047
-11.264543533325195
-11.28179931640625
-11.272544860839844
-11.270899772644043
-11.26570987701416
-11.272204399108887
-11.277299880981445
-11.276505470275879
-11.286357879638672
-11.28349781036377
-11.266789436340332
-11.289963722229004
-11.278141021728516
-11.267264366149902
-11.266167640686035
-11.265785217285156
-11.268671035766602
-11.279678344726562
-11.261287689208984
-11.276066780090332
-11.259922981262207
-11.25582504272461
-11.237592697143555
-11.238317489624023
-11.257490158081055
-11.251058578491211
-11.269556045532227
-11.279809951782227
-11.274249076843262
-11.283149719238281
-11.269963264465332
-11.279060363769531
-11.252091407775879
-11.270495414733887
-11.250825881958008
-11.297417640686035
-11.273672103881836
-11.245599746704102
-11.240092277526855
-11.241186141967773
-11.24915885925293
-11.270355224609375
-11.26629638671875
-11.251670837402344
-11.267066955566406
-11.241639137268066
-11.26734447479248
-11.271406173706055
-11.277408599853516
-11.2733736038208
-11.22104549407959
-11.220005989074707
-11.274994850158691
-11.268996238708496
-11.298310279846191
-11.257918357849121
-11.292192459106445
-11.281004905700684
-11.275693893432617
-11.276045799255371
-11.287394523620605
-11.252363204956055
-11.278677940368652
-11.297097206115723
-11.278404235839844
-11.296927452087402
-11.290582656860352
-11.273321151733398
-11.29276180267334
-11.286191940307617
-11.28646469116211
-11.282038688659668
-11.272298812866211
-11.26224136352539
-11.259498596191406
-11.291335105895996
-11.293834686279297
-11.273374557495117
-11.283086776733398
-11.287606239318848
-11.283695220947266
-11.279885292053223
-11.294649124145508
-11.291797637939453
-11.300702095031738
-11.297294616699219
-11.277087211608887
-11.289586067199707
-11.289746284484863
-11.290060043334961
-11.289994239807129
-11.29376220703125
-11.290519714355469
-11.29969596862793
-11.280561447143555
-11.268770217895508
-11.299750328063965
-11.295785903930664
-11.292398452758789
-11.282268524169922
-11.294814109802246
-11.307472229003906
-11.297362327575684
-11.306743621826172
-11.294453620910645
-11.288122177124023
-11.290508270263672
-11.28303050994873
-11.286828994750977
-11.287355422973633
-11.289194107055664
-11.289247512817383
-11.298212051391602
-11.302884101867676
-11.304238319396973
-11.2925386428833
-11.304939270019531
-11.294454574584961
-11.303650856018066
-11.297721862792969
-11.317069053649902
-11.292750358581543
-11.299166679382324
-11.276331901550293
-11.286401748657227
-11.299636840820312
-11.284951210021973
-11.28991985321045
-11.285762786865234
-11.298811912536621
-11.30711555480957
-11.290791511535645
-11.247213363647461
-11.262663841247559
-11.253804206848145
-11.268193244934082
-11.296584129333496
-11.309632301330566
-11.284658432006836
-11.296467781066895
-11.28290843963623
-11.286983489990234
-11.298036575317383
-11.30545711517334
-11.30494213104248
-11.289837837219238
-11.313751220703125
-11.303556442260742
-11.301253318786621
-11.289084434509277
-11.290223121643066
-11.291703224182129
-11.28450870513916
-11.284873962402344
-11.297061920166016
-11.285736083984375
-11.295632362365723
-11.28547477722168
-11.28162956237793
-11.280417442321777
-11.296177864074707
-11.316039085388184
-11.306891441345215
-11.312529563903809
-11.306450843811035
-11.296075820922852
-11.30395221710205
-11.308372497558594
-11.316703796386719
-11.316519737243652
-11.30760669708252
-11.299322128295898
-11.32534408569336
-11.320056915283203
-11.306397438049316
-11.318995475769043
-11.305397987365723
-11.303121566772461
-11.302623748779297
-11.303597450256348
-11.318113327026367
-11.29869270324707
-11.307292938232422
-11.310772895812988
-11.310989379882812
-11.282571792602539
-11.301348686218262
-11.305420875549316
-11.315165519714355
-11.315046310424805
-11.318670272827148
-11.308283805847168
-11.313074111938477
-11.31228256225586
-11.305468559265137
-11.305908203125
-11.3043794631958
-11.301213264465332
-11.316272735595703
-11.308931350708008
-11.305472373962402
-11.31521224975586
-11.301183700561523
-11.296311378479004
-11.301396369934082
-11.299847602844238
-11.320535659790039
-11.31332015991211
-11.313719749450684
-11.318721771240234
-11.316136360168457
-11.318061828613281
-11.322550773620605
-11.32076358795166
-11.311501502990723
-11.316044807434082
-11.318000793457031
-11.318044662475586
-11.330940246582031
-11.316259384155273
-11.317066192626953
-11.318089485168457
-11.31550407409668
-11.315925598144531
-11.33066177368164
-11.323979377746582
-11.322444915771484
-11.314794540405273
-11.32142162322998
-11.298873901367188
-11.323594093322754
-11.307918548583984
-11.30339241027832
-11.30638599395752
-11.322251319885254
-11.304322242736816
-11.305076599121094
-11.318597793579102
-11.304428100585938
-11.320154190063477
-11.316876411437988
-11.31666374206543
-11.325716018676758
-11.30920124053955
-11.315071105957031
-11.319565773010254
-11.330622673034668
-11.326583862304688
-11.317937850952148
-11.321036338806152
-11.325088500976562
-11.316170692443848
-11.317329406738281
-11.329758644104004
-11.32393741607666
-11.320001602172852
-11.304407119750977
-11.291839599609375
-11.296968460083008
-11.2669038772583
-11.299370765686035
-11.303558349609375
-11.314732551574707
-11.328394889831543
-11.324762344360352
-11.315300941467285
-11.298243522644043
-11.32426643371582
-11.314458847045898
-11.322980880737305
-11.318658828735352
-11.324714660644531
-11.321617126464844
-11.321259498596191
-11.328813552856445
-11.327840805053711
-11.321756362915039
-11.316818237304688
-11.323667526245117
-11.311910629272461
-11.308706283569336
-11.316751480102539
-11.316511154174805
-11.326003074645996
-11.333911895751953
-11.313965797424316
-11.321619987487793
-11.317628860473633
-11.300090789794922
-11.312634468078613
-11.318836212158203
-11.320347785949707
-11.306760787963867
-11.318629264831543
-11.335172653198242
-11.318816184997559
-11.328166007995605
-11.332451820373535
-11.326077461242676
-11.322305679321289
-11.31654167175293
-11.33237075805664
-11.320308685302734
-11.3097505569458
-11.309101104736328
-11.308050155639648
-11.320446968078613
-11.318411827087402
-11.330521583557129
-11.338458061218262
-11.325970649719238
-11.306193351745605
-11.296140670776367
-11.283491134643555
-11.30599308013916
-11.302181243896484
-11.319528579711914
-11.335588455200195
-11.339062690734863
-11.328984260559082
-11.315169334411621
-11.318865776062012
-11.319504737854004
-11.343433380126953
-11.320263862609863
-11.345146179199219
-11.332274436950684
-11.33642864227295
-11.315800666809082
-11.324421882629395
-11.326939582824707
-11.323959350585938
-11.336355209350586
-11.335458755493164
-11.327675819396973
-11.328693389892578
-11.312748908996582
-11.306144714355469
-11.323169708251953
-11.322912216186523
-11.321640968322754
-11.329323768615723
-11.328736305236816
-11.311519622802734
-11.329822540283203
-11.324806213378906
-11.33425521850586
-11.321892738342285
-11.320740699768066
-11.321178436279297
-11.31928825378418
-11.32553768157959
-11.31884479522705
-11.335848808288574
-11.339468002319336
-11.335082054138184
-11.316869735717773
-11.305280685424805
-11.288472175598145
-11.304105758666992
-11.329771041870117
-11.333635330200195
-11.331701278686523
-11.337682723999023
-11.347338676452637
-11.32741641998291
-11.313161849975586
-11.29544734954834
-11.312034606933594
-11.31578540802002
-11.335555076599121
-11.340118408203125
-11.328537940979004
-11.351862907409668
-11.353713989257812
-11.339451789855957
-11.335668563842773
-11.329048156738281
-11.312071800231934
-11.327817916870117
-11.332164764404297
-11.345086097717285
-11.340246200561523
-11.318636894226074
-11.348938941955566
-11.335805892944336
-11.34155559539795
-11.331551551818848
-11.342998504638672
-11.332015991210938
-11.323190689086914
-11.326798439025879
-11.33421516418457
-11.330718040466309
-11.337347030639648
-11.321115493774414
-11.343751907348633
-11.33437442779541
-11.336182594299316
-11.335902214050293
-11.346725463867188
-11.330926895141602
-11.342706680297852
-11.335702896118164
-11.34238338470459
-11.335509300231934
-11.334223747253418
-11.3473539352417
-11.340692520141602
-11.345189094543457
-11.345041275024414
-11.336577415466309
-11.336285591125488
-11.347580909729004
-11.353328704833984
-11.325239181518555
-11.335077285766602
-11.33635139465332
-11.350841522216797
-11.331377983093262
-11.340791702270508
-11.330941200256348
-11.331747055053711
-11.34021282196045
-11.3360595703125
-11.336630821228027
-11.3229341506958
-11.352741241455078
-11.351663589477539
-11.34108829498291
-11.324173927307129
-11.324920654296875
-11.305606842041016
-11.294828414916992
-11.313154220581055
-11.3495512008667
-11.342025756835938
-11.342036247253418
-11.334545135498047
-11.32917594909668
-11.328304290771484
-11.343897819519043
-11.351293563842773
-11.344891548156738
-11.344676971435547
-11.345714569091797
-11.310887336730957
-11.301156044006348
-11.307027816772461
-11.33171272277832
-11.32830810546875
-11.345099449157715
-11.3455171585083
-11.343395233154297
-11.32614803314209
-11.334470748901367
-11.337666511535645
-11.3319730758667
-11.334883689880371
-11.311493873596191
-11.330493927001953
-11.333305358886719
-11.345958709716797
-11.355751991271973
-11.362151145935059
-11.338140487670898
-11.351212501525879
-11.35264778137207
-11.339142799377441
-11.335612297058105
-11.351892471313477
-11.338449478149414
-11.354647636413574
-11.33549690246582
-11.349771499633789
-11.351852416992188
-11.350801467895508
-11.347308158874512
-11.35749626159668
-11.349248886108398
-11.346162796020508
-11.346632957458496
-11.355731964111328
-11.345666885375977
-11.340232849121094
-11.355813026428223
-11.328937530517578
-11.341100692749023
-11.340407371520996
-11.351444244384766
-11.341007232666016
-11.337185859680176
-11.34904670715332
-11.354605674743652
-11.35133171081543
-11.349296569824219
-11.347235679626465
-11.330957412719727
-11.327631950378418
-11.324362754821777
-11.317575454711914
-11.3363037109375
-11.350689888000488
-11.351966857910156
-11.336348533630371
-11.320831298828125
-11.305063247680664
-11.318245887756348
-11.352806091308594
-11.342167854309082
-11.323019981384277
-11.288080215454102
-11.30737018585205
-11.323379516601562
-11.356678009033203
-11.352065086364746
-11.325716018676758
-11.315189361572266
-11.327727317810059
-11.346772193908691
-11.365994453430176
-11.342909812927246
-11.345135688781738
-11.340240478515625
-11.348466873168945
-11.339042663574219
-11.358036041259766
-11.35573673248291
-11.361551284790039
-11.365510940551758
-11.354886054992676
-11.3553466796875
-11.35350513458252
-11.363625526428223
-11.3502836227417
-11.358076095581055
-11.368111610412598
-11.357624053955078
-11.363410949707031
-11.364628791809082
-11.359444618225098
-11.355281829833984
-11.353693962097168
-11.346604347229004
-11.365104675292969
-11.366058349609375
-11.354647636413574
-11.359360694885254
-11.348586082458496
-11.350543975830078
-11.349946022033691
-11.339134216308594
-11.365485191345215
-11.353400230407715
-11.341438293457031
-11.331656455993652
-11.345854759216309
-11.347646713256836
-11.360650062561035
-11.353045463562012
-11.353439331054688
-11.353163719177246
-11.349727630615234
-11.358513832092285
-11.342306137084961
-11.352147102355957
-11.355764389038086
-11.348860740661621
-11.3455810546875
-11.331031799316406
-11.329368591308594
-11.33926010131836
-11.348356246948242
-11.338733673095703
-11.351633071899414
-11.356793403625488
-11.371967315673828
-11.366127014160156
-11.36397933959961
-11.34850788116455
-11.35630989074707
-11.368189811706543
-11.351612091064453
-11.366350173950195
-11.357337951660156
-11.351908683776855
-11.354853630065918
-11.352509498596191
-11.361053466796875
-11.365607261657715
-11.367926597595215
-11.363389015197754
-11.354565620422363
-11.361410140991211
-11.358085632324219
-11.349329948425293
-11.351354598999023
-11.370696067810059
-11.372127532958984
-11.365246772766113
-11.361699104309082
-11.347297668457031
-11.342567443847656
-11.342047691345215
-11.333980560302734
-11.341716766357422
-11.357561111450195
-11.369844436645508
-11.366119384765625
-11.34938907623291
-11.35787296295166
-11.33433723449707
-11.323114395141602
-11.3214111328125
-11.342740058898926
-11.362995147705078
-11.345765113830566
-11.36967945098877
-11.367487907409668
-11.365180969238281
-11.369410514831543
-11.354126930236816
-11.352415084838867
-11.362408638000488
-11.35791015625
-11.369465827941895
-11.36917781829834
-11.36782169342041
-11.366392135620117
-11.361804008483887
-11.365349769592285
-11.364623069763184
-11.366429328918457
-11.362234115600586
-11.373451232910156
-11.35695743560791
-11.374650955200195
-11.370759963989258
-11.359375953674316
-11.372454643249512
-11.364700317382812
-11.37474250793457
-11.373099327087402
-11.366127014160156
-11.369684219360352
-11.357817649841309
-11.364767074584961
-11.341994285583496
-11.359613418579102
-11.362442016601562
-11.348313331604004
-11.343019485473633
-11.347060203552246
-11.354059219360352
-11.369998931884766
-11.338332176208496
-11.309072494506836
-11.281941413879395
-11.32152271270752
-11.355857849121094
-11.368575096130371
-11.367431640625
-11.353004455566406
-11.355148315429688
-11.358373641967773
-11.362588882446289
-11.366414070129395
-11.366278648376465
-11.364338874816895
-11.363417625427246
-11.3464994430542
-11.349361419677734
-11.358787536621094
-11.366018295288086
-11.366694450378418
-11.367132186889648
-11.375090599060059
-11.362066268920898
-11.375638961791992
-11.363729476928711
-11.375154495239258
-11.381720542907715
-11.37144947052002
-11.372507095336914
-11.372986793518066
-11.360272407531738
-11.36674690246582
-11.360624313354492
-11.371444702148438
-11.374870300292969
-11.368757247924805
-11.367597579956055
-11.377631187438965
-11.362585067749023
-11.345022201538086
-11.339695930480957
-11.359380722045898
-11.354717254638672
-11.353638648986816
-11.370162963867188
-11.366805076599121
-11.353433609008789
-11.357190132141113
-11.329641342163086
-11.322125434875488
-11.339502334594727
-11.36530876159668
-11.370694160461426
-11.360527992248535
-11.354921340942383
-11.347397804260254
-11.340662956237793
-11.360119819641113
-11.372096061706543
-11.360483169555664
-11.37550163269043
-11.36877727508545
-11.370267868041992
-11.365652084350586
-11.365038871765137
-11.372279167175293
-11.36570930480957
-11.371580123901367
-11.371084213256836
-11.378154754638672
-11.362895011901855
-11.37594223022461
-11.376144409179688
-11.378412246704102
-11.373848915100098
-11.364185333251953
-11.37187671661377
-11.376096725463867
-11.374490737915039
-11.356253623962402
-11.370841026306152
-11.371477127075195
-11.367582321166992
-11.384857177734375
-11.388991355895996
-11.380708694458008
-11.37679672241211
-11.365346908569336
-11.37220287322998
-11.361957550048828
-11.349157333374023
-11.358113288879395
-11.35723876953125
-11.377603530883789
-11.372066497802734
-11.381834983825684
-11.373270034790039
-11.368459701538086
-11.367473602294922
-11.362405776977539
-11.351275444030762
-11.35044002532959
-11.379042625427246
-11.38473892211914
-11.377717018127441
-11.369484901428223
-11.364601135253906
-11.363924026489258
-11.371289253234863
-11.353227615356445
-11.373540878295898
-11.36536979675293
-11.371026039123535
-11.374896049499512
-11.37578296661377
-11.367036819458008
-11.367551803588867
-11.379938125610352
-11.374126434326172
-11.370304107666016
-11.374561309814453
-11.384734153747559
-11.368853569030762
-11.375679969787598
-11.374724388122559
-11.367598533630371
-11.374543190002441
-11.3746337890625
-11.376447677612305
-11.372201919555664
-11.372039794921875
-11.370353698730469
-11.373031616210938
-11.367650985717773
-11.38595962524414
-11.36718463897705
-11.385632514953613
-11.371871948242188
-11.385110855102539
-11.37990951538086
-11.371689796447754
-11.377045631408691
-11.372297286987305
-11.378533363342285
-11.367392539978027
-11.36058521270752
-11.372377395629883
-11.363798141479492
-11.364909172058105
-11.36725902557373
-11.372579574584961
-11.373705863952637
-11.373015403747559
-11.363819122314453
-11.371142387390137
-11.372103691101074
-11.375564575195312
-11.373942375183105
-11.371914863586426
-11.388657569885254
-11.381975173950195
-11.359272956848145
-11.357804298400879
-11.36164379119873
-11.345121383666992
-11.374013900756836
-11.371174812316895
-11.367409706115723
-11.375791549682617
-11.385071754455566
-11.380319595336914
-11.38288688659668
-11.376407623291016
-11.372537612915039
-11.383086204528809
-11.383610725402832
-11.383687019348145
-11.382434844970703
-11.386765480041504
-11.3732328414917
-11.36026668548584
-11.374102592468262
-11.373398780822754
-11.373056411743164
-11.37980842590332
-11.37407398223877
-11.393486976623535
-11.385773658752441
-11.381448745727539
-11.38337516784668
-11.379602432250977
-11.383583068847656
-11.37624454498291
-11.372580528259277
-11.376927375793457
-11.381699562072754
-11.375229835510254
-11.3794527053833
-11.36396598815918
-11.353035926818848
-11.326051712036133
-11.323868751525879
-11.344157218933105
-11.369643211364746
-11.376220703125
-11.388900756835938
-11.380176544189453
-11.353191375732422
-11.325324058532715
-11.319903373718262
-11.35211181640625
-11.383112907409668
-11.349632263183594
-11.314139366149902
-11.298190116882324
-11.37047004699707
-11.378750801086426
-11.34245491027832
-11.328816413879395
-11.356036186218262
-11.366050720214844
-11.379474639892578
-11.386176109313965
-11.366717338562012
-11.322376251220703
-11.340190887451172
-11.35299301147461
-11.367711067199707
-11.38394546508789
-11.381721496582031
-11.388891220092773
-11.385885238647461
-11.386984825134277
-11.389050483703613
-11.383057594299316
-11.376057624816895
-11.381891250610352
-11.390190124511719
-11.392449378967285
-11.377635955810547
-11.393415451049805
-11.374387741088867
-11.389097213745117
-11.397125244140625
-11.372361183166504
-11.382352828979492
-11.374259948730469
-11.385095596313477
-11.390613555908203
-11.386319160461426
-11.382997512817383
-11.38003921508789
-11.37752914428711
-11.381839752197266
-11.385991096496582
-11.387738227844238
-11.3746976852417
-11.380592346191406
-11.374272346496582
-11.381597518920898
-11.37913990020752
-11.387450218200684
-11.38524341583252
-11.378774642944336
-11.380961418151855
-11.371840476989746
-11.370424270629883
-11.389178276062012
-11.385114669799805
-11.379242897033691
-11.390748023986816
-11.386207580566406
-11.381532669067383
-11.388408660888672
-11.376642227172852
-11.384360313415527
-11.37510871887207
-11.376964569091797
-11.375537872314453
-11.381505966186523
-11.38666820526123
-11.384989738464355
-11.392799377441406
-11.390426635742188
-11.37722110748291
-11.377156257629395
-11.388315200805664
-11.385931015014648
-11.386507034301758
-11.380012512207031
-11.384017944335938
-11.38033676147461
-11.382427215576172
-11.384418487548828
-11.376547813415527
-11.394901275634766
-11.384577751159668
-11.370177268981934
-11.368829727172852
-11.3858060836792
-11.391605377197266
-11.37413501739502
-11.342467308044434
-11.328354835510254
-11.347686767578125
-11.383788108825684
-11.384672164916992
-11.364534378051758
-11.358068466186523
-11.35085678100586
-11.367755889892578
-11.383829116821289
-11.386631965637207
-11.390534400939941
-11.390252113342285
-11.390122413635254
-11.391448974609375
-11.394018173217773
-11.38933277130127
-11.3863525390625
-11.38528060913086
-11.39057445526123
-11.389891624450684
-11.386711120605469
-11.384513854980469
-11.384819030761719
-11.3785982131958
-11.396889686584473
-11.394584655761719
-11.398590087890625
-11.393595695495605
-11.384355545043945
-11.383343696594238
-11.388018608093262
-11.38474178314209
-11.392939567565918
-11.381986618041992
-11.383316993713379
-11.373124122619629
-11.383045196533203
-11.386905670166016
-11.394673347473145
-11.393315315246582
-11.388631820678711
-11.385445594787598
-11.386323928833008
-11.398575782775879
-11.400954246520996
-11.392327308654785
-11.393924713134766
-11.398682594299316
-11.391687393188477
-11.392013549804688
-11.390214920043945
-11.400074005126953
-11.390695571899414
-11.392253875732422
-11.391697883605957
-11.393396377563477
-11.390660285949707
-11.398691177368164
-11.38610553741455
-11.388675689697266
-11.381876945495605
-11.380553245544434
-11.377036094665527
-11.387677192687988
-11.393659591674805
-11.38597297668457
-11.388710021972656
-11.399371147155762
-11.392242431640625
-11.388794898986816
-11.381867408752441
-11.39577579498291
-11.401725769042969
-11.391819953918457
-11.389302253723145
-11.389176368713379
-11.384994506835938
-11.395238876342773
-11.391280174255371
-11.39082145690918
-11.391231536865234
-11.398459434509277
-11.396856307983398
-11.400388717651367
-11.391721725463867
-11.391393661499023
-11.387017250061035
-11.400092124938965
-11.398359298706055
-11.390166282653809
-11.384103775024414
-11.385464668273926
-11.381584167480469
-11.379476547241211
-11.380784034729004
-11.385923385620117
-11.384963989257812
-11.394286155700684
-11.39373779296875
-11.38575553894043
-11.38957691192627
-11.386879920959473
-11.386444091796875
-11.387805938720703
-11.386816024780273
-11.390010833740234
-11.392108917236328
-11.392145156860352
-11.386344909667969
-11.382930755615234
-11.390613555908203
-11.379670143127441
-11.395363807678223
-11.386632919311523
-11.383456230163574
-11.394229888916016
-11.382830619812012
-11.39812183380127
-11.392955780029297
-11.39314079284668
-11.403189659118652
-11.38972282409668
-11.392322540283203
-11.394684791564941
-11.38878059387207
-11.397380828857422
-11.392378807067871
-11.393993377685547
-11.39907455444336
-11.391260147094727
-11.39568042755127
-11.39261531829834
-11.388849258422852
-11.38064956665039
-11.377997398376465
-11.388667106628418
-11.380600929260254
-11.392722129821777
-11.385604858398438
-11.402161598205566
-11.396565437316895
-11.393292427062988
-11.391901016235352
-11.399724960327148
-11.377232551574707
-11.384795188903809
-11.382996559143066
-11.365431785583496
-11.379559516906738
-11.383054733276367
-11.386034965515137
-11.397930145263672
-11.391727447509766
-11.398067474365234
-11.39439582824707
-11.39515495300293
-11.394721984863281
-11.385954856872559
-11.393919944763184
-11.388381958007812
-11.3863525390625
-11.387914657592773
-11.387609481811523
-11.387474060058594
-11.394355773925781
-11.389876365661621
-11.389482498168945
-11.393431663513184
-11.40149974822998
-11.405573844909668
-11.393271446228027
-11.39764404296875
-11.401198387145996
-11.383649826049805
-11.388307571411133
-11.382294654846191
-11.37552261352539
-11.392050743103027
-11.399117469787598
-11.40248966217041
-11.392187118530273
-11.395480155944824
-11.390947341918945
-11.39842414855957
-11.384679794311523
-11.373196601867676
-11.377180099487305
-11.36500072479248
-11.379914283752441
-11.390785217285156
-11.39020824432373
-11.396297454833984
-11.39797592163086
-11.395604133605957
-11.394789695739746
-11.379805564880371
-11.368143081665039
-11.350232124328613
-11.360641479492188
-11.373497009277344
-11.38932991027832
-11.39522647857666
-11.39559268951416
-11.409246444702148
-11.392777442932129
-11.395426750183105
-11.388309478759766
-11.37801742553711
-11.382158279418945
-11.381361961364746
-11.391178131103516
-11.399735450744629
-11.401847839355469
-11.384894371032715
-11.366761207580566
-11.355280876159668
-11.357309341430664
-11.391735076904297
-11.40053653717041
-11.380297660827637
-11.36751937866211
-11.34154224395752
-11.365946769714355
-11.381842613220215
-11.399913787841797
-11.39184284210205
-11.3953857421875
-11.398393630981445
-11.400603294372559
-11.40291690826416
-11.394200325012207
-11.39783000946045
-11.409083366394043
-11.396832466125488
-11.39205265045166
-11.39419937133789
-11.406259536743164
-11.394025802612305
-11.40184497833252
-11.394886016845703
-11.38913631439209
-11.393051147460938
-11.388874053955078
-11.380918502807617
-11.382780075073242
-11.397205352783203
-11.40722370147705
-11.396787643432617
-11.39609146118164
-11.389902114868164
-11.382944107055664
-11.375956535339355
-11.366286277770996
-11.381464004516602
-11.394196510314941
-11.396656036376953
-11.404495239257812
-11.391548156738281
-11.376893997192383
-11.384725570678711
-11.389138221740723
-11.403148651123047
-11.39470100402832
-11.387084007263184
-11.382146835327148
-11.382964134216309
-11.380853652954102
-11.382235527038574
-11.394424438476562
-11.397428512573242
-11.396346092224121
-11.367324829101562
-11.35285758972168
-11.37460994720459
-11.396675109863281
-11.402119636535645
-11.393184661865234
-11.384056091308594
-11.378666877746582
-11.39429759979248
-11.402667999267578
-11.399785041809082
-11.395703315734863
-11.400973320007324
-11.39637565612793
-11.39655876159668
-11.403840065002441
-11.407356262207031
-11.397047996520996
-11.401052474975586
-11.379749298095703
-11.36163330078125
-11.374897956848145
-11.400921821594238
-11.399465560913086
-11.396135330200195
-11.384568214416504
-11.380759239196777
-11.388418197631836
-11.390429496765137
-11.39747428894043
-11.408754348754883
-11.396161079406738
-11.401152610778809
-11.400606155395508
-11.403882026672363
-11.400347709655762
-11.404830932617188
-11.394354820251465
-11.403219223022461
-11.397048950195312
-11.394837379455566
-11.402603149414062
-11.403034210205078
-11.403572082519531
-11.40383529663086
-11.39503288269043
-11.378430366516113
-11.38651180267334
-11.396561622619629
-11.40420913696289
-11.397709846496582
-11.393635749816895
-11.401359558105469
-11.396260261535645
-11.391627311706543
-11.396697998046875
-11.399606704711914
-11.403736114501953
-11.397608757019043
-11.38946533203125
-11.386499404907227
-11.397040367126465
-11.399913787841797
-11.394890785217285
-11.401805877685547
-11.405157089233398
-11.397287368774414
-11.400958061218262
-11.407209396362305
-11.405381202697754
-11.406535148620605
-11.408163070678711
-11.403474807739258
-11.403359413146973
-11.407733917236328
-11.397418022155762
-11.406280517578125
-11.407147407531738
-11.403953552246094
-11.40328311920166
-11.406853675842285
-11.400919914245605
-11.40231990814209
-11.410834312438965
-11.407363891601562
-11.404744148254395
-11.41037654876709
-11.407328605651855
-11.403592109680176
-11.407703399658203
-11.405500411987305
-11.404182434082031
-11.404407501220703
-11.400163650512695
-11.408243179321289
-11.409160614013672
-11.406465530395508
-11.401440620422363
-11.401397705078125
-11.404827117919922
-11.409974098205566
-11.403864860534668
-11.414642333984375
-11.406061172485352
-11.408255577087402
-11.407388687133789
-11.395648002624512
-11.40683650970459
-11.404458045959473
-11.407804489135742
-11.406449317932129
-11.404417037963867
-11.404495239257812
-11.400050163269043
-11.405426979064941
-11.400976181030273
-11.403791427612305
-11.39908504486084
-11.398372650146484
-11.384696960449219
-11.383204460144043
-11.37957763671875
-11.386663436889648
-11.393701553344727
-11.405543327331543
-11.398795127868652
-11.393121719360352
-11.398627281188965
-11.387938499450684
-11.385457038879395
-11.39297866821289
-11.401732444763184
-11.409396171569824
-11.401751518249512
-11.398457527160645
-11.39297103881836
-11.37688159942627
-11.389286994934082
-11.403038024902344
-11.406057357788086
-11.395209312438965
-11.382699966430664
-11.384102821350098
-11.392875671386719
-11.403329849243164
-11.413476943969727
-11.398613929748535
-11.40051555633545
-11.397501945495605
-11.398978233337402
-11.400735855102539
-11.405253410339355
-11.40384578704834
-11.403436660766602
-11.405342102050781
-11.409854888916016
-11.400696754455566
-11.401679992675781
-11.403548240661621
-11.409919738769531
-11.402271270751953
-11.406048774719238
-11.39982795715332
-11.406638145446777
-11.408709526062012
-11.413357734680176
-11.407594680786133
-11.408374786376953
-11.405954360961914
-11.40459156036377
-11.411571502685547
-11.409893989562988
-11.410883903503418
-11.40803050994873
-11.407870292663574
-11.409786224365234
-11.404780387878418
-11.403945922851562
-11.411375045776367
-11.40005874633789
-11.415519714355469
-11.402244567871094
-11.401086807250977
-11.403494834899902
-11.395411491394043
-11.396313667297363
-11.403104782104492
-11.401698112487793
-11.410154342651367
-11.40505313873291
-11.409815788269043
-11.41090202331543
-11.399151802062988
-11.403726577758789
-11.406437873840332
-11.41457462310791
-11.406365394592285
-11.40556526184082
-11.40445613861084
-11.400105476379395
-11.400651931762695
-11.397847175598145
-11.406926155090332
-11.410478591918945
-11.403864860534668
-11.403197288513184
-11.401388168334961
-11.39504623413086
-11.372917175292969
-11.37608814239502
-11.380853652954102
-11.404548645019531
-11.405072212219238
-11.404422760009766
-11.386138916015625
-11.36008358001709
-11.348896980285645
-11.363673210144043
-11.387018203735352
-11.400837898254395
-11.411532402038574
-11.406702995300293
-11.397804260253906
-11.403501510620117
-11.401327133178711
-11.400565147399902
-11.405799865722656
-11.402328491210938
-11.411564826965332
-11.411651611328125
-11.411687850952148
-11.40982723236084
-11.411694526672363
-11.410534858703613
-11.41068172454834
-11.411768913269043
-11.408992767333984
-11.408232688903809
-11.408050537109375
-11.398895263671875
-11.40186882019043
-11.398131370544434
-11.393880844116211
-11.401021957397461
-11.4049711227417
-11.411746978759766
-11.409133911132812
-11.414234161376953
-11.403838157653809
-11.408823013305664
-11.41388988494873
-11.408578872680664
-11.413125038146973
-11.415751457214355
-11.407708168029785
-11.406229972839355
-11.411051750183105
-11.416699409484863
-11.413556098937988
-11.41727352142334
-11.408186912536621
-11.40785026550293
-11.416060447692871
-11.414633750915527
-11.411946296691895
-11.420616149902344
-11.412201881408691
-11.411820411682129
-11.410717964172363
-11.411102294921875
-11.407042503356934
-11.418750762939453
-11.408935546875
-11.409185409545898
-11.409489631652832
-11.407941818237305
-11.414241790771484
-11.411737442016602
-11.410116195678711
-11.404363632202148
-11.412894248962402
-11.407083511352539
-11.410170555114746
-11.40148639678955
-11.398666381835938
-11.404372215270996
-11.403785705566406
-11.403013229370117
-11.409103393554688
-11.408763885498047
-11.404967308044434
-11.409074783325195
-11.409771919250488
-11.412456512451172
-11.413175582885742
-11.406627655029297
-11.410811424255371
-11.409977912902832
-11.412006378173828
-11.413430213928223
-11.412623405456543
-11.412943840026855
-11.412631034851074
-11.416635513305664
-11.411256790161133
-11.409255981445312
-11.411476135253906
-11.398539543151855
-11.39412784576416
-11.3867826461792
-11.37745475769043
-11.370516777038574
-11.39030647277832
-11.396306037902832
-11.392955780029297
-11.389841079711914
-11.39472484588623
-11.40141773223877
-11.398359298706055
-11.401893615722656
-11.40760612487793
-11.407793045043945
-11.409196853637695
-11.398592948913574
-11.394012451171875
-11.381821632385254
-11.375882148742676
-11.383344650268555
-11.396363258361816
-11.403244018554688
-11.407221794128418
-11.410370826721191
-11.408463478088379
-11.410231590270996
-11.414542198181152
-11.413066864013672
-11.405208587646484
-11.414999961853027
-11.406102180480957
-11.416009902954102
-11.4100341796875
-11.410735130310059
-11.411043167114258
-11.409867286682129
-11.400996208190918
-11.415939331054688
-11.41353988647461
-11.412314414978027
-11.411828994750977
-11.412914276123047
-11.411250114440918
-11.411038398742676
-11.416776657104492
-11.412532806396484
-11.415393829345703
-11.415529251098633
-11.412025451660156
-11.414637565612793
-11.410992622375488
-11.416210174560547
-11.412588119506836
-11.410354614257812
-11.403341293334961
-11.408203125
-11.411018371582031
-11.40976333618164
-11.41374683380127
-11.406781196594238
-11.406740188598633
-11.399981498718262
-11.390122413635254
-11.373614311218262
-11.376141548156738
-11.375298500061035
-11.394311904907227
-11.39551830291748
-11.403762817382812
-11.41053581237793
-11.406928062438965
-11.404467582702637
-11.396100044250488
-11.396239280700684
-11.39155387878418
-11.390792846679688
-11.39408016204834
-11.401243209838867
-11.411887168884277
-11.40581226348877
-11.408112525939941
-11.415999412536621
-11.408577919006348
-11.406994819641113
-11.405911445617676
-11.406778335571289
-11.41350269317627
-11.410544395446777
-11.401172637939453
-11.390826225280762
-11.388724327087402
-11.37911319732666
-11.383743286132812
-11.392121315002441
-11.403359413146973
-11.413114547729492
-11.41623306274414
-11.412464141845703
-11.406551361083984
-11.409528732299805
-11.400428771972656
-11.403037071228027
-11.415364265441895
-11.409629821777344
-11.414591789245605
-11.409667015075684
-11.414541244506836
-11.411343574523926
-11.415302276611328
-11.410139083862305
-11.408288955688477
-11.409090042114258
-11.411489486694336
-11.412765502929688
-11.41597843170166
-11.416035652160645
-11.41607666015625
-11.409518241882324
-11.418668746948242
-11.419633865356445
-11.41370677947998
-11.413192749023438
-11.41263484954834
-11.407041549682617
-11.412184715270996
-11.413278579711914
-11.41127872467041
-11.412220001220703
-11.414461135864258
-11.415550231933594
-11.409988403320312
-11.40667724609375
-11.409947395324707
-11.391326904296875
-11.398969650268555
-11.404866218566895
-11.39887523651123
-11.408470153808594
-11.417229652404785
-11.414180755615234
-11.41628646850586
-11.41671085357666
-11.412961959838867
-11.403660774230957
-11.400199890136719
-11.400729179382324
-11.406049728393555
-11.392558097839355
-11.391634941101074
-11.386394500732422
-11.396105766296387
-11.404547691345215
-11.414864540100098
-11.414244651794434
-11.408778190612793
-11.412543296813965
-11.417107582092285
-11.413250923156738
-11.410148620605469
-11.41540241241455
-11.416461944580078
-11.41254997253418
-11.409131050109863
-11.404520034790039
-11.40733528137207
-11.404727935791016
-11.404500961303711
-11.404717445373535
-11.406221389770508
-11.404702186584473
-11.401165962219238
-11.39442253112793
-11.397135734558105
-11.402814865112305
-11.416098594665527
-11.414509773254395
-11.409570693969727
-11.404191970825195
-11.395161628723145
-11.38576602935791
-11.400120735168457
-11.403340339660645
-11.41043472290039
-11.411909103393555
-11.413894653320312
-11.411393165588379
-11.406271934509277
-11.40206241607666
-11.392416954040527
-11.374460220336914
-11.378212928771973
-11.397454261779785
-11.408727645874023
-11.41686725616455
-11.40963077545166
-11.392033576965332
-11.383590698242188
-11.389602661132812
-11.405644416809082
-11.410306930541992
-11.415107727050781
-11.411642074584961
-11.415142059326172
-11.417027473449707
-11.415464401245117
-11.418401718139648
-11.415267944335938
-11.415316581726074
-11.417086601257324
-11.41580581665039
-11.417789459228516
-11.417404174804688
-11.418906211853027
-11.413886070251465
-11.41501522064209
-11.410758018493652
-11.41335391998291
-11.4136962890625
-11.418399810791016
-11.418694496154785
-11.412647247314453
-11.415804862976074
-11.412657737731934
-11.404376029968262
-11.407331466674805
-11.406516075134277
-11.410743713378906
-11.414270401000977
-11.42260456085205
-11.421109199523926
-11.414891242980957
-11.420105934143066
-11.417030334472656
-11.410493850708008
-11.405357360839844
-11.40666389465332
-11.417464256286621
-11.421493530273438
-11.416671752929688
-11.416183471679688
-11.417351722717285
-11.409239768981934
-11.393755912780762
-11.38329029083252
-11.381890296936035
-11.394210815429688
-11.40021800994873
-11.41386890411377
-11.419235229492188
-11.418931007385254
-11.406431198120117
-11.394966125488281
-11.388465881347656
-11.398774147033691
-11.409994125366211
-11.415420532226562
-11.414961814880371
-11.403440475463867
-11.386713027954102
-11.386312484741211
-11.403321266174316
-11.405027389526367
-11.414262771606445
-11.414762496948242
-11.416753768920898
-11.415725708007812
-11.419903755187988
-11.411087036132812
-11.410799980163574
-11.406764030456543
-11.4109525680542
-11.41090202331543
-11.409360885620117
-11.416083335876465
-11.416240692138672
-11.418061256408691
-11.42193603515625
-11.418535232543945
-11.417806625366211
-11.417014122009277
-11.417461395263672
-11.420652389526367
-11.418673515319824
-11.422795295715332
-11.419513702392578
-11.414030075073242
-11.414580345153809
-11.41526985168457
-11.41652774810791
-11.414719581604004
-11.420548439025879
-11.42404842376709
-11.420443534851074
-11.417692184448242
-11.418309211730957
-11.419347763061523
-11.420963287353516
-11.420348167419434
-11.4181489944458
-11.419432640075684
-11.420516967773438
-11.423274993896484
-11.419960021972656
-11.417319297790527
-11.418107986450195
-11.41678237915039
-11.419686317443848
-11.42392349243164
-11.420339584350586
-11.422472953796387
-11.416226387023926
-11.422150611877441
-11.420393943786621
-11.420515060424805
-11.424051284790039
-11.424349784851074
-11.41861343383789
-11.414751052856445
-11.420791625976562
-11.423168182373047
-11.42246150970459
-11.418006896972656
-11.41872501373291
-11.418220520019531
-11.420701026916504
-11.415297508239746
-11.415217399597168
-11.416993141174316
-11.414654731750488
-11.414284706115723
-11.413627624511719
-11.412762641906738
-11.41370677947998
-11.409013748168945
-11.408833503723145
-11.407553672790527
-11.408364295959473
-11.412084579467773
-11.413761138916016
-11.421133995056152
-11.420425415039062
-11.418131828308105
-11.424715995788574
-11.421890258789062
-11.419058799743652
-11.417945861816406
-11.416540145874023
-11.416360855102539
-11.42562484741211
-11.419788360595703
-11.415531158447266
-11.40563678741455
-11.39773178100586
-11.387381553649902
-11.383037567138672
-11.38443374633789
-11.395760536193848
-11.40160846710205
-11.414139747619629
-11.412498474121094
-11.417121887207031
-11.421009063720703
-11.421173095703125
-11.419292449951172
-11.42156982421875
-11.421892166137695
-11.419705390930176
-11.413766860961914
-11.406525611877441
-11.40434741973877
-11.408388137817383
-11.41586685180664
-11.418282508850098
-11.420744895935059
-11.421574592590332
-11.416851997375488
-11.410700798034668
-11.407808303833008
-11.403975486755371
-11.403094291687012
-11.405044555664062
-11.409660339355469
-11.416709899902344
-11.417451858520508
-11.417536735534668
-11.419658660888672
-11.425023078918457
-11.425336837768555
-11.421807289123535
-11.419878005981445
-11.41329574584961
-11.399612426757812
-11.394550323486328
-11.391141891479492
-11.411699295043945
-11.420973777770996
-11.422014236450195
-11.415079116821289
-11.394881248474121
-11.401128768920898
-11.398860931396484
-11.398021697998047
-11.407844543457031
-11.415672302246094
-11.420136451721191
-11.423720359802246
-11.417993545532227
-11.422040939331055
-11.41673469543457
-11.426287651062012
-11.42255687713623
-11.423209190368652
-11.419228553771973
-11.419281959533691
-11.416584014892578
-11.421195030212402
-11.419731140136719
-11.422015190124512
-11.416553497314453
-11.41707706451416
-11.417291641235352
-11.418078422546387
-11.413483619689941
-11.406270980834961
-11.411768913269043
-11.402434349060059
-11.400317192077637
-11.397570610046387
-11.391551971435547
-11.392707824707031
-11.402975082397461
-11.416557312011719
-11.422425270080566
-11.42227554321289
-11.418242454528809
-11.416665077209473
-11.415261268615723
-11.413065910339355
-11.41091537475586
-11.412362098693848
-11.414983749389648
-11.420262336730957
-11.40800666809082
-11.387392044067383
-11.365707397460938
-11.362465858459473
-11.388313293457031
-11.40526294708252
-11.418783187866211
-11.418612480163574
-11.423017501831055
-11.416409492492676
-11.415939331054688
-11.407172203063965
-11.406620025634766
-11.411628723144531
-11.415912628173828
-11.420316696166992
-11.423641204833984
-11.424219131469727
-11.41995620727539
-11.419535636901855
-11.409517288208008
-11.399670600891113
-11.397136688232422
-11.406567573547363
-11.412005424499512
-11.419958114624023
-11.421958923339844
-11.420823097229004
-11.4036865234375
-11.39503288269043
-11.401433944702148
-11.411806106567383
-11.422218322753906
-11.420571327209473
-11.40981388092041
-11.40514850616455
-11.406916618347168
-11.413599967956543
-11.410351753234863
-11.401498794555664
-11.408772468566895
-11.411471366882324
-11.4183988571167
-11.422170639038086
-11.42126750946045
-11.42342758178711
-11.417842864990234
-11.409761428833008
-11.412935256958008
-11.409852027893066
-11.417675971984863
-11.421456336975098
-11.428731918334961
-11.41546630859375
-11.417328834533691
-11.418861389160156
-11.417223930358887
-11.420050621032715
-11.423721313476562
-11.423151016235352
-11.422184944152832
-11.418485641479492
-11.409296989440918
-11.403757095336914
-11.400906562805176
-11.414041519165039
-11.422806739807129
-11.424361228942871
-11.424360275268555
-11.420953750610352
-11.419260025024414
-11.415205001831055
-11.419536590576172
-11.42271614074707
-11.41978931427002
-11.420307159423828
-11.425843238830566
-11.423344612121582
-11.420368194580078
-11.424491882324219
-11.421936988830566
-11.419870376586914
-11.419892311096191
-11.415144920349121
-11.410472869873047
-11.412259101867676
-11.408308982849121
-11.418362617492676
-11.423989295959473
-11.426458358764648
-11.42628288269043
-11.421606063842773
-11.414705276489258
-11.412205696105957
-11.417451858520508
-11.41820240020752
-11.424053192138672
-11.420328140258789
-11.426544189453125
-11.418073654174805
-11.412109375
-11.409998893737793
-11.401904106140137
-11.399312973022461
-11.408373832702637
-11.419788360595703
-11.418122291564941
-11.424960136413574
-11.420453071594238
-11.414899826049805
-11.417569160461426
-11.417464256286621
-11.419027328491211
-11.414782524108887
-11.41292953491211
-11.415645599365234
-11.416823387145996
-11.422444343566895
-11.421549797058105
-11.427532196044922
-11.423354148864746
-11.41716480255127
-11.42272663116455
-11.420543670654297
-11.425786018371582
-11.423415184020996
-11.42548656463623
-11.426836013793945
-11.423489570617676
-11.425639152526855
-11.424416542053223
-11.427659034729004
-11.420975685119629
-11.425211906433105
-11.422215461730957
-11.424446105957031
-11.420695304870605
-11.423827171325684
-11.422942161560059
-11.420809745788574
-11.423565864562988
-11.423656463623047
-11.424509048461914
-11.423571586608887
