loss_b
-8.491240501403809
-8.499310493469238
-8.507039070129395
-8.514958381652832
-8.522551536560059
-8.532116889953613
-8.542080879211426
-8.552704811096191
-8.561871528625488
-8.575886726379395
-8.589587211608887
-8.60304069519043
-8.618907928466797
-8.641385078430176
-8.662188529968262
-8.686237335205078
-8.702744483947754
-8.738984107971191
-8.76418685913086
-8.803707122802734
-8.824557304382324
-8.87447738647461
-8.92563247680664
-8.973515510559082
-8.991500854492188
-9.06112289428711
-9.129239082336426
-9.200629234313965
-9.275829315185547
-9.357954025268555
-9.420161247253418
-9.547283172607422
-9.59394359588623
-9.719037055969238
-9.76489543914795
-9.842832565307617
-9.866583824157715
-9.875449180603027
-9.862195014953613
-9.836150169372559
-9.824414253234863
-9.810493469238281
-9.80369758605957
-9.824069023132324
-9.836542129516602
-9.885418891906738
-9.902029037475586
-9.928770065307617
-9.931145668029785
-9.955881118774414
-9.943111419677734
-9.951066970825195
-9.954620361328125
-9.965370178222656
-9.932543754577637
-9.961094856262207
-9.984363555908203
-9.973709106445312
-9.996346473693848
-10.019256591796875
-10.034104347229004
-10.034181594848633
-10.041234016418457
-10.073568344116211
-10.073305130004883
-10.052835464477539
-10.076892852783203
-10.113706588745117
-10.112342834472656
-10.129302978515625
-10.14305305480957
-10.144613265991211
-10.185334205627441
-10.171577453613281
-10.18045425415039
-10.173856735229492
-10.217693328857422
-10.201116561889648
-10.233587265014648
-10.278401374816895
-10.29609203338623
-10.297704696655273
-10.31356430053711
-10.32429313659668
-10.374409675598145
-10.352792739868164
-10.346248626708984
-10.400614738464355
-10.405438423156738
-10.424568176269531
-10.42419719696045
-10.443554878234863
-10.52763557434082
-10.498580932617188
-10.53335952758789
-10.528717994689941
-10.514381408691406
-10.574156761169434
-10.584098815917969
-10.603477478027344
-10.622688293457031
-10.674635887145996
-10.604854583740234
-10.651749610900879
-10.674139976501465
-10.705744743347168
-10.714997291564941
-10.725610733032227
-10.713972091674805
-10.723206520080566
-10.732067108154297
-10.729509353637695
-10.789271354675293
-10.787577629089355
-10.81424617767334
-10.821683883666992
-10.820032119750977
-10.84953498840332
-10.873045921325684
-10.837160110473633
-10.885348320007324
-10.854384422302246
-10.922713279724121
-10.874107360839844
-10.887760162353516
-10.927547454833984
-10.925215721130371
-10.949569702148438
-10.930010795593262
-10.93065071105957
-10.944234848022461
-10.9808349609375
-10.970343589782715
-10.967869758605957
-10.982040405273438
-10.992634773254395
-11.01296329498291
-11.0282621383667
-11.002969741821289
-11.005528450012207
-11.011987686157227
-11.036170959472656
-11.031046867370605
-11.047866821289062
-11.03506088256836
-11.065649032592773
-11.053583145141602
-11.078289985656738
-11.070294380187988
-11.0691556930542
-11.062817573547363
-11.080322265625
-11.076719284057617
-11.102096557617188
-11.091650009155273
-11.107332229614258
-11.098987579345703
-11.114409446716309
-11.118106842041016
-11.121909141540527
-11.114166259765625
-11.132551193237305
-11.137972831726074
-11.132162094116211
-11.144021034240723
-11.14777660369873
-11.151735305786133
-11.163208961486816
-11.1576566696167
-11.172615051269531
-11.163474082946777
-11.17737102508545
-11.164131164550781
-11.182186126708984
-11.174112319946289
-11.168253898620605
-11.187097549438477
-11.187749862670898
-11.18462085723877
-11.195940971374512
-11.202717781066895
-11.193215370178223
-11.206501960754395
-11.205880165100098
-11.215720176696777
-11.214056968688965
-11.223037719726562
-11.22856616973877
-11.221129417419434
-11.21897029876709
-11.225220680236816
-11.219599723815918
-11.226104736328125
-11.235276222229004
-11.244468688964844
-11.227401733398438
-11.243814468383789
-11.246089935302734
-11.242457389831543
-11.262351989746094
-11.251240730285645
-11.24871826171875
-11.252434730529785
-11.272832870483398
-11.270198822021484
-11.2630033493042
-11.258679389953613
-11.266247749328613
-11.268616676330566
-11.271833419799805
-11.270492553710938
-11.278898239135742
-11.274580955505371
-11.28761100769043
-11.277278900146484
-11.28164291381836
-11.284932136535645
-11.296245574951172
-11.294658660888672
-11.284881591796875
-11.293325424194336
-11.298310279846191
-11.297770500183105
-11.296646118164062
-11.309551239013672
-11.30689811706543
-11.311639785766602
-11.304366111755371
-11.309446334838867
-11.302250862121582
-11.30700397491455
-11.314671516418457
-11.309337615966797
-11.316567420959473
-11.315770149230957
-11.326318740844727
-11.322519302368164
-11.325233459472656
-11.321895599365234
-11.321782112121582
-11.326957702636719
-11.32461166381836
-11.331840515136719
-11.331064224243164
-11.333703994750977
-11.335023880004883
-11.328473091125488
-11.335444450378418
-11.3331298828125
-11.346236228942871
-11.35473346710205
-11.34363842010498
-11.338339805603027
-11.351381301879883
-11.334110260009766
-11.347509384155273
-11.343950271606445
-11.349184036254883
-11.350543022155762
-11.347943305969238
-11.353918075561523
-11.349453926086426
-11.353673934936523
-11.354005813598633
-11.357327461242676
-11.358440399169922
-11.358888626098633
-11.35744571685791
-11.351913452148438
-11.357210159301758
-11.356781005859375
-11.356345176696777
-11.365650177001953
-11.363914489746094
-11.36487865447998
-11.36710262298584
-11.363511085510254
-11.368722915649414
-11.3704252243042
-11.368427276611328
-11.371639251708984
-11.366194725036621
-11.368224143981934
-11.37495231628418
-11.376628875732422
-11.378091812133789
-11.372200012207031
-11.376204490661621
-11.370295524597168
-11.377944946289062
-11.373254776000977
-11.38279914855957
-11.393242835998535
-11.383481979370117
-11.383613586425781
-11.380621910095215
-11.379791259765625
-11.37991714477539
-11.383966445922852
-11.388986587524414
-11.391868591308594
-11.390625
-11.396341323852539
-11.385607719421387
-11.389693260192871
-11.384682655334473
-11.396564483642578
-11.384038925170898
-11.393049240112305
-11.392059326171875
-11.391687393188477
-11.394103050231934
-11.395915985107422
-11.393678665161133
-11.39529800415039
-11.397045135498047
-11.400346755981445
-11.395845413208008
-11.395421981811523
-11.397638320922852
-11.405506134033203
-11.402830123901367
-11.399444580078125
-11.402708053588867
-11.401631355285645
-11.406773567199707
-11.40768814086914
-11.400129318237305
-11.40550422668457
-11.405022621154785
-11.404319763183594
-11.409805297851562
-11.409576416015625
-11.408021926879883
-11.402566909790039
-11.4065523147583
-11.416228294372559
-11.408317565917969
-11.4104642868042
-11.413003921508789
-11.413778305053711
-11.409534454345703
-11.416637420654297
-11.418784141540527
-11.411951065063477
-11.418854713439941
-11.409789085388184
-11.416854858398438
-11.414651870727539
-11.423903465270996
-11.420886993408203
-11.417197227478027
-11.417054176330566
-11.418168067932129
-11.42345142364502
-11.419031143188477
-11.424074172973633
-11.421781539916992
-11.42615032196045
-11.424969673156738
-11.424835205078125
-11.421276092529297
-11.423935890197754
-11.426493644714355
-11.418219566345215
-11.423381805419922
-11.427557945251465
-11.424985885620117
-11.424477577209473
-11.426445007324219
-11.425776481628418
-11.431578636169434
-11.429458618164062
-11.430081367492676
-11.426961898803711
-11.4288969039917
-11.428321838378906
-11.429792404174805
-11.42724609375
-11.434645652770996
-11.428787231445312
-11.432846069335938
-11.434042930603027
-11.433730125427246
-11.431571006774902
-11.43327522277832
-11.430399894714355
-11.436604499816895
-11.433321952819824
-11.43622875213623
-11.435892105102539
-11.434877395629883
-11.436420440673828
-11.431804656982422
-11.437923431396484
-11.436920166015625
-11.440286636352539
-11.4415283203125
-11.438132286071777
-11.439329147338867
-11.442081451416016
-11.436841011047363
-11.440959930419922
-11.440871238708496
-11.440293312072754
-11.440324783325195
-11.444672584533691
-11.442837715148926
-11.438360214233398
-11.44548511505127
-11.44117259979248
-11.445064544677734
-11.442296981811523
-11.443325996398926
-11.445780754089355
-11.443032264709473
-11.444901466369629
-11.446927070617676
-11.445466995239258
-11.443635940551758
-11.444306373596191
-11.447956085205078
-11.443879127502441
-11.44381046295166
-11.444291114807129
-11.445055961608887
-11.447247505187988
-11.451668739318848
-11.448101997375488
-11.451102256774902
-11.45272445678711
-11.452923774719238
-11.451120376586914
-11.45103645324707
-11.450069427490234
-11.451455116271973
-11.453063011169434
-11.455231666564941
-11.451773643493652
-11.452713966369629
-11.454411506652832
-11.455709457397461
-11.453097343444824
-11.453264236450195
-11.458918571472168
-11.457935333251953
-11.452519416809082
-11.45654010772705
-11.455253601074219
-11.457808494567871
-11.458654403686523
-11.459426879882812
-11.459358215332031
-11.459369659423828
-11.458641052246094
-11.458122253417969
-11.459554672241211
-11.459656715393066
-11.457555770874023
-11.45859146118164
-11.462285995483398
-11.457841873168945
-11.457342147827148
-11.461069107055664
-11.460893630981445
-11.460577964782715
-11.46335506439209
-11.463001251220703
-11.463048934936523
-11.462641716003418
-11.46385383605957
-11.465489387512207
-11.459759712219238
-11.462666511535645
-11.460474014282227
-11.464433670043945
-11.463680267333984
-11.465349197387695
-11.463770866394043
-11.460160255432129
-11.466697692871094
-11.46153450012207
-11.465530395507812
-11.463183403015137
-11.465200424194336
-11.468031883239746
-11.467808723449707
-11.468866348266602
-11.46510124206543
-11.469727516174316
-11.468341827392578
-11.465104103088379
-11.466416358947754
-11.465950012207031
-11.46825122833252
-11.466875076293945
-11.467041015625
-11.466471672058105
-11.467341423034668
-11.469844818115234
-11.467594146728516
-11.468917846679688
-11.46981430053711
-11.467657089233398
-11.46739387512207
-11.47001838684082
-11.470178604125977
-11.468201637268066
-11.472003936767578
-11.47092342376709
-11.47119140625
-11.470890045166016
-11.470903396606445
-11.470669746398926
-11.468667984008789
-11.472681999206543
-11.472681999206543
-11.47215461730957
-11.473711967468262
-11.47317886352539
-11.471487998962402
-11.471624374389648
-11.471365928649902
-11.472657203674316
-11.475232124328613
-11.473485946655273
-11.47307300567627
-11.471396446228027
-11.475244522094727
-11.472201347351074
-11.473613739013672
-11.47236156463623
-11.474739074707031
-11.475090980529785
-11.475112915039062
-11.472491264343262
-11.476327896118164
-11.474935531616211
-11.475419044494629
-11.474241256713867
-11.475847244262695
-11.474939346313477
-11.477896690368652
-11.474536895751953
-11.475136756896973
-11.474662780761719
-11.476383209228516
-11.477368354797363
-11.474193572998047
-11.474393844604492
-11.476923942565918
-11.476178169250488
-11.477952003479004
-11.47812271118164
-11.479255676269531
-11.477935791015625
-11.4777250289917
-11.477313041687012
-11.477544784545898
-11.477718353271484
-11.478865623474121
-11.47884464263916
-11.478864669799805
-11.476906776428223
-11.478202819824219
-11.479126930236816
-11.48025894165039
-11.478238105773926
-11.478114128112793
-11.478235244750977
-11.477700233459473
-11.480718612670898
-11.481328964233398
-11.47945785522461
-11.47931957244873
-11.479535102844238
-11.478607177734375
-11.47903823852539
-11.481210708618164
-11.479933738708496
-11.479527473449707
-11.478439331054688
-11.480010986328125
-11.481574058532715
-11.480987548828125
-11.47844409942627
-11.48131275177002
-11.479372024536133
-11.4804048538208
-11.481038093566895
-11.480130195617676
-11.482108116149902
-11.479480743408203
-11.481203079223633
-11.481378555297852
-11.481886863708496
-11.48052978515625
-11.480411529541016
-11.483221054077148
-11.483295440673828
-11.483205795288086
-11.483670234680176
-11.481949806213379
-11.481740951538086
-11.481778144836426
-11.481636047363281
-11.482477188110352
-11.480973243713379
-11.484332084655762
-11.481987953186035
-11.482488632202148
-11.484879493713379
-11.48291301727295
-11.482149124145508
-11.483177185058594
-11.481155395507812
-11.483695983886719
-11.483317375183105
-11.48436164855957
-11.484156608581543
-11.485011100769043
-11.48458480834961
-11.484647750854492
-11.48202133178711
-11.48474407196045
-11.48569107055664
-11.483912467956543
-11.484703063964844
-11.485142707824707
-11.486149787902832
-11.484819412231445
-11.485438346862793
-11.484328269958496
-11.485461235046387
-11.486496925354004
-11.486804962158203
-11.484293937683105
-11.485135078430176
-11.485347747802734
-11.48648452758789
-11.485522270202637
-11.484328269958496
-11.485599517822266
-11.485956192016602
-11.486702919006348
-11.487000465393066
-11.48573112487793
-11.48791790008545
-11.486932754516602
-11.486245155334473
-11.486769676208496
-11.485577583312988
-11.488310813903809
-11.489131927490234
-11.48619270324707
-11.486802101135254
-11.486483573913574
-11.486968994140625
-11.485780715942383
-11.488686561584473
-11.486839294433594
-11.488686561584473
-11.488680839538574
-11.488574028015137
-11.488980293273926
-11.489428520202637
-11.488179206848145
-11.488930702209473
-11.487536430358887
-11.486761093139648
-11.487561225891113
-11.487672805786133
-11.490132331848145
-11.488716125488281
-11.489470481872559
-11.48909854888916
-11.486506462097168
-11.488365173339844
-11.489370346069336
-11.489097595214844
-11.48804759979248
-11.487805366516113
-11.48790454864502
-11.489606857299805
-11.489133834838867
-11.489631652832031
-11.487682342529297
-11.488991737365723
-11.49197006225586
-11.487774848937988
-11.489500045776367
-11.489842414855957
-11.4906587600708
-11.489924430847168
-11.490829467773438
-11.489798545837402
-11.489014625549316
-11.489419937133789
-11.489748001098633
-11.490372657775879
-11.48995304107666
-11.489852905273438
-11.489596366882324
-11.489824295043945
-11.491582870483398
-11.491715431213379
-11.491175651550293
-11.490602493286133
-11.490080833435059
-11.491647720336914
-11.49162769317627
-11.4903564453125
-11.489445686340332
-11.490863800048828
-11.489767074584961
-11.492514610290527
-11.490950584411621
-11.49145793914795
-11.492155075073242
-11.490498542785645
-11.491192817687988
-11.491617202758789
-11.49283504486084
-11.491142272949219
-11.492403984069824
-11.49206829071045
-11.490706443786621
-11.490843772888184
-11.492402076721191
-11.490891456604004
-11.491827964782715
-11.49205207824707
-11.491145133972168
-11.49189281463623
-11.491676330566406
-11.491301536560059
-11.491191864013672
-11.492687225341797
-11.492730140686035
-11.49374008178711
-11.492839813232422
-11.492058753967285
-11.492826461791992
-11.492949485778809
-11.49255084991455
-11.49227237701416
-11.492182731628418
-11.492938041687012
-11.491206169128418
-11.493146896362305
-11.493423461914062
-11.493555068969727
-11.493149757385254
-11.493654251098633
-11.492557525634766
-11.493326187133789
-11.494131088256836
-11.492883682250977
-11.493855476379395
-11.493718147277832
-11.493258476257324
-11.494516372680664
-11.494405746459961
-11.494950294494629
-11.492520332336426
-11.492733001708984
-11.495383262634277
-11.494686126708984
-11.493955612182617
-11.49389934539795
-11.49429702758789
-11.494319915771484
-11.494311332702637
-11.495501518249512
-11.494718551635742
-11.4942045211792
-11.493863105773926
-11.493412017822266
-11.495563507080078
-11.494637489318848
-11.494759559631348
-11.495302200317383
-11.494206428527832
-11.494194030761719
-11.494218826293945
-11.495535850524902
-11.494112968444824
-11.493447303771973
-11.494884490966797
-11.494813919067383
-11.49462890625
-11.493840217590332
-11.495107650756836
-11.494293212890625
-11.49398422241211
-11.493391990661621
-11.49571704864502
-11.495211601257324
-11.495261192321777
-11.495331764221191
-11.495767593383789
-11.494220733642578
-11.494462966918945
-11.493650436401367
-11.495146751403809
-11.49500846862793
-11.495603561401367
-11.495327949523926
-11.494673728942871
-11.49634838104248
-11.495312690734863
-11.49585247039795
-11.495338439941406
-11.494874000549316
-11.495967864990234
-11.495898246765137
-11.49619197845459
-11.494797706604004
-11.496123313903809
-11.496566772460938
-11.496402740478516
-11.495930671691895
-11.4959716796875
-11.496599197387695
-11.496339797973633
-11.496779441833496
-11.495495796203613
-11.495603561401367
-11.494890213012695
-11.494285583496094
-11.495980262756348
-11.496866226196289
-11.495987892150879
-11.496771812438965
-11.496321678161621
-11.4951753616333
-11.495881080627441
-11.497016906738281
-11.496017456054688
-11.49780559539795
-11.4966402053833
-11.498422622680664
-11.496024131774902
-11.496466636657715
-11.495792388916016
-11.497289657592773
-11.497130393981934
-11.497396469116211
-11.497262001037598
-11.49677848815918
-11.497284889221191
-11.498200416564941
-11.496492385864258
-11.497047424316406
-11.49744701385498
-11.497188568115234
-11.498004913330078
-11.495782852172852
-11.496820449829102
-11.496969223022461
-11.496978759765625
-11.497119903564453
-11.497700691223145
-11.49685287475586
-11.497653007507324
-11.498028755187988
-11.49789047241211
-11.49634838104248
-11.49665641784668
-11.497522354125977
-11.497942924499512
-11.498092651367188
-11.497272491455078
-11.498126983642578
-11.497480392456055
-11.49743938446045
-11.498072624206543
-11.497387886047363
-11.498745918273926
-11.497574806213379
-11.497350692749023
-11.497706413269043
-11.497740745544434
-11.497010231018066
-11.496552467346191
-11.497827529907227
-11.498234748840332
-11.497645378112793
-11.497722625732422
-11.498738288879395
-11.497625350952148
-11.497543334960938
-11.497464179992676
-11.497987747192383
-11.498233795166016
-11.498942375183105
-11.498018264770508
-11.496606826782227
-11.499027252197266
-11.49807357788086
-11.498106002807617
-11.498950004577637
-11.49742603302002
-11.49845027923584
-11.498282432556152
-11.498225212097168
-11.497222900390625
-11.498355865478516
-11.498553276062012
-11.498824119567871
-11.499435424804688
-11.498331069946289
-11.498872756958008
-11.49820613861084
-11.49811840057373
-11.498692512512207
-11.498939514160156
-11.498880386352539
-11.49964427947998
-11.498527526855469
-11.498590469360352
-11.498501777648926
-11.498294830322266
-11.49933910369873
-11.499472618103027
-11.498991966247559
-11.498637199401855
-11.499293327331543
-11.499993324279785
-11.499960899353027
-11.49866008758545
-11.49882698059082
-11.498810768127441
-11.49905014038086
-11.4991455078125
-11.498842239379883
-11.499316215515137
-11.499251365661621
-11.49992561340332
-11.499980926513672
-11.498390197753906
-11.49881362915039
-11.499035835266113
-11.49885368347168
-11.499648094177246
-11.500314712524414
-11.499563217163086
-11.499356269836426
-11.499163627624512
-11.49921989440918
-11.49948501586914
-11.50002384185791
-11.498948097229004
-11.49862003326416
-11.500110626220703
-11.499698638916016
-11.500086784362793
-11.500176429748535
-11.499932289123535
-11.500323295593262
-11.500216484069824
-11.500045776367188
-11.500409126281738
-11.499336242675781
-11.500299453735352
-11.499044418334961
-11.499246597290039
-11.499810218811035
-11.500602722167969
-11.499640464782715
-11.50041389465332
-11.499711036682129
-11.500059127807617
-11.50096321105957
-11.501081466674805
-11.50033950805664
-11.50003433227539
-11.499671936035156
-11.500530242919922
-11.500407218933105
-11.49921703338623
-11.500962257385254
-11.499890327453613
-11.50079345703125
-11.500035285949707
-11.500326156616211
-11.50082015991211
-11.50070858001709
-11.499532699584961
-11.500777244567871
-11.499510765075684
-11.500802993774414
-11.500287055969238
-11.500460624694824
-11.50027847290039
-11.499794960021973
-11.499786376953125
-11.499899864196777
-11.500309944152832
-11.500693321228027
-11.499713897705078
-11.500838279724121
-11.500519752502441
-11.50100326538086
-11.500483512878418
-11.500316619873047
-11.501422882080078
-11.501421928405762
-11.50070571899414
-11.50133228302002
-11.500845909118652
-11.50047779083252
-11.500237464904785
-11.49975872039795
-11.50142765045166
-11.500757217407227
-11.500815391540527
-11.499683380126953
-11.501055717468262
-11.500638961791992
-11.499896049499512
-11.499906539916992
-11.5000581741333
-11.500381469726562
-11.5015230178833
-11.501274108886719
-11.50119686126709
-11.501022338867188
-11.501701354980469
-11.50057601928711
-11.500701904296875
-11.501581192016602
-11.50120735168457
-11.500993728637695
-11.501054763793945
-11.500956535339355
-11.501367568969727
-11.501416206359863
-11.500873565673828
-11.500930786132812
-11.50182819366455
-11.501205444335938
-11.501738548278809
-11.501527786254883
-11.500997543334961
-11.501908302307129
-11.501720428466797
-11.501730918884277
-11.501182556152344
-11.501272201538086
-11.501351356506348
-11.501709938049316
-11.501361846923828
-11.5017671585083
-11.50245475769043
-11.501259803771973
-11.502131462097168
-11.501693725585938
-11.50225830078125
-11.501160621643066
-11.501802444458008
-11.501436233520508
-11.5010986328125
-11.501297950744629
-11.50107192993164
-11.5006685256958
-11.502013206481934
-11.502223014831543
-11.50162124633789
-11.501923561096191
-11.50097370147705
-11.50244426727295
-11.502496719360352
-11.501883506774902
-11.502150535583496
-11.501843452453613
-11.502367973327637
-11.502036094665527
-11.502310752868652
-11.501968383789062
-11.502218246459961
-11.502293586730957
-11.501771926879883
-11.501667976379395
-11.501633644104004
-11.502270698547363
-11.501928329467773
-11.502427101135254
-11.501862525939941
-11.502542495727539
-11.502626419067383
-11.502717018127441
-11.501768112182617
-11.502213478088379
-11.502315521240234
-11.50223159790039
-11.502304077148438
-11.5027437210083
-11.501880645751953
-11.502096176147461
-11.501575469970703
-11.501704216003418
-11.500983238220215
-11.501022338867188
-11.502634048461914
-11.501553535461426
-11.501710891723633
-11.501036643981934
-11.501795768737793
-11.501814842224121
-11.502485275268555
-11.501667022705078
-11.503053665161133
-11.502223014831543
-11.502823829650879
-11.502572059631348
-11.502824783325195
-11.502609252929688
-11.501919746398926
-11.502527236938477
-11.50218391418457
-11.50293254852295
-11.50267505645752
-11.502236366271973
-11.502434730529785
-11.501997947692871
-11.502642631530762
-11.5024995803833
-11.503581047058105
-11.50228500366211
-11.502481460571289
-11.502727508544922
-11.502897262573242
-11.502706527709961
-11.502998352050781
-11.502752304077148
-11.50284481048584
-11.50267219543457
-11.5027437210083
-11.502917289733887
-11.502501487731934
-11.503514289855957
-11.502838134765625
-11.502429008483887
-11.502785682678223
-11.503128051757812
-11.503135681152344
-11.50349235534668
-11.502852439880371
-11.503461837768555
-11.503423690795898
-11.503047943115234
-11.503249168395996
-11.503334999084473
-11.502776145935059
-11.502549171447754
-11.501626968383789
-11.501630783081055
-11.501618385314941
-11.502205848693848
-11.503203392028809
-11.502626419067383
-11.50314712524414
-11.503558158874512
-11.502669334411621
-11.503074645996094
-11.50269889831543
-11.503273010253906
-11.503969192504883
-11.502763748168945
-11.502387046813965
-11.503578186035156
-11.502945899963379
-11.503488540649414
-11.503591537475586
-11.503742218017578
-11.504171371459961
-11.503056526184082
-11.50356388092041
-11.50301456451416
-11.504213333129883
-11.50278091430664
-11.502199172973633
-11.502357482910156
-11.50228214263916
-11.503273010253906
-11.503789901733398
-11.503267288208008
-11.503772735595703
-11.503673553466797
-11.504044532775879
-11.503274917602539
-11.504090309143066
-11.503484725952148
-11.503914833068848
-11.503844261169434
-11.503646850585938
-11.503984451293945
-11.50381088256836
-11.503649711608887
-11.503355026245117
-11.503872871398926
-11.503344535827637
-11.503656387329102
-11.503583908081055
-11.5037202835083
-11.503098487854004
-11.503931045532227
-11.50376033782959
-11.503507614135742
-11.50324821472168
-11.50320053100586
-11.503993034362793
-11.503110885620117
-11.503294944763184
-11.503828048706055
-11.50346851348877
-11.503589630126953
-11.503406524658203
-11.503850936889648
-11.504451751708984
-11.502999305725098
-11.503911972045898
-11.503656387329102
-11.502432823181152
-11.503291130065918
-11.502830505371094
-11.503926277160645
-11.503645896911621
-11.503793716430664
-11.501601219177246
-11.501228332519531
-11.501358985900879
-11.503157615661621
-11.503804206848145
-11.502425193786621
-11.501276969909668
-11.501869201660156
-11.504073143005371
-11.503615379333496
-11.502767562866211
-11.50333309173584
-11.503923416137695
-11.50434398651123
-11.50368595123291
-11.503894805908203
-11.503893852233887
-11.50394344329834
-11.504169464111328
-11.503704071044922
-11.503613471984863
-11.503942489624023
-11.504185676574707
-11.503719329833984
-11.504497528076172
-11.503721237182617
-11.504077911376953
-11.504413604736328
-11.504587173461914
-11.504252433776855
-11.504228591918945
-11.503887176513672
-11.503966331481934
-11.504748344421387
-11.504226684570312
-11.504060745239258
-11.504416465759277
-11.504204750061035
-11.503698348999023
-11.503891944885254
-11.50456714630127
-11.504528045654297
-11.504096984863281
-11.503959655761719
-11.504318237304688
-11.504231452941895
-11.504387855529785
-11.504308700561523
-11.504642486572266
-11.504735946655273
-11.504115104675293
-11.503754615783691
-11.504432678222656
-11.504341125488281
-11.504375457763672
-11.50441837310791
-11.504088401794434
-11.504761695861816
-11.505048751831055
-11.504578590393066
-11.504555702209473
-11.504508972167969
-11.504074096679688
-11.503594398498535
-11.504768371582031
-11.504281997680664
-11.504826545715332
-11.504258155822754
-11.50447940826416
-11.50426197052002
-11.504596710205078
-11.50451374053955
-11.504508972167969
-11.504441261291504
-11.50405216217041
-11.504812240600586
-11.504960060119629
-11.50438117980957
-11.504193305969238
-11.50459098815918
-11.504159927368164
-11.504247665405273
-11.504740715026855
-11.504841804504395
-11.504690170288086
-11.504434585571289
-11.504210472106934
-11.50479793548584
-11.504671096801758
-11.505224227905273
-11.505090713500977
-11.504743576049805
-11.505050659179688
-11.50477409362793
-11.504733085632324
-11.50507926940918
-11.50484848022461
-11.504950523376465
-11.504941940307617
-11.504453659057617
-11.505346298217773
-11.504140853881836
-11.504790306091309
-11.504867553710938
-11.504772186279297
-11.505044937133789
-11.504858016967773
-11.50445556640625
-11.505208969116211
-11.505105018615723
-11.504475593566895
-11.504953384399414
-11.50484561920166
-11.50429916381836
-11.50441837310791
-11.505026817321777
-11.5047025680542
-11.505905151367188
-11.505425453186035
-11.50428295135498
-11.504961013793945
-11.504926681518555
-11.505311012268066
-11.504631042480469
-11.505158424377441
-11.504692077636719
-11.504449844360352
-11.504405975341797
-11.504535675048828
-11.50479793548584
-11.504048347473145
-11.504668235778809
-11.504812240600586
-11.504788398742676
-11.505457878112793
-11.505243301391602
-11.50493335723877
-11.504048347473145
-11.50425910949707
-11.503764152526855
-11.505372047424316
-11.505722045898438
-11.504453659057617
-11.503549575805664
-11.503301620483398
-11.503401756286621
-11.503921508789062
-11.504860877990723
-11.504674911499023
-11.504919052124023
-11.504341125488281
-11.503927230834961
-11.50447940826416
-11.505531311035156
-11.505184173583984
-11.50515365600586
-11.50552749633789
-11.504525184631348
-11.505084037780762
-11.504761695861816
-11.505559921264648
-11.505112648010254
-11.505194664001465
-11.505173683166504
-11.504847526550293
-11.50419807434082
-11.505547523498535
-11.5050630569458
-11.505027770996094
-11.504411697387695
-11.503656387329102
-11.50338077545166
-11.504951477050781
-11.505534172058105
-11.505131721496582
-11.505370140075684
-11.504592895507812
-11.505023002624512
-11.505294799804688
-11.505127906799316
-11.504949569702148
-11.505517959594727
-11.505328178405762
-11.505526542663574
-11.505531311035156
-11.505245208740234
-11.505854606628418
-11.505410194396973
-11.505480766296387
-11.50534439086914
-11.505393028259277
-11.505280494689941
-11.50513744354248
-11.505416870117188
-11.50546932220459
-11.505220413208008
-11.505884170532227
-11.505367279052734
-11.505423545837402
-11.505433082580566
-11.505203247070312
-11.505481719970703
-11.505206108093262
-11.505037307739258
-11.505199432373047
-11.505497932434082
-11.505613327026367
-11.505851745605469
-11.50549602508545
-11.505653381347656
-11.505843162536621
-11.504941940307617
-11.505309104919434
-11.505781173706055
-11.505011558532715
-11.505646705627441
-11.506096839904785
-11.505647659301758
-11.504941940307617
-11.505414009094238
-11.5060453414917
-11.505799293518066
-11.505819320678711
-11.505452156066895
-11.505692481994629
-11.505599975585938
-11.506019592285156
-11.505799293518066
-11.505374908447266
-11.505476951599121
-11.505833625793457
-11.505570411682129
-11.505631446838379
-11.50556468963623
-11.505393981933594
-11.505743026733398
-11.505779266357422
-11.505258560180664
-11.505792617797852
-11.50584602355957
-11.504241943359375
-11.505613327026367
-11.505300521850586
-11.50619888305664
-11.505227088928223
-11.505390167236328
-11.505615234375
-11.5060396194458
-11.506179809570312
-11.506049156188965
-11.505773544311523
-11.505398750305176
-11.50587272644043
-11.505138397216797
-11.505983352661133
-11.50652027130127
-11.505849838256836
-11.50557804107666
-11.505859375
-11.505882263183594
-11.505850791931152
-11.505509376525879
-11.506219863891602
-11.505677223205566
-11.505553245544434
-11.505411148071289
-11.505894660949707
-11.506175994873047
-11.505436897277832
-11.506007194519043
-11.5059232711792
-11.50555419921875
-11.505727767944336
-11.505829811096191
-11.505768775939941
-11.50597858428955
-11.505813598632812
-11.50605583190918
-11.505802154541016
-11.506471633911133
-11.506224632263184
-11.50624942779541
-11.506394386291504
-11.506030082702637
-11.50631332397461
-11.506316184997559
-11.506526947021484
-11.506118774414062
-11.506447792053223
-11.506534576416016
-11.50627326965332
-11.506147384643555
-11.505553245544434
-11.506354331970215
-11.505960464477539
-11.50623893737793
-11.506033897399902
-11.506763458251953
-11.506104469299316
-11.505645751953125
-11.504861831665039
-11.504887580871582
-11.505285263061523
-11.504853248596191
-11.504929542541504
-11.50590705871582
-11.506316184997559
-11.50645923614502
-11.506050109863281
-11.506078720092773
-11.505660057067871
-11.505887031555176
-11.505133628845215
-11.50617790222168
-11.506649017333984
-11.506390571594238
-11.506876945495605
-11.505990982055664
-11.50571346282959
-11.506103515625
-11.506040573120117
-11.506176948547363
-11.506153106689453
-11.506367683410645
-11.505681037902832
-11.506519317626953
-11.506196022033691
-11.506399154663086
-11.506054878234863
-11.50649642944336
-11.505684852600098
-11.50643539428711
-11.506226539611816
-11.50655746459961
-11.505831718444824
-11.506596565246582
-11.505727767944336
-11.506438255310059
-11.506531715393066
-11.506723403930664
-11.5062837600708
-11.505997657775879
-11.506433486938477
-11.506368637084961
-11.506481170654297
-11.506216049194336
-11.506606101989746
-11.506165504455566
-11.506428718566895
-11.506482124328613
-11.5062255859375
-11.506805419921875
-11.506232261657715
-11.506263732910156
-11.5064058303833
-11.506428718566895
-11.505941390991211
-11.505566596984863
-11.506013870239258
-11.505803108215332
-11.506163597106934
-11.506192207336426
-11.506451606750488
-11.506989479064941
-11.506510734558105
-11.505946159362793
-11.505733489990234
-11.505367279052734
-11.504887580871582
-11.505330085754395
-11.506103515625
-11.506589889526367
-11.506653785705566
-11.50593090057373
-11.505661964416504
-11.50541877746582
-11.505654335021973
-11.505570411682129
-11.506277084350586
-11.506882667541504
-11.506441116333008
-11.506510734558105
-11.506103515625
-11.50558090209961
-11.505331039428711
-11.505622863769531
-11.505982398986816
-11.506661415100098
-11.506464004516602
-11.50607681274414
-11.50632095336914
-11.50598430633545
-11.506821632385254
-11.506647109985352
-11.506802558898926
-11.506591796875
-11.506265640258789
-11.506463050842285
-11.506665229797363
-11.506532669067383
-11.506505966186523
-11.506292343139648
-11.506816864013672
-11.506488800048828
-11.506237983703613
-11.506567001342773
-11.506614685058594
-11.506633758544922
-11.5066556930542
-11.505963325500488
-11.506296157836914
-11.506475448608398
-11.50648307800293
-11.507196426391602
-11.50688362121582
-11.50654125213623
-11.506290435791016
-11.506237030029297
-11.506217956542969
-11.506207466125488
-11.506478309631348
-11.506742477416992
-11.506806373596191
-11.506763458251953
-11.506901741027832
-11.506589889526367
-11.506804466247559
-11.506685256958008
-11.5068998336792
-11.506744384765625
-11.506994247436523
-11.506526947021484
-11.507063865661621
-11.507079124450684
-11.50714111328125
-11.507217407226562
-11.50716781616211
-11.506937026977539
-11.506929397583008
-11.507341384887695
-11.506782531738281
-11.506905555725098
-11.507190704345703
-11.506606101989746
-11.506897926330566
-11.50651741027832
-11.506425857543945
-11.506404876708984
-11.50701904296875
-11.5067138671875
-11.506841659545898
-11.506500244140625
-11.506745338439941
-11.5068998336792
-11.507147789001465
-11.507211685180664
-11.506773948669434
-11.506950378417969
-11.50684928894043
-11.50654411315918
-11.507190704345703
-11.506983757019043
-11.506574630737305
-11.507345199584961
-11.506746292114258
-11.5068359375
-11.506792068481445
-11.50690746307373
-11.506620407104492
-11.506869316101074
-11.50678825378418
-11.50692081451416
-11.506711959838867
-11.506711959838867
-11.506062507629395
-11.505949020385742
-11.506418228149414
-11.506746292114258
-11.507231712341309
-11.507149696350098
-11.507674217224121
-11.506694793701172
-11.507274627685547
-11.50692081451416
-11.50685977935791
-11.506291389465332
-11.506697654724121
-11.506505012512207
-11.507128715515137
-11.506662368774414
-11.506782531738281
-11.506723403930664
-11.50708293914795
-11.506927490234375
-11.507412910461426
-11.50711441040039
-11.507190704345703
-11.50752067565918
-11.507063865661621
-11.50684928894043
-11.507492065429688
-11.507001876831055
-11.507246971130371
-11.507551193237305
-11.507012367248535
-11.507325172424316
-11.507601737976074
-11.507144927978516
-11.50759220123291
-11.507026672363281
-11.507380485534668
-11.5071439743042
-11.506718635559082
-11.5069580078125
-11.507251739501953
-11.507153511047363
-11.506690979003906
-11.50681209564209
-11.506733894348145
-11.506498336791992
-11.506488800048828
-11.507268905639648
-11.50689697265625
-11.507262229919434
-11.507164001464844
-11.506948471069336
-11.507058143615723
-11.506941795349121
-11.506628036499023
-11.507087707519531
-11.506881713867188
-11.507322311401367
-11.50705337524414
-11.507524490356445
-11.507485389709473
-11.507492065429688
-11.507094383239746
-11.506675720214844
-11.506518363952637
-11.50642204284668
-11.507323265075684
-11.50733470916748
-11.50689697265625
-11.507377624511719
-11.507328987121582
-11.506911277770996
-11.506837844848633
-11.505876541137695
-11.504497528076172
-11.503902435302734
-11.504833221435547
-11.506120681762695
-11.507219314575195
-11.506675720214844
-11.506455421447754
-11.506356239318848
-11.506362915039062
-11.506874084472656
-11.507158279418945
-11.50748062133789
-11.506013870239258
-11.506210327148438
-11.506402969360352
-11.50694465637207
-11.507941246032715
-11.50717830657959
-11.507465362548828
-11.507472038269043
-11.507469177246094
-11.507134437561035
-11.507248878479004
-11.507044792175293
-11.507499694824219
-11.507646560668945
-11.507490158081055
-11.507564544677734
-11.507367134094238
-11.507838249206543
-11.507680892944336
-11.507452011108398
-11.507951736450195
-11.507331848144531
-11.50721263885498
-11.507379531860352
-11.507625579833984
-11.507884979248047
-11.507116317749023
-11.507370948791504
-11.507678985595703
-11.507705688476562
-11.507570266723633
-11.507787704467773
-11.507634162902832
-11.507335662841797
-11.507755279541016
-11.507246971130371
-11.507684707641602
-11.507695198059082
-11.507609367370605
-11.507713317871094
-11.5073881149292
-11.507722854614258
-11.507387161254883
-11.507636070251465
-11.507397651672363
-11.507694244384766
-11.507746696472168
-11.50747299194336
-11.507266998291016
-11.50755786895752
-11.507820129394531
-11.507587432861328
-11.507438659667969
-11.507165908813477
-11.507352828979492
-11.507034301757812
-11.506963729858398
-11.507243156433105
-11.507543563842773
-11.507561683654785
-11.507181167602539
-11.507170677185059
-11.507255554199219
-11.506368637084961
-11.505682945251465
-11.505948066711426
-11.506239891052246
-11.506390571594238
-11.507283210754395
-11.507789611816406
-11.50761604309082
-11.507312774658203
-11.507002830505371
-11.507099151611328
-11.507342338562012
-11.507698059082031
-11.507609367370605
-11.50728702545166
-11.507223129272461
-11.507570266723633
-11.507779121398926
-11.507790565490723
-11.507987976074219
-11.507336616516113
-11.507261276245117
-11.507445335388184
-11.507729530334473
-11.507710456848145
-11.507887840270996
-11.507678031921387
-11.507511138916016
-11.507484436035156
-11.50794506072998
-11.507903099060059
-11.507755279541016
-11.507736206054688
-11.507795333862305
-11.507760047912598
-11.507725715637207
-11.507776260375977
-11.507997512817383
-11.508377075195312
-11.50780200958252
-11.507492065429688
-11.507397651672363
-11.507041931152344
-11.507390975952148
-11.508004188537598
-11.50787353515625
-11.507964134216309
-11.507561683654785
-11.50765323638916
-11.507909774780273
-11.508196830749512
-11.508222579956055
-11.507392883300781
-11.507538795471191
-11.507424354553223
-11.507675170898438
-11.507889747619629
-11.508095741271973
-11.50753402709961
-11.507542610168457
-11.507635116577148
-11.507943153381348
-11.508269309997559
-11.507621765136719
-11.508145332336426
-11.507803916931152
-11.507268905639648
-11.507460594177246
-11.507759094238281
-11.507920265197754
-11.507925033569336
-11.507848739624023
-11.50797176361084
-11.507728576660156
-11.508016586303711
-11.50793170928955
-11.507659912109375
-11.507781982421875
-11.508003234863281
-11.508003234863281
-11.50789737701416
-11.50790023803711
-11.508033752441406
-11.507980346679688
-11.508328437805176
-11.507888793945312
-11.507752418518066
-11.508162498474121
-11.50809097290039
-11.508109092712402
-11.508258819580078
-11.508118629455566
-11.508089065551758
-11.507745742797852
-11.508078575134277
-11.50809383392334
-11.507790565490723
-11.507935523986816
-11.507715225219727
-11.508429527282715
-11.507959365844727
-11.507832527160645
-11.508040428161621
-11.507816314697266
-11.507819175720215
-11.508321762084961
-11.508095741271973
-11.508126258850098
-11.508366584777832
-11.507841110229492
-11.507911682128906
-11.508365631103516
-11.508280754089355
-11.508190155029297
-11.508301734924316
-11.507749557495117
-11.507743835449219
-11.507760047912598
-11.507726669311523
-11.507990837097168
-11.507387161254883
-11.507124900817871
-11.507573127746582
-11.507646560668945
-11.507658004760742
-11.507973670959473
-11.508082389831543
-11.50829029083252
-11.508011817932129
-11.507993698120117
-11.507993698120117
-11.50822639465332
-11.507801055908203
-11.508209228515625
-11.508430480957031
-11.508184432983398
-11.508442878723145
-11.508091926574707
-11.508197784423828
-11.507909774780273
-11.5081148147583
-11.507909774780273
-11.508040428161621
-11.507723808288574
-11.507678031921387
-11.507201194763184
-11.50757884979248
-11.507957458496094
-11.508349418640137
-11.508023262023926
-11.508350372314453
-11.50788688659668
-11.507829666137695
-11.507902145385742
-11.507683753967285
-11.506797790527344
-11.506614685058594
-11.507177352905273
-11.507375717163086
-11.508119583129883
-11.507710456848145
-11.5081205368042
-11.507967948913574
-11.507827758789062
-11.507967948913574
-11.507984161376953
-11.508055686950684
-11.508143424987793
-11.507883071899414
-11.508188247680664
-11.508307456970215
-11.508432388305664
-11.508284568786621
-11.508310317993164
-11.508398056030273
-11.508140563964844
-11.5082368850708
-11.508235931396484
-11.508437156677246
-11.508432388305664
-11.508466720581055
-11.50795841217041
-11.508108139038086
-11.508111953735352
-11.507892608642578
-11.50799560546875
-11.508200645446777
-11.508320808410645
-11.508161544799805
-11.508489608764648
-11.50853157043457
-11.50848388671875
-11.507266998291016
-11.506996154785156
-11.506998062133789
-11.507908821105957
-11.508440017700195
-11.508649826049805
-11.507681846618652
-11.507274627685547
-11.50711727142334
-11.506434440612793
-11.506670951843262
-11.506988525390625
-11.507678985595703
-11.508137702941895
-11.508279800415039
-11.508817672729492
-11.50810432434082
-11.507072448730469
-11.507688522338867
-11.508440017700195
-11.508265495300293
-11.508489608764648
-11.508362770080566
-11.50826358795166
-11.508429527282715
-11.508031845092773
-11.50793170928955
-11.50854206085205
-11.508538246154785
-11.508649826049805
-11.508720397949219
-11.508852005004883
-11.508411407470703
-11.508519172668457
-11.508606910705566
-11.50825309753418
-11.508726119995117
-11.508386611938477
-11.508672714233398
-11.508755683898926
-11.508140563964844
-11.5083589553833
-11.50804328918457
-11.50856876373291
-11.508673667907715
-11.50832462310791
-11.508589744567871
-11.508712768554688
-11.508607864379883
-11.508382797241211
-11.508649826049805
-11.508357048034668
-11.508886337280273
-11.508379936218262
-11.508332252502441
-11.508185386657715
-11.50833797454834
-11.508544921875
-11.50875473022461
-11.50851821899414
-11.508581161499023
-11.508420944213867
-11.508684158325195
-11.50870132446289
-11.508419036865234
-11.508262634277344
-11.507657051086426
-11.50752067565918
-11.508138656616211
-11.50857925415039
-11.50841999053955
-11.508402824401855
-11.508206367492676
-11.50832748413086
-11.508543014526367
-11.508922576904297
-11.508981704711914
-11.508761405944824
-11.508563995361328
-11.508732795715332
-11.508611679077148
-11.508517265319824
-11.508618354797363
-11.508227348327637
-11.508481979370117
-11.508198738098145
-11.508379936218262
-11.508661270141602
-11.50851821899414
-11.50880241394043
-11.508700370788574
-11.508676528930664
-11.50886344909668
-11.508280754089355
-11.50871753692627
-11.508600234985352
-11.508567810058594
-11.508749008178711
-11.508576393127441
-11.508615493774414
-11.50869369506836
-11.508877754211426
-11.508864402770996
-11.508807182312012
-11.508986473083496
-11.50882625579834
-11.508695602416992
-11.508566856384277
-11.508748054504395
-11.508504867553711
-11.508284568786621
-11.508339881896973
-11.508771896362305
-11.508597373962402
-11.508441925048828
-11.507951736450195
-11.507566452026367
-11.5079345703125
-11.508323669433594
-11.508068084716797
-11.50840950012207
-11.508645057678223
-11.508467674255371
-11.508309364318848
-11.508609771728516
-11.508167266845703
-11.508049964904785
-11.507842063903809
-11.507695198059082
-11.508398056030273
-11.508652687072754
-11.50885009765625
-11.50816535949707
-11.507205963134766
-11.506279945373535
-11.506492614746094
-11.507088661193848
-11.508028984069824
-11.508624076843262
-11.508668899536133
-11.50863265991211
-11.508744239807129
-11.508631706237793
-11.508973121643066
-11.508843421936035
-11.508546829223633
-11.508610725402832
-11.50893497467041
-11.508977890014648
-11.508787155151367
-11.508647918701172
-11.508670806884766
-11.509039878845215
-11.508678436279297
-11.508859634399414
-11.508719444274902
-11.508955001831055
-11.508484840393066
-11.508752822875977
-11.508648872375488
-11.508735656738281
-11.508872032165527
-11.508785247802734
-11.508722305297852
-11.508895874023438
-11.508607864379883
-11.50893783569336
-11.508793830871582
-11.508682250976562
-11.508703231811523
-11.508560180664062
-11.5081148147583
-11.508589744567871
-11.50871753692627
-11.5084867477417
-11.508660316467285
-11.509078979492188
-11.508712768554688
-11.509112358093262
-11.50893497467041
-11.508883476257324
-11.508687019348145
-11.509295463562012
-11.50875473022461
-11.50903606414795
-11.508784294128418
-11.50897216796875
-11.509038925170898
-11.50917911529541
-11.50878620147705
-11.50857925415039
-11.508818626403809
-11.508879661560059
-11.508858680725098
-11.508569717407227
-11.508938789367676
-11.508676528930664
-11.509021759033203
-11.508916854858398
-11.509053230285645
-11.508923530578613
-11.508861541748047
-11.508716583251953
-11.508516311645508
-11.50857162475586
-11.508663177490234
-11.508609771728516
-11.508611679077148
-11.508652687072754
-11.508675575256348
-11.508344650268555
-11.508440971374512
-11.508880615234375
-11.508872032165527
-11.508645057678223
-11.508124351501465
-11.507805824279785
-11.508184432983398
-11.508529663085938
-11.509105682373047
-11.509231567382812
-11.508846282958984
-11.509028434753418
-11.50887680053711
-11.50903606414795
-11.50902271270752
-11.509088516235352
-11.508833885192871
-11.50909423828125
-11.509002685546875
-11.508988380432129
-11.508849143981934
-11.508516311645508
-11.508180618286133
-11.508227348327637
-11.50800609588623
-11.507675170898438
-11.506524085998535
-11.505867958068848
-11.505247116088867
-11.506443977355957
-11.508258819580078
-11.508963584899902
-11.508598327636719
-11.507689476013184
-11.507210731506348
-11.507243156433105
-11.508169174194336
-11.509052276611328
-11.508673667907715
-11.507882118225098
-11.507832527160645
-11.508615493774414
-11.5090913772583
-11.509082794189453
-11.508800506591797
-11.508391380310059
-11.508644104003906
-11.509005546569824
-11.508833885192871
-11.50866413116455
-11.508548736572266
-11.50814151763916
-11.508755683898926
-11.509095191955566
-11.508871078491211
-11.508805274963379
-11.508941650390625
-11.509052276611328
-11.509035110473633
-11.50902271270752
-11.50879192352295
-11.508955955505371
-11.50914478302002
-11.508794784545898
-11.509193420410156
-11.509234428405762
-11.508996963500977
-11.509025573730469
-11.50927448272705
-11.509057998657227
-11.50894546508789
-11.50892448425293
-11.509084701538086
-11.50912094116211
-11.509238243103027
-11.509270668029785
-11.509054183959961
-11.508971214294434
-11.509126663208008
-11.509081840515137
-11.509010314941406
-11.509081840515137
-11.508831977844238
-11.509231567382812
-11.509260177612305
-11.509337425231934
-11.50906753540039
-11.509222984313965
-11.509162902832031
-11.50911808013916
-11.50938606262207
-11.50949764251709
-11.509123802185059
-11.508866310119629
-11.509099006652832
-11.509298324584961
-11.509197235107422
-11.50906753540039
-11.5094575881958
-11.508942604064941
-11.508891105651855
-11.508934020996094
-11.508946418762207
-11.509564399719238
-11.509220123291016
-11.509557723999023
-11.50894546508789
-11.508716583251953
-11.509295463562012
-11.509451866149902
-11.509137153625488
-11.509074211120605
-11.509281158447266
-11.5093994140625
-11.509539604187012
-11.50931453704834
-11.509245872497559
-11.509369850158691
-11.509233474731445
-11.509222984313965
-11.5094575881958
-11.509115219116211
-11.509149551391602
-11.509204864501953
-11.50927448272705
-11.509079933166504
-11.509121894836426
-11.509207725524902
-11.509126663208008
-11.509272575378418
-11.50925064086914
-11.509519577026367
-11.509523391723633
-11.50900936126709
-11.509298324584961
-11.50940990447998
-11.509084701538086
-11.509064674377441
-11.509394645690918
-11.509264945983887
-11.509045600891113
-11.509267807006836
-11.50914478302002
-11.509108543395996
-11.508949279785156
-11.508768081665039
-11.508514404296875
-11.50852108001709
-11.50931167602539
-11.509380340576172
-11.509489059448242
-11.50912094116211
-11.50860595703125
-11.508320808410645
-11.508339881896973
-11.508575439453125
-11.5086669921875
-11.508726119995117
-11.509016990661621
-11.50901985168457
-11.509296417236328
-11.509237289428711
-11.509170532226562
-11.50912094116211
-11.509309768676758
-11.509444236755371
-11.509568214416504
-11.509185791015625
-11.509269714355469
-11.509126663208008
-11.50949478149414
-11.509450912475586
-11.509441375732422
-11.50938892364502
-11.509424209594727
-11.509246826171875
-11.509385108947754
-11.509498596191406
-11.509435653686523
-11.509315490722656
-11.509451866149902
-11.509456634521484
-11.509313583374023
-11.509397506713867
-11.509387969970703
-11.509408950805664
-11.509363174438477
-11.509188652038574
-11.509243965148926
-11.509420394897461
-11.509583473205566
-11.509367942810059
-11.50959587097168
-11.50948715209961
-11.509260177612305
-11.50951099395752
-11.509549140930176
-11.509695053100586
-11.50950813293457
-11.509712219238281
-11.509490013122559
-11.509299278259277
-11.509421348571777
-11.509297370910645
-11.50897216796875
-11.508801460266113
-11.508949279785156
-11.50872802734375
-11.509334564208984
-11.509407997131348
-11.509418487548828
-11.509293556213379
-11.509186744689941
-11.509353637695312
-11.50912857055664
-11.509210586547852
-11.509432792663574
-11.509405136108398
-11.509382247924805
-11.509448051452637
-11.509450912475586
-11.509236335754395
-11.508508682250977
-11.508487701416016
-11.508411407470703
-11.508071899414062
-11.508557319641113
-11.508665084838867
-11.509177207946777
-11.509599685668945
-11.509742736816406
-11.509428977966309
-11.509200096130371
-11.508733749389648
-11.50870418548584
-11.508362770080566
-11.508868217468262
-11.508920669555664
-11.509187698364258
-11.509333610534668
-11.509378433227539
-11.50924015045166
-11.50936508178711
-11.508875846862793
-11.508502006530762
-11.508559226989746
-11.5089693069458
-11.50938606262207
-11.509449005126953
-11.5094633102417
-11.509239196777344
-11.50932502746582
-11.509181022644043
-11.508689880371094
-11.508822441101074
-11.508713722229004
-11.50934886932373
-11.509495735168457
-11.509415626525879
-11.509361267089844
-11.509161949157715
-11.50903034210205
-11.509145736694336
-11.50898551940918
-11.50873851776123
-11.509048461914062
-11.509360313415527
-11.509355545043945
-11.509540557861328
-11.509302139282227
-11.509270668029785
-11.509334564208984
-11.509391784667969
-11.509414672851562
-11.509407997131348
-11.5096435546875
-11.509496688842773
-11.50961685180664
-11.509586334228516
-11.509613990783691
-11.509613990783691
-11.50959587097168
-11.509498596191406
-11.50977611541748
-11.509509086608887
-11.509696006774902
-11.509551048278809
-11.50980281829834
-11.509602546691895
-11.509529113769531
-11.509527206420898
-11.509515762329102
-11.509511947631836
-11.509407997131348
-11.50977611541748
-11.509650230407715
-11.50961971282959
-11.509523391723633
-11.509638786315918
-11.509610176086426
-11.509612083435059
-11.509552001953125
-11.509597778320312
-11.509560585021973
-11.509634971618652
-11.509795188903809
-11.5097017288208
-11.509526252746582
-11.509360313415527
-11.509531021118164
-11.50930404663086
-11.509753227233887
-11.509393692016602
-11.509847640991211
-11.50954532623291
-11.50939655303955
-11.509699821472168
-11.509604454040527
-11.509687423706055
-11.50973892211914
-11.509589195251465
-11.509859085083008
-11.509904861450195
-11.509878158569336
-11.509855270385742
-11.509754180908203
-11.509635925292969
-11.509635925292969
-11.509828567504883
-11.50959587097168
-11.509711265563965
-11.509943962097168
-11.509754180908203
-11.50965404510498
-11.509634971618652
-11.509799003601074
-11.509737968444824
-11.509767532348633
-11.509634971618652
-11.50964069366455
-11.509464263916016
-11.509876251220703
-11.509808540344238
-11.509581565856934
-11.509659767150879
-11.509634017944336
-11.509681701660156
-11.509697914123535
-11.50968074798584
-11.509696006774902
-11.509805679321289
-11.509759902954102
-11.509687423706055
-11.509465217590332
-11.509651184082031
-11.509610176086426
-11.509637832641602
-11.509596824645996
-11.50932502746582
-11.509391784667969
-11.50912857055664
-11.509147644042969
-11.50866413116455
-11.508268356323242
-11.508096694946289
-11.507381439208984
-11.507294654846191
-11.50718879699707
-11.507460594177246
-11.508174896240234
-11.508283615112305
-11.508712768554688
-11.509269714355469
-11.509148597717285
-11.509531021118164
-11.509849548339844
-11.509735107421875
-11.509711265563965
-11.509567260742188
-11.509740829467773
-11.509676933288574
-11.509653091430664
-11.509814262390137
-11.509598731994629
-11.509453773498535
-11.5094633102417
-11.509571075439453
-11.509915351867676
-11.509791374206543
-11.50991439819336
-11.509849548339844
-11.510008811950684
-11.509969711303711
-11.509864807128906
-11.509842872619629
-11.509718894958496
-11.509594917297363
-11.509603500366211
-11.50953483581543
-11.509836196899414
-11.509438514709473
-11.509620666503906
-11.509875297546387
-11.509779930114746
-11.509882926940918
-11.509852409362793
-11.509713172912598
-11.509905815124512
-11.509611129760742
-11.509810447692871
-11.50983715057373
-11.509553909301758
-11.509635925292969
-11.509620666503906
-11.509896278381348
-11.509575843811035
-11.509342193603516
-11.508903503417969
-11.509222984313965
-11.509359359741211
-11.5095853805542
-11.509725570678711
-11.509867668151855
-11.509987831115723
-11.509705543518066
-11.509794235229492
-11.509775161743164
-11.50960922241211
-11.509631156921387
-11.509587287902832
-11.509513854980469
-11.509613037109375
-11.50963306427002
-11.5093994140625
-11.509778022766113
-11.50976848602295
-11.509815216064453
-11.509666442871094
-11.509343147277832
-11.509214401245117
-11.50906753540039
-11.509078025817871
-11.508569717407227
-11.508404731750488
-11.508654594421387
-11.509275436401367
-11.50981330871582
-11.509828567504883
-11.509727478027344
-11.509760856628418
-11.509846687316895
-11.509739875793457
-11.509840965270996
-11.50989055633545
-11.50985336303711
-11.509970664978027
-11.509909629821777
-11.509950637817383
-11.509872436523438
-11.510004043579102
-11.509718894958496
-11.509722709655762
-11.509846687316895
-11.509949684143066
-11.509889602661133
-11.509872436523438
-11.510047912597656
-11.510025978088379
-11.51005744934082
-11.510029792785645
-11.5098876953125
-11.510001182556152
-11.509950637817383
-11.510221481323242
-11.509868621826172
-11.50989055633545
-11.509750366210938
-11.509748458862305
-11.509892463684082
-11.509621620178223
-11.509323120117188
-11.509330749511719
-11.509126663208008
-11.509052276611328
-11.50875473022461
-11.50914478302002
-11.509265899658203
-11.509474754333496
-11.509613990783691
-11.509955406188965
-11.510058403015137
-11.509811401367188
-11.509587287902832
-11.509603500366211
-11.509649276733398
-11.509505271911621
-11.509894371032715
-11.509896278381348
-11.510062217712402
-11.509811401367188
-11.509769439697266
-11.509532928466797
-11.509623527526855
-11.509500503540039
-11.509344100952148
-11.509706497192383
-11.509627342224121
-11.50979995727539
-11.509788513183594
-11.50972843170166
-11.509513854980469
-11.509613037109375
-11.509766578674316
-11.509729385375977
-11.5098295211792
-11.510050773620605
-11.50997257232666
-11.509682655334473
-11.509309768676758
-11.509231567382812
-11.509422302246094
-11.509198188781738
-11.509725570678711
-11.50946044921875
-11.509809494018555
-11.50999927520752
-11.509765625
-11.509623527526855
-11.50915813446045
-11.509078979492188
-11.509163856506348
-11.509737014770508
-11.509652137756348
-11.508745193481445
-11.507323265075684
-11.506699562072754
-11.507567405700684
-11.508999824523926
-11.50997543334961
-11.50937271118164
-11.507308959960938
-11.506317138671875
-11.507323265075684
-11.509359359741211
-11.510008811950684
-11.508963584899902
-11.508195877075195
-11.507928848266602
-11.508955955505371
-11.50990104675293
-11.509729385375977
-11.509099960327148
-11.509119033813477
-11.509373664855957
-11.510110855102539
-11.51005744934082
-11.50953483581543
-11.509716987609863
-11.510098457336426
-11.510107040405273
-11.509842872619629
-11.5097017288208
-11.509801864624023
-11.5099458694458
-11.509537696838379
-11.509702682495117
-11.5098237991333
-11.510139465332031
-11.51007080078125
-11.509806632995605
-11.509870529174805
-11.50993537902832
-11.510144233703613
-11.51009750366211
-11.509782791137695
-11.510009765625
-11.509971618652344
-11.510061264038086
-11.510047912597656
-11.509684562683105
-11.509841918945312
-11.509953498840332
-11.51012897491455
-11.510049819946289
-11.509974479675293
-11.509990692138672
-11.510025978088379
-11.510026931762695
-11.509736061096191
-11.50981330871582
-11.509883880615234
-11.510076522827148
-11.509960174560547
-11.509636878967285
-11.509794235229492
-11.50999641418457
-11.510184288024902
-11.509872436523438
-11.510074615478516
-11.509944915771484
-11.510233879089355
-11.510039329528809
-11.509913444519043
-11.509939193725586
-11.510254859924316
-11.510171890258789
-11.510252952575684
-11.510083198547363
-11.510093688964844
-11.509932518005371
-11.510194778442383
-11.510046005249023
-11.510125160217285
-11.510049819946289
-11.509946823120117
-11.510183334350586
-11.510200500488281
-11.5099515914917
-11.51019287109375
-11.510189056396484
-11.510261535644531
-11.510184288024902
-11.510104179382324
-11.510231018066406
-11.510298728942871
-11.5101900100708
-11.510208129882812
-11.510137557983398
-11.510273933410645
-11.510295867919922
-11.510140419006348
-11.510282516479492
-11.510053634643555
-11.510027885437012
-11.510117530822754
-11.510063171386719
-11.51007080078125
-11.510358810424805
-11.509990692138672
-11.509971618652344
-11.509967803955078
-11.509845733642578
-11.510042190551758
-11.510116577148438
-11.510217666625977
-11.51013469696045
-11.51015853881836
-11.510038375854492
-11.51034927368164
-11.510247230529785
-11.510106086730957
-11.50994873046875
-11.50991439819336
-11.510024070739746
-11.510200500488281
-11.510234832763672
-11.5100679397583
-11.51036548614502
-11.510144233703613
-11.510053634643555
-11.510290145874023
-11.50993537902832
-11.51029109954834
-11.509967803955078
-11.509830474853516
-11.510049819946289
-11.51015567779541
-11.510367393493652
-11.510379791259766
-11.510255813598633
-11.509927749633789
-11.510030746459961
-11.510087966918945
-11.510209083557129
-11.510359764099121
-11.510218620300293
-11.51022720336914
-11.510046005249023
-11.510322570800781
-11.51020622253418
-11.510148048400879
-11.510344505310059
-11.510114669799805
-11.510083198547363
-11.510306358337402
-11.51003646850586
-11.510063171386719
-11.51012897491455
-11.5101957321167
-11.51022720336914
-11.5103120803833
-11.510270118713379
-11.510224342346191
-11.510354995727539
-11.510104179382324
-11.510215759277344
-11.510017395019531
-11.510298728942871
-11.51024055480957
-11.510249137878418
-11.510292053222656
-11.510232925415039
-11.510120391845703
-11.510205268859863
-11.510353088378906
-11.510369300842285
-11.510075569152832
-11.510313987731934
-11.510335922241211
-11.51026439666748
-11.510309219360352
-11.510367393493652
-11.51026439666748
-11.509891510009766
-11.510051727294922
-11.510136604309082
-11.510406494140625
-11.510459899902344
-11.510416030883789
-11.509986877441406
-11.510221481323242
-11.510153770446777
-11.509984016418457
-11.510086059570312
-11.510035514831543
-11.510082244873047
-11.510098457336426
-11.510346412658691
-11.510344505310059
-11.510344505310059
-11.510381698608398
-11.51026725769043
-11.510353088378906
-11.510242462158203
-11.51021957397461
-11.510570526123047
-11.510557174682617
-11.51051139831543
-11.510424613952637
-11.510231971740723
-11.510183334350586
-11.510437965393066
-11.51026725769043
-11.510038375854492
