loss_total
-18.7023983001709
-18.68235969543457
-18.67446517944336
-19.18798065185547
-19.24748420715332
-19.2474365234375
-19.503324508666992
-19.408811569213867
-19.781038284301758
-19.9381046295166
-20.04305648803711
-20.05746078491211
-20.62592124938965
-20.871490478515625
-21.25275421142578
-21.421958923339844
-21.984115600585938
-22.127717971801758
-22.635713577270508
-22.992294311523438
-23.32497787475586
-23.86937141418457
-24.558834075927734
-24.986730575561523
-25.72280502319336
-26.165590286254883
-26.34607696533203
-27.014495849609375
-27.476802825927734
-27.85000991821289
-27.837621688842773
-28.06829071044922
-28.66341781616211
-29.23075294494629
-30.07777976989746
-31.06745147705078
-31.11199378967285
-30.53908920288086
-30.567386627197266
-30.564428329467773
-30.62207794189453
-30.929828643798828
-31.24118423461914
-31.78839111328125
-31.728532791137695
-31.550851821899414
-31.83895492553711
-31.616226196289062
-31.728485107421875
-32.08319854736328
-32.333927154541016
-32.24677658081055
-32.24580764770508
-32.321781158447266
-32.32737731933594
-32.47704315185547
-32.62723159790039
-32.53646469116211
-32.53447723388672
-32.55607604980469
-32.66801452636719
-32.74165344238281
-32.75057601928711
-32.74329376220703
-32.76611328125
-32.89112091064453
-32.92238235473633
-32.91758728027344
-32.92626953125
-32.93707275390625
-33.205406188964844
-33.050880432128906
-33.185523986816406
-33.27647018432617
-33.194908142089844
-33.29343795776367
-33.35495376586914
-33.45122528076172
-33.45020294189453
-33.466094970703125
-33.61465835571289
-33.61848449707031
-33.74882507324219
-33.79085159301758
-33.884761810302734
-34.009544372558594
-34.037147521972656
-34.09442138671875
-34.20760726928711
-34.29140853881836
-34.52581024169922
-34.56745529174805
-34.802547454833984
-34.88418960571289
-35.13591384887695
-35.35258483886719
-35.45307159423828
-35.733367919921875
-35.92756271362305
-36.047706604003906
-36.15217208862305
-36.14444351196289
-36.463706970214844
-36.19108581542969
-36.25257110595703
-36.485931396484375
-36.4577751159668
-36.43393325805664
-36.60732650756836
-36.74568557739258
-36.8105583190918
-36.78044128417969
-37.00171661376953
-36.954105377197266
-36.827396392822266
-36.95969009399414
-36.837337493896484
-37.1651611328125
-37.009559631347656
-37.219146728515625
-37.21525573730469
-37.22669982910156
-37.47715759277344
-37.37042236328125
-37.590675354003906
-37.3952751159668
-37.58111572265625
-37.541603088378906
-37.696529388427734
-37.565128326416016
-37.79666519165039
-37.7431755065918
-37.75483703613281
-37.84444046020508
-37.74394226074219
-37.96894073486328
-37.804176330566406
-38.099666595458984
-37.85639572143555
-37.95054626464844
-38.13550567626953
-38.01310729980469
-38.29987335205078
-38.07416915893555
-38.30063247680664
-38.42631530761719
-38.42636489868164
-38.43558120727539
-38.43124008178711
-38.67921447753906
-38.475807189941406
-38.77763748168945
-38.6944465637207
-38.58821487426758
-38.72774124145508
-38.71349334716797
-38.68272399902344
-39.10676574707031
-38.918243408203125
-39.20936584472656
-39.2005500793457
-38.995548248291016
-39.054325103759766
-39.23225402832031
-39.465576171875
-39.14354705810547
-39.37139892578125
-39.609619140625
-39.618099212646484
-39.794918060302734
-39.76829147338867
-39.828086853027344
-39.860206604003906
-39.67387771606445
-39.95526885986328
-40.11642837524414
-40.0469970703125
-39.93308639526367
-40.40277862548828
-40.09571075439453
-40.52802276611328
-40.412899017333984
-40.53999328613281
-40.49403762817383
-40.921104431152344
-40.56893539428711
-40.91411590576172
-41.003822326660156
-41.009456634521484
-41.15581512451172
-41.187103271484375
-41.37192916870117
-41.32541275024414
-41.629371643066406
-41.63067626953125
-41.55815887451172
-41.72837829589844
-41.617549896240234
-41.85227584838867
-41.856597900390625
-42.12009048461914
-41.8931999206543
-41.95903396606445
-42.246124267578125
-42.22462844848633
-42.26217269897461
-42.21738815307617
-42.37834167480469
-42.39022445678711
-42.41764831542969
-42.44337463378906
-42.55242919921875
-42.41605758666992
-42.55467987060547
-42.450950622558594
-42.42704772949219
-42.50421142578125
-42.638084411621094
-42.6528205871582
-42.87763595581055
-42.839874267578125
-42.730072021484375
-42.95485305786133
-42.7044563293457
-42.89468002319336
-43.07884216308594
-43.01382064819336
-42.87504577636719
-43.082183837890625
-43.02815628051758
-42.89970397949219
-43.23314666748047
-43.04956817626953
-43.12728500366211
-43.56759262084961
-43.086483001708984
-43.181480407714844
-43.40864181518555
-43.332801818847656
-43.36387252807617
-43.48966598510742
-43.253719329833984
-43.6107292175293
-43.4568977355957
-43.5218505859375
-43.59858322143555
-43.76190948486328
-43.68590545654297
-43.633514404296875
-43.66047668457031
-43.7445182800293
-43.53050994873047
-43.80320358276367
-43.77445983886719
-43.696468353271484
-43.826011657714844
-43.903480529785156
-44.043216705322266
-44.09680938720703
-43.974613189697266
-43.958091735839844
-44.25018310546875
-44.08995819091797
-44.24134063720703
-44.23939514160156
-44.28712463378906
-44.11879348754883
-44.24968719482422
-44.147132873535156
-44.1397590637207
-44.47494125366211
-44.095829010009766
-44.36424255371094
-44.47801971435547
-44.210025787353516
-44.49806594848633
-44.38362503051758
-44.559226989746094
-44.7183723449707
-44.30414581298828
-44.57311248779297
-44.29547882080078
-44.90444564819336
-44.39676284790039
-44.781158447265625
-44.80107116699219
-44.58966064453125
-44.972145080566406
-44.65664291381836
-44.85618591308594
-44.62552261352539
-44.95389938354492
-44.39178466796875
-44.89365005493164
-44.595890045166016
-44.57811737060547
-44.96827697753906
-44.9052734375
-45.13655471801758
-45.06938552856445
-45.42576599121094
-45.32001495361328
-45.20478820800781
-45.332801818847656
-45.21875
-45.434146881103516
-45.180416107177734
-45.450504302978516
-45.17042541503906
-45.71614456176758
-45.229305267333984
-45.23915100097656
-45.23121643066406
-45.52964401245117
-45.47568130493164
-45.398681640625
-45.43642044067383
-45.55484390258789
-45.70159912109375
-45.65918731689453
-45.55775451660156
-45.57206726074219
-45.647525787353516
-45.7685432434082
-45.29292297363281
-45.76340103149414
-45.75945281982422
-45.72374725341797
-45.509429931640625
-45.98778533935547
-45.58127975463867
-45.539058685302734
-45.659637451171875
-45.75440216064453
-46.10124588012695
-45.742645263671875
-45.88274002075195
-45.98556137084961
-46.177268981933594
-46.28074645996094
-46.27667236328125
-46.16823196411133
-46.25148010253906
-46.137977600097656
-46.28107452392578
-46.4401969909668
-46.35499572753906
-46.55002975463867
-46.4122200012207
-46.35688781738281
-46.40535354614258
-46.454986572265625
-46.41204071044922
-46.42279052734375
-46.4136848449707
-46.442657470703125
-46.54447555541992
-46.71250534057617
-46.61042785644531
-46.717926025390625
-46.48587417602539
-46.724517822265625
-46.705169677734375
-46.653167724609375
-46.745574951171875
-46.46710205078125
-46.619747161865234
-46.74449157714844
-46.86042785644531
-46.92280960083008
-46.78847885131836
-46.749568939208984
-46.93743896484375
-46.84959411621094
-46.94955825805664
-46.876670837402344
-46.912841796875
-46.90254211425781
-46.739471435546875
-46.808509826660156
-46.775604248046875
-46.73146057128906
-46.93464660644531
-47.15067672729492
-47.03257751464844
-47.06672668457031
-47.01046371459961
-46.96861267089844
-46.75038528442383
-47.01397705078125
-47.13596725463867
-46.95147705078125
-46.827980041503906
-47.043861389160156
-47.000755310058594
-47.01401901245117
-47.1240348815918
-46.901397705078125
-46.98625183105469
-47.11673355102539
-47.0914192199707
-47.38433837890625
-47.222999572753906
-47.220970153808594
-47.30028533935547
-47.21593475341797
-47.212989807128906
-47.173648834228516
-47.27832794189453
-47.23343276977539
-47.45048522949219
-47.29064178466797
-47.25873947143555
-47.325103759765625
-47.09373474121094
-47.31000518798828
-47.439369201660156
-47.22075653076172
-47.11836624145508
-47.29890441894531
-47.31489562988281
-47.14128112792969
-47.48629379272461
-47.357582092285156
-47.29093933105469
-47.35074234008789
-47.270164489746094
-47.54653549194336
-47.599395751953125
-47.490074157714844
-47.487396240234375
-47.58831787109375
-47.62268829345703
-47.63063049316406
-47.473052978515625
-47.3544921875
-47.45481872558594
-47.592926025390625
-47.56502914428711
-47.43966293334961
-47.66218566894531
-47.79219055175781
-47.70725631713867
-47.61858367919922
-47.71928024291992
-47.72444534301758
-47.717742919921875
-47.726478576660156
-47.788509368896484
-47.796897888183594
-47.7150993347168
-47.64459991455078
-47.667850494384766
-47.48749542236328
-47.67293930053711
-47.824981689453125
-47.76264953613281
-47.8640251159668
-47.8780403137207
-47.710914611816406
-47.611454010009766
-47.818824768066406
-47.773162841796875
-47.7586555480957
-47.55633544921875
-47.7286376953125
-47.863914489746094
-47.84375762939453
-47.61296463012695
-47.63739776611328
-47.78477478027344
-47.937862396240234
-47.67913055419922
-47.73627471923828
-47.82510757446289
-47.74395751953125
-47.83146286010742
-47.88163757324219
-47.806236267089844
-47.643592834472656
-47.75969696044922
-47.98857498168945
-47.97886657714844
-47.99186706542969
-47.72222900390625
-47.90576934814453
-47.94112014770508
-47.938751220703125
-47.981502532958984
-48.011844635009766
-47.93580627441406
-47.86280822753906
-47.91511535644531
-47.963531494140625
-47.952152252197266
-48.01710510253906
-48.12617492675781
-47.96917724609375
-48.02448272705078
-48.063209533691406
-48.06829833984375
-48.01108932495117
-48.020233154296875
-47.965553283691406
-48.035850524902344
-47.97856903076172
-47.93958282470703
-48.03840637207031
-48.024532318115234
-47.935813903808594
-47.93613815307617
-47.93986511230469
-47.95050811767578
-48.1146354675293
-48.100555419921875
-48.02089309692383
-48.092525482177734
-48.2053337097168
-48.196537017822266
-47.778900146484375
-47.88930130004883
-47.94890594482422
-47.941070556640625
-48.00299835205078
-48.16883850097656
-48.11189270019531
-47.97528839111328
-47.878196716308594
-47.98286437988281
-47.961151123046875
-47.94367980957031
-48.194091796875
-47.79819869995117
-48.01525115966797
-48.21249008178711
-48.17321014404297
-47.99553680419922
-48.14350128173828
-48.21731185913086
-48.29084777832031
-48.097171783447266
-48.11744689941406
-48.191184997558594
-48.199180603027344
-48.22258377075195
-48.08736038208008
-48.140655517578125
-48.132110595703125
-47.89984130859375
-48.16526412963867
-48.10391616821289
-48.36223602294922
-48.29953384399414
-48.31978988647461
-48.300899505615234
-48.092037200927734
-48.104923248291016
-48.27299499511719
-48.353981018066406
-48.162269592285156
-48.182533264160156
-48.35405349731445
-48.357147216796875
-48.114776611328125
-48.14031219482422
-48.3255615234375
-48.272308349609375
-48.34759521484375
-48.407615661621094
-48.309234619140625
-48.376853942871094
-48.400840759277344
-48.366859436035156
-48.262386322021484
-48.12262725830078
-48.294307708740234
-48.43056869506836
-48.39900207519531
-48.2923698425293
-48.385677337646484
-48.508201599121094
-48.364681243896484
-48.32581329345703
-48.1696891784668
-48.32406234741211
-48.06111145019531
-48.37380599975586
-48.17607498168945
-48.20940399169922
-48.25749969482422
-48.376319885253906
-48.51140594482422
-48.32547378540039
-48.38072204589844
-47.99848937988281
-48.54202651977539
-48.26078796386719
-48.462188720703125
-48.34382247924805
-48.519798278808594
-48.17230224609375
-48.421878814697266
-48.37648010253906
-48.43413543701172
-48.32874298095703
-48.190189361572266
-48.31364059448242
-48.3734130859375
-48.43417739868164
-48.4874153137207
-48.432796478271484
-48.526119232177734
-48.561553955078125
-48.5634651184082
-48.496578216552734
-48.41248321533203
-48.34320068359375
-48.31982421875
-48.362091064453125
-48.453590393066406
-48.486053466796875
-48.44615173339844
-48.42945861816406
-48.44122314453125
-48.482940673828125
-48.65679168701172
-48.492958068847656
-48.4176139831543
-48.44586944580078
-48.72031784057617
-48.32744598388672
-48.46794128417969
-48.4655647277832
-48.54747772216797
-48.426605224609375
-48.47227478027344
-48.32831954956055
-48.51074981689453
-48.61775207519531
-48.56354522705078
-48.535743713378906
-48.349708557128906
-48.640281677246094
-48.51616287231445
-48.429664611816406
-48.68952941894531
-48.580684661865234
-48.514896392822266
-48.51213455200195
-48.75505828857422
-48.53819274902344
-48.15283203125
-48.64820098876953
-48.777610778808594
-48.57837677001953
-48.51005935668945
-48.6486930847168
-48.64165496826172
-48.72999954223633
-48.84708786010742
-48.72198486328125
-48.73023986816406
-48.55694580078125
-48.68766784667969
-48.529640197753906
-48.48626708984375
-48.797794342041016
-48.637821197509766
-48.71836853027344
-48.691741943359375
-48.60797882080078
-48.71963119506836
-48.644229888916016
-48.734039306640625
-48.757591247558594
-48.784873962402344
-48.71393966674805
-48.70351791381836
-48.717750549316406
-48.791778564453125
-48.87629699707031
-48.943359375
-48.83381652832031
-48.965606689453125
-48.82744598388672
-48.92111587524414
-48.891963958740234
-48.76270294189453
-48.74808883666992
-48.62793731689453
-48.51158142089844
-48.71327590942383
-48.870521545410156
-48.92383575439453
-48.66224670410156
-48.538414001464844
-48.82252502441406
-48.76987075805664
-48.91062545776367
-48.763240814208984
-48.53954315185547
-48.67905807495117
-48.86518096923828
-48.928890228271484
-49.060462951660156
-48.86233901977539
-48.76960754394531
-48.66155242919922
-48.82054901123047
-48.822174072265625
-48.77888488769531
-48.85929870605469
-48.93156433105469
-48.784698486328125
-48.73866271972656
-48.747642517089844
-48.776554107666016
-48.68220901489258
-48.81932067871094
-49.000999450683594
-48.67155075073242
-48.45238494873047
-48.74385070800781
-48.70762252807617
-48.98324966430664
-49.01119613647461
-48.801673889160156
-48.64515686035156
-48.861297607421875
-48.94987487792969
-49.033145904541016
-49.03538513183594
-48.90980911254883
-48.77919387817383
-48.82688903808594
-48.892547607421875
-48.858455657958984
-49.03325653076172
-48.925621032714844
-48.96836471557617
-48.973785400390625
-48.87936782836914
-48.91439437866211
-49.0324821472168
-48.996185302734375
-48.96803665161133
-48.96335983276367
-48.84952926635742
-48.85917282104492
-48.944271087646484
-49.05638885498047
-49.116798400878906
-49.093605041503906
-48.919349670410156
-48.87601852416992
-48.88276672363281
-48.95737075805664
-49.049285888671875
-48.87040328979492
-48.7271728515625
-48.818992614746094
-48.984832763671875
-49.08388137817383
-48.9412956237793
-48.737464904785156
-48.844520568847656
-48.96605682373047
-49.088417053222656
-49.02351760864258
-48.996788024902344
-48.93610763549805
-48.91750717163086
-49.05477523803711
-49.13935852050781
-49.056488037109375
-48.87040328979492
-48.85148239135742
-49.01475143432617
-49.041168212890625
-49.08383560180664
-48.94340515136719
-48.804298400878906
-48.76969528198242
-48.8983154296875
-48.90187454223633
-49.10352325439453
-49.03080749511719
-49.00835418701172
-48.85512924194336
-48.968048095703125
-49.03469467163086
-48.90159225463867
-48.99126434326172
-48.922447204589844
-48.994903564453125
-48.97734069824219
-48.97906494140625
-49.07865905761719
-48.98572540283203
-49.1009407043457
-49.15216827392578
-49.04570388793945
-49.15620803833008
-49.200199127197266
-49.22854232788086
-49.25526428222656
-49.21294403076172
-49.156837463378906
-49.117332458496094
-49.07166290283203
-49.17344665527344
-49.17993927001953
-49.14098358154297
-49.04367446899414
-49.04438400268555
-49.007850646972656
-49.077972412109375
-49.07232666015625
-49.19123840332031
-49.166316986083984
-49.23415756225586
-49.22661590576172
-49.21709442138672
-49.17604064941406
-49.117332458496094
-49.091888427734375
-49.079742431640625
-49.11492156982422
-49.30713653564453
-49.3095588684082
-49.319725036621094
-49.191192626953125
-48.99180221557617
-49.22551345825195
-49.28839111328125
-49.20512008666992
-49.099449157714844
-49.22582244873047
-49.0775032043457
-49.11494445800781
-49.268245697021484
-49.33043670654297
-49.313507080078125
-49.089813232421875
-48.97309494018555
-49.121788024902344
-49.08513641357422
-48.89696502685547
-49.033966064453125
-49.30683898925781
-49.26279067993164
-48.817501068115234
-49.123558044433594
-49.18916320800781
-48.85420227050781
-49.174625396728516
-49.30122375488281
-49.2333869934082
-49.09676742553711
-49.1757698059082
-49.32549285888672
-49.180198669433594
-49.14117431640625
-49.291595458984375
-49.38130187988281
-49.27790832519531
-49.22124481201172
-49.097808837890625
-49.15460205078125
-49.23078918457031
-49.212093353271484
-49.033958435058594
-49.18146896362305
-49.305641174316406
-49.28759765625
-49.21379470825195
-49.25645446777344
-49.36965560913086
-49.30958938598633
-49.34529495239258
-49.3005256652832
-49.359962463378906
-49.30751037597656
-49.18291091918945
-49.201168060302734
-49.27381896972656
-49.337242126464844
-49.217308044433594
-49.34661102294922
-49.33324432373047
-49.27437973022461
-49.37431335449219
-49.29777526855469
-49.284305572509766
-49.32634353637695
-49.21585464477539
-49.25141143798828
-49.257347106933594
-49.38005828857422
-49.33576965332031
-49.350711822509766
-49.198211669921875
-49.15354919433594
-49.25140380859375
-49.43364715576172
-49.47141647338867
-49.44076919555664
-49.381446838378906
-49.417972564697266
-49.266845703125
-49.09632110595703
-49.335994720458984
-49.455177307128906
-49.477622985839844
-49.44016647338867
-49.4122428894043
-49.305503845214844
-49.31468963623047
-49.33099365234375
-49.31692886352539
-49.470027923583984
-49.202110290527344
-49.195220947265625
-49.161258697509766
-49.3256721496582
-49.57205581665039
-49.433475494384766
-49.344512939453125
-49.28969955444336
-49.211456298828125
-49.268341064453125
-49.39007568359375
-49.472450256347656
-49.29381561279297
-49.52294158935547
-49.5309944152832
-49.404212951660156
-49.49588394165039
-49.31425857543945
-49.480010986328125
-49.51045227050781
-49.39735412597656
-49.34457015991211
-49.3656005859375
-49.36017608642578
-49.40970230102539
-49.34611511230469
-49.327056884765625
-49.32320785522461
-49.47019958496094
-49.53594207763672
-49.58112716674805
-49.45618438720703
-49.46269607543945
-49.37030792236328
-49.240478515625
-49.28539276123047
-49.263099670410156
-49.43522644042969
-49.48457336425781
-49.49674987792969
-49.51041030883789
-49.41564178466797
-49.453163146972656
-49.340354919433594
-49.42601776123047
-49.39997482299805
-49.529151916503906
-49.51105880737305
-49.565433502197266
-49.5650520324707
-49.572059631347656
-49.578651428222656
-49.48994445800781
-49.30699920654297
-49.32856750488281
-49.57108688354492
-49.62400436401367
-49.53017044067383
-49.45276641845703
-49.36777877807617
-49.516632080078125
-49.534725189208984
-49.60974884033203
-49.6331787109375
-49.677398681640625
-49.5277099609375
-49.371429443359375
-49.213905334472656
-49.46388244628906
-49.55830764770508
-49.5458984375
-49.57307434082031
-49.661460876464844
-49.57674026489258
-49.512691497802734
-49.40068054199219
-49.35685729980469
-49.55470275878906
-49.556053161621094
-49.55778884887695
-49.52391052246094
-49.410072326660156
-49.4742546081543
-49.55636215209961
-49.65620422363281
-49.71470642089844
-49.63530349731445
-49.48058319091797
-49.30204772949219
-49.42195510864258
-49.656150817871094
-49.64306640625
-49.6143798828125
-49.60863494873047
-49.551239013671875
-49.470863342285156
-49.453208923339844
-49.43255615234375
-49.56792449951172
-49.42576599121094
-49.638946533203125
-49.63147735595703
-49.70368576049805
-49.654685974121094
-49.655242919921875
-49.61713409423828
-49.36860656738281
-49.686180114746094
-49.75299835205078
-49.653499603271484
-49.66925811767578
-49.341697692871094
-49.56931686401367
-49.66215133666992
-49.585018157958984
-49.71294403076172
-49.52970886230469
-49.465576171875
-49.3884391784668
-49.46588134765625
-49.719146728515625
-49.63273620605469
-49.43315887451172
-49.49420928955078
-49.387516021728516
-49.57939910888672
-49.751991271972656
-49.55479431152344
-49.523780822753906
-49.41995620727539
-49.51701354980469
-49.617652893066406
-49.66926193237305
-49.77083206176758
-49.7907829284668
-49.68975067138672
-49.63991928100586
-49.69974899291992
-49.63242721557617
-49.7352409362793
-49.801055908203125
-49.68508529663086
-49.708736419677734
-49.585784912109375
-49.57649230957031
-49.56633377075195
-49.746490478515625
-49.639381408691406
-49.44189453125
-49.67487716674805
-49.682430267333984
-49.34537124633789
-49.530479431152344
-49.697471618652344
-49.694305419921875
-49.521820068359375
-49.489078521728516
-49.59526824951172
-49.52741622924805
-49.546165466308594
-49.643733978271484
-49.767181396484375
-49.78545379638672
-49.700897216796875
-49.59381103515625
-49.5372314453125
-49.520328521728516
-49.64501190185547
-49.677818298339844
-49.50003433227539
-49.65109634399414
-49.651329040527344
-49.55107116699219
-49.6895637512207
-49.6409912109375
-49.49873733520508
-49.66152572631836
-49.77433395385742
-49.75355529785156
-49.84014129638672
-49.50117874145508
-49.56299591064453
-49.60196304321289
-49.76443862915039
-49.793338775634766
-49.736061096191406
-49.6785888671875
-49.479164123535156
-49.53413009643555
-49.7168083190918
-49.82875061035156
-49.81407165527344
-49.84245300292969
-49.57450485229492
-49.639976501464844
-49.76155090332031
-49.637786865234375
-49.53858947753906
-49.68932342529297
-49.811744689941406
-49.8411750793457
-49.70078659057617
-49.69410705566406
-49.60591506958008
-49.6483039855957
-49.74262237548828
-49.766212463378906
-49.79755401611328
-49.85206604003906
-49.690181732177734
-49.547630310058594
-49.65106201171875
-49.782554626464844
-49.762508392333984
-49.691986083984375
-49.76494216918945
-49.776573181152344
-49.88576889038086
-49.69992446899414
-49.798057556152344
-49.65410614013672
-49.726139068603516
-49.680397033691406
-49.82786560058594
-49.78489685058594
-49.93589782714844
-49.765174865722656
-49.832862854003906
-49.667724609375
-49.66856002807617
-49.73631286621094
-49.93476867675781
-49.85682678222656
-49.89020538330078
-49.69926452636719
-49.61027908325195
-49.76399612426758
-49.847557067871094
-49.88960266113281
-49.82879638671875
-49.959877014160156
-49.854209899902344
-49.7545280456543
-49.70148849487305
-49.57559585571289
-49.788246154785156
-49.848114013671875
-49.85011672973633
-49.81697082519531
-49.90608596801758
-49.622779846191406
-49.657508850097656
-49.804847717285156
-49.83741760253906
-49.829750061035156
-49.9844856262207
-49.857784271240234
-49.692928314208984
-49.77076721191406
-49.75659942626953
-49.50243377685547
-49.80497741699219
-49.80063247680664
-49.79747772216797
-49.83384704589844
-49.64508819580078
-49.73899841308594
-49.94478988647461
-49.869163513183594
-49.72615051269531
-49.732421875
-49.585960388183594
-49.739295959472656
-49.847007751464844
-49.897518157958984
-49.805973052978516
-49.8286018371582
-49.90013122558594
-49.870582580566406
-49.81431579589844
-49.96323013305664
-49.79841232299805
-49.83052444458008
-49.781089782714844
-49.80500793457031
-49.90372085571289
-49.91965866088867
-49.78187561035156
-49.88527297973633
-49.764644622802734
-49.681297302246094
-49.657264709472656
-49.8743896484375
-49.975669860839844
-49.99370574951172
-50.00779342651367
-49.99131774902344
-49.89788055419922
-49.95487976074219
-49.870147705078125
-49.90254592895508
-49.857662200927734
-49.850868225097656
-49.877357482910156
-49.938114166259766
-49.74029541015625
-49.645416259765625
-49.88975143432617
-49.91932678222656
-49.58483123779297
-49.6937255859375
-49.8013916015625
-49.422813415527344
-49.44008255004883
-49.836181640625
-49.577171325683594
-49.256500244140625
-49.72724914550781
-49.582916259765625
-49.7236328125
-49.83789825439453
-49.64586639404297
-49.67389678955078
-49.96430969238281
-49.671268463134766
-49.39830780029297
-49.954463958740234
-49.86214065551758
-49.6851806640625
-49.9661750793457
-49.807708740234375
-49.71271514892578
-49.65862274169922
-49.802024841308594
-49.80332946777344
-50.02490234375
-49.981597900390625
-49.9852180480957
-50.09259033203125
-49.9964714050293
-49.98427200317383
-50.000370025634766
-49.934364318847656
-49.836952209472656
-49.94753646850586
-50.01725769042969
-50.06260299682617
-49.970436096191406
-49.9597282409668
-49.89371109008789
-49.749671936035156
-49.91893005371094
-49.987518310546875
-50.03041076660156
-50.10686492919922
-50.052757263183594
-49.984535217285156
-49.90400695800781
-49.7825813293457
-49.87226104736328
-50.04511260986328
-50.006874084472656
-50.055362701416016
-49.95030975341797
-49.86691665649414
-49.95735168457031
-50.07108688354492
-49.99285125732422
-50.07147216796875
-50.085567474365234
-50.09754180908203
-49.976898193359375
-49.77598190307617
-50.00918960571289
-50.00911331176758
-50.032752990722656
-50.106689453125
-50.04228973388672
-49.96266555786133
-49.92877960205078
-50.027587890625
-50.028343200683594
-50.12322235107422
-50.07912063598633
-50.00571060180664
-49.773597717285156
-49.89449691772461
-50.18210220336914
-50.19361877441406
-50.12323760986328
-50.03376770019531
-49.80965805053711
-49.97386169433594
-50.102081298828125
-50.111106872558594
-50.18083953857422
-50.17491912841797
-50.11281967163086
-50.09721755981445
-49.97709655761719
-49.832332611083984
-50.04077911376953
-49.92341613769531
-50.10698318481445
-50.10398864746094
-50.09172058105469
-50.02959060668945
-49.984676361083984
-50.0892448425293
-50.064361572265625
-50.002288818359375
-49.98113250732422
-50.066993713378906
-50.197479248046875
-50.12721633911133
-50.17216873168945
-50.057533264160156
-50.003719329833984
-49.9476432800293
-49.984779357910156
-49.814701080322266
-50.003761291503906
-49.94519805908203
-49.99431610107422
-49.98834991455078
-49.974403381347656
-50.04094696044922
-50.06789779663086
-50.204708099365234
-50.05659484863281
-50.071006774902344
-50.02799987792969
-49.85907745361328
-49.98307800292969
-50.071495056152344
-50.21284866333008
-50.13455581665039
-50.14712142944336
-49.988494873046875
-49.79077911376953
-49.957550048828125
-50.13632583618164
-50.26176452636719
-50.089088439941406
-50.07598114013672
-50.06196212768555
-49.98682403564453
-50.09290313720703
-50.15074157714844
-49.90694808959961
-49.95281982421875
-50.09013366699219
-49.997169494628906
-50.01165771484375
-50.127689361572266
-49.97871398925781
-49.96587371826172
-50.015586853027344
-50.04175567626953
-50.04673767089844
-50.20341873168945
-50.304725646972656
-50.13765335083008
-50.09700012207031
-50.14398193359375
-50.00103759765625
-50.067169189453125
-50.11183166503906
-50.05331802368164
-50.095611572265625
-50.03055953979492
-50.09606170654297
-50.12324523925781
-50.267356872558594
-50.196380615234375
-50.131473541259766
-50.039756774902344
-49.99660110473633
-50.12400817871094
-50.24020767211914
-50.14818572998047
-50.27277755737305
-50.228355407714844
-50.200523376464844
-50.08582305908203
-50.0334358215332
-49.965843200683594
-50.10444259643555
-50.159385681152344
-50.2668571472168
-50.302398681640625
-50.29743194580078
-50.25011444091797
-50.14896011352539
-50.12889099121094
-50.15430450439453
-50.05333709716797
-49.926048278808594
-50.16863250732422
-50.26609802246094
-50.207496643066406
-50.15327072143555
-50.11354064941406
-50.05559158325195
-50.14360427856445
-50.12646484375
-49.96944046020508
-50.04085159301758
-50.167057037353516
-49.91987991333008
-50.014366149902344
-50.20215606689453
-50.14643096923828
-50.09219741821289
-50.245628356933594
-50.289695739746094
-50.174072265625
-50.1889762878418
-50.10504913330078
-49.91280746459961
-50.274662017822266
-50.33139419555664
-50.197479248046875
-50.053672790527344
-49.86599349975586
-50.173423767089844
-50.278526306152344
-50.35582733154297
-50.21235275268555
-50.1016960144043
-50.060882568359375
-50.228424072265625
-50.298095703125
-50.333709716796875
-50.33154296875
-50.29085922241211
-50.38734436035156
-50.292518615722656
-50.268455505371094
-50.11901092529297
-49.88295364379883
-50.1258544921875
-50.28449249267578
-50.2329216003418
-50.26549530029297
-50.22023010253906
-50.03339385986328
-50.18935012817383
-50.3328857421875
-50.25587463378906
-50.099449157714844
-50.145484924316406
-50.11791229248047
-50.129661560058594
-50.330322265625
-50.40204620361328
-50.28743362426758
-50.03257369995117
-50.13563537597656
-50.266231536865234
-50.213504791259766
-50.013099670410156
-50.21379470825195
-50.25957107543945
-50.097747802734375
-50.19683074951172
-50.114036560058594
-50.08041000366211
-50.197784423828125
-50.21484375
-50.215721130371094
-50.34326171875
-50.13245391845703
-50.10478973388672
-50.18780517578125
-50.27954864501953
-50.32032012939453
-50.177024841308594
-49.929222106933594
-50.080909729003906
-50.0075569152832
-50.22789764404297
-50.122989654541016
-50.13778305053711
-50.137474060058594
-50.247501373291016
-50.23191833496094
-50.10469436645508
-50.091712951660156
-50.14933776855469
-50.15637969970703
-50.34812927246094
-50.28310775756836
-50.33442306518555
-50.199371337890625
-49.90971755981445
-50.016990661621094
-50.309200286865234
-50.17662811279297
-50.27631759643555
-50.37160110473633
-50.35645294189453
-50.31975555419922
-50.07576370239258
-50.236602783203125
-50.276981353759766
-50.23993682861328
-50.32868576049805
-50.358238220214844
-50.338043212890625
-50.428707122802734
-50.33103942871094
-50.210838317871094
-50.1669807434082
-50.18194580078125
-50.28657913208008
-50.22006607055664
-50.22441101074219
-50.37427520751953
-50.116153717041016
-50.02263641357422
-50.25007629394531
-50.189659118652344
-50.21601104736328
-50.1873779296875
-50.026573181152344
-50.27327346801758
-50.341819763183594
-50.44031524658203
-50.15355682373047
-50.1702880859375
-49.912025451660156
-50.099491119384766
-50.19571304321289
-50.203758239746094
-49.84760284423828
-49.95317840576172
-50.291656494140625
-50.14683532714844
-50.44476318359375
-50.050235748291016
-49.97244644165039
-50.21000289916992
-50.37189865112305
-50.282745361328125
-50.30131912231445
-50.21710968017578
-50.35196304321289
-50.35342025756836
-50.2157096862793
-50.30138397216797
-50.35089111328125
-50.38047790527344
-50.3290901184082
-50.21672821044922
-50.21966552734375
-50.14202880859375
-50.312110900878906
-50.40352249145508
-50.429779052734375
-50.33811950683594
-50.36714172363281
-50.22782516479492
-50.238563537597656
-50.36632537841797
-50.400596618652344
-50.4872932434082
-50.4760627746582
-50.488914489746094
-50.410118103027344
-50.293582916259766
-50.18918991088867
-50.199710845947266
-50.22222137451172
-50.4195671081543
-50.45616149902344
-50.42274475097656
-50.260868072509766
-50.353675842285156
-50.4702262878418
-50.482635498046875
-50.46980667114258
-50.44615936279297
-50.184322357177734
-50.247161865234375
-50.455169677734375
-50.45072555541992
-50.447593688964844
-50.377685546875
-50.29785919189453
-50.16804504394531
-50.21202087402344
-50.47104263305664
-50.50756072998047
-50.333740234375
-50.037261962890625
-50.395668029785156
-50.34856033325195
-50.24561309814453
-50.13444137573242
-50.35774612426758
-50.476898193359375
-50.449520111083984
-50.48286437988281
-50.47358703613281
-50.27524948120117
-50.24412536621094
-50.32591247558594
-50.322975158691406
-50.282108306884766
-50.26979064941406
-50.38201904296875
-50.47666549682617
-50.52423858642578
-50.47172164916992
-50.395267486572266
-50.35832214355469
-50.305999755859375
-50.263031005859375
-50.388336181640625
-50.522003173828125
-50.47247314453125
-50.47099685668945
-50.470458984375
-50.44022750854492
-50.39832305908203
-50.38771057128906
-50.43197250366211
-50.3785514831543
-50.37505340576172
-50.30591583251953
-50.32374572753906
-50.39495849609375
-50.45063400268555
-50.490116119384766
-50.458473205566406
-50.358943939208984
-50.353580474853516
-50.558387756347656
-50.53972625732422
-50.5150260925293
-50.34425354003906
-50.160221099853516
-50.296875
-50.48675537109375
-50.52272033691406
-50.596771240234375
-50.48491668701172
-50.31468200683594
-50.246150970458984
-50.27262878417969
-50.33498764038086
-50.390953063964844
-50.48189926147461
-50.49253845214844
-50.54283905029297
-50.57791519165039
-50.56627655029297
-50.346160888671875
-50.31813049316406
-50.573211669921875
-50.58790588378906
-50.394004821777344
-50.25602340698242
-50.42326354980469
-50.49264907836914
-50.38221740722656
-50.36061096191406
-50.39203643798828
-50.13116455078125
-50.399871826171875
-50.52740478515625
-50.50416564941406
-50.12083053588867
-50.44279479980469
-50.6063346862793
-50.491737365722656
-50.074649810791016
-50.21601867675781
-50.40729522705078
-50.47270965576172
-50.09568786621094
-50.39411163330078
-50.4783935546875
-50.45835494995117
-50.47367858886719
-50.53451156616211
-50.500675201416016
-50.363548278808594
-50.43897247314453
-50.519012451171875
-50.311702728271484
-50.14274597167969
-50.559303283691406
-50.48817443847656
-50.40875244140625
-50.23530578613281
-50.41183090209961
-50.37371826171875
-50.3973388671875
-50.43259048461914
-50.48678207397461
-50.50227737426758
-50.42887878417969
-50.36178970336914
-50.36592102050781
-50.40187072753906
-50.44043731689453
-50.535640716552734
-50.44671630859375
-50.43795394897461
-50.405094146728516
-50.545623779296875
-50.54405212402344
-50.57730484008789
-50.50661087036133
-50.311248779296875
-50.40230178833008
-50.36602020263672
-50.503108978271484
-50.50940704345703
-50.58018493652344
-50.55396270751953
-50.5754280090332
-50.35154724121094
-50.36752700805664
-50.380126953125
-50.52048873901367
-50.61933517456055
-50.59691619873047
-50.477088928222656
-50.486202239990234
-50.50070571899414
-50.550174713134766
-50.49055862426758
-50.47122573852539
-50.54828643798828
-50.53281021118164
-50.52822494506836
-50.50074005126953
-50.381832122802734
-50.44377517700195
-50.50904846191406
-50.52571105957031
-50.62354278564453
-50.32741165161133
-50.49583053588867
-50.598243713378906
-50.489532470703125
-50.45322036743164
-50.401832580566406
-50.398040771484375
-50.339195251464844
-50.517295837402344
-50.701019287109375
-50.660160064697266
-50.496742248535156
-50.401275634765625
-50.26983642578125
-50.447509765625
-50.589054107666016
-50.63780975341797
-50.60374450683594
-50.57441329956055
-50.4743766784668
-50.3924674987793
-50.41228485107422
-50.378177642822266
-50.54634475708008
-50.55356979370117
-50.604331970214844
-50.63365173339844
-50.52967071533203
-50.64989471435547
-50.48445129394531
-50.317115783691406
-50.51887893676758
-50.60620880126953
-50.61393737792969
-50.44981002807617
-50.25984573364258
-50.509620666503906
-50.627567291259766
-50.596038818359375
-50.475257873535156
-50.38507080078125
-50.57300567626953
-50.68016815185547
-50.71185302734375
-50.670684814453125
-50.34251403808594
-50.34272003173828
-50.546775817871094
-50.60206604003906
-50.487892150878906
-50.553489685058594
-50.638179779052734
-50.63091278076172
-50.55812072753906
-50.50722885131836
-50.43722915649414
-50.480430603027344
-50.52594757080078
-50.615501403808594
-50.59614562988281
-50.67935562133789
-50.46628952026367
-50.531837463378906
-50.43894958496094
-50.412025451660156
-50.56203079223633
-50.635231018066406
-50.609642028808594
-50.64978790283203
-50.62571334838867
-50.531089782714844
-50.50532150268555
-50.456825256347656
-50.539833068847656
-50.634239196777344
-50.71772766113281
-50.64444351196289
-50.71561813354492
-50.666770935058594
-50.62464904785156
-50.65175247192383
-50.60483932495117
-50.47943878173828
-50.4471435546875
-50.25920867919922
-50.4255485534668
-50.681705474853516
-50.61642837524414
-50.65644454956055
-50.682559967041016
-50.67497253417969
-50.73307800292969
-50.64079284667969
-50.51110076904297
-50.43466567993164
-50.51125717163086
-50.638389587402344
-50.75666427612305
-50.59221267700195
-50.5419807434082
-50.43147277832031
-50.33570098876953
-50.52173614501953
-50.54666519165039
-50.318199157714844
-50.511837005615234
-50.65412139892578
-50.26214599609375
-50.30059051513672
-50.33604049682617
-50.56678009033203
-50.50831604003906
-50.534366607666016
-50.39982986450195
-50.3863410949707
-50.2829704284668
-50.49732208251953
-50.44234085083008
-50.583740234375
-50.50444030761719
-50.20267105102539
-50.36468505859375
-50.67543029785156
-50.56470489501953
-50.268951416015625
-50.51420593261719
-50.677677154541016
-50.54057312011719
-50.57419967651367
-50.57780075073242
-50.44352722167969
-50.339256286621094
-50.55073165893555
-50.60893249511719
-50.70817184448242
-50.65935516357422
-50.5616455078125
-50.359195709228516
-50.53055953979492
-50.54463577270508
-50.3270263671875
-50.49501419067383
-50.63915252685547
-50.55083465576172
-50.54020690917969
-50.671836853027344
-50.683502197265625
-50.65373992919922
-50.32182693481445
-50.4019775390625
-50.57559585571289
-50.71986389160156
-50.63428497314453
-50.62638854980469
-50.40266418457031
-50.57895278930664
-50.537479400634766
-50.6476936340332
-50.69039535522461
-50.639556884765625
-50.59294128417969
-50.62629318237305
-50.5152587890625
-50.68858337402344
-50.73625564575195
-50.7172966003418
-50.67273712158203
-50.63260269165039
-50.5710563659668
-50.6165657043457
-50.669437408447266
-50.68305206298828
-50.67505645751953
-50.659698486328125
-50.678619384765625
-50.78662109375
-50.74241638183594
-50.765567779541016
-50.596702575683594
-50.434879302978516
-50.591766357421875
-50.674034118652344
-50.67058563232422
-50.66138458251953
-50.38508987426758
-50.61387252807617
-50.67914962768555
-50.61515808105469
-50.69717788696289
-50.599308013916016
-50.442813873291016
-50.629737854003906
-50.75434112548828
-50.7470703125
-50.78520202636719
-50.718299865722656
-50.45734786987305
-50.435279846191406
-50.625030517578125
-50.7115478515625
-50.81195831298828
-50.776817321777344
-50.76546096801758
-50.68111801147461
-50.462738037109375
-50.632537841796875
-50.69718551635742
-50.71461486816406
-50.73950958251953
-50.53750228881836
-50.41864776611328
-50.57160186767578
-50.753334045410156
-50.78564453125
-50.68974304199219
-50.59759521484375
-50.52869415283203
-50.54717254638672
-50.656768798828125
-50.79945373535156
-50.641326904296875
-50.49281692504883
-50.49141311645508
-50.549781799316406
-50.672027587890625
-50.85297393798828
-50.565460205078125
-50.33470916748047
-50.57122802734375
-50.56707000732422
-50.63236999511719
-50.786582946777344
-50.64827346801758
-50.384246826171875
-50.61029052734375
-50.739013671875
-50.72831726074219
-50.791160583496094
-50.835906982421875
-50.841251373291016
-50.85249328613281
-50.82562255859375
-50.77419662475586
-50.71589279174805
-50.743621826171875
-50.74847412109375
-50.57656478881836
-50.48080062866211
-50.76670837402344
-50.67566680908203
-50.696441650390625
-50.489009857177734
-50.41026306152344
-50.58067321777344
-50.59683609008789
-50.777896881103516
-50.5883903503418
-50.49644470214844
-50.557411193847656
-50.69425964355469
-50.79279708862305
-50.738853454589844
-50.45746612548828
-50.68165588378906
-50.73597717285156
-50.829532623291016
-50.79799270629883
-50.5922737121582
-50.5026741027832
-50.79228210449219
-50.75369644165039
-50.53461837768555
-50.60395050048828
-50.757118225097656
-50.80622863769531
-50.800270080566406
-50.77748107910156
-50.794036865234375
-50.74027633666992
-50.64735794067383
-50.56483459472656
-50.63888931274414
-50.82861328125
-50.74588394165039
-50.77143478393555
-50.506629943847656
-50.47833251953125
-50.71048355102539
-50.803585052490234
-50.78364562988281
-50.68120574951172
-50.517173767089844
-50.64928436279297
-50.74711227416992
-50.831146240234375
-50.803123474121094
-50.7558479309082
-50.657588958740234
-50.71479415893555
-50.57206344604492
-50.63762664794922
-50.65971374511719
-50.59720230102539
-50.595741271972656
-50.73273468017578
-50.80387496948242
-50.75965118408203
-50.677703857421875
-50.83522033691406
-50.849151611328125
-50.864402770996094
-50.4986572265625
-50.511253356933594
-50.70777130126953
-50.833065032958984
-50.87238311767578
-50.81071472167969
-50.56132888793945
-50.5794677734375
-50.6868782043457
-50.656368255615234
-50.527591705322266
-50.47380828857422
-50.60321807861328
-50.859405517578125
-50.862770080566406
-50.707122802734375
-50.4493408203125
-50.547080993652344
-50.6567268371582
-50.778907775878906
-50.81711959838867
-50.813438415527344
-50.6651611328125
-50.64256286621094
-50.741371154785156
-50.81636428833008
-50.699134826660156
-50.55181121826172
-50.536808013916016
-50.674285888671875
-50.679969787597656
-50.863548278808594
-50.67654800415039
-50.447364807128906
-50.64979934692383
-50.85097885131836
-50.82527160644531
-50.80638885498047
-50.48311233520508
-50.68177795410156
-50.74761199951172
-50.8144645690918
-50.896881103515625
-50.93279266357422
-50.842613220214844
-50.643898010253906
-50.551666259765625
-50.69551086425781
-50.85067367553711
-50.84319305419922
-50.8046875
-50.597164154052734
-50.594120025634766
-50.66639709472656
-50.69673538208008
-50.68301773071289
-50.8403434753418
-50.748252868652344
-50.79077911376953
-50.73830795288086
-50.79621505737305
-50.64772033691406
-50.73140335083008
-50.69020080566406
-50.65892028808594
-50.541202545166016
-50.795249938964844
-50.7691650390625
-50.81753921508789
-50.65762710571289
-50.50323486328125
-50.80507278442383
-50.881629943847656
-50.59303283691406
-50.55040740966797
-50.714935302734375
-50.844539642333984
-50.900882720947266
-50.877601623535156
-50.82058334350586
-50.68112564086914
-50.67434310913086
-50.79090118408203
-50.7930793762207
-50.767852783203125
-50.72645568847656
-50.594970703125
-50.66779327392578
-50.7498779296875
-50.683509826660156
-50.76094436645508
-50.763492584228516
-50.76346969604492
-50.54848861694336
-50.61753845214844
-50.661285400390625
-50.74619674682617
-50.795249938964844
-50.84497833251953
-50.63565444946289
-50.57667541503906
-50.6906852722168
-50.888023376464844
-50.87384796142578
-50.94147491455078
-50.67493438720703
-50.60706329345703
-50.62510299682617
-50.7276611328125
-50.74277114868164
-50.76862335205078
-50.75155258178711
-50.85948944091797
-50.85405731201172
-50.87059783935547
-50.792198181152344
-50.56447982788086
-50.668304443359375
-50.66042709350586
-50.709651947021484
-50.79132080078125
-50.921077728271484
-50.845848083496094
-50.737396240234375
-50.60859680175781
-50.881752014160156
-50.91977310180664
-50.522300720214844
-50.41637420654297
-50.65864562988281
-50.33665466308594
-50.36452865600586
-50.8978157043457
-50.104400634765625
-50.84656524658203
-50.06605529785156
-50.707115173339844
-50.15420913696289
-50.73618698120117
-50.801788330078125
-50.73175048828125
-50.60896682739258
-50.763309478759766
-50.86393356323242
-50.793025970458984
-50.51069259643555
-50.65971374511719
-50.87549591064453
-50.74119567871094
-50.361175537109375
-50.58378601074219
-49.859703063964844
-50.827003479003906
-49.816551208496094
-50.13356018066406
-49.886940002441406
-49.64724349975586
-50.83209228515625
-50.0922737121582
-50.643924713134766
-50.06437683105469
-50.707740783691406
-50.268924713134766
-50.74195861816406
-50.564300537109375
-50.551551818847656
-50.730255126953125
-50.648780822753906
-50.50431442260742
-50.68696594238281
-50.85260009765625
-50.61419677734375
-50.45948028564453
-50.788307189941406
-50.8287353515625
-50.50687026977539
-50.474491119384766
-50.92321014404297
-50.87462615966797
-50.7598762512207
-50.58798599243164
-50.563804626464844
-50.57167053222656
-50.785911560058594
-50.71710968017578
-50.86708068847656
-50.92061233520508
-50.813751220703125
-50.691043853759766
-50.570465087890625
-50.76140594482422
-50.85002136230469
-50.8785514831543
-50.860843658447266
-50.80683135986328
-50.802886962890625
-50.785240173339844
-50.894775390625
-50.84882354736328
-50.87820053100586
-50.897705078125
-50.91999816894531
-50.88878631591797
-50.85907745361328
-50.86587905883789
-50.879913330078125
-50.783111572265625
-50.795406341552734
-50.76572036743164
-50.802459716796875
-50.883941650390625
-50.90138626098633
-50.99016571044922
-51.022682189941406
-50.846527099609375
-50.89739990234375
-50.729774475097656
-50.60907745361328
-50.80292892456055
-50.98862075805664
-50.84687042236328
-50.79370880126953
-50.775917053222656
-50.759613037109375
-50.8953857421875
-50.86742401123047
-50.67431640625
-50.432167053222656
-50.876060485839844
-50.96924591064453
-50.86073303222656
-50.68821716308594
-50.64645004272461
-50.792198181152344
-50.911476135253906
-50.98024368286133
-50.997127532958984
-51.01013946533203
-50.96006393432617
-50.77946472167969
-50.76475524902344
-50.809661865234375
-50.94811248779297
-50.86512756347656
-50.92672348022461
-50.94630432128906
-50.84189987182617
-50.868255615234375
-50.828182220458984
-50.786598205566406
-50.928306579589844
-50.833675384521484
-50.74292755126953
-50.8879508972168
-50.87000274658203
-50.75359344482422
-50.79541778564453
-50.8299560546875
-50.845428466796875
-50.99571990966797
-50.96696090698242
-50.920780181884766
-51.017189025878906
-51.00663757324219
-50.84022903442383
-50.69125747680664
-50.759002685546875
-50.838096618652344
-50.94977951049805
-50.875118255615234
-50.93189239501953
-50.974510192871094
-50.93082809448242
-50.85148620605469
-50.812049865722656
-50.91253662109375
-50.95405578613281
-50.81758499145508
-50.810420989990234
-50.99922561645508
-50.92094421386719
-50.986759185791016
-50.827552795410156
-50.812294006347656
-50.74496078491211
-50.726654052734375
-50.89060974121094
-51.02550506591797
-51.077911376953125
-51.01018524169922
-50.95500946044922
-50.87449645996094
-50.78057098388672
-50.80531692504883
-50.90695571899414
-50.99854278564453
-51.01518630981445
-50.956748962402344
-50.85675811767578
-50.56953048706055
-50.64997863769531
-50.83845520019531
-50.948875427246094
-50.954803466796875
-50.97899627685547
-50.8455810546875
-50.7218132019043
-50.83720016479492
-50.912811279296875
-50.97468566894531
-50.960304260253906
-50.99612808227539
-51.038578033447266
-50.9688720703125
-50.88522720336914
-50.709693908691406
-50.831138610839844
-50.961421966552734
-50.99689483642578
-50.971946716308594
-50.76187515258789
-50.75518035888672
-50.841094970703125
-50.791404724121094
-50.90274429321289
-50.974178314208984
-50.99445724487305
-50.91367721557617
-50.87913513183594
-50.8598747253418
-50.82537078857422
-50.88740539550781
-50.88490676879883
-50.832271575927734
-50.767295837402344
-50.84600067138672
-50.84934997558594
-50.632896423339844
-50.78435516357422
-50.782962799072266
-50.71295928955078
-50.76167297363281
-50.92571258544922
-50.7889518737793
-50.86638259887695
-50.93976593017578
-50.9173583984375
-50.64387893676758
-50.699886322021484
-50.972782135009766
-50.91242599487305
-50.95121765136719
-50.70979309082031
-50.814781188964844
-50.78245544433594
-50.81974411010742
-50.85181427001953
-50.853912353515625
-50.72166442871094
-50.983463287353516
-50.95076370239258
-50.724517822265625
-50.77940368652344
-50.73950958251953
-50.85115051269531
-50.83493423461914
-51.03880310058594
-50.57420349121094
-50.838714599609375
-51.042457580566406
-50.98655700683594
-50.822898864746094
-50.71082305908203
-50.678855895996094
-50.907623291015625
-50.9549446105957
-51.001121520996094
-50.71687698364258
-50.70975875854492
-50.96286392211914
-50.94905090332031
-50.99766540527344
-50.89059066772461
-50.98677444458008
-50.76064682006836
-50.80842590332031
-50.77297592163086
-50.92829895019531
-51.038414001464844
-50.855712890625
-51.001556396484375
-50.63792037963867
-50.831600189208984
-50.70259094238281
-50.622962951660156
-50.80561447143555
-50.99671936035156
-51.05424118041992
-50.94919204711914
-50.807350158691406
-50.819175720214844
-50.630653381347656
-50.77233123779297
-50.92824172973633
-50.972965240478516
-50.9414176940918
-50.767337799072266
-50.72832107543945
-50.71282958984375
-50.798885345458984
-50.961997985839844
-50.947540283203125
-50.771575927734375
-50.775177001953125
-50.968475341796875
-50.95496368408203
-51.01844787597656
-51.02674102783203
-50.81760787963867
-50.6559944152832
-50.9635124206543
-51.06355285644531
-51.038299560546875
-51.08394241333008
-51.07971954345703
-50.89350128173828
-50.86055374145508
-50.9239387512207
-51.03019714355469
-50.90544891357422
-51.0098876953125
-50.968910217285156
-50.754180908203125
-50.80763244628906
-50.864688873291016
-50.94631576538086
-51.106658935546875
-51.064361572265625
-50.959957122802734
-50.77501678466797
-50.77538299560547
-50.95557403564453
-51.10378646850586
-51.0772819519043
-50.79179382324219
-50.80070495605469
-50.89610290527344
-50.998870849609375
-51.04296112060547
-51.104400634765625
-51.008399963378906
-50.95825958251953
-50.8563232421875
-50.94774627685547
-51.076839447021484
-51.03476333618164
-51.05471420288086
-51.002349853515625
-50.92229080200195
-50.80482482910156
-50.84074783325195
-50.98405456542969
-51.06875228881836
-51.122581481933594
-51.106746673583984
-51.02815246582031
-50.876224517822266
-50.888572692871094
-50.97167205810547
-51.01426315307617
-51.037349700927734
-51.027793884277344
-50.916419982910156
-50.93408203125
-50.92695999145508
-51.01273727416992
-51.05912399291992
-50.88982391357422
-50.733619689941406
-50.80755615234375
-50.91951370239258
-51.067874908447266
-50.959007263183594
-50.826377868652344
-50.856590270996094
-50.935791015625
-51.025230407714844
-51.022098541259766
-50.83360290527344
-50.73066329956055
-51.014530181884766
-50.88939666748047
-51.00936508178711
-50.90340805053711
-50.92396926879883
-50.918235778808594
-50.772972106933594
-50.735897064208984
-50.92803955078125
-50.97419357299805
-50.84254455566406
-50.91065979003906
-50.98847198486328
-50.825592041015625
-50.55957794189453
-50.920101165771484
-50.980743408203125
-50.92742919921875
-50.86116027832031
-50.927547454833984
-51.07809066772461
-50.97770309448242
-50.844608306884766
-50.8094482421875
-50.95921325683594
-51.02561950683594
-51.16402053833008
-51.05463790893555
-50.9979248046875
-50.8625602722168
-50.69462203979492
-50.88948059082031
-50.95861053466797
-51.13297653198242
-51.077110290527344
-50.95852279663086
-50.82674789428711
-50.98347854614258
-51.13216018676758
-51.18341064453125
-51.11436462402344
-51.08411407470703
-51.01223373413086
-51.061073303222656
-51.03145980834961
-50.90120315551758
-50.80368423461914
-50.935272216796875
-51.070770263671875
-50.97218322753906
-51.037818908691406
-50.911659240722656
-50.90745544433594
-51.00918960571289
-50.92158508300781
-50.93452453613281
-51.07490158081055
-50.810489654541016
-50.636024475097656
-50.80851745605469
-50.911739349365234
-50.66877365112305
-50.88380432128906
-51.13786315917969
-51.059425354003906
-50.817779541015625
-50.69624328613281
-50.97739028930664
-50.992332458496094
-50.815982818603516
-50.90250015258789
-51.13274002075195
-51.15179443359375
-51.05282974243164
-50.942909240722656
-50.710689544677734
-50.9998664855957
-51.158714294433594
-51.168365478515625
-51.1319694519043
-50.93199157714844
-50.90449523925781
-51.017242431640625
-51.12421417236328
-51.09384536743164
-51.0120964050293
-50.99274444580078
-50.93359375
-50.99553680419922
-50.88199234008789
-50.957618713378906
-50.94854736328125
-50.992225646972656
-51.05616760253906
-51.136329650878906
-51.11191177368164
-51.034690856933594
-50.84736633300781
-50.80564880371094
-50.972164154052734
-51.077606201171875
-51.04236602783203
-51.006568908691406
-50.946929931640625
-50.73684310913086
-51.025230407714844
-51.026065826416016
-50.89405059814453
-50.92979049682617
-50.93963623046875
-50.78966522216797
-51.073516845703125
-51.09307098388672
-51.000579833984375
-50.97737503051758
-51.002830505371094
-50.971717834472656
-50.84180450439453
-50.93456268310547
-51.09123229980469
-50.97686004638672
-51.09946823120117
-51.131797790527344
-50.85451889038086
-50.80302810668945
-51.021270751953125
-50.92945861816406
-50.816070556640625
-50.58587646484375
-50.86817169189453
-50.910614013671875
-50.93471908569336
-50.595027923583984
-50.842708587646484
-50.9767951965332
-50.937538146972656
-50.585018157958984
-51.030338287353516
-50.94438934326172
-50.25398635864258
-50.84206008911133
-50.99662780761719
-50.57133102416992
-51.06040573120117
-50.76914596557617
-50.545127868652344
-51.11061477661133
-50.53800964355469
-50.83925247192383
-51.103633880615234
-50.92616653442383
-50.77934265136719
-51.111507415771484
-51.165443420410156
-51.17682647705078
-51.11040115356445
-50.95540237426758
-50.84783172607422
-50.95988464355469
-51.14363479614258
-50.96893310546875
-50.817752838134766
-50.982460021972656
-51.19514846801758
-51.1751708984375
-51.08409118652344
-50.85811996459961
-50.78767776489258
-51.13976287841797
-51.194698333740234
-51.00010681152344
-50.78195571899414
-50.77937316894531
-51.018760681152344
-51.08384704589844
-51.01436996459961
-50.994319915771484
-51.0410270690918
-50.965763092041016
-50.97746658325195
-51.03633499145508
-50.9815788269043
-51.036888122558594
-50.97821044921875
-51.132320404052734
-51.007408142089844
-50.87663269042969
-50.952632904052734
-51.09506607055664
-51.043067932128906
-51.068939208984375
-51.10685729980469
-50.940860748291016
-50.743858337402344
-50.97601318359375
-51.22541427612305
-51.11884307861328
-50.97456359863281
-50.98415756225586
-50.924468994140625
-50.885414123535156
-51.08311080932617
-51.184207916259766
-51.152427673339844
-50.92995834350586
-50.95066833496094
-51.10175323486328
-51.12963104248047
-50.98889923095703
-50.981204986572266
-51.08564758300781
-51.122440338134766
-51.09798812866211
-51.03636169433594
-50.982059478759766
-50.931495666503906
-50.94723892211914
-50.98580551147461
-51.00583267211914
-51.13780975341797
-51.15669250488281
-51.141231536865234
-51.06423568725586
-51.017601013183594
-51.01563262939453
-51.075355529785156
-51.151123046875
-51.103721618652344
-51.017051696777344
-50.98693084716797
-51.076446533203125
-51.079307556152344
-51.040496826171875
-50.99416732788086
-51.004188537597656
-50.94963455200195
-51.08607864379883
-51.168678283691406
-51.181488037109375
-51.167564392089844
-51.10736083984375
-51.15073013305664
-51.19751739501953
-51.01847839355469
-51.08066940307617
-50.90086364746094
-50.87092971801758
-51.14418029785156
-51.15917205810547
-50.75310516357422
-51.05329895019531
-51.240936279296875
-51.02303695678711
-50.71751022338867
-51.132652282714844
-51.152549743652344
-50.97821807861328
-50.709320068359375
-50.96290969848633
-51.12028884887695
-51.18723678588867
-51.127132415771484
-50.97048568725586
-50.93402099609375
-51.106990814208984
-51.17021942138672
-51.12340545654297
-51.055938720703125
-51.06730651855469
-51.08736801147461
-51.14320373535156
-51.108123779296875
-51.0524787902832
-51.02718734741211
-51.103424072265625
-51.128997802734375
-51.0948600769043
-50.98699188232422
-51.032501220703125
-50.96298599243164
-51.05813217163086
-51.13906478881836
-51.09497833251953
-51.064849853515625
-51.003379821777344
-50.916072845458984
-51.141082763671875
-51.15603256225586
-51.216922760009766
-51.16637420654297
-51.10700988769531
-51.015037536621094
-51.03425598144531
-51.0828857421875
-51.11781311035156
-51.17595672607422
-51.14652633666992
-51.066165924072266
-51.157310485839844
-51.17170715332031
-51.065216064453125
-50.839683532714844
-50.926300048828125
-50.98231506347656
-50.9471549987793
-51.12200927734375
-51.10442352294922
-51.146324157714844
-51.148067474365234
-51.179481506347656
-51.10244369506836
-51.05152130126953
-51.09669494628906
-51.199920654296875
-51.138465881347656
-51.138404846191406
-51.081443786621094
-51.00910186767578
-50.86172103881836
-51.00148010253906
-51.16558074951172
-51.246253967285156
-51.178401947021484
-51.00538635253906
-50.94068145751953
-51.005943298339844
-51.18320846557617
-51.23713302612305
-51.19813537597656
-51.00605392456055
-50.73805618286133
-51.148529052734375
-51.20219802856445
-51.041831970214844
-50.850379943847656
-51.103118896484375
-51.270591735839844
-51.230690002441406
-51.04320526123047
-50.99003601074219
-51.085899353027344
-51.141292572021484
-51.16978073120117
-51.20667266845703
-51.171897888183594
-51.01141357421875
-50.96975326538086
-51.16497039794922
-51.1204719543457
-51.07025909423828
-50.85185241699219
-51.002655029296875
-51.0071907043457
-51.16054916381836
-51.066165924072266
-50.967132568359375
-51.05521774291992
-51.15522766113281
-51.24453353881836
-51.16590881347656
-51.198570251464844
-51.084129333496094
-51.14654541015625
-51.16624450683594
-51.26300811767578
-51.092124938964844
-50.86250305175781
-50.93007278442383
-50.87958908081055
-51.12946319580078
-51.266876220703125
-51.073177337646484
-50.84040069580078
-50.924171447753906
-51.21968078613281
-51.17519760131836
-51.06093978881836
-51.15799331665039
-51.178611755371094
-51.10758972167969
-51.19541931152344
-50.9824104309082
-51.04902648925781
-51.19580841064453
-51.22060775756836
-51.084861755371094
-51.069740295410156
-50.83647155761719
-51.035240173339844
-51.173744201660156
-51.21125030517578
-50.88875961303711
-50.720890045166016
-51.02944564819336
-51.254371643066406
-51.13666534423828
-51.14149475097656
-50.84608459472656
-50.93303298950195
-51.1855583190918
-51.05842208862305
-50.77016067504883
-50.9164924621582
-51.117591857910156
-51.10942459106445
-50.96623229980469
-50.8986930847168
-50.963462829589844
-50.98870086669922
-51.07818603515625
-50.8192138671875
-50.77571487426758
-50.974822998046875
-51.16168212890625
-50.94841384887695
-50.59532165527344
-51.09021759033203
-51.21676254272461
-51.05388641357422
-50.832237243652344
-50.94459533691406
-51.191139221191406
-51.15298843383789
-51.16037368774414
-50.94825744628906
-50.859588623046875
-51.14208221435547
-51.203758239746094
-51.234012603759766
-51.244388580322266
-51.14840316772461
-51.108951568603516
-51.002567291259766
