loss_s
-2.60368013381958
-2.646009922027588
-2.650359869003296
-2.6861412525177
-2.653836727142334
-2.672912120819092
-2.692289352416992
-2.7343924045562744
-2.743483543395996
-2.767839193344116
-2.787868022918701
-2.772554397583008
-2.820559024810791
-2.8173534870147705
-2.746189594268799
-2.8024208545684814
-2.8379015922546387
-2.8443825244903564
-2.8477585315704346
-2.8405299186706543
-2.946779727935791
-2.8737449645996094
-2.9220786094665527
-2.905176877975464
-3.0363094806671143
-2.961369514465332
-3.0447957515716553
-3.087583303451538
-3.106231689453125
-3.1236672401428223
-3.2041258811950684
-3.2461094856262207
-3.31258225440979
-3.3501579761505127
-3.396515130996704
-3.476851463317871
-3.549706220626831
-3.635178565979004
-3.681913375854492
-3.8609116077423096
-4.047276973724365
-4.234755039215088
-4.321457862854004
-4.531456470489502
-4.833854675292969
-5.077040672302246
-5.437032699584961
-5.721366882324219
-5.977486610412598
-5.946619033813477
-5.807412624359131
-5.5728373527526855
-5.589437007904053
-5.563735485076904
-5.6034345626831055
-5.745268821716309
-5.871443748474121
-6.028073787689209
-6.160361289978027
-6.05449104309082
-6.029956340789795
-5.897278308868408
-6.019336700439453
-6.059574604034424
-5.958014488220215
-6.134140491485596
-6.222647666931152
-6.306153774261475
-6.318816184997559
-6.315917015075684
-6.285219192504883
-6.317544460296631
-6.359879970550537
-6.4256086349487305
-6.559318542480469
-6.557741641998291
-6.538480281829834
-6.514677047729492
-6.590445041656494
-6.642889976501465
-6.740477561950684
-6.748435974121094
-6.752584457397461
-6.7759809494018555
-6.82207727432251
-6.8192925453186035
-6.931144714355469
-6.915365695953369
-7.014989852905273
-6.989984512329102
-7.017208576202393
-7.176534652709961
-7.103044509887695
-7.190855979919434
-7.218971252441406
-7.311007976531982
-7.337923049926758
-7.426136016845703
-7.4438300132751465
-7.546527862548828
-7.598989486694336
-7.66179084777832
-7.674747467041016
-7.7162184715271
-7.735368728637695
-7.869715213775635
-7.903460502624512
-7.907044410705566
-7.859054088592529
-8.015487670898438
-7.917046070098877
-8.097490310668945
-7.874050617218018
-7.964090824127197
-7.918946743011475
-8.035655975341797
-8.05501651763916
-7.96830940246582
-7.977756977081299
-8.07642936706543
-8.032544136047363
-8.063982009887695
-8.065277099609375
-8.048759460449219
-8.180866241455078
-8.14005184173584
-8.113149642944336
-8.129538536071777
-8.158421516418457
-8.152207374572754
-8.102743148803711
-8.160432815551758
-8.161550521850586
-8.18984603881836
-8.14062786102295
-8.187745094299316
-8.127821922302246
-8.150995254516602
-8.134137153625488
-8.177391052246094
-8.253850936889648
-8.237998008728027
-8.10152530670166
-8.189218521118164
-8.0654935836792
-8.156990051269531
-8.108036041259766
-8.177566528320312
-8.27727222442627
-8.18356704711914
-8.16013240814209
-8.12492847442627
-8.296695709228516
-8.051709175109863
-8.157801628112793
-8.273337364196777
-8.206681251525879
-8.265686988830566
-8.127002716064453
-8.284414291381836
-8.303257942199707
-8.220553398132324
-8.197868347167969
-8.186417579650879
-8.231223106384277
-8.25501823425293
-8.259607315063477
-8.188508987426758
-8.263667106628418
-8.273462295532227
-8.275460243225098
-8.320545196533203
-8.19028377532959
-8.287802696228027
-8.304497718811035
-8.303476333618164
-8.257816314697266
-8.22813606262207
-8.245624542236328
-8.14532470703125
-8.237125396728516
-8.266854286193848
-8.250494956970215
-8.288036346435547
-8.278695106506348
-8.244582176208496
-8.293438911437988
-8.311326026916504
-8.249409675598145
-8.21108341217041
-8.303963661193848
-8.268887519836426
-8.330060005187988
-8.301718711853027
-8.2865571975708
-8.283531188964844
-8.252300262451172
-8.279364585876465
-8.355081558227539
-8.204216957092285
-8.269050598144531
-8.281449317932129
-8.283842086791992
-8.294456481933594
-8.26704216003418
-8.291333198547363
-8.3103666305542
-8.30486011505127
-8.359308242797852
-8.298187255859375
-8.297279357910156
-8.360979080200195
-8.302681922912598
-8.302691459655762
-8.343901634216309
-8.329207420349121
-8.332368850708008
-8.28438949584961
-8.33359432220459
-8.284703254699707
-8.32902717590332
-8.347124099731445
-8.348973274230957
-8.351751327514648
-8.338778495788574
-8.267916679382324
-8.303812026977539
-8.314859390258789
-8.350412368774414
-8.373457908630371
-8.311491012573242
-8.33605670928955
-8.305292129516602
-8.32058334350586
-8.26220703125
-8.344605445861816
-8.32463264465332
-8.312029838562012
-8.373019218444824
-8.355690002441406
-8.345087051391602
-8.321358680725098
-8.347115516662598
-8.315190315246582
-8.353232383728027
-8.37771224975586
-8.333441734313965
-8.366168022155762
-8.340946197509766
-8.350914001464844
-8.341558456420898
-8.40765380859375
-8.368428230285645
-8.280670166015625
-8.357928276062012
-8.323945045471191
-8.390922546386719
-8.391606330871582
-8.304126739501953
-8.39177417755127
-8.418427467346191
-8.403648376464844
-8.32526683807373
-8.348007202148438
-8.352699279785156
-8.373263359069824
-8.352767944335938
-8.308989524841309
-8.390615463256836
-8.409343719482422
-8.374160766601562
-8.373699188232422
-8.336454391479492
-8.357687950134277
-8.384719848632812
-8.357069969177246
-8.32546615600586
-8.35903263092041
-8.340537071228027
-8.385260581970215
-8.396610260009766
-8.282878875732422
-8.402107238769531
-8.302348136901855
-8.358893394470215
-8.384035110473633
-8.33804988861084
-8.360026359558105
-8.370170593261719
-8.361034393310547
-8.429221153259277
-8.39240837097168
-8.381000518798828
-8.40219497680664
-8.409404754638672
-8.385441780090332
-8.376988410949707
-8.391728401184082
-8.371345520019531
-8.423064231872559
-8.403401374816895
-8.434870719909668
-8.369295120239258
-8.40933609008789
-8.422588348388672
-8.398700714111328
-8.373827934265137
-8.404330253601074
-8.411462783813477
-8.404491424560547
-8.362282752990723
-8.399748802185059
-8.41673469543457
-8.453937530517578
-8.42253589630127
-8.418256759643555
-8.451875686645508
-8.433761596679688
-8.416828155517578
-8.432321548461914
-8.370537757873535
-8.416434288024902
-8.384384155273438
-8.398848533630371
-8.400667190551758
-8.404255867004395
-8.394533157348633
-8.466079711914062
-8.428359985351562
-8.419078826904297
-8.448776245117188
-8.406356811523438
-8.436884880065918
-8.425745010375977
-8.405272483825684
-8.456798553466797
-8.456661224365234
-8.438039779663086
-8.410228729248047
-8.454826354980469
-8.453174591064453
-8.406596183776855
-8.46611213684082
-8.452688217163086
-8.463400840759277
-8.470938682556152
-8.484965324401855
-8.424881935119629
-8.441226959228516
-8.444497108459473
-8.416043281555176
-8.483675003051758
-8.385597229003906
-8.479909896850586
-8.483030319213867
-8.46118450164795
-8.4257230758667
-8.462158203125
-8.458568572998047
-8.460328102111816
-8.471796035766602
-8.493804931640625
-8.495444297790527
-8.497180938720703
-8.457661628723145
-8.45566463470459
-8.443989753723145
-8.475028038024902
-8.510875701904297
-8.488773345947266
-8.487324714660645
-8.468513488769531
-8.506904602050781
-8.464062690734863
-8.478858947753906
-8.454384803771973
-8.472004890441895
-8.468719482421875
-8.496480941772461
-8.484515190124512
-8.489248275756836
-8.51580810546875
-8.486491203308105
-8.492523193359375
-8.467119216918945
-8.474693298339844
-8.4627046585083
-8.539491653442383
-8.505828857421875
-8.476970672607422
-8.488109588623047
-8.492059707641602
-8.516175270080566
-8.502359390258789
-8.497068405151367
-8.446981430053711
-8.510041236877441
-8.484779357910156
-8.520927429199219
-8.518247604370117
-8.501813888549805
-8.484647750854492
-8.47018814086914
-8.491289138793945
-8.507855415344238
-8.467394828796387
-8.47826099395752
-8.478963851928711
-8.524845123291016
-8.538362503051758
-8.526415824890137
-8.508833885192871
-8.519685745239258
-8.535612106323242
-8.497913360595703
-8.524127960205078
-8.518706321716309
-8.511614799499512
-8.52051067352295
-8.503448486328125
-8.526599884033203
-8.460866928100586
-8.501338958740234
-8.523789405822754
-8.502904891967773
-8.552014350891113
-8.496061325073242
-8.524923324584961
-8.520705223083496
-8.505254745483398
-8.517951011657715
-8.509662628173828
-8.51794719696045
-8.537818908691406
-8.502872467041016
-8.547799110412598
-8.510701179504395
-8.574078559875488
-8.504594802856445
-8.54357624053955
-8.51175594329834
-8.56131362915039
-8.563132286071777
-8.530834197998047
-8.547977447509766
-8.484672546386719
-8.558208465576172
-8.526994705200195
-8.575093269348145
-8.51306438446045
-8.58176040649414
-8.603767395019531
-8.550665855407715
-8.574567794799805
-8.614012718200684
-8.599392890930176
-8.54815673828125
-8.532095909118652
-8.608908653259277
-8.549009323120117
-8.56167984008789
-8.60066032409668
-8.528070449829102
-8.55828857421875
-8.603134155273438
-8.54897403717041
-8.550762176513672
-8.4473295211792
-8.575849533081055
-8.522054672241211
-8.479156494140625
-8.606526374816895
-8.543607711791992
-8.565258026123047
-8.519978523254395
-8.571907997131348
-8.604753494262695
-8.541025161743164
-8.59673023223877
-8.507238388061523
-8.604084014892578
-8.566097259521484
-8.566512107849121
-8.610251426696777
-8.556031227111816
-8.626174926757812
-8.603171348571777
-8.605463027954102
-8.617664337158203
-8.611785888671875
-8.594542503356934
-8.594189643859863
-8.602001190185547
-8.604827880859375
-8.626131057739258
-8.61475944519043
-8.61197566986084
-8.618755340576172
-8.576913833618164
-8.649652481079102
-8.662360191345215
-8.657307624816895
-8.665542602539062
-8.616129875183105
-8.613663673400879
-8.568163871765137
-8.645390510559082
-8.602386474609375
-8.618611335754395
-8.632396697998047
-8.648343086242676
-8.618809700012207
-8.640320777893066
-8.616547584533691
-8.652426719665527
-8.636106491088867
-8.637365341186523
-8.64306926727295
-8.638765335083008
-8.639986991882324
-8.661844253540039
-8.614569664001465
-8.66672420501709
-8.63878059387207
-8.644889831542969
-8.55417537689209
-8.636960983276367
-8.50952434539795
-8.556492805480957
-8.643451690673828
-8.590502738952637
-8.627185821533203
-8.553200721740723
-8.520185470581055
-8.652034759521484
-8.568947792053223
-8.589910507202148
-8.665762901306152
-8.478148460388184
-8.607998847961426
-8.571682929992676
-8.52007007598877
-8.66092300415039
-8.516937255859375
-8.572641372680664
-8.663535118103027
-8.445577621459961
-8.629533767700195
-8.690768241882324
-8.604789733886719
-8.595211029052734
-8.679134368896484
-8.593839645385742
-8.659650802612305
-8.677417755126953
-8.552258491516113
-8.669075965881348
-8.618714332580566
-8.665192604064941
-8.6578369140625
-8.68114948272705
-8.626311302185059
-8.682229042053223
-8.698843002319336
-8.59070873260498
-8.680283546447754
-8.657513618469238
-8.610821723937988
-8.690080642700195
-8.660818099975586
-8.631044387817383
-8.635669708251953
-8.68645191192627
-8.690616607666016
-8.670419692993164
-8.683317184448242
-8.701528549194336
-8.631525993347168
-8.691926956176758
-8.697168350219727
-8.67383861541748
-8.710408210754395
-8.732362747192383
-8.601652145385742
-8.69808292388916
-8.687971115112305
-8.608205795288086
-8.684342384338379
-8.638853073120117
-8.6692476272583
-8.684457778930664
-8.692581176757812
-8.720687866210938
-8.601863861083984
-8.681123733520508
-8.6487398147583
-8.664892196655273
-8.698897361755371
-8.639720916748047
-8.694900512695312
-8.660771369934082
-8.686263084411621
-8.669685363769531
-8.595635414123535
-8.70837116241455
-8.704427719116211
-8.707448959350586
-8.731485366821289
-8.65981674194336
-8.7067232131958
-8.708657264709473
-8.698976516723633
-8.721829414367676
-8.688302993774414
-8.740523338317871
-8.718708992004395
-8.71262264251709
-8.701702117919922
-8.723122596740723
-8.74417781829834
-8.674932479858398
-8.736413955688477
-8.72757625579834
-8.67061710357666
-8.715576171875
-8.730637550354004
-8.708642959594727
-8.692346572875977
-8.70360279083252
-8.738876342773438
-8.698410987854004
-8.6814603805542
-8.709836959838867
-8.691750526428223
-8.728618621826172
-8.660743713378906
-8.768963813781738
-8.753324508666992
-8.736769676208496
-8.747199058532715
-8.723322868347168
-8.722383499145508
-8.715899467468262
-8.73635196685791
-8.733810424804688
-8.706124305725098
-8.72209644317627
-8.679180145263672
-8.700668334960938
-8.680197715759277
-8.677067756652832
-8.723633766174316
-8.70161247253418
-8.669892311096191
-8.742380142211914
-8.708614349365234
-8.662269592285156
-8.714672088623047
-8.688080787658691
-8.729297637939453
-8.73277473449707
-8.711094856262207
-8.730666160583496
-8.715814590454102
-8.698175430297852
-8.732552528381348
-8.711919784545898
-8.740333557128906
-8.745772361755371
-8.731407165527344
-8.730402946472168
-8.739603996276855
-8.74080753326416
-8.739623069763184
-8.7467679977417
-8.703248977661133
-8.725360870361328
-8.74804973602295
-8.740069389343262
-8.735641479492188
-8.728232383728027
-8.736836433410645
-8.745939254760742
-8.749271392822266
-8.754846572875977
-8.742018699645996
-8.763446807861328
-8.77512264251709
-8.727538108825684
-8.73499870300293
-8.696972846984863
-8.747657775878906
-8.701264381408691
-8.749197006225586
-8.763835906982422
-8.737037658691406
-8.751687049865723
-8.739755630493164
-8.754264831542969
-8.75404167175293
-8.731718063354492
-8.760978698730469
-8.753763198852539
-8.747725486755371
-8.750086784362793
-8.769861221313477
-8.748468399047852
-8.752053260803223
-8.758613586425781
-8.7254056930542
-8.727042198181152
-8.78976821899414
-8.72618579864502
-8.706581115722656
-8.741616249084473
-8.756369590759277
-8.687687873840332
-8.73926067352295
-8.706059455871582
-8.651826858520508
-8.7664155960083
-8.66059398651123
-8.70122241973877
-8.740196228027344
-8.651001930236816
-8.754997253417969
-8.71756649017334
-8.69374942779541
-8.747339248657227
-8.678004264831543
-8.7241849899292
-8.763689994812012
-8.644607543945312
-8.763118743896484
-8.703818321228027
-8.687492370605469
-8.75556468963623
-8.701692581176758
-8.758069038391113
-8.725220680236816
-8.687965393066406
-8.769472122192383
-8.753889083862305
-8.748331069946289
-8.735368728637695
-8.680564880371094
-8.722476959228516
-8.777750015258789
-8.687292098999023
-8.66142463684082
-8.754048347473145
-8.618951797485352
-8.754724502563477
-8.729265213012695
-8.699913024902344
-8.752081871032715
-8.71004581451416
-8.70024299621582
-8.741066932678223
-8.727529525756836
-8.745139122009277
-8.74061393737793
-8.651400566101074
-8.762028694152832
-8.77053165435791
-8.726262092590332
-8.759895324707031
-8.70548152923584
-8.724150657653809
-8.759912490844727
-8.737913131713867
-8.762083053588867
-8.756153106689453
-8.744460105895996
-8.779101371765137
-8.765853881835938
-8.718072891235352
-8.761740684509277
-8.762994766235352
-8.73575496673584
-8.723843574523926
-8.754658699035645
-8.734475135803223
-8.773927688598633
-8.75770092010498
-8.770912170410156
-8.774565696716309
-8.7656831741333
-8.789491653442383
-8.766131401062012
-8.755895614624023
-8.78598403930664
-8.7704439163208
-8.777478218078613
-8.74855899810791
-8.769996643066406
-8.769590377807617
-8.769826889038086
-8.777457237243652
-8.772645950317383
-8.768634796142578
-8.761210441589355
-8.79220199584961
-8.716923713684082
-8.753108978271484
-8.772765159606934
-8.77790355682373
-8.754528999328613
-8.770994186401367
-8.697890281677246
-8.784880638122559
-8.773372650146484
-8.746785163879395
-8.768440246582031
-8.738052368164062
-8.760368347167969
-8.774331092834473
-8.745059967041016
-8.7617826461792
-8.778240203857422
-8.76434326171875
-8.743271827697754
-8.759949684143066
-8.713700294494629
-8.761329650878906
-8.714116096496582
-8.77324104309082
-8.761502265930176
-8.715681076049805
-8.766861915588379
-8.767760276794434
-8.783903121948242
-8.783595085144043
-8.770153045654297
-8.782115936279297
-8.757302284240723
-8.779922485351562
-8.747596740722656
-8.784303665161133
-8.762500762939453
-8.761062622070312
-8.769352912902832
-8.74848461151123
-8.79145336151123
-8.773037910461426
-8.754154205322266
-8.786092758178711
-8.699087142944336
-8.798171043395996
-8.77064323425293
-8.772411346435547
-8.784793853759766
-8.780987739562988
-8.693086624145508
-8.763561248779297
-8.715835571289062
-8.730899810791016
-8.722317695617676
-8.717723846435547
-8.773123741149902
-8.727689743041992
-8.70965576171875
-8.772496223449707
-8.755290985107422
-8.784483909606934
-8.78030014038086
-8.778850555419922
-8.771628379821777
-8.77916145324707
-8.804031372070312
-8.802868843078613
-8.772171974182129
-8.757004737854004
-8.760564804077148
-8.796896934509277
-8.782008171081543
-8.776365280151367
-8.721049308776855
-8.759692192077637
-8.715927124023438
-8.766694068908691
-8.788007736206055
-8.715450286865234
-8.774872779846191
-8.749768257141113
-8.778178215026855
-8.768540382385254
-8.770832061767578
-8.786764144897461
-8.781344413757324
-8.793617248535156
-8.746343612670898
-8.752481460571289
-8.736937522888184
-8.755350112915039
-8.743681907653809
-8.75748348236084
-8.737688064575195
-8.733355522155762
-8.782967567443848
-8.730894088745117
-8.74971866607666
-8.774599075317383
-8.811878204345703
-8.7642183303833
-8.742324829101562
-8.723995208740234
-8.682880401611328
-8.77446460723877
-8.626324653625488
-8.752653121948242
-8.791417121887207
-8.659764289855957
-8.741301536560059
-8.779953002929688
-8.71501350402832
-8.691972732543945
-8.738980293273926
-8.642005920410156
-8.78839111328125
-8.689266204833984
-8.751618385314941
-8.786230087280273
-8.770601272583008
-8.714004516601562
-8.772324562072754
-8.76897144317627
-8.728484153747559
-8.766575813293457
-8.743159294128418
-8.779870986938477
-8.773030281066895
-8.748540878295898
-8.7802152633667
-8.781126976013184
-8.743319511413574
-8.781661987304688
-8.775096893310547
-8.764554977416992
-8.776433944702148
-8.796270370483398
-8.763891220092773
-8.795583724975586
-8.803014755249023
-8.721275329589844
-8.78880786895752
-8.775472640991211
-8.76062297821045
-8.793399810791016
-8.753983497619629
-8.773801803588867
-8.76447868347168
-8.78506088256836
-8.789422035217285
-8.776803016662598
-8.793964385986328
-8.791068077087402
-8.774496078491211
-8.794037818908691
-8.769999504089355
-8.794229507446289
-8.784490585327148
-8.776329040527344
-8.795442581176758
-8.70332145690918
-8.785218238830566
-8.755385398864746
-8.756516456604004
-8.798675537109375
-8.665501594543457
-8.691534042358398
-8.768206596374512
-8.630516052246094
-8.743111610412598
-8.72806167602539
-8.64852237701416
-8.775444984436035
-8.722579956054688
-8.728462219238281
-8.791309356689453
-8.717911720275879
-8.705757141113281
-8.793885231018066
-8.69644546508789
-8.72755241394043
-8.794611930847168
-8.759933471679688
-8.7761812210083
-8.77186107635498
-8.710556030273438
-8.775531768798828
-8.773992538452148
-8.775679588317871
-8.793773651123047
-8.780263900756836
-8.797159194946289
-8.782862663269043
-8.79042911529541
-8.751524925231934
-8.791509628295898
-8.751209259033203
-8.766091346740723
-8.798954010009766
-8.700860977172852
-8.756540298461914
-8.742117881774902
-8.691119194030762
-8.787227630615234
-8.746637344360352
-8.754227638244629
-8.781312942504883
-8.780644416809082
-8.774744987487793
-8.776833534240723
-8.792435646057129
-8.721049308776855
-8.804269790649414
-8.783350944519043
-8.785782814025879
-8.793938636779785
-8.767915725708008
-8.78684139251709
-8.777276039123535
-8.77158260345459
-8.797669410705566
-8.721175193786621
-8.802131652832031
-8.800140380859375
-8.787731170654297
-8.753564834594727
-8.799335479736328
-8.784046173095703
-8.787959098815918
-8.781150817871094
-8.782130241394043
-8.791549682617188
-8.785508155822754
-8.788161277770996
-8.786453247070312
-8.766453742980957
-8.783870697021484
-8.785333633422852
-8.794528007507324
-8.780808448791504
-8.782613754272461
-8.786660194396973
-8.777832984924316
-8.769240379333496
-8.7222318649292
-8.789244651794434
-8.734979629516602
-8.739246368408203
-8.801422119140625
-8.723858833312988
-8.748698234558105
-8.789504051208496
-8.776507377624512
-8.74585247039795
-8.779809951782227
-8.66866397857666
-8.791621208190918
-8.757246971130371
-8.703621864318848
-8.789155006408691
-8.727874755859375
-8.746688842773438
-8.785449028015137
-8.738940238952637
-8.735004425048828
-8.78532886505127
-8.762561798095703
-8.798495292663574
-8.785794258117676
-8.779821395874023
-8.7521333694458
-8.764184951782227
-8.775933265686035
-8.810550689697266
-8.780250549316406
-8.797137260437012
-8.777607917785645
-8.788825988769531
-8.789408683776855
-8.789506912231445
-8.80911922454834
-8.787481307983398
-8.789536476135254
-8.779097557067871
-8.796557426452637
-8.781417846679688
-8.779317855834961
-8.765007019042969
-8.733417510986328
-8.69315242767334
-8.788985252380371
-8.719895362854004
-8.656982421875
-8.781113624572754
-8.694347381591797
-8.680880546569824
-8.754199028015137
-8.601190567016602
-8.588239669799805
-8.803932189941406
-8.734654426574707
-8.62314510345459
-8.788135528564453
-8.664796829223633
-8.663530349731445
-8.787842750549316
-8.71190357208252
-8.676308631896973
-8.786091804504395
-8.700387954711914
-8.722122192382812
-8.795511245727539
-8.74466323852539
-8.76336669921875
-8.790864944458008
-8.778129577636719
-8.746988296508789
-8.801436424255371
-8.759125709533691
-8.791764259338379
-8.781415939331055
-8.773787498474121
-8.73883056640625
-8.782783508300781
-8.790302276611328
-8.7531156539917
-8.751882553100586
-8.767224311828613
-8.747456550598145
-8.787137985229492
-8.778717041015625
-8.695524215698242
-8.787943840026855
-8.77280330657959
-8.761727333068848
-8.787251472473145
-8.777814865112305
-8.772183418273926
-8.789434432983398
-8.788642883300781
-8.74277400970459
-8.783160209655762
-8.763975143432617
-8.78095531463623
-8.78982925415039
-8.772717475891113
-8.804742813110352
-8.8011474609375
-8.79980182647705
-8.80003833770752
-8.789133071899414
-8.784164428710938
-8.780991554260254
-8.775551795959473
-8.798652648925781
-8.789458274841309
-8.788766860961914
-8.800379753112793
-8.7908353805542
-8.794087409973145
-8.796817779541016
-8.795731544494629
-8.793086051940918
-8.800889015197754
-8.811177253723145
-8.797815322875977
-8.78879165649414
-8.793987274169922
-8.798362731933594
-8.785938262939453
-8.788314819335938
-8.789264678955078
-8.772868156433105
-8.807527542114258
-8.802397727966309
-8.787189483642578
-8.794020652770996
-8.774412155151367
-8.776010513305664
-8.791082382202148
-8.755474090576172
-8.786600112915039
-8.784083366394043
-8.76377010345459
-8.794997215270996
-8.768013000488281
-8.754012107849121
-8.777779579162598
-8.76656436920166
-8.789265632629395
-8.784967422485352
-8.770879745483398
-8.815279006958008
-8.794609069824219
-8.79389762878418
-8.79572582244873
-8.798727035522461
-8.807351112365723
-8.787447929382324
-8.789473533630371
-8.779058456420898
-8.798276901245117
-8.804472923278809
-8.774901390075684
-8.792859077453613
-8.791561126708984
-8.791997909545898
-8.771100044250488
-8.793875694274902
-8.77469253540039
-8.799124717712402
-8.7877836227417
-8.775286674499512
-8.772231101989746
-8.78044319152832
-8.773563385009766
-8.789243698120117
-8.765769004821777
-8.775269508361816
-8.793767929077148
-8.757462501525879
-8.78218936920166
-8.78767204284668
-8.770330429077148
-8.790369987487793
-8.73638916015625
-8.78822135925293
-8.782919883728027
-8.763337135314941
-8.812382698059082
-8.7789306640625
-8.78679084777832
-8.800884246826172
-8.796664237976074
-8.799297332763672
-8.792677879333496
-8.764806747436523
-8.794597625732422
-8.789946556091309
-8.800135612487793
-8.805298805236816
-8.766953468322754
-8.78248405456543
-8.805352210998535
-8.792586326599121
-8.757914543151855
-8.808083534240723
-8.701956748962402
-8.797342300415039
-8.792799949645996
-8.77828598022461
-8.772128105163574
-8.819232940673828
-8.701635360717773
-8.776433944702148
-8.798531532287598
-8.714971542358398
-8.738913536071777
-8.777877807617188
-8.738266944885254
-8.769392967224121
-8.788814544677734
-8.652478218078613
-8.796403884887695
-8.773880004882812
-8.750901222229004
-8.7959623336792
-8.77623462677002
-8.792190551757812
-8.793341636657715
-8.787938117980957
-8.788789749145508
-8.757078170776367
-8.762877464294434
-8.803131103515625
-8.732535362243652
-8.782333374023438
-8.791180610656738
-8.755887031555176
-8.782458305358887
-8.800196647644043
-8.769369125366211
-8.802107810974121
-8.798879623413086
-8.80012321472168
-8.788606643676758
-8.792937278747559
-8.78980827331543
-8.806836128234863
-8.798087120056152
-8.78355884552002
-8.803735733032227
-8.78447437286377
-8.786176681518555
-8.784860610961914
-8.791642189025879
-8.799394607543945
-8.786048889160156
-8.795882225036621
-8.802640914916992
-8.797609329223633
-8.786720275878906
-8.790139198303223
-8.804417610168457
-8.791496276855469
-8.789897918701172
-8.79074478149414
-8.793825149536133
-8.791459083557129
-8.797651290893555
-8.767681121826172
-8.785981178283691
-8.772156715393066
-8.789290428161621
-8.799569129943848
-8.786886215209961
-8.789494514465332
-8.795146942138672
-8.791037559509277
-8.78603744506836
-8.774674415588379
-8.776102066040039
-8.790541648864746
-8.749420166015625
-8.782452583312988
-8.808067321777344
-8.707764625549316
-8.788935661315918
-8.802696228027344
-8.753125190734863
-8.774810791015625
-8.758424758911133
-8.794947624206543
-8.803240776062012
-8.804537773132324
-8.805926322937012
-8.774538040161133
-8.801130294799805
-8.817288398742676
-8.78146743774414
-8.77956771850586
-8.777254104614258
-8.788553237915039
-8.799188613891602
-8.805059432983398
-8.782980918884277
-8.799598693847656
-8.79484748840332
-8.783374786376953
-8.796075820922852
-8.798168182373047
-8.76842975616455
-8.78487777709961
-8.786535263061523
-8.779378890991211
-8.7467622756958
-8.793495178222656
-8.74226188659668
-8.77706527709961
-8.772340774536133
-8.72422981262207
-8.798501014709473
-8.804875373840332
-8.738835334777832
-8.809077262878418
-8.799495697021484
-8.743074417114258
-8.8001127243042
-8.785781860351562
-8.796304702758789
-8.803778648376465
-8.789926528930664
-8.78628921508789
-8.79487419128418
-8.792670249938965
-8.798998832702637
-8.78688907623291
-8.788187980651855
-8.79345703125
-8.796524047851562
-8.79246711730957
-8.785212516784668
-8.793421745300293
-8.786635398864746
-8.8031587600708
-8.773707389831543
-8.788150787353516
-8.779958724975586
-8.796409606933594
-8.780318260192871
-8.787179946899414
-8.761114120483398
-8.815073013305664
-8.798168182373047
-8.813806533813477
-8.76041316986084
-8.784192085266113
-8.779451370239258
-8.746636390686035
-8.801713943481445
-8.75926399230957
-8.803303718566895
-8.788440704345703
-8.793326377868652
-8.79626750946045
-8.794161796569824
-8.800612449645996
-8.803208351135254
-8.793867111206055
-8.793172836303711
-8.80749225616455
-8.780593872070312
-8.803701400756836
-8.801885604858398
-8.792645454406738
-8.794454574584961
-8.803781509399414
-8.781391143798828
-8.79582405090332
-8.800131797790527
-8.797951698303223
-8.803391456604004
-8.785872459411621
-8.79330062866211
-8.784775733947754
-8.797263145446777
-8.801897048950195
-8.796167373657227
-8.797459602355957
-8.800555229187012
-8.778654098510742
-8.780698776245117
-8.786575317382812
-8.791082382202148
-8.805542945861816
-8.793222427368164
-8.796257972717285
-8.798588752746582
-8.799275398254395
-8.784128189086914
-8.798506736755371
-8.807196617126465
-8.7634859085083
-8.800623893737793
-8.68022632598877
-8.782036781311035
-8.733168601989746
-8.74515438079834
-8.79806137084961
-8.672990798950195
-8.79671573638916
-8.791864395141602
-8.739272117614746
-8.791891098022461
-8.790939331054688
-8.772692680358887
-8.797272682189941
-8.789409637451172
-8.78602123260498
-8.810338020324707
-8.745240211486816
-8.789225578308105
-8.796225547790527
-8.770809173583984
-8.784502029418945
-8.798824310302734
-8.767014503479004
-8.773956298828125
-8.793428421020508
-8.778143882751465
-8.759466171264648
-8.804485321044922
-8.676664352416992
-8.804070472717285
-8.70890998840332
-8.693028450012207
-8.777494430541992
-8.718952178955078
-8.79335880279541
-8.792652130126953
-8.787629127502441
-8.760091781616211
-8.813751220703125
-8.748839378356934
-8.739933013916016
-8.799652099609375
-8.71272087097168
-8.79403305053711
-8.780549049377441
-8.814751625061035
-8.795111656188965
-8.810714721679688
-8.808979988098145
-8.793103218078613
-8.796131134033203
-8.785236358642578
-8.76966667175293
-8.779711723327637
-8.776906967163086
-8.812707901000977
-8.78957462310791
-8.766026496887207
-8.8164644241333
-8.802194595336914
-8.773679733276367
-8.78561019897461
-8.810050010681152
-8.718332290649414
-8.771272659301758
-8.772483825683594
-8.738313674926758
-8.796876907348633
-8.74493408203125
-8.695561408996582
-8.795586585998535
-8.759092330932617
-8.606444358825684
-8.811124801635742
-8.738622665405273
-8.68436336517334
-8.773174285888672
-8.762946128845215
-8.52700424194336
-8.715126991271973
-8.737255096435547
-8.642094612121582
-8.731040954589844
-8.769026756286621
-8.62226676940918
-8.788275718688965
-8.784919738769531
-8.698750495910645
-8.79806900024414
-8.792747497558594
-8.755677223205566
-8.768280029296875
-8.792137145996094
-8.797966957092285
-8.771506309509277
-8.807141304016113
-8.788564682006836
-8.772432327270508
-8.811598777770996
-8.81213665008545
-8.740018844604492
-8.810102462768555
-8.772406578063965
-8.78794002532959
-8.80998706817627
-8.76924991607666
-8.784735679626465
-8.78283977508545
-8.802818298339844
-8.795890808105469
-8.789777755737305
-8.815141677856445
-8.738265037536621
-8.815295219421387
-8.807458877563477
-8.80079460144043
-8.785520553588867
-8.800764083862305
-8.79991340637207
-8.824889183044434
-8.783244132995605
-8.809725761413574
-8.787764549255371
-8.789260864257812
-8.79136848449707
-8.78915023803711
-8.81639575958252
-8.782992362976074
-8.808972358703613
-8.798203468322754
-8.79701042175293
-8.798627853393555
-8.77828598022461
-8.805898666381836
-8.815218925476074
-8.788596153259277
-8.792058944702148
-8.792689323425293
-8.800301551818848
-8.80806827545166
-8.777666091918945
-8.799056053161621
-8.770125389099121
-8.802485466003418
-8.790382385253906
-8.796341896057129
-8.800310134887695
-8.799755096435547
-8.80650806427002
-8.788259506225586
-8.793563842773438
-8.796304702758789
-8.80815601348877
-8.80835247039795
-8.709226608276367
-8.797662734985352
-8.793353080749512
-8.803988456726074
-8.80099868774414
-8.801602363586426
-8.753887176513672
-8.773073196411133
-8.776968955993652
-8.806028366088867
-8.803719520568848
-8.790372848510742
-8.799488067626953
-8.79475212097168
-8.796747207641602
-8.787959098815918
-8.816071510314941
-8.814123153686523
-8.715124130249023
-8.806794166564941
-8.731939315795898
-8.742835998535156
-8.807903289794922
-8.740361213684082
-8.754910469055176
-8.79034423828125
-8.725825309753418
-8.819703102111816
-8.79152774810791
-8.806571960449219
-8.715764045715332
-8.790921211242676
-8.73235034942627
-8.755294799804688
-8.793924331665039
-8.787418365478516
-8.724760055541992
-8.801863670349121
-8.75206470489502
-8.760505676269531
-8.792407035827637
-8.785558700561523
-8.782454490661621
-8.79553508758545
-8.77808952331543
-8.810163497924805
-8.76982593536377
-8.814847946166992
-8.77830696105957
-8.807628631591797
-8.757644653320312
-8.785483360290527
-8.800923347473145
-8.740287780761719
-8.800771713256836
-8.782739639282227
-8.71048641204834
-8.791197776794434
-8.779688835144043
-8.78276538848877
-8.789741516113281
-8.793042182922363
-8.773261070251465
-8.797036170959473
-8.789957046508789
-8.79438591003418
-8.799985885620117
-8.793242454528809
-8.776585578918457
-8.810476303100586
-8.758004188537598
-8.769948959350586
-8.78609561920166
-8.784750938415527
-8.796753883361816
-8.81220531463623
-8.795480728149414
-8.771907806396484
-8.805171012878418
-8.735918045043945
-8.800970077514648
-8.767297744750977
-8.756325721740723
-8.80981159210205
-8.7666654586792
-8.79296588897705
-8.77304458618164
-8.793439865112305
-8.795255661010742
-8.790287017822266
-8.769842147827148
-8.7670316696167
-8.817007064819336
-8.705832481384277
-8.72202205657959
-8.774551391601562
-8.669604301452637
-8.80398178100586
-8.795079231262207
-8.740798950195312
-8.80058765411377
-8.781231880187988
-8.768695831298828
-8.800956726074219
-8.780681610107422
-8.814090728759766
-8.793296813964844
-8.793229103088379
-8.780109405517578
-8.806502342224121
-8.788740158081055
-8.781031608581543
-8.80330753326416
-8.740609169006348
-8.79706859588623
-8.771204948425293
-8.770346641540527
-8.797758102416992
-8.747879028320312
-8.778264045715332
-8.788346290588379
-8.718025207519531
-8.789231300354004
-8.791820526123047
-8.712321281433105
-8.776824951171875
-8.757222175598145
-8.781614303588867
-8.804061889648438
-8.798567771911621
-8.783223152160645
-8.771747589111328
-8.780799865722656
-8.80960464477539
-8.71651554107666
-8.788057327270508
-8.763067245483398
-8.772978782653809
-8.794405937194824
-8.760656356811523
-8.761117935180664
-8.801928520202637
-8.737784385681152
-8.742433547973633
-8.78679084777832
-8.698127746582031
-8.809743881225586
-8.793659210205078
-8.749468803405762
-8.772653579711914
-8.787666320800781
-8.661370277404785
-8.780720710754395
-8.767927169799805
-8.639323234558105
-8.806904792785645
-8.789424896240234
-8.747636795043945
-8.814766883850098
-8.799174308776855
-8.804278373718262
-8.804072380065918
-8.80765151977539
-8.802978515625
-8.782114028930664
-8.80628490447998
-8.805913925170898
-8.788652420043945
-8.76302433013916
-8.81937026977539
-8.700729370117188
-8.767695426940918
-8.78726863861084
-8.798826217651367
-8.734857559204102
-8.80354118347168
-8.787903785705566
-8.797381401062012
-8.771428108215332
-8.803911209106445
-8.786408424377441
-8.749767303466797
-8.796342849731445
-8.755165100097656
-8.782576560974121
-8.820252418518066
-8.730646133422852
-8.799004554748535
-8.785354614257812
-8.793745040893555
-8.735088348388672
-8.7796049118042
-8.778276443481445
-8.761661529541016
-8.806690216064453
-8.777030944824219
-8.760618209838867
-8.806632041931152
-8.742687225341797
-8.73425006866455
-8.79620361328125
-8.827439308166504
-8.74146842956543
-8.800702095031738
-8.78303337097168
-8.779600143432617
-8.807425498962402
-8.781784057617188
-8.793105125427246
-8.812947273254395
-8.753144264221191
-8.804586410522461
-8.785552978515625
-8.790338516235352
-8.815483093261719
-8.78293228149414
-8.806252479553223
-8.809882164001465
-8.801992416381836
-8.799208641052246
-8.807937622070312
-8.76674747467041
-8.791406631469727
-8.797553062438965
-8.80255126953125
-8.808077812194824
-8.801596641540527
-8.80512809753418
-8.806035041809082
-8.803410530090332
-8.793840408325195
-8.79656982421875
-8.789000511169434
-8.789066314697266
-8.818516731262207
-8.80884838104248
-8.79412841796875
-8.789502143859863
-8.806876182556152
-8.790132522583008
-8.799233436584473
-8.811479568481445
-8.787480354309082
-8.781293869018555
-8.806203842163086
-8.787264823913574
-8.76766586303711
-8.800539016723633
-8.77869987487793
-8.706368446350098
-8.803388595581055
-8.710136413574219
-8.771310806274414
-8.798954010009766
-8.777591705322266
-8.736656188964844
-8.80768871307373
-8.809131622314453
-8.740464210510254
-8.795098304748535
-8.760165214538574
-8.798765182495117
-8.81017017364502
-8.811861991882324
-8.74508285522461
-8.794876098632812
-8.82271957397461
-8.641016960144043
-8.805542945861816
-8.789320945739746
-8.839128494262695
-8.721019744873047
-8.804655075073242
-8.765643119812012
-8.755285263061523
-8.808237075805664
-8.759657859802246
-8.792916297912598
-8.785821914672852
-8.766121864318848
-8.757165908813477
-8.80959415435791
-8.807843208312988
-8.735250473022461
-8.783820152282715
-8.780580520629883
-8.771366119384766
-8.77639389038086
-8.799720764160156
-8.732813835144043
-8.778728485107422
-8.77696418762207
-8.81113052368164
-8.785004615783691
-8.800148010253906
-8.79177188873291
-8.746859550476074
-8.811955451965332
-8.77788257598877
-8.728743553161621
-8.796346664428711
-8.791142463684082
-8.65869140625
-8.78658676147461
-8.769993782043457
-8.711536407470703
-8.756919860839844
-8.748010635375977
-8.71068000793457
-8.785019874572754
-8.783225059509277
-8.643001556396484
-8.807150840759277
-8.773426055908203
-8.738503456115723
-8.800243377685547
-8.797135353088379
-8.774054527282715
-8.797542572021484
-8.802922248840332
-8.784921646118164
-8.791459083557129
-8.777270317077637
-8.805728912353516
-8.779374122619629
-8.785621643066406
-8.791147232055664
-8.788683891296387
-8.809020042419434
-8.80041790008545
-8.80271053314209
-8.80068302154541
-8.802772521972656
-8.803976058959961
-8.80602741241455
-8.811680793762207
-8.803850173950195
-8.80141830444336
-8.8046236038208
-8.79078197479248
-8.802481651306152
-8.804821014404297
-8.806790351867676
-8.790741920471191
-8.804481506347656
-8.787432670593262
-8.772566795349121
-8.792834281921387
-8.786206245422363
-8.813033103942871
-8.799097061157227
-8.797164916992188
-8.787162780761719
-8.813485145568848
-8.783358573913574
-8.790852546691895
-8.794042587280273
-8.766813278198242
-8.815407752990723
-8.786274909973145
-8.798076629638672
-8.808341979980469
-8.79920482635498
-8.808528900146484
-8.794025421142578
-8.807819366455078
-8.809206008911133
-8.80843734741211
-8.814600944519043
-8.798192977905273
-8.786126136779785
-8.781684875488281
-8.820089340209961
-8.798162460327148
-8.77358341217041
-8.787169456481934
-8.803363800048828
-8.78114128112793
-8.779147148132324
-8.806086540222168
-8.744058609008789
-8.787487030029297
-8.802148818969727
-8.732267379760742
-8.799701690673828
-8.80863094329834
-8.769999504089355
-8.80024528503418
-8.777061462402344
-8.797082901000977
-8.808395385742188
-8.77427864074707
-8.806499481201172
-8.790276527404785
-8.801841735839844
-8.792450904846191
-8.795604705810547
-8.807488441467285
-8.806050300598145
-8.800826072692871
-8.809603691101074
-8.791496276855469
-8.754817008972168
-8.789494514465332
-8.750380516052246
-8.80889892578125
-8.78054141998291
-8.813078880310059
-8.804911613464355
-8.808635711669922
-8.784215927124023
-8.78494644165039
-8.80151081085205
-8.797284126281738
-8.787740707397461
-8.797675132751465
-8.778423309326172
-8.82620906829834
-8.708460807800293
-8.816717147827148
-8.801030158996582
-8.805816650390625
-8.809967994689941
-8.798645973205566
-8.788508415222168
-8.810467720031738
-8.774012565612793
-8.776578903198242
-8.799010276794434
-8.769010543823242
-8.804746627807617
-8.798294067382812
-8.787257194519043
-8.770490646362305
-8.80135440826416
-8.774009704589844
-8.779642105102539
-8.819243431091309
-8.802905082702637
-8.795310974121094
-8.7982816696167
-8.787200927734375
-8.788806915283203
-8.757932662963867
-8.82270336151123
-8.812954902648926
-8.797111511230469
-8.826330184936523
-8.766599655151367
-8.79737663269043
-8.805898666381836
-8.797460556030273
-8.785640716552734
-8.809187889099121
-8.799768447875977
-8.78769588470459
-8.818164825439453
-8.795958518981934
-8.77745246887207
-8.750648498535156
-8.806641578674316
-8.79300308227539
-8.79002857208252
-8.810365676879883
-8.803128242492676
-8.722201347351074
-8.799066543579102
-8.777459144592285
-8.709070205688477
-8.801088333129883
-8.757034301757812
-8.80380630493164
-8.807100296020508
-8.785724639892578
-8.807016372680664
-8.805330276489258
-8.789366722106934
-8.824175834655762
-8.804652214050293
-8.799454689025879
-8.797611236572266
-8.789456367492676
-8.811530113220215
-8.807497024536133
-8.820439338684082
-8.815943717956543
-8.807132720947266
-8.799182891845703
-8.806660652160645
-8.801939010620117
-8.769227981567383
-8.830133438110352
-8.793903350830078
-8.811882019042969
-8.800497055053711
-8.795914649963379
-8.810274124145508
-8.814252853393555
-8.776113510131836
-8.801112174987793
-8.813201904296875
-8.752724647521973
-8.800248146057129
-8.80282211303711
-8.775395393371582
-8.793991088867188
-8.815204620361328
-8.72039794921875
-8.799342155456543
-8.786073684692383
-8.773837089538574
-8.802048683166504
-8.791971206665039
-8.77452278137207
-8.809380531311035
-8.805418014526367
-8.797005653381348
-8.790471076965332
-8.79137897491455
-8.805440902709961
-8.794500350952148
-8.799229621887207
-8.803208351135254
-8.784804344177246
-8.793325424194336
-8.789216995239258
-8.802284240722656
-8.805634498596191
-8.792140007019043
-8.807907104492188
-8.781397819519043
-8.797952651977539
-8.790753364562988
-8.765655517578125
-8.79200267791748
-8.786343574523926
-8.794827461242676
-8.791382789611816
-8.78079891204834
-8.803991317749023
-8.800568580627441
-8.807428359985352
-8.791069984436035
-8.808157920837402
-8.777795791625977
-8.775504112243652
-8.80613899230957
-8.727846145629883
-8.784353256225586
-8.798375129699707
-8.778085708618164
-8.791848182678223
-8.795096397399902
-8.788726806640625
-8.775254249572754
-8.797290802001953
-8.671299934387207
-8.802284240722656
-8.760099411010742
-8.783041000366211
-8.80513858795166
-8.781303405761719
-8.794442176818848
-8.810897827148438
-8.780795097351074
-8.797983169555664
-8.811192512512207
-8.750337600708008
-8.78173828125
-8.736294746398926
-8.717580795288086
-8.811116218566895
-8.764243125915527
-8.764166831970215
-8.77302074432373
-8.815627098083496
-8.731954574584961
-8.772041320800781
-8.78626823425293
-8.792074203491211
-8.779348373413086
-8.801326751708984
-8.797569274902344
-8.752163887023926
-8.805810928344727
-8.734527587890625
-8.788165092468262
-8.78064250946045
-8.773909568786621
-8.780516624450684
-8.757777214050293
-8.746773719787598
-8.790651321411133
-8.762107849121094
-8.770549774169922
-8.79568099975586
-8.791420936584473
-8.80929183959961
-8.817151069641113
-8.7625732421875
-8.791769027709961
-8.76182746887207
-8.775009155273438
-8.801004409790039
-8.77747631072998
-8.8026762008667
-8.818373680114746
-8.807685852050781
-8.801727294921875
-8.807576179504395
-8.771212577819824
-8.784103393554688
-8.77955150604248
-8.820351600646973
-8.787582397460938
-8.717321395874023
-8.8131742477417
-8.79203987121582
-8.74785327911377
-8.78642463684082
-8.795258522033691
-8.74655532836914
-8.802177429199219
-8.776738166809082
-8.792197227478027
-8.805479049682617
-8.791106224060059
-8.805266380310059
-8.801156997680664
-8.805222511291504
-8.805371284484863
-8.81229305267334
-8.804387092590332
-8.818806648254395
-8.803220748901367
-8.798664093017578
-8.797867774963379
-8.784995079040527
-8.81982421875
-8.805757522583008
-8.811636924743652
-8.796039581298828
-8.822379112243652
-8.799860000610352
-8.763726234436035
-8.809393882751465
-8.764327049255371
-8.726472854614258
-8.800824165344238
-8.771739959716797
-8.818510055541992
-8.814661026000977
-8.812583923339844
-8.787444114685059
-8.792562484741211
-8.785686492919922
-8.816776275634766
-8.800076484680176
-8.800639152526855
-8.801261901855469
-8.80225658416748
-8.803242683410645
-8.805191040039062
-8.810456275939941
-8.806402206420898
-8.776799201965332
-8.8057279586792
-8.801046371459961
-8.786460876464844
-8.776796340942383
-8.802391052246094
-8.780721664428711
-8.804862976074219
-8.80868911743164
-8.779598236083984
-8.802960395812988
-8.809591293334961
-8.80368423461914
-8.802739143371582
-8.7941255569458
-8.79638957977295
-8.806656837463379
-8.811853408813477
-8.79234504699707
-8.803306579589844
-8.797122955322266
-8.803943634033203
-8.788127899169922
-8.811112403869629
-8.794577598571777
-8.786285400390625
-8.774221420288086
-8.780007362365723
-8.792070388793945
-8.793198585510254
-8.74366569519043
-8.798080444335938
-8.790026664733887
-8.792558670043945
-8.78585147857666
-8.80945873260498
-8.809957504272461
-8.754973411560059
-8.811667442321777
-8.773492813110352
-8.81444263458252
-8.793689727783203
-8.783900260925293
-8.803478240966797
-8.777483940124512
-8.798171043395996
-8.7835111618042
-8.823270797729492
-8.801124572753906
-8.811068534851074
-8.790270805358887
-8.763547897338867
-8.782042503356934
-8.756305694580078
-8.801319122314453
-8.787227630615234
-8.790760040283203
-8.790166854858398
-8.811948776245117
-8.753475189208984
-8.8099365234375
-8.778881072998047
-8.818146705627441
-8.82433032989502
-8.775869369506836
-8.791158676147461
-8.80336856842041
-8.787725448608398
-8.824319839477539
-8.787734985351562
-8.793562889099121
-8.818657875061035
-8.761996269226074
-8.821598052978516
-8.804368019104004
-8.786118507385254
-8.790024757385254
-8.75302505493164
-8.766053199768066
-8.809698104858398
-8.701977729797363
-8.792549133300781
-8.803831100463867
-8.73143482208252
-8.762114524841309
-8.802279472351074
-8.747590065002441
-8.769527435302734
-8.812790870666504
-8.712813377380371
-8.655855178833008
-8.800886154174805
-8.724413871765137
-8.70837116241455
-8.749049186706543
-8.699569702148438
-8.815680503845215
-8.771101951599121
-8.75210189819336
-8.804614067077637
-8.776556015014648
-8.766935348510742
-8.803571701049805
-8.7962007522583
-8.795170783996582
-8.805349349975586
-8.800756454467773
-8.806634902954102
-8.806879997253418
-8.788030624389648
-8.814664840698242
-8.807515144348145
-8.818764686584473
-8.790617942810059
-8.800877571105957
-8.799713134765625
-8.764758110046387
-8.802894592285156
-8.806929588317871
-8.743888854980469
-8.836938858032227
-8.807961463928223
-8.780705451965332
-8.804343223571777
-8.791594505310059
-8.785253524780273
-8.793863296508789
-8.774134635925293
-8.780455589294434
-8.808424949645996
-8.789639472961426
-8.805466651916504
-8.793700218200684
-8.795247077941895
-8.796294212341309
-8.77481746673584
-8.760232925415039
-8.780750274658203
-8.757256507873535
-8.695965766906738
-8.76988410949707
-8.751151084899902
-8.748006820678711
-8.751983642578125
-8.789467811584473
-8.68887710571289
-8.743837356567383
-8.7860107421875
-8.703880310058594
-8.76390552520752
-8.809088706970215
-8.760110855102539
-8.75265121459961
-8.80245590209961
-8.742658615112305
-8.789055824279785
-8.803400039672852
-8.7905855178833
-8.783913612365723
-8.800662994384766
-8.756631851196289
-8.807701110839844
-8.804449081420898
-8.790314674377441
-8.80884075164795
-8.806183815002441
-8.780527114868164
-8.788226127624512
-8.807340621948242
-8.805245399475098
-8.805264472961426
-8.802038192749023
-8.80369758605957
-8.806069374084473
-8.788154602050781
-8.793848991394043
-8.745698928833008
-8.806607246398926
-8.78566837310791
-8.788002967834473
-8.811197280883789
-8.759903907775879
-8.791980743408203
-8.801694869995117
-8.74965763092041
-8.791312217712402
-8.80663776397705
-8.805572509765625
-8.812189102172852
-8.81536865234375
-8.810222625732422
-8.8017578125
-8.790698051452637
-8.791382789611816
-8.830414772033691
-8.81383228302002
-8.77975082397461
-8.801861763000488
-8.808777809143066
-8.79582405090332
-8.800838470458984
-8.81265640258789
-8.810501098632812
-8.795875549316406
-8.789169311523438
-8.799922943115234
-8.787986755371094
-8.793478965759277
-8.79500675201416
-8.80089282989502
-8.806357383728027
-8.809868812561035
-8.80240249633789
-8.808321952819824
-8.780832290649414
-8.80795955657959
-8.784547805786133
-8.807023048400879
-8.802300453186035
-8.78318977355957
-8.81113338470459
-8.772313117980957
-8.767704010009766
-8.765405654907227
-8.72084903717041
-8.78654956817627
-8.788445472717285
-8.775627136230469
-8.786136627197266
-8.779869079589844
-8.769570350646973
-8.807328224182129
-8.765242576599121
-8.782318115234375
-8.815515518188477
-8.78164291381836
-8.801443099975586
-8.777924537658691
-8.811630249023438
-8.795815467834473
-8.804019927978516
-8.789019584655762
-8.784272193908691
-8.804347038269043
-8.768766403198242
-8.79530143737793
-8.791196823120117
-8.79361343383789
-8.7916841506958
-8.816652297973633
-8.77851390838623
-8.793880462646484
-8.831696510314941
-8.786002159118652
-8.8030366897583
-8.791943550109863
-8.800758361816406
-8.805303573608398
-8.779614448547363
-8.804069519042969
-8.804545402526855
-8.799057006835938
-8.801286697387695
-8.792466163635254
-8.790457725524902
-8.781377792358398
-8.774552345275879
-8.798333168029785
-8.798060417175293
-8.800271034240723
-8.806122779846191
-8.781610488891602
-8.757026672363281
-8.803056716918945
-8.777972221374512
-8.716136932373047
-8.796229362487793
-8.772014617919922
-8.677652359008789
-8.775578498840332
-8.777548789978027
-8.729602813720703
-8.783714294433594
-8.795190811157227
-8.748385429382324
-8.740321159362793
-8.776785850524902
-8.74968147277832
-8.782033920288086
-8.809144973754883
-8.722420692443848
-8.755495071411133
-8.799866676330566
-8.755036354064941
-8.738252639770508
-8.805900573730469
-8.801858901977539
-8.670647621154785
-8.788968086242676
-8.765541076660156
-8.755828857421875
-8.780065536499023
-8.787365913391113
-8.766100883483887
-8.768855094909668
-8.801989555358887
-8.787262916564941
-8.779592514038086
-8.77351188659668
-8.793713569641113
-8.741880416870117
-8.794300079345703
-8.782196998596191
-8.737319946289062
-8.815415382385254
-8.796553611755371
-8.783356666564941
-8.799572944641113
-8.805513381958008
-8.812682151794434
-8.763535499572754
-8.803420066833496
-8.745282173156738
-8.74921989440918
-8.795249938964844
-8.77851676940918
-8.807393074035645
-8.797407150268555
-8.813287734985352
-8.791482925415039
-8.808528900146484
-8.79195785522461
-8.791001319885254
-8.795540809631348
-8.783431053161621
-8.802835464477539
-8.804424285888672
-8.808631896972656
-8.798426628112793
-8.802184104919434
-8.814294815063477
-8.809295654296875
-8.782179832458496
-8.811967849731445
-8.78769588470459
-8.80754280090332
-8.80504035949707
-8.806225776672363
-8.807229042053223
-8.825003623962402
-8.802024841308594
-8.81270980834961
-8.804338455200195
-8.799201011657715
-8.81030559539795
-8.800433158874512
-8.822171211242676
-8.744195938110352
-8.78589153289795
-8.801259994506836
-8.779098510742188
-8.792464256286621
-8.80536937713623
-8.766266822814941
-8.809062957763672
-8.810162544250488
-8.816658973693848
-8.805578231811523
-8.780360221862793
-8.80013370513916
-8.729446411132812
-8.771760940551758
-8.807121276855469
-8.789609909057617
-8.77733325958252
-8.803632736206055
-8.808845520019531
-8.740239143371582
-8.787132263183594
-8.782540321350098
-8.75202751159668
-8.76960563659668
-8.787853240966797
-8.737491607666016
-8.759719848632812
-8.77646541595459
-8.771724700927734
-8.801033973693848
-8.807494163513184
-8.759066581726074
-8.813986778259277
-8.803831100463867
-8.814841270446777
-8.786111831665039
-8.81346607208252
-8.802648544311523
-8.793540954589844
-8.804612159729004
-8.791560173034668
-8.809362411499023
-8.815264701843262
-8.782564163208008
-8.80760383605957
-8.791539192199707
-8.760976791381836
-8.810444831848145
-8.732304573059082
-8.753613471984863
-8.785468101501465
-8.741418838500977
-8.814854621887207
-8.81421184539795
-8.768189430236816
-8.780681610107422
-8.773605346679688
-8.760116577148438
-8.814800262451172
-8.808545112609863
-8.783283233642578
-8.811861038208008
-8.805343627929688
-8.827502250671387
-8.800394058227539
-8.820246696472168
-8.798681259155273
-8.787269592285156
-8.775689125061035
-8.77566909790039
-8.75224781036377
-8.77049732208252
-8.813128471374512
-8.78891372680664
-8.721648216247559
-8.806933403015137
-8.791237831115723
-8.7338228225708
-8.81572437286377
-8.773866653442383
-8.771461486816406
-8.802979469299316
-8.802355766296387
-8.766077041625977
-8.808277130126953
-8.723942756652832
-8.75932788848877
-8.811783790588379
-8.7155179977417
-8.759469985961914
-8.795083999633789
-8.749001502990723
-8.788106918334961
-8.804771423339844
-8.822826385498047
-8.800745010375977
-8.760357856750488
-8.809052467346191
-8.7275390625
-8.729491233825684
-8.791293144226074
-8.773282051086426
-8.786778450012207
-8.809727668762207
-8.7493257522583
-8.816141128540039
-8.813636779785156
-8.763131141662598
-8.830666542053223
-8.811564445495605
-8.799844741821289
-8.817935943603516
-8.750542640686035
-8.798444747924805
-8.795694351196289
-8.812417984008789
-8.801599502563477
-8.821734428405762
-8.796680450439453
-8.765853881835938
-8.815216064453125
-8.787543296813965
-8.810632705688477
-8.803841590881348
-8.806113243103027
-8.80301570892334
-8.78563117980957
-8.800983428955078
-8.729406356811523
-8.83139419555664
-8.81751537322998
-8.813186645507812
-8.796222686767578
-8.804137229919434
-8.801581382751465
-8.81660270690918
-8.80656909942627
-8.80220890045166
-8.812813758850098
-8.815268516540527
-8.762208938598633
-8.807602882385254
-8.748732566833496
-8.774181365966797
-8.801258087158203
-8.769941329956055
-8.800622940063477
-8.81241512298584
-8.814048767089844
-8.778342247009277
-8.797989845275879
-8.80981159210205
-8.795656204223633
-8.756612777709961
-8.789830207824707
-8.800041198730469
-8.699139595031738
-8.807493209838867
-8.799269676208496
-8.789953231811523
-8.813447952270508
-8.785125732421875
-8.78903579711914
-8.810911178588867
-8.796772003173828
-8.796567916870117
-8.8036470413208
-8.806844711303711
-8.804902076721191
-8.821053504943848
-8.805091857910156
-8.804276466369629
-8.792696952819824
-8.798168182373047
-8.810737609863281
-8.810636520385742
-8.80850601196289
-8.809078216552734
-8.8135986328125
-8.811502456665039
-8.817388534545898
-8.790445327758789
-8.807501792907715
-8.802030563354492
-8.787327766418457
-8.796012878417969
-8.806830406188965
-8.784367561340332
-8.798127174377441
-8.819660186767578
-8.805787086486816
-8.791635513305664
-8.799015998840332
-8.774995803833008
-8.79368782043457
-8.809844970703125
-8.798063278198242
-8.815923690795898
-8.807719230651855
-8.777984619140625
-8.809269905090332
-8.798495292663574
-8.782279014587402
-8.788429260253906
-8.801873207092285
-8.808208465576172
-8.783703804016113
-8.797405242919922
-8.8121919631958
-8.798062324523926
-8.812042236328125
-8.799656867980957
-8.78754711151123
-8.81567668914795
-8.760286331176758
-8.785223960876465
-8.823420524597168
-8.779430389404297
-8.770073890686035
-8.811060905456543
-8.783736228942871
-8.760923385620117
-8.813241958618164
-8.800102233886719
-8.777337074279785
-8.809115409851074
-8.793069839477539
-8.793207168579102
-8.793583869934082
-8.810728073120117
-8.797235488891602
-8.803282737731934
-8.818367004394531
-8.803628921508789
-8.79055118560791
-8.803129196166992
-8.81980037689209
-8.820093154907227
-8.81910514831543
-8.823261260986328
-8.814684867858887
-8.79688835144043
-8.802898406982422
-8.794000625610352
-8.752208709716797
-8.80026626586914
-8.77847671508789
-8.76126480102539
-8.805809020996094
-8.771254539489746
-8.818058967590332
-8.811758041381836
-8.807478904724121
-8.814724922180176
-8.79378890991211
-8.807047843933105
-8.819807052612305
-8.800138473510742
-8.799999237060547
-8.792595863342285
-8.803156852722168
-8.777539253234863
-8.800874710083008
-8.812037467956543
-8.793621063232422
-8.800228118896484
-8.806102752685547
-8.790830612182617
-8.813621520996094
-8.798094749450684
-8.805498123168945
-8.827705383300781
-8.762128829956055
-8.779500961303711
-8.80896282196045
-8.790802001953125
-8.789690017700195
-8.818658828735352
-8.766210556030273
-8.766875267028809
-8.811830520629883
-8.725667953491211
-8.774995803833008
-8.79399299621582
-8.783495903015137
-8.78961181640625
-8.7816743850708
-8.801824569702148
-8.812067985534668
-8.806780815124512
-8.790460586547852
-8.799638748168945
-8.810308456420898
-8.819664001464844
-8.77081298828125
-8.80394458770752
-8.80697250366211
-8.803205490112305
-8.809158325195312
-8.814010620117188
-8.817749977111816
-8.795369148254395
-8.819941520690918
-8.830971717834473
-8.768221855163574
-8.800969123840332
-8.822813987731934
-8.81478214263916
-8.795255661010742
-8.813037872314453
-8.807975769042969
-8.759015083312988
-8.799391746520996
-8.827091217041016
-8.809462547302246
-8.81605339050293
-8.81889533996582
-8.799201011657715
-8.798933982849121
-8.800178527832031
-8.820745468139648
-8.768998146057129
-8.805137634277344
-8.807936668395996
-8.716056823730469
-8.829388618469238
-8.795429229736328
-8.771985054016113
-8.795462608337402
-8.795709609985352
-8.813359260559082
-8.813962936401367
-8.814128875732422
-8.817962646484375
-8.77712631225586
-8.811555862426758
-8.803815841674805
-8.81712532043457
-8.806105613708496
-8.78834342956543
-8.803627014160156
-8.807069778442383
-8.802196502685547
-8.794219970703125
-8.818403244018555
-8.808431625366211
-8.752838134765625
-8.807987213134766
-8.779315948486328
-8.734792709350586
-8.808455467224121
-8.766393661499023
-8.819730758666992
-8.792222023010254
-8.820707321166992
-8.805315971374512
-8.807943344116211
-8.81984806060791
-8.798330307006836
-8.7970609664917
-8.809467315673828
-8.81808853149414
-8.765268325805664
-8.80409049987793
-8.80677604675293
-8.791993141174316
-8.754402160644531
-8.82827377319336
-8.723217010498047
-8.750041007995605
-8.806897163391113
-8.726442337036133
-8.724108695983887
-8.796024322509766
-8.789467811584473
