loss_v
-4.505843162536621
-4.530302047729492
-4.595043182373047
-4.422758102416992
-4.5907816886901855
-4.6342854499816895
-4.507316589355469
-4.59572696685791
-4.760517597198486
-4.740075588226318
-4.8107686042785645
-4.778697967529297
-4.823797225952148
-4.91911506652832
-5.140903949737549
-5.011279106140137
-5.2252888679504395
-5.0686869621276855
-5.234599590301514
-5.330683708190918
-5.423135757446289
-5.503830909729004
-5.6346635818481445
-5.668698310852051
-5.837360382080078
-5.91995096206665
-5.8317952156066895
-6.0399394035339355
-6.224240303039551
-6.066475868225098
-6.2965989112854
-6.174213409423828
-6.221607208251953
-6.202820301055908
-6.148272514343262
-6.077428340911865
-6.180324554443359
-5.999993801116943
-6.151967525482178
-6.259237289428711
-6.287900924682617
-6.266378402709961
-6.269458293914795
-6.295058727264404
-6.438820838928223
-6.434082984924316
-6.425387382507324
-6.330610275268555
-6.428083896636963
-6.348257064819336
-6.409564018249512
-6.436808109283447
-6.413853168487549
-6.353235721588135
-6.476715087890625
-6.463964462280273
-6.5572733879089355
-6.312768936157227
-6.472631931304932
-6.48612642288208
-6.566261291503906
-6.522842884063721
-6.506807327270508
-6.539548397064209
-6.529408931732178
-6.477067470550537
-6.459742069244385
-6.552757263183594
-6.499168872833252
-6.651485443115234
-6.566583156585693
-6.570678234100342
-6.5325927734375
-6.5196990966796875
-6.6377129554748535
-6.612305164337158
-6.581470966339111
-6.497041702270508
-6.566132545471191
-6.705445289611816
-6.70168399810791
-6.721629619598389
-6.656722545623779
-6.650420665740967
-6.696186542510986
-6.668830394744873
-6.70612096786499
-6.611937046051025
-6.704503059387207
-6.682853698730469
-6.693265914916992
-6.793127059936523
-6.698670387268066
-6.777742385864258
-6.782098293304443
-6.744076251983643
-6.792187690734863
-6.822353363037109
-6.755338668823242
-6.804111480712891
-6.770084857940674
-6.792781829833984
-6.842306137084961
-6.7884602546691895
-6.835829734802246
-6.890411853790283
-6.886661529541016
-6.890052318572998
-6.9202704429626465
-6.941591262817383
-6.885327339172363
-6.904709339141846
-6.906322479248047
-6.931111812591553
-6.977364540100098
-7.003870964050293
-7.011195659637451
-7.107937335968018
-7.0582075119018555
-7.118609428405762
-7.139526844024658
-7.135756969451904
-7.2653632164001465
-7.169259548187256
-7.243477821350098
-7.27276611328125
-7.31082820892334
-7.345170497894287
-7.3368120193481445
-7.442831993103027
-7.460740566253662
-7.451935768127441
-7.525284767150879
-7.592979431152344
-7.55576229095459
-7.66433572769165
-7.726404190063477
-7.658823013305664
-7.826131820678711
-7.9542317390441895
-7.884368896484375
-8.045109748840332
-7.989347457885742
-8.080141067504883
-8.25296688079834
-8.25988483428955
-8.30740737915039
-8.278741836547852
-8.393477439880371
-8.404610633850098
-8.456794738769531
-8.47860050201416
-8.412909507751465
-8.583853721618652
-8.695539474487305
-8.683298110961914
-8.589662551879883
-8.629627227783203
-8.688218116760254
-8.641152381896973
-8.813543319702148
-8.626182556152344
-8.615878105163574
-8.66586685180664
-8.804784774780273
-8.672521591186523
-8.916783332824707
-8.882184982299805
-8.852712631225586
-8.831722259521484
-8.84475040435791
-8.810522079467773
-8.887171745300293
-9.101045608520508
-8.988475799560547
-8.965459823608398
-8.936100006103516
-9.194805145263672
-8.986281394958496
-9.017778396606445
-9.010919570922852
-9.11858081817627
-9.194281578063965
-9.109655380249023
-9.051380157470703
-9.194223403930664
-9.059033393859863
-9.137866973876953
-9.223782539367676
-9.097112655639648
-9.18674087524414
-9.103240013122559
-9.114187240600586
-9.168655395507812
-9.104557991027832
-9.189584732055664
-9.2086181640625
-9.268241882324219
-9.316176414489746
-9.252922058105469
-9.351820945739746
-9.447803497314453
-9.365995407104492
-9.293188095092773
-9.344135284423828
-9.320645332336426
-9.29169750213623
-9.248564720153809
-9.479717254638672
-9.259352684020996
-9.3397798538208
-9.358023643493652
-9.407140731811523
-9.571624755859375
-9.523770332336426
-9.322575569152832
-9.412816047668457
-9.28714656829834
-9.443131446838379
-9.449525833129883
-9.526729583740234
-9.537801742553711
-9.478291511535645
-9.522237777709961
-9.486116409301758
-9.445297241210938
-9.419368743896484
-9.5849609375
-9.454763412475586
-9.520537376403809
-9.592631340026855
-9.52165699005127
-9.541330337524414
-9.678194999694824
-9.62844467163086
-9.690876960754395
-9.509458541870117
-9.588906288146973
-9.67255973815918
-9.729320526123047
-9.741297721862793
-9.717691421508789
-9.85457992553711
-9.713650703430176
-9.71587085723877
-9.724332809448242
-9.848560333251953
-9.849807739257812
-9.810986518859863
-9.824238777160645
-9.834664344787598
-9.747817039489746
-9.855740547180176
-9.919715881347656
-9.92068862915039
-9.93984603881836
-9.953546524047852
-10.005049705505371
-9.933390617370605
-9.947628021240234
-9.95840835571289
-9.908674240112305
-9.988325119018555
-10.049022674560547
-10.026897430419922
-10.022476196289062
-10.035423278808594
-10.05727481842041
-10.116941452026367
-10.088287353515625
-10.077595710754395
-10.148658752441406
-10.109599113464355
-10.134233474731445
-10.212580680847168
-10.065896034240723
-10.218626022338867
-10.118314743041992
-10.152848243713379
-10.132789611816406
-10.188752174377441
-10.10571002960205
-10.232255935668945
-10.250015258789062
-10.155176162719727
-10.180095672607422
-10.267593383789062
-10.232808113098145
-10.154361724853516
-10.272788047790527
-10.068140029907227
-10.198477745056152
-10.246613502502441
-10.274245262145996
-10.29713249206543
-10.257670402526855
-10.219807624816895
-10.226630210876465
-10.40820026397705
-10.276172637939453
-10.322367668151855
-10.289826393127441
-10.316280364990234
-10.35362434387207
-10.302231788635254
-10.272628784179688
-10.295706748962402
-10.286406517028809
-10.279304504394531
-10.321395874023438
-10.37052059173584
-10.39087963104248
-10.340837478637695
-10.377983093261719
-10.321078300476074
-10.470784187316895
-10.40201473236084
-10.402717590332031
-10.367680549621582
-10.379117012023926
-10.401126861572266
-10.361852645874023
-10.398791313171387
-10.35748291015625
-10.334281921386719
-10.410414695739746
-10.401175498962402
-10.39581298828125
-10.38483715057373
-10.34263801574707
-10.476157188415527
-10.407663345336914
-10.435595512390137
-10.335947036743164
-10.505409240722656
-10.419731140136719
-10.385753631591797
-10.441044807434082
-10.494216918945312
-10.353028297424316
-10.479527473449707
-10.451475143432617
-10.41133975982666
-10.451482772827148
-10.477798461914062
-10.482335090637207
-10.398628234863281
-10.471794128417969
-10.5228271484375
-10.459541320800781
-10.555790901184082
-10.510354042053223
-10.49042797088623
-10.495552062988281
-10.471231460571289
-10.487210273742676
-10.474672317504883
-10.539684295654297
-10.533276557922363
-10.481670379638672
-10.526520729064941
-10.581230163574219
-10.53229808807373
-10.468053817749023
-10.49977970123291
-10.545112609863281
-10.541062355041504
-10.571053504943848
-10.489875793457031
-10.585399627685547
-10.56998062133789
-10.559917449951172
-10.548822402954102
-10.660977363586426
-10.554713249206543
-10.61121654510498
-10.529860496520996
-10.547231674194336
-10.538766860961914
-10.579790115356445
-10.515990257263184
-10.62596607208252
-10.58116626739502
-10.48668098449707
-10.608207702636719
-10.575640678405762
-10.648612976074219
-10.547849655151367
-10.60539436340332
-10.645193099975586
-10.59788990020752
-10.648131370544434
-10.593113899230957
-10.642454147338867
-10.716700553894043
-10.6113920211792
-10.662435531616211
-10.67033863067627
-10.661160469055176
-10.620404243469238
-10.585880279541016
-10.687585830688477
-10.590848922729492
-10.681713104248047
-10.579939842224121
-10.673478126525879
-10.648667335510254
-10.678011894226074
-10.631112098693848
-10.676624298095703
-10.566134452819824
-10.714614868164062
-10.6757230758667
-10.730048179626465
-10.705684661865234
-10.636239051818848
-10.759882926940918
-10.660033226013184
-10.705684661865234
-10.642871856689453
-10.607770919799805
-10.696571350097656
-10.697380065917969
-10.698423385620117
-10.753786087036133
-10.761003494262695
-10.732442855834961
-10.666938781738281
-10.716485023498535
-10.698904037475586
-10.69219970703125
-10.771222114562988
-10.719883918762207
-10.753600120544434
-10.72012710571289
-10.78887939453125
-10.74665641784668
-10.74490737915039
-10.695028305053711
-10.783124923706055
-10.722071647644043
-10.763339042663574
-10.72830581665039
-10.765406608581543
-10.753064155578613
-10.799903869628906
-10.75716781616211
-10.753166198730469
-10.761128425598145
-10.874628067016602
-10.750974655151367
-10.784196853637695
-10.831887245178223
-10.891690254211426
-10.881769180297852
-10.736711502075195
-10.784595489501953
-10.81949234008789
-10.82808780670166
-10.748143196105957
-10.852266311645508
-10.766491889953613
-10.817965507507324
-10.816171646118164
-10.885082244873047
-10.933300971984863
-10.784675598144531
-10.874370574951172
-10.859912872314453
-10.816354751586914
-10.846070289611816
-10.798234939575195
-10.797889709472656
-10.834318161010742
-10.845438957214355
-10.81714153289795
-10.823848724365234
-10.830942153930664
-10.862048149108887
-10.852499961853027
-10.854310035705566
-10.846393585205078
-10.831472396850586
-10.792335510253906
-10.820134162902832
-10.87817668914795
-10.796252250671387
-10.832209587097168
-10.79544734954834
-10.857627868652344
-10.81413745880127
-10.933124542236328
-10.794970512390137
-10.863283157348633
-10.804718017578125
-10.864792823791504
-10.957463264465332
-10.90746784210205
-10.84062385559082
-10.905312538146973
-10.75045394897461
-10.886702537536621
-10.928561210632324
-10.931319236755371
-10.880329132080078
-10.837715148925781
-10.83625316619873
-10.884703636169434
-10.906617164611816
-10.878912925720215
-10.910242080688477
-10.862695693969727
-10.899853706359863
-10.8798828125
-10.839929580688477
-10.836883544921875
-10.909345626831055
-10.923444747924805
-10.85132122039795
-10.899310111999512
-10.877036094665527
-10.854710578918457
-10.971322059631348
-10.929781913757324
-10.898520469665527
-10.90143871307373
-10.938958168029785
-10.872376441955566
-10.901246070861816
-10.937952041625977
-10.894558906555176
-10.874629020690918
-10.861349105834961
-10.940703392028809
-10.9357271194458
-10.857815742492676
-10.866835594177246
-10.986035346984863
-10.911876678466797
-10.947402954101562
-10.870802879333496
-10.90365219116211
-10.959595680236816
-10.912638664245605
-10.880026817321777
-10.922322273254395
-10.923253059387207
-10.874800682067871
-10.95195484161377
-10.936315536499023
-10.943680763244629
-10.948487281799316
-10.936100006103516
-10.976083755493164
-10.967019081115723
-10.994363784790039
-10.937731742858887
-10.941447257995605
-10.902522087097168
-11.012260437011719
-11.002913475036621
-10.974044799804688
-10.969257354736328
-10.857942581176758
-10.950653076171875
-10.966771125793457
-10.951447486877441
-10.977059364318848
-10.984763145446777
-10.93704605102539
-10.957014083862305
-10.965941429138184
-11.00898265838623
-10.955496788024902
-10.961532592773438
-10.951083183288574
-10.978267669677734
-10.921406745910645
-10.946146965026855
-10.91343879699707
-10.982730865478516
-10.926209449768066
-11.003551483154297
-10.921357154846191
-10.913818359375
-10.962440490722656
-10.993629455566406
-10.987391471862793
-10.941751480102539
-11.014571189880371
-11.037583351135254
-10.957657814025879
-11.00355052947998
-10.992291450500488
-11.026687622070312
-11.049893379211426
-11.021636009216309
-10.996888160705566
-11.047451972961426
-11.016288757324219
-10.996705055236816
-10.994010925292969
-11.049439430236816
-11.03036117553711
-11.023049354553223
-10.959477424621582
-11.00557804107666
-11.02304458618164
-10.97838306427002
-11.07577133178711
-11.00057315826416
-11.029158592224121
-11.060431480407715
-11.027473449707031
-11.041210174560547
-11.01404857635498
-11.021834373474121
-11.050458908081055
-11.006377220153809
-10.996491432189941
-11.031286239624023
-11.008934020996094
-11.017711639404297
-11.017937660217285
-11.04834270477295
-11.004734992980957
-11.001895904541016
-11.02214241027832
-11.06498908996582
-11.07660961151123
-11.0626802444458
-11.074419975280762
-11.055636405944824
-11.031251907348633
-11.069411277770996
-11.039322853088379
-11.029787063598633
-11.027836799621582
-11.050207138061523
-11.028651237487793
-11.048521041870117
-11.045685768127441
-11.0658540725708
-11.061785697937012
-10.959432601928711
-10.98087215423584
-11.028499603271484
-11.040247917175293
-11.007943153381348
-11.074075698852539
-11.078387260437012
-11.0301513671875
-11.016061782836914
-11.063998222351074
-11.070613861083984
-11.085128784179688
-11.03366470336914
-11.069136619567871
-11.062134742736816
-11.017245292663574
-10.988858222961426
-11.014490127563477
-11.023228645324707
-11.051816940307617
-11.06867504119873
-11.008747100830078
-11.036705017089844
-11.04641056060791
-11.054386138916016
-11.05319881439209
-11.05557918548584
-11.027546882629395
-11.059429168701172
-11.090160369873047
-11.05694580078125
-11.014299392700195
-11.032015800476074
-11.094982147216797
-11.053505897521973
-11.069793701171875
-11.096421241760254
-11.063419342041016
-11.073593139648438
-11.066036224365234
-11.064708709716797
-11.082680702209473
-11.065215110778809
-11.101387023925781
-11.098973274230957
-11.064839363098145
-11.107662200927734
-11.114509582519531
-11.05618953704834
-11.120007514953613
-11.064963340759277
-11.075456619262695
-11.085517883300781
-11.098374366760254
-11.066896438598633
-11.0863037109375
-11.11780071258545
-11.12327766418457
-11.110568046569824
-11.122407913208008
-11.053192138671875
-10.833863258361816
-10.9984130859375
-11.09092903137207
-10.989893913269043
-10.97852897644043
-11.060665130615234
-11.087373733520508
-10.887901306152344
-11.08047103881836
-11.010170936584473
-10.990949630737305
-10.99551010131836
-11.060564994812012
-10.989806175231934
-11.070647239685059
-11.087151527404785
-10.999341011047363
-11.053095817565918
-11.085432052612305
-11.040203094482422
-11.020126342773438
-11.115094184875488
-11.07528018951416
-11.01715087890625
-11.108453750610352
-11.149761199951172
-11.031206130981445
-11.067261695861816
-11.118606567382812
-11.063252449035645
-11.108468055725098
-11.10244083404541
-11.071771621704102
-11.0881986618042
-11.105711936950684
-11.144182205200195
-11.119483947753906
-11.134886741638184
-11.112794876098633
-11.093903541564941
-11.10187816619873
-11.114432334899902
-11.177252769470215
-11.147220611572266
-11.094086647033691
-11.110021591186523
-11.125006675720215
-11.064544677734375
-11.138628005981445
-11.089262962341309
-11.10848617553711
-11.064196586608887
-11.105621337890625
-11.141618728637695
-11.10909366607666
-11.09145450592041
-11.116364479064941
-11.095467567443848
-11.112603187561035
-11.108524322509766
-11.151345252990723
-11.162293434143066
-11.151252746582031
-11.108017921447754
-11.141284942626953
-11.115801811218262
-11.130644798278809
-11.15506649017334
-11.155635833740234
-11.121667861938477
-11.136494636535645
-11.144464492797852
-11.121700286865234
-11.137563705444336
-11.088338851928711
-11.14239501953125
-11.122175216674805
-11.131853103637695
-11.15101146697998
-11.111352920532227
-11.12894058227539
-11.125174522399902
-11.140491485595703
-11.150611877441406
-11.155191421508789
-11.153467178344727
-11.129436492919922
-11.17080020904541
-11.107699394226074
-11.151327133178711
-11.150766372680664
-11.157454490661621
-11.168411254882812
-11.152338027954102
-11.116644859313965
-11.104902267456055
-11.18226432800293
-11.138468742370605
-11.152106285095215
-11.125005722045898
-11.140603065490723
-11.131091117858887
-11.13134765625
-11.160436630249023
-11.170140266418457
-11.162435531616211
-11.14538860321045
-11.133721351623535
-11.162075996398926
-11.149291038513184
-11.150071144104004
-11.153769493103027
-11.1465482711792
-11.16777229309082
-11.143823623657227
-11.179708480834961
-11.111268043518066
-11.149603843688965
-11.160392761230469
-11.152200698852539
-11.160801887512207
-11.192838668823242
-11.120657920837402
-11.135660171508789
-11.126669883728027
-11.130475044250488
-11.192658424377441
-11.150834083557129
-11.153783798217773
-11.151663780212402
-11.186538696289062
-11.126189231872559
-11.134777069091797
-11.162809371948242
-11.183685302734375
-11.139764785766602
-11.150590896606445
-11.123655319213867
-11.130265235900879
-11.158912658691406
-11.190437316894531
-11.169785499572754
-11.133356094360352
-11.188460350036621
-11.158794403076172
-11.165282249450684
-11.150815963745117
-11.188591957092285
-11.170235633850098
-11.158259391784668
-11.168502807617188
-11.17700481414795
-11.156270980834961
-11.126450538635254
-11.149271965026855
-11.159402847290039
-11.200666427612305
-11.138182640075684
-11.172656059265137
-11.159703254699707
-11.15747356414795
-11.135089874267578
-11.163290023803711
-11.16916561126709
-11.196925163269043
-11.16079330444336
-11.17016315460205
-11.16836166381836
-11.19178581237793
-11.1604585647583
-11.177825927734375
-11.169018745422363
-11.15921688079834
-11.185027122497559
-11.17188549041748
-11.165156364440918
-11.154383659362793
-11.145801544189453
-11.170564651489258
-11.156118392944336
-11.134929656982422
-11.177645683288574
-11.163230895996094
-11.17795467376709
-11.168481826782227
-11.138545036315918
-11.167034149169922
-11.185293197631836
-11.17333984375
-11.202117919921875
-11.149239540100098
-11.174479484558105
-11.152267456054688
-11.139955520629883
-11.184920310974121
-11.183737754821777
-11.199980735778809
-11.198562622070312
-11.176261901855469
-11.22245979309082
-11.19926643371582
-11.157937049865723
-11.214024543762207
-11.198867797851562
-11.191737174987793
-11.218069076538086
-11.132036209106445
-11.150983810424805
-11.17712116241455
-11.171554565429688
-11.188962936401367
-11.214923858642578
-11.191935539245605
-11.219123840332031
-11.188912391662598
-11.194622993469238
-11.183090209960938
-11.179707527160645
-11.195293426513672
-11.198992729187012
-11.164621353149414
-11.18207836151123
-11.160327911376953
-11.191922187805176
-11.190174102783203
-11.209450721740723
-11.193235397338867
-11.20473861694336
-11.18132495880127
-11.203858375549316
-11.191444396972656
-11.201698303222656
-11.214481353759766
-11.20776081085205
-11.155713081359863
-11.150945663452148
-11.138727188110352
-11.135586738586426
-11.202808380126953
-11.207587242126465
-11.217620849609375
-11.194573402404785
-11.181954383850098
-11.189385414123535
-11.213667869567871
-11.222607612609863
-11.224164962768555
-11.18337631225586
-11.197327613830566
-11.212600708007812
-11.15987491607666
-11.155390739440918
-11.201167106628418
-11.213602066040039
-11.207964897155762
-11.204337120056152
-11.205233573913574
-11.208229064941406
-11.215888023376465
-11.155838966369629
-11.189749717712402
-11.210461616516113
-11.220403671264648
-11.21614933013916
-11.182486534118652
-11.185443878173828
-11.169289588928223
-11.185922622680664
-11.189567565917969
-11.195310592651367
-11.231514930725098
-11.230878829956055
-11.222244262695312
-11.15822982788086
-11.209122657775879
-11.200011253356934
-11.23779010772705
-11.212848663330078
-11.221503257751465
-11.220617294311523
-11.145748138427734
-11.216599464416504
-11.245366096496582
-11.2304048538208
-11.210073471069336
-11.215660095214844
-11.19658088684082
-11.206408500671387
-11.192371368408203
-11.225682258605957
-11.214693069458008
-11.251002311706543
-11.2582368850708
-11.235191345214844
-11.211984634399414
-11.223993301391602
-11.235223770141602
-11.224762916564941
-11.237793922424316
-11.204085350036621
-11.226672172546387
-11.221182823181152
-11.246997833251953
-11.243738174438477
-11.203006744384766
-11.21175765991211
-11.17657470703125
-11.208941459655762
-11.242237091064453
-11.221687316894531
-11.23686695098877
-11.24428939819336
-11.25876522064209
-11.214068412780762
-11.22634506225586
-11.196446418762207
-11.237893104553223
-11.24964427947998
-11.237826347351074
-11.25040054321289
-11.260798454284668
-11.22050666809082
-11.25460147857666
-11.237839698791504
-11.259042739868164
-11.248903274536133
-11.229880332946777
-11.227921485900879
-11.249956130981445
-11.26337718963623
-11.194999694824219
-11.246450424194336
-11.21366024017334
-11.246831893920898
-11.236541748046875
-11.240104675292969
-11.235910415649414
-11.270013809204102
-11.260808944702148
-11.258101463317871
-11.271130561828613
-11.276671409606934
-11.260132789611816
-11.250821113586426
-11.265069961547852
-11.230236053466797
-11.265090942382812
-11.231450080871582
-11.24024486541748
-11.242693901062012
-11.214219093322754
-11.187771797180176
-11.197239875793457
-11.216313362121582
-11.220532417297363
-11.230159759521484
-11.249950408935547
-11.245757102966309
-11.244011878967285
-11.22546100616455
-11.157511711120605
-11.189553260803223
-11.244571685791016
-11.250805854797363
-11.226609230041504
-11.207117080688477
-11.165651321411133
-11.222336769104004
-11.23852252960205
-11.256121635437012
-11.247776985168457
-11.248806953430176
-11.235979080200195
-11.227078437805176
-11.220963478088379
-11.235808372497559
-11.250039100646973
-11.260395050048828
-11.241519927978516
-11.227617263793945
-11.200252532958984
-11.230932235717773
-11.263246536254883
-11.239777565002441
-11.276082992553711
-11.249485969543457
-11.21239948272705
-11.225835800170898
-11.279540061950684
-11.271774291992188
-11.260250091552734
-11.23082447052002
-11.236872673034668
-11.240031242370605
-11.264626502990723
-11.271393775939941
-11.27463150024414
-11.232245445251465
-11.229493141174316
-11.222700119018555
-11.251274108886719
-11.281375885009766
-11.249096870422363
-11.252056121826172
-11.217574119567871
-11.229976654052734
-11.25606918334961
-11.24847412109375
-11.23486328125
-11.232884407043457
-11.267388343811035
-11.27710247039795
-11.280107498168945
-11.279816627502441
-11.243916511535645
-11.268730163574219
-11.283231735229492
-11.26650333404541
-11.264930725097656
-11.261557579040527
-11.263075828552246
-11.250567436218262
-11.275681495666504
-11.273210525512695
-11.276473999023438
-11.254441261291504
-11.277924537658691
-11.274681091308594
-11.243709564208984
-11.287238121032715
-11.261693954467773
-11.276541709899902
-11.286153793334961
-11.285816192626953
-11.282210350036621
-11.263113975524902
-11.254571914672852
-11.276378631591797
-11.283868789672852
-11.285964012145996
-11.284895896911621
-11.274347305297852
-11.251651763916016
-11.276376724243164
-11.273042678833008
-11.274633407592773
-11.269657135009766
-11.289530754089355
-11.264596939086914
-11.272237777709961
-11.286892890930176
-11.28011703491211
-11.283503532409668
-11.276795387268066
-11.297712326049805
-11.280664443969727
-11.274142265319824
-11.274139404296875
-11.261173248291016
-11.284213066101074
-11.26760196685791
-11.296436309814453
-11.257424354553223
-11.29256534576416
-11.291221618652344
-11.266329765319824
-11.292588233947754
-11.289549827575684
-11.26155948638916
-11.276473999023438
-11.261922836303711
-11.273909568786621
-11.276259422302246
-11.294852256774902
-11.251852989196777
-11.241995811462402
-11.246573448181152
-11.265052795410156
-11.270658493041992
-11.278305053710938
-11.289655685424805
-11.266944885253906
-11.230368614196777
-11.23984432220459
-11.241372108459473
-11.256613731384277
-11.288190841674805
-11.276202201843262
-11.198726654052734
-11.183732986450195
-11.256369590759277
-11.285085678100586
-11.291337013244629
-11.28380298614502
-11.266084671020508
-11.255620002746582
-11.273919105529785
-11.287622451782227
-11.28807544708252
-11.28054428100586
-11.259967803955078
-11.264911651611328
-11.301650047302246
-11.299250602722168
-11.300060272216797
-11.30905532836914
-11.299595832824707
-11.289944648742676
-11.259549140930176
-11.264328956604004
-11.270076751708984
-11.276249885559082
-11.305699348449707
-11.2566499710083
-11.280604362487793
-11.297021865844727
-11.304471969604492
-11.281782150268555
-11.274906158447266
-11.295098304748535
-11.280988693237305
-11.278084754943848
-11.30343246459961
-11.284768104553223
-11.286561012268066
-11.291108131408691
-11.2973051071167
-11.29912281036377
-11.292706489562988
-11.31241226196289
-11.299076080322266
-11.283291816711426
-11.29024887084961
-11.278545379638672
-11.300609588623047
-11.313776016235352
-11.297776222229004
-11.297761917114258
-11.285356521606445
-11.316205978393555
-11.295666694641113
-11.311738967895508
-11.284605979919434
-11.30002498626709
-11.305338859558105
-11.31374454498291
-11.315787315368652
-11.288922309875488
-11.288762092590332
-11.2699556350708
-11.299169540405273
-11.285689353942871
-11.27538013458252
-11.292407989501953
-11.268660545349121
-11.277360916137695
-11.282559394836426
-11.273422241210938
-11.26844310760498
-11.278178215026855
-11.300921440124512
-11.302995681762695
-11.29344654083252
-11.301368713378906
-11.316858291625977
-11.319772720336914
-11.31195068359375
-11.309809684753418
-11.293572425842285
-11.284513473510742
-11.289956092834473
-11.303199768066406
-11.288788795471191
-11.301197052001953
-11.290099143981934
-11.285338401794434
-11.297991752624512
-11.304948806762695
-11.320076942443848
-11.28852653503418
-11.28854751586914
-11.315979957580566
-11.300797462463379
-11.302251815795898
-11.311351776123047
-11.30505084991455
-11.295690536499023
-11.291618347167969
-11.301605224609375
-11.297467231750488
-11.296740531921387
-11.313737869262695
-11.3121976852417
-11.302392959594727
-11.286823272705078
-11.268030166625977
-11.258219718933105
-11.218545913696289
-11.215047836303711
-11.275355339050293
-11.318512916564941
-11.320577621459961
-11.29787826538086
-11.294856071472168
-11.280061721801758
-11.277398109436035
-11.304471969604492
-11.301650047302246
-11.312424659729004
-11.308727264404297
-11.322857856750488
-11.29944133758545
-11.271172523498535
-11.259624481201172
-11.265789031982422
-11.276379585266113
-11.298625946044922
-11.311362266540527
-11.310419082641602
-11.318625450134277
-11.301036834716797
-11.316951751708984
-11.304051399230957
-11.317154884338379
-11.29663372039795
-11.285176277160645
-11.289072036743164
-11.273473739624023
-11.300766944885254
-11.289052963256836
-11.265985488891602
-11.286737442016602
-11.27656364440918
-11.287678718566895
-11.316105842590332
-11.30760383605957
-11.283167839050293
-11.255244255065918
-11.268857955932617
-11.294286727905273
-11.305000305175781
-11.294075012207031
-11.315155982971191
-11.312887191772461
-11.321510314941406
-11.303420066833496
-11.295103073120117
-11.301641464233398
-11.312666893005371
-11.31274127960205
-11.31855583190918
-11.308866500854492
-11.310956954956055
-11.304518699645996
-11.299254417419434
-11.29981517791748
-11.322240829467773
-11.313482284545898
-11.326091766357422
-11.327201843261719
-11.305441856384277
-11.319567680358887
-11.317224502563477
-11.312671661376953
-11.297913551330566
-11.306452751159668
-11.302062034606934
-11.318376541137695
-11.323107719421387
-11.305180549621582
-11.31412124633789
-11.319388389587402
-11.316503524780273
-11.307929039001465
-11.303173065185547
-11.311342239379883
-11.30296802520752
-11.313995361328125
-11.296154022216797
-11.32164192199707
-11.328856468200684
-11.308643341064453
-11.317671775817871
-11.327750205993652
-11.322237968444824
-11.324313163757324
-11.321993827819824
-11.321364402770996
-11.305179595947266
-11.302001953125
-11.306443214416504
-11.277871131896973
-11.275859832763672
-11.308721542358398
-11.314349174499512
-11.312909126281738
-11.333532333374023
-11.334240913391113
-11.315975189208984
-11.310288429260254
-11.311492919921875
-11.323478698730469
-11.30472183227539
-11.30291748046875
-11.306962013244629
-11.306493759155273
-11.300760269165039
-11.31628131866455
-11.308186531066895
-11.306143760681152
-11.31134033203125
-11.308123588562012
-11.271358489990234
-11.292191505432129
-11.288762092590332
-11.267655372619629
-11.290677070617676
-11.309507369995117
-11.325587272644043
-11.318276405334473
-11.331395149230957
-11.307390213012695
-11.298121452331543
-11.279584884643555
-11.287646293640137
-11.306130409240723
-11.328721046447754
-11.318490982055664
-11.325265884399414
-11.32257080078125
-11.303789138793945
-11.299235343933105
-11.29583740234375
-11.284934997558594
-11.313248634338379
-11.318016052246094
-11.330699920654297
-11.342024803161621
-11.315360069274902
-11.316017150878906
-11.311973571777344
-11.323037147521973
-11.337820053100586
-11.331916809082031
-11.32442569732666
-11.327256202697754
-11.330023765563965
-11.327699661254883
-11.330121994018555
-11.314534187316895
-11.32766056060791
-11.331957817077637
-11.344852447509766
-11.329814910888672
-11.319580078125
-11.32291030883789
-11.322121620178223
-11.321924209594727
-11.323739051818848
-11.316481590270996
-11.29410171508789
-11.296220779418945
-11.310302734375
-11.301359176635742
-11.32730770111084
-11.322951316833496
-11.299321174621582
-11.280986785888672
-11.278170585632324
-11.276619911193848
-11.296167373657227
-11.318099021911621
-11.298188209533691
-11.236254692077637
-11.264358520507812
-11.301605224609375
-11.327621459960938
-11.33061408996582
-11.32792854309082
-11.314718246459961
-11.324389457702637
-11.324357986450195
-11.320996284484863
-11.330041885375977
-11.335824966430664
-11.33751106262207
-11.30727481842041
-11.31940746307373
-11.33851432800293
-11.32224178314209
-11.32959270477295
-11.327563285827637
-11.326260566711426
-11.316112518310547
-11.338966369628906
-11.339746475219727
-11.34423828125
-11.322909355163574
-11.333226203918457
-11.333508491516113
-11.329758644104004
-11.325477600097656
-11.32410717010498
-11.318909645080566
-11.316068649291992
-11.330008506774902
-11.31185531616211
-11.336905479431152
-11.330644607543945
-11.315695762634277
-11.333159446716309
-11.33251667022705
-11.33634090423584
-11.32828140258789
-11.334768295288086
-11.326193809509277
-11.326720237731934
-11.327683448791504
-11.329741477966309
-11.326773643493652
-11.333268165588379
-11.33318042755127
-11.33322525024414
-11.341980934143066
-11.339070320129395
-11.33593463897705
-11.333738327026367
-11.330549240112305
-11.332093238830566
-11.342671394348145
-11.33382797241211
-11.325566291809082
-11.316828727722168
-11.315841674804688
-11.312474250793457
-11.290473937988281
-11.29089069366455
-11.300419807434082
-11.319215774536133
-11.334152221679688
-11.33101749420166
-11.33432388305664
-11.32607650756836
-11.325509071350098
-11.319283485412598
-11.33619499206543
-11.333261489868164
-11.327817916870117
-11.336962699890137
-11.328481674194336
-11.329577445983887
-11.333538055419922
-11.323753356933594
-11.320939064025879
-11.3064603805542
-11.309286117553711
-11.300092697143555
-11.3129243850708
-11.327156066894531
-11.343892097473145
-11.332083702087402
-11.333847045898438
-11.34488582611084
-11.331462860107422
-11.309835433959961
-11.322779655456543
-11.308770179748535
-11.325368881225586
-11.323348999023438
-11.307928085327148
-11.326166152954102
-11.323543548583984
-11.32325553894043
-11.33848762512207
-11.337679862976074
-11.343509674072266
-11.353958129882812
-11.348862648010254
-11.34268569946289
-11.34089183807373
-11.326461791992188
-11.329084396362305
-11.318994522094727
-11.32345199584961
-11.330760955810547
-11.325424194335938
-11.329207420349121
-11.32412052154541
-11.321383476257324
-11.34148120880127
-11.345255851745605
-11.328958511352539
-11.340218544006348
-11.334111213684082
-11.335166931152344
-11.332778930664062
-11.341761589050293
-11.339805603027344
-11.3396635055542
-11.338126182556152
-11.33545970916748
-11.328032493591309
-11.339717864990234
-11.322843551635742
-11.328240394592285
-11.307537078857422
-11.320483207702637
-11.31086540222168
-11.329736709594727
-11.313993453979492
-11.32951831817627
-11.337403297424316
-11.335795402526855
-11.349040985107422
-11.339526176452637
-11.330513000488281
-11.322164535522461
-11.308971405029297
-11.308924674987793
-11.30744743347168
-11.328102111816406
-11.32573127746582
-11.340923309326172
-11.331156730651855
-11.334965705871582
-11.345728874206543
-11.351381301879883
-11.337286949157715
-11.330046653747559
-11.340864181518555
-11.334931373596191
-11.350198745727539
-11.335986137390137
-11.336959838867188
-11.341111183166504
-11.334224700927734
-11.3556547164917
-11.345122337341309
-11.35025405883789
-11.344593048095703
-11.335851669311523
-11.337494850158691
-11.340869903564453
-11.332381248474121
-11.330609321594238
-11.328753471374512
-11.320521354675293
-11.328472137451172
-11.334198951721191
-11.328619956970215
-11.33582592010498
-11.336155891418457
-11.34426212310791
-11.346019744873047
-11.344979286193848
-11.346402168273926
-11.3358736038208
-11.33520793914795
-11.334015846252441
-11.328146934509277
-11.317514419555664
-11.310152053833008
-11.308897018432617
-11.322334289550781
-11.32560920715332
-11.346050262451172
-11.341510772705078
-11.33385944366455
-11.331305503845215
-11.347622871398926
-11.328829765319824
-11.34123706817627
-11.329597473144531
-11.329977989196777
-11.337409019470215
-11.328064918518066
-11.340958595275879
-11.338918685913086
-11.3424072265625
-11.345818519592285
-11.33625602722168
-11.334333419799805
-11.327526092529297
-11.329865455627441
-11.340702056884766
-11.322460174560547
-11.35049057006836
-11.3353853225708
-11.354668617248535
-11.3521728515625
-11.342638969421387
-11.341082572937012
-11.347268104553223
-11.347558975219727
-11.339909553527832
-11.336628913879395
-11.354094505310059
-11.341507911682129
-11.34946060180664
-11.354120254516602
-11.353209495544434
-11.336583137512207
-11.327856063842773
-11.329617500305176
-11.311269760131836
-11.31511402130127
-11.322775840759277
-11.332280158996582
-11.346580505371094
-11.353583335876465
-11.352227210998535
-11.351991653442383
-11.332185745239258
-11.338370323181152
-11.348514556884766
-11.350435256958008
-11.351263999938965
-11.357128143310547
-11.352869987487793
-11.355325698852539
-11.352351188659668
-11.342619895935059
-11.353248596191406
-11.354361534118652
-11.345751762390137
-11.327988624572754
-11.328047752380371
-11.325129508972168
-11.334725379943848
-11.330709457397461
-11.34210205078125
-11.337148666381836
-11.349438667297363
-11.344368934631348
-11.332350730895996
-11.33621883392334
-11.314261436462402
-11.320246696472168
-11.332839012145996
-11.353508949279785
-11.350674629211426
-11.35010814666748
-11.335216522216797
-11.315499305725098
-11.342609405517578
-11.335670471191406
-11.326078414916992
-11.327375411987305
-11.33069133758545
-11.342917442321777
-11.342906951904297
-11.357447624206543
-11.356098175048828
-11.337708473205566
-11.348074913024902
-11.331015586853027
-11.335229873657227
-11.33561897277832
-11.332406997680664
-11.335511207580566
-11.33739948272705
-11.349061965942383
-11.353830337524414
-11.356192588806152
-11.343284606933594
-11.348219871520996
-11.345110893249512
-11.357942581176758
-11.362954139709473
-11.358026504516602
-11.34475040435791
-11.340943336486816
-11.336669921875
-11.3488187789917
-11.338700294494629
-11.346395492553711
-11.34837532043457
-11.358893394470215
-11.35487174987793
-11.357830047607422
-11.346365928649902
-11.350889205932617
-11.345220565795898
-11.330486297607422
-11.34988784790039
-11.347846984863281
-11.345255851745605
-11.347029685974121
-11.347091674804688
-11.352148056030273
-11.350635528564453
-11.346162796020508
-11.354663848876953
-11.35248851776123
-11.360734939575195
-11.348567008972168
-11.360837936401367
-11.35809326171875
-11.35004711151123
-11.348466873168945
-11.35826587677002
-11.352585792541504
-11.355780601501465
-11.351791381835938
-11.361357688903809
-11.35458755493164
-11.355467796325684
-11.345306396484375
-11.351300239562988
-11.347702026367188
-11.349003791809082
-11.347582817077637
-11.345545768737793
-11.343381881713867
-11.320782661437988
-11.317896842956543
-11.323068618774414
-11.321681022644043
-11.340643882751465
-11.339773178100586
-11.339797973632812
-11.339737892150879
-11.336309432983398
-11.335184097290039
-11.33348274230957
-11.319787979125977
-11.327916145324707
-11.343740463256836
-11.350786209106445
-11.339895248413086
-11.323301315307617
-11.303375244140625
-11.301543235778809
-11.308159828186035
-11.347049713134766
-11.359822273254395
-11.357027053833008
-11.345588684082031
-11.325072288513184
-11.321335792541504
-11.324524879455566
-11.33530044555664
-11.352659225463867
-11.359515190124512
-11.351224899291992
-11.330497741699219
-11.31444263458252
-11.33236312866211
-11.350198745727539
-11.351831436157227
-11.358065605163574
-11.352665901184082
-11.333769798278809
-11.322590827941895
-11.310214042663574
-11.336841583251953
-11.353697776794434
-11.358317375183105
-11.360100746154785
-11.341340065002441
-11.329413414001465
-11.32699966430664
-11.346034049987793
-11.34716510772705
-11.356728553771973
-11.357538223266602
-11.351723670959473
-11.359384536743164
-11.355664253234863
-11.357939720153809
-11.362375259399414
-11.358696937561035
-11.351197242736816
-11.351491928100586
-11.362565994262695
-11.357983589172363
-11.360523223876953
-11.368877410888672
-11.354981422424316
-11.361038208007812
-11.361801147460938
-11.361645698547363
-11.37246036529541
-11.364521026611328
-11.35936164855957
-11.346278190612793
-11.348007202148438
-11.346129417419434
-11.357104301452637
-11.349714279174805
-11.355562210083008
-11.35498332977295
-11.368534088134766
-11.358011245727539
-11.36252212524414
-11.368209838867188
-11.360089302062988
-11.351034164428711
-11.3378324508667
-11.337969779968262
-11.324554443359375
-11.341071128845215
-11.356765747070312
-11.361867904663086
-11.362223625183105
-11.355006217956543
-11.356745719909668
-11.338583946228027
-11.33742904663086
-11.34124755859375
-11.348456382751465
-11.365373611450195
-11.357598304748535
-11.359705924987793
-11.367630958557129
-11.352975845336914
-11.34796142578125
-11.361551284790039
-11.360199928283691
-11.36158275604248
-11.358290672302246
-11.36401081085205
-11.366443634033203
-11.363570213317871
-11.355237007141113
-11.339613914489746
-11.337787628173828
-11.337347984313965
-11.341514587402344
-11.347393035888672
-11.347392082214355
-11.362821578979492
-11.3616304397583
-11.365618705749512
-11.355330467224121
-11.361780166625977
-11.348430633544922
-11.342819213867188
-11.335118293762207
-11.348496437072754
-11.361352920532227
-11.355318069458008
-11.363308906555176
-11.36122989654541
-11.3712158203125
-11.360631942749023
-11.355535507202148
-11.35266399383545
-11.352242469787598
-11.351178169250488
-11.357806205749512
-11.363219261169434
-11.363577842712402
-11.366055488586426
-11.362100601196289
-11.363243103027344
-11.35079574584961
-11.355952262878418
-11.339672088623047
-11.348552703857422
-11.352977752685547
-11.353988647460938
-11.359416007995605
-11.364578247070312
-11.364668846130371
-11.359251976013184
-11.364995002746582
-11.363574981689453
-11.363537788391113
-11.359564781188965
-11.358564376831055
-11.357364654541016
-11.350351333618164
-11.349200248718262
-11.350010871887207
-11.345600128173828
-11.355401039123535
-11.357339859008789
-11.363170623779297
-11.36810302734375
-11.355179786682129
-11.351507186889648
-11.331192970275879
-11.321677207946777
-11.33542537689209
-11.358120918273926
-11.36058521270752
-11.36470890045166
-11.361822128295898
-11.36292839050293
-11.367157936096191
-11.371435165405273
-11.367916107177734
-11.3672513961792
-11.35263729095459
-11.350770950317383
-11.3565034866333
-11.358519554138184
-11.361079216003418
-11.362980842590332
-11.366633415222168
-11.367535591125488
-11.363459587097168
-11.37320327758789
-11.364423751831055
-11.353890419006348
-11.328585624694824
-11.33159351348877
-11.336111068725586
-11.348012924194336
-11.35554027557373
-11.367888450622559
-11.363131523132324
-11.365200996398926
-11.362025260925293
-11.36347770690918
-11.360763549804688
-11.37024974822998
-11.356189727783203
-11.35142993927002
-11.344158172607422
-11.33677864074707
-11.341668128967285
-11.353981018066406
-11.353320121765137
-11.367044448852539
-11.365665435791016
-11.363630294799805
-11.368413925170898
-11.370780944824219
-11.36928939819336
-11.370414733886719
-11.363035202026367
-11.352249145507812
-11.337173461914062
-11.329965591430664
-11.32864761352539
-11.353442192077637
-11.367691993713379
-11.36905288696289
-11.362643241882324
-11.35276985168457
-11.3406343460083
-11.335235595703125
-11.352041244506836
-11.362472534179688
-11.370627403259277
-11.363576889038086
-11.364930152893066
-11.358926773071289
-11.351049423217773
-11.360758781433105
-11.364241600036621
-11.361039161682129
-11.375712394714355
-11.374663352966309
-11.381906509399414
-11.368287086486816
-11.368792533874512
-11.376657485961914
-11.376399993896484
-11.362619400024414
-11.373648643493652
-11.36619758605957
-11.366691589355469
-11.360088348388672
-11.357203483581543
-11.364086151123047
-11.364459991455078
-11.377330780029297
-11.38170337677002
-11.366645812988281
-11.370832443237305
-11.365296363830566
-11.364055633544922
-11.372466087341309
-11.371174812316895
-11.372478485107422
-11.362289428710938
-11.351705551147461
-11.339627265930176
-11.331511497497559
-11.338688850402832
-11.35767936706543
-11.367841720581055
-11.368797302246094
-11.368349075317383
-11.381089210510254
-11.372408866882324
-11.37382698059082
-11.365553855895996
-11.366462707519531
-11.37179183959961
-11.365131378173828
-11.367147445678711
-11.373738288879395
-11.370709419250488
-11.376708984375
-11.380412101745605
-11.374321937561035
-11.364704132080078
-11.36907958984375
-11.375396728515625
-11.367427825927734
-11.373906135559082
-11.375720977783203
-11.366813659667969
-11.372750282287598
-11.377057075500488
-11.372093200683594
-11.37530517578125
-11.370165824890137
-11.369345664978027
-11.380166053771973
-11.377150535583496
-11.376246452331543
-11.379573822021484
-11.38516902923584
-11.375226020812988
-11.369906425476074
-11.379022598266602
-11.370543479919434
-11.380488395690918
-11.370841979980469
-11.377195358276367
-11.374073028564453
-11.376617431640625
-11.37824821472168
-11.376243591308594
-11.381678581237793
-11.372210502624512
-11.371092796325684
-11.351036071777344
-11.343073844909668
-11.336125373840332
-11.339021682739258
-11.352204322814941
-11.372965812683105
-11.375149726867676
-11.375706672668457
-11.370287895202637
-11.366560935974121
-11.347559928894043
-11.336616516113281
-11.330896377563477
-11.342251777648926
-11.362629890441895
-11.366787910461426
-11.363527297973633
-11.329477310180664
-11.307000160217285
-11.313115119934082
-11.34315013885498
-11.367873191833496
-11.380239486694336
-11.348255157470703
-11.30695915222168
-11.28215217590332
-11.340065002441406
-11.374011039733887
-11.361968994140625
-11.28980827331543
-11.28297233581543
-11.34374713897705
-11.372323989868164
-11.361772537231445
-11.331872940063477
-11.321264266967773
-11.356050491333008
-11.376490592956543
-11.373929023742676
-11.350614547729492
-11.344080924987793
-11.370465278625488
-11.36865234375
-11.339743614196777
-11.31735610961914
-11.343939781188965
-11.37403392791748
-11.377425193786621
-11.364047050476074
-11.338663101196289
-11.335363388061523
-11.346720695495605
-11.367033958435059
-11.372030258178711
-11.375621795654297
-11.363083839416504
-11.363831520080566
-11.374293327331543
-11.374222755432129
-11.368169784545898
-11.376510620117188
-11.382152557373047
-11.377708435058594
-11.37524127960205
-11.379576683044434
-11.37740421295166
-11.376412391662598
-11.374870300292969
-11.37759780883789
-11.369926452636719
-11.368338584899902
-11.363945960998535
-11.365031242370605
-11.372871398925781
-11.369102478027344
-11.375689506530762
-11.38034725189209
-11.382461547851562
-11.377249717712402
-11.371789932250977
-11.374571800231934
-11.371434211730957
-11.37211799621582
-11.379202842712402
-11.382028579711914
-11.372316360473633
-11.374950408935547
-11.377043724060059
-11.38092041015625
-11.379396438598633
-11.377368927001953
-11.381277084350586
-11.378358840942383
-11.386641502380371
-11.383623123168945
-11.380309104919434
-11.376069068908691
-11.378867149353027
-11.379115104675293
-11.377817153930664
-11.376167297363281
-11.384191513061523
-11.380138397216797
-11.377981185913086
-11.381916999816895
-11.375103950500488
-11.384387969970703
-11.380867958068848
-11.38280963897705
-11.385029792785645
-11.38432502746582
-11.380836486816406
-11.382671356201172
-11.379868507385254
-11.378764152526855
-11.382772445678711
-11.381016731262207
-11.377617835998535
-11.382789611816406
-11.384942054748535
-11.3858060836792
-11.381579399108887
-11.38346004486084
-11.386433601379395
-11.381635665893555
-11.385278701782227
-11.386981964111328
-11.382933616638184
-11.376270294189453
-11.387215614318848
-11.382818222045898
-11.386051177978516
-11.383943557739258
-11.380391120910645
-11.384005546569824
-11.383727073669434
-11.382767677307129
-11.37887191772461
-11.381688117980957
-11.384730339050293
-11.384222030639648
-11.385169982910156
-11.386528015136719
-11.385772705078125
-11.389711380004883
-11.380353927612305
-11.38570785522461
-11.381171226501465
-11.381946563720703
-11.383538246154785
-11.377399444580078
-11.37710952758789
-11.382966041564941
-11.382322311401367
-11.382579803466797
-11.381174087524414
-11.388444900512695
-11.381525993347168
-11.385923385620117
-11.386924743652344
-11.390170097351074
-11.384525299072266
-11.382049560546875
-11.384989738464355
-11.371458053588867
-11.37858772277832
-11.381219863891602
-11.381326675415039
-11.3826322555542
-11.38048267364502
-11.38045883178711
-11.385231971740723
-11.38058090209961
-11.381576538085938
-11.375536918640137
-11.36915111541748
-11.36142349243164
-11.344182014465332
-11.342233657836914
-11.349746704101562
-11.370523452758789
-11.384310722351074
-11.38137435913086
-11.363362312316895
-11.338199615478516
-11.327699661254883
-11.346031188964844
-11.353768348693848
-11.368135452270508
-11.38160228729248
-11.380544662475586
-11.374492645263672
-11.3565673828125
-11.348400115966797
-11.337272644042969
-11.33984375
-11.362828254699707
-11.382015228271484
-11.381444931030273
-11.3687162399292
-11.36552619934082
-11.36201286315918
-11.345721244812012
-11.347830772399902
-11.361475944519043
-11.374932289123535
-11.383523941040039
-11.38697338104248
-11.37823486328125
-11.380610466003418
-11.37777042388916
-11.382569313049316
-11.382678985595703
-11.385046005249023
-11.380049705505371
-11.38217830657959
-11.378954887390137
-11.376554489135742
-11.367513656616211
-11.368294715881348
-11.373398780822754
-11.37494945526123
-11.3877592086792
-11.38772201538086
-11.394070625305176
-11.386470794677734
-11.38131332397461
-11.380942344665527
-11.37332534790039
-11.366669654846191
-11.362699508666992
-11.363887786865234
-11.381940841674805
-11.38841724395752
-11.38582706451416
-11.380139350891113
-11.381003379821777
-11.374746322631836
-11.380309104919434
-11.382455825805664
-11.383207321166992
-11.388790130615234
-11.385895729064941
-11.384197235107422
-11.38638973236084
-11.389178276062012
-11.385967254638672
-11.38494873046875
-11.381919860839844
-11.387969017028809
-11.380831718444824
-11.386434555053711
-11.38239574432373
-11.390106201171875
-11.38718318939209
-11.389629364013672
-11.38862133026123
-11.388745307922363
-11.387605667114258
-11.38003921508789
-11.38630199432373
-11.385478973388672
-11.384674072265625
-11.387157440185547
-11.388350486755371
-11.386055946350098
-11.388199806213379
-11.387657165527344
-11.386677742004395
-11.391414642333984
-11.389701843261719
-11.393265724182129
-11.384657859802246
-11.389667510986328
-11.390253067016602
-11.385204315185547
-11.389830589294434
-11.389947891235352
-11.38897705078125
-11.391109466552734
-11.385401725769043
-11.381211280822754
-11.377397537231445
-11.384546279907227
-11.377359390258789
-11.374743461608887
-11.363558769226074
-11.3711519241333
-11.376293182373047
-11.37218189239502
-11.377527236938477
-11.384096145629883
-11.389914512634277
-11.385990142822266
-11.386695861816406
-11.377413749694824
-11.36858081817627
-11.35291576385498
-11.350337982177734
-11.357589721679688
-11.366467475891113
-11.383099555969238
-11.389847755432129
-11.3866605758667
-11.377297401428223
-11.352960586547852
-11.331782341003418
-11.328740119934082
-11.348856925964355
-11.375297546386719
-11.385248184204102
-11.385095596313477
-11.376058578491211
-11.360002517700195
-11.339734077453613
-11.353933334350586
-11.378546714782715
-11.387251853942871
-11.38957405090332
-11.3700590133667
-11.35308837890625
-11.356223106384277
-11.371758460998535
-11.38365650177002
-11.384846687316895
-11.385519027709961
-11.376399993896484
-11.376106262207031
-11.369039535522461
-11.374701499938965
-11.383340835571289
-11.383544921875
-11.38375186920166
-11.391636848449707
-11.387422561645508
-11.379674911499023
-11.382482528686523
-11.380037307739258
-11.383750915527344
-11.381587982177734
-11.382672309875488
-11.38144588470459
-11.387945175170898
-11.390595436096191
-11.38913631439209
-11.38132095336914
-11.386418342590332
-11.386037826538086
-11.380640983581543
-11.387652397155762
-11.388599395751953
-11.381556510925293
-11.381168365478516
-11.37493896484375
-11.365883827209473
-11.365408897399902
-11.366250991821289
-11.378847122192383
-11.384716987609863
-11.389505386352539
-11.38785457611084
-11.378646850585938
-11.381391525268555
-11.376015663146973
-11.384182929992676
-11.385884284973145
-11.389373779296875
-11.382431983947754
-11.391225814819336
-11.392044067382812
-11.386765480041504
-11.390090942382812
-11.385452270507812
-11.383419036865234
-11.383025169372559
-11.391714096069336
-11.397146224975586
-11.385743141174316
-11.39518928527832
-11.39106273651123
-11.390985488891602
-11.38164234161377
-11.382343292236328
-11.387248992919922
-11.381769180297852
-11.384024620056152
-11.39228630065918
-11.38727855682373
-11.391088485717773
-11.39388370513916
-11.390008926391602
-11.39099407196045
-11.389111518859863
-11.39489459991455
-11.39203929901123
-11.392670631408691
-11.39098072052002
-11.390212059020996
-11.392142295837402
-11.39294147491455
-11.392762184143066
-11.392452239990234
-11.386055946350098
-11.384645462036133
-11.386140823364258
-11.383519172668457
-11.384970664978027
-11.383611679077148
-11.382534980773926
-11.38489818572998
-11.380400657653809
-11.385072708129883
-11.385035514831543
-11.39055061340332
-11.387520790100098
-11.392655372619629
-11.395743370056152
-11.392128944396973
-11.390694618225098
-11.394133567810059
-11.389120101928711
-11.386402130126953
-11.393054008483887
-11.38270092010498
-11.38659381866455
-11.38677978515625
-11.387909889221191
-11.385102272033691
-11.379955291748047
-11.383894920349121
-11.387130737304688
-11.388382911682129
-11.391282081604004
-11.387266159057617
-11.389595031738281
-11.388528823852539
-11.39231014251709
-11.38202953338623
-11.388455390930176
-11.383376121520996
-11.377481460571289
-11.380867958068848
-11.384444236755371
-11.386446952819824
-11.390294075012207
-11.38415813446045
-11.392037391662598
-11.393511772155762
-11.389198303222656
-11.387432098388672
-11.397067070007324
-11.393259048461914
-11.389403343200684
-11.39123249053955
-11.389753341674805
-11.383504867553711
-11.38814926147461
-11.391103744506836
-11.386427879333496
-11.378524780273438
-11.380516052246094
-11.370372772216797
-11.351816177368164
-11.355875968933105
-11.3641996383667
-11.36944580078125
-11.376753807067871
-11.385466575622559
-11.390233993530273
-11.392593383789062
-11.386748313903809
-11.385370254516602
-11.358879089355469
-11.3284912109375
-11.31946849822998
-11.3279390335083
-11.365717887878418
-11.38599967956543
-11.383594512939453
-11.332625389099121
-11.276034355163574
-11.330799102783203
-11.386604309082031
-11.391031265258789
-11.345494270324707
-11.284991264343262
-11.300348281860352
-11.345252990722656
-11.383071899414062
-11.38364028930664
-11.380264282226562
-11.373339653015137
-11.37010669708252
-11.367767333984375
-11.382165908813477
-11.390328407287598
-11.381757736206055
-11.38337230682373
-11.3821439743042
-11.377591133117676
-11.381855010986328
-11.386781692504883
-11.378033638000488
-11.375484466552734
-11.388246536254883
-11.394407272338867
-11.392763137817383
-11.388039588928223
-11.383127212524414
-11.38438606262207
-11.382654190063477
-11.392416954040527
-11.39046573638916
-11.389309883117676
-11.392669677734375
-11.385366439819336
-11.380459785461426
-11.378203392028809
-11.379593849182129
-11.384467124938965
-11.387444496154785
-11.39382266998291
-11.382043838500977
-11.383750915527344
-11.377830505371094
-11.379647254943848
-11.385510444641113
-11.393492698669434
-11.391341209411621
-11.388300895690918
-11.387465476989746
-11.387221336364746
-11.394558906555176
-11.394476890563965
-11.388075828552246
-11.390618324279785
-11.391632080078125
-11.392523765563965
-11.393458366394043
-11.391000747680664
-11.393162727355957
-11.390926361083984
-11.392242431640625
-11.395949363708496
-11.398176193237305
-11.392963409423828
-11.392230987548828
-11.38889217376709
-11.397443771362305
-11.392632484436035
-11.395642280578613
-11.395588874816895
-11.394431114196777
-11.395955085754395
-11.398993492126465
-11.39468765258789
-11.391491889953613
-11.39516544342041
-11.39316177368164
-11.392631530761719
-11.397001266479492
-11.392452239990234
-11.394752502441406
-11.393697738647461
-11.392993927001953
-11.390259742736816
-11.387578010559082
-11.393864631652832
-11.39023494720459
-11.388941764831543
-11.394098281860352
-11.391936302185059
-11.391471862792969
-11.386143684387207
-11.383902549743652
-11.381725311279297
-11.383378982543945
-11.384918212890625
-11.385124206542969
-11.384771347045898
-11.385555267333984
-11.386223793029785
-11.385958671569824
-11.388344764709473
-11.386428833007812
-11.392754554748535
-11.39266586303711
-11.394828796386719
-11.391697883605957
-11.393125534057617
-11.395615577697754
-11.388250350952148
-11.394684791564941
-11.396764755249023
-11.396744728088379
-11.395090103149414
-11.392688751220703
-11.39268970489502
-11.398528099060059
-11.386849403381348
-11.388046264648438
-11.392748832702637
-11.393787384033203
-11.388297080993652
-11.393757820129395
-11.390046119689941
-11.388581275939941
-11.389921188354492
-11.387473106384277
-11.384160995483398
-11.379759788513184
-11.372570991516113
-11.358942031860352
-11.35567855834961
-11.356128692626953
-11.362191200256348
-11.37745475769043
-11.368019104003906
-11.361230850219727
-11.356240272521973
-11.351962089538574
-11.353799819946289
-11.367450714111328
-11.379159927368164
-11.393179893493652
-11.388375282287598
-11.38169002532959
-11.372815132141113
-11.371700286865234
-11.375555038452148
-11.383628845214844
-11.39283561706543
-11.394193649291992
-11.393353462219238
-11.379836082458496
-11.359479904174805
-11.342842102050781
-11.351883888244629
-11.376822471618652
-11.390756607055664
-11.398239135742188
-11.389647483825684
-11.378047943115234
-11.367375373840332
-11.373918533325195
-11.384757041931152
-11.39181137084961
-11.392631530761719
-11.383155822753906
-11.383516311645508
-11.37122917175293
-11.370176315307617
-11.377185821533203
-11.384204864501953
-11.392647743225098
-11.391380310058594
-11.393990516662598
-11.3878755569458
-11.391579627990723
-11.393451690673828
-11.394354820251465
-11.392904281616211
-11.395160675048828
-11.391339302062988
-11.387808799743652
-11.391356468200684
-11.387969970703125
-11.385263442993164
-11.383464813232422
-11.376012802124023
-11.37985897064209
-11.38991641998291
-11.392843246459961
-11.397448539733887
-11.39205551147461
-11.38643741607666
-11.388138771057129
-11.386800765991211
-11.381035804748535
-11.377690315246582
-11.3770751953125
-11.384788513183594
-11.392019271850586
-11.391019821166992
-11.398258209228516
-11.389107704162598
-11.388421058654785
-11.395764350891113
-11.399056434631348
-11.39750862121582
-11.397270202636719
-11.39773178100586
-11.397452354431152
-11.396575927734375
-11.394803047180176
-11.39241886138916
-11.383916854858398
-11.383530616760254
-11.38536262512207
-11.383427619934082
-11.391193389892578
-11.389778137207031
-11.388914108276367
-11.39173412322998
-11.38817024230957
-11.391406059265137
-11.393716812133789
-11.39770793914795
-11.397150993347168
-11.395858764648438
-11.392611503601074
-11.385513305664062
-11.384073257446289
-11.38159465789795
-11.383047103881836
-11.387604713439941
-11.395491600036621
-11.395615577697754
-11.386082649230957
-11.382515907287598
-11.372466087341309
-11.375509262084961
-11.381864547729492
-11.38483715057373
-11.39144515991211
-11.39212417602539
-11.399707794189453
-11.39823055267334
-11.395072937011719
-11.39487075805664
-11.390981674194336
-11.390049934387207
-11.390450477600098
-11.383366584777832
-11.378225326538086
-11.373964309692383
-11.3724946975708
-11.379794120788574
-11.383281707763672
-11.39110279083252
-11.398553848266602
-11.383623123168945
-11.37868595123291
-11.37120532989502
-11.369315147399902
-11.375455856323242
-11.389653205871582
-11.394965171813965
-11.39661979675293
-11.394332885742188
-11.393922805786133
-11.391088485717773
-11.39096450805664
-11.38856029510498
-11.389880180358887
-11.388764381408691
-11.397859573364258
-11.395142555236816
-11.395879745483398
-11.393644332885742
-11.39181900024414
-11.383428573608398
-11.380117416381836
-11.380122184753418
-11.38546371459961
-11.390316009521484
-11.393699645996094
-11.397221565246582
-11.394015312194824
-11.391694068908691
-11.394421577453613
-11.386308670043945
-11.384805679321289
-11.386475563049316
-11.38493824005127
-11.390183448791504
-11.394791603088379
-11.396530151367188
-11.397444725036621
-11.399724960327148
-11.392400741577148
-11.395234107971191
-11.399580001831055
-11.39724063873291
-11.395251274108887
-11.402255058288574
-11.395615577697754
-11.39620304107666
-11.401272773742676
-11.400839805603027
-11.397576332092285
-11.398927688598633
-11.40188217163086
-11.400124549865723
-11.39395523071289
-11.400394439697266
-11.395617485046387
-11.399076461791992
-11.39974308013916
-11.399186134338379
-11.402238845825195
-11.39876937866211
-11.39745044708252
-11.391562461853027
-11.393880844116211
-11.392096519470215
-11.38568115234375
-11.37971019744873
-11.379660606384277
-11.381658554077148
-11.385767936706543
-11.394278526306152
-11.4016752243042
-11.391281127929688
-11.394779205322266
-11.395607948303223
-11.398823738098145
-11.399605751037598
-11.396903991699219
-11.392953872680664
-11.393538475036621
-11.39499282836914
-11.391524314880371
-11.393401145935059
-11.392964363098145
-11.394341468811035
-11.39683723449707
-11.399271011352539
-11.39935302734375
-11.395792961120605
-11.396125793457031
-11.398165702819824
-11.395445823669434
-11.396463394165039
-11.390132904052734
-11.384567260742188
-11.378462791442871
-11.375411033630371
-11.368566513061523
-11.377971649169922
-11.383177757263184
-11.380489349365234
-11.380838394165039
-11.385481834411621
-11.39304256439209
-11.394939422607422
-11.391288757324219
-11.394001007080078
-11.39115047454834
-11.380888938903809
-11.385037422180176
-11.373801231384277
-11.368751525878906
-11.367938995361328
-11.378016471862793
-11.388269424438477
-11.394242286682129
-11.391900062561035
-11.370348930358887
-11.357687950134277
-11.352185249328613
-11.370338439941406
-11.386934280395508
