loss_s
-2.878187417984009
-2.8731155395507812
-2.913059711456299
-2.9922614097595215
-2.9554479122161865
-2.9975650310516357
-3.0720090866088867
-3.0007576942443848
-3.154374122619629
-3.095602512359619
-3.204526901245117
-3.170846939086914
-3.2116944789886475
-3.304020404815674
-3.357536554336548
-3.4062604904174805
-3.4785208702087402
-3.627889633178711
-3.693079948425293
-3.7599806785583496
-3.8791556358337402
-3.984985113143921
-4.174700736999512
-4.466037273406982
-4.647294044494629
-4.9044623374938965
-5.144735336303711
-5.053893566131592
-4.818003177642822
-4.751802444458008
-4.793778896331787
-4.885321140289307
-4.863891124725342
-5.0735015869140625
-5.16516637802124
-5.166912078857422
-5.131040096282959
-5.034160137176514
-5.176811695098877
-5.100660800933838
-5.081697940826416
-5.209877014160156
-5.145833492279053
-5.257879734039307
-5.339755535125732
-5.263702869415283
-5.351563930511475
-5.193797588348389
-5.401103973388672
-5.269137859344482
-5.266515254974365
-5.333185195922852
-5.3128814697265625
-5.464794635772705
-5.3455400466918945
-5.39861536026001
-5.58506965637207
-5.459880828857422
-5.430699825286865
-5.414669990539551
-5.555449485778809
-5.580273628234863
-5.541894435882568
-5.543306827545166
-5.55121374130249
-5.600536823272705
-5.582681179046631
-5.576080799102783
-5.654028415679932
-5.711254596710205
-5.663120269775391
-5.710893154144287
-5.716001033782959
-5.801791667938232
-5.8125457763671875
-5.881585121154785
-5.906481742858887
-5.956155300140381
-6.038251876831055
-5.95502233505249
-5.941317081451416
-6.184302806854248
-6.094332218170166
-6.2267608642578125
-6.218893527984619
-6.381518840789795
-6.0668439865112305
-6.206156253814697
-6.48684024810791
-6.360655307769775
-6.514566421508789
-6.625679969787598
-6.577000141143799
-6.495474815368652
-6.783047199249268
-6.756809711456299
-6.6334638595581055
-6.751528263092041
-6.931056499481201
-6.84693717956543
-6.8135199546813965
-6.829775333404541
-6.885993003845215
-7.016632080078125
-6.801490783691406
-6.865148067474365
-7.038990020751953
-7.041738510131836
-7.099562644958496
-7.151232719421387
-7.295376300811768
-7.143752098083496
-7.130761623382568
-7.260595798492432
-7.161473274230957
-7.204833507537842
-7.3622636795043945
-7.40333366394043
-7.4440107345581055
-7.501420497894287
-7.2685017585754395
-7.462765693664551
-7.396096229553223
-7.391551971435547
-7.446602821350098
-7.379446983337402
-7.329684257507324
-7.503945350646973
-7.280815124511719
-7.350439548492432
-7.4768500328063965
-7.428668022155762
-7.4393134117126465
-7.560934066772461
-7.509692668914795
-7.435549736022949
-7.636592864990234
-7.533748149871826
-7.485385417938232
-7.689876079559326
-7.644883155822754
-7.594444274902344
-7.836910247802734
-7.698065280914307
-7.8067498207092285
-7.790471076965332
-7.59741735458374
-7.777744770050049
-7.916253089904785
-7.729283332824707
-7.896831035614014
-7.771154880523682
-7.7820143699646
-7.859902858734131
-7.940152645111084
-7.73218297958374
-7.950674057006836
-7.840749263763428
-7.902717113494873
-7.797149658203125
-7.919893741607666
-7.918599605560303
-7.823797225952148
-7.89329719543457
-7.954670429229736
-7.8945631980896
-7.835818767547607
-7.824221134185791
-7.856451034545898
-7.91866397857666
-7.811427116394043
-7.951139450073242
-7.975626468658447
-7.991094589233398
-7.877505302429199
-7.921718120574951
-7.96360445022583
-7.994448661804199
-8.008228302001953
-8.044862747192383
-8.031954765319824
-8.020537376403809
-8.040963172912598
-7.994398593902588
-7.939017295837402
-8.028276443481445
-8.050129890441895
-8.128538131713867
-7.9825119972229
-8.014907836914062
-8.054289817810059
-8.047525405883789
-8.031835556030273
-8.068517684936523
-8.13727855682373
-8.038373947143555
-8.105173110961914
-8.038515090942383
-8.124326705932617
-7.84977388381958
-8.060761451721191
-7.995567798614502
-8.056175231933594
-8.02977466583252
-8.081072807312012
-8.154717445373535
-8.031542778015137
-8.065838813781738
-8.088295936584473
-7.927894592285156
-8.118317604064941
-8.078827857971191
-8.111021995544434
-7.999027252197266
-8.17314624786377
-8.12757682800293
-8.114017486572266
-8.090396881103516
-8.175819396972656
-8.137371063232422
-8.185479164123535
-8.158960342407227
-8.229124069213867
-8.194167137145996
-8.189942359924316
-8.199116706848145
-8.165026664733887
-8.145539283752441
-8.127861976623535
-7.9699387550354
-8.161774635314941
-8.175201416015625
-8.112202644348145
-8.098539352416992
-8.108541488647461
-8.16779613494873
-8.185304641723633
-8.167651176452637
-8.064045906066895
-8.186100006103516
-8.155749320983887
-8.218283653259277
-8.136258125305176
-8.133770942687988
-8.126185417175293
-8.129487991333008
-8.071626663208008
-8.090580940246582
-7.988501071929932
-8.203509330749512
-8.066109657287598
-8.14012622833252
-8.148545265197754
-8.18701457977295
-8.128965377807617
-8.165667533874512
-8.251245498657227
-8.209842681884766
-8.255824089050293
-8.12436580657959
-8.214923858642578
-8.22314739227295
-8.20077133178711
-8.242097854614258
-8.280963897705078
-8.248774528503418
-8.277615547180176
-8.13679313659668
-8.196358680725098
-8.155755996704102
-8.206100463867188
-8.218944549560547
-8.233843803405762
-8.170343399047852
-8.197104454040527
-8.261301040649414
-8.215154647827148
-8.266361236572266
-8.225926399230957
-8.284844398498535
-8.230128288269043
-8.261434555053711
-8.246711730957031
-8.13472843170166
-8.129471778869629
-8.231714248657227
-8.095794677734375
-8.21981430053711
-8.145364761352539
-8.076589584350586
-8.318341255187988
-7.95543909072876
-8.3041410446167
-8.160874366760254
-8.25720500946045
-8.2757568359375
-8.146343231201172
-8.242364883422852
-8.251818656921387
-8.295713424682617
-8.29201602935791
-8.262420654296875
-8.281875610351562
-8.280265808105469
-8.305953025817871
-8.269041061401367
-8.295426368713379
-8.269754409790039
-8.097769737243652
-8.250330924987793
-8.142955780029297
-8.254190444946289
-8.257688522338867
-8.204143524169922
-8.148957252502441
-8.302689552307129
-8.318642616271973
-8.237577438354492
-8.34465503692627
-8.303481101989746
-8.270487785339355
-8.258796691894531
-8.227402687072754
-8.274497032165527
-8.191019058227539
-8.320920944213867
-8.227675437927246
-8.325752258300781
-8.248286247253418
-8.319993019104004
-8.294769287109375
-8.307117462158203
-8.322722434997559
-8.266742706298828
-8.247803688049316
-8.28530502319336
-8.303047180175781
-8.358868598937988
-8.211864471435547
-8.302709579467773
-8.27396297454834
-8.322263717651367
-8.19373893737793
-8.314314842224121
-8.243147850036621
-8.329665184020996
-8.320801734924316
-8.343077659606934
-8.28847885131836
-8.265811920166016
-8.321890830993652
-8.23869514465332
-8.320840835571289
-8.296953201293945
-8.17513656616211
-8.337879180908203
-8.216466903686523
-8.306059837341309
-8.285504341125488
-8.21840763092041
-8.27995491027832
-8.203425407409668
-8.328503608703613
-8.262144088745117
-8.364508628845215
-8.20246410369873
-8.344414710998535
-8.206659317016602
-8.297677040100098
-8.330273628234863
-8.28776741027832
-8.274998664855957
-8.366416931152344
-8.303465843200684
-8.323567390441895
-8.35059928894043
-8.330164909362793
-8.319912910461426
-8.279802322387695
-8.320902824401855
-8.28089427947998
-8.332324028015137
-8.259428977966309
-8.31774616241455
-8.368969917297363
-8.266417503356934
-8.34400749206543
-8.196038246154785
-8.344566345214844
-8.346101760864258
-8.317317008972168
-8.40916633605957
-8.318897247314453
-8.357669830322266
-8.330408096313477
-8.351944923400879
-8.373740196228027
-8.368968963623047
-8.395861625671387
-8.380763053894043
-8.376669883728027
-8.359443664550781
-8.363012313842773
-8.29928970336914
-8.346464157104492
-8.346891403198242
-8.371275901794434
-8.32829475402832
-8.392416000366211
-8.38646411895752
-8.332584381103516
-8.399322509765625
-8.357730865478516
-8.415779113769531
-8.359053611755371
-8.386542320251465
-8.39727783203125
-8.390317916870117
-8.412494659423828
-8.349895477294922
-8.39458179473877
-8.391417503356934
-8.40189266204834
-8.397053718566895
-8.385444641113281
-8.393871307373047
-8.391156196594238
-8.401544570922852
-8.397017478942871
-8.43815803527832
-8.354382514953613
-8.403889656066895
-8.32658863067627
-8.394929885864258
-8.399096488952637
-8.430804252624512
-8.420080184936523
-8.36904239654541
-8.400367736816406
-8.326592445373535
-8.440561294555664
-8.358192443847656
-8.394124031066895
-8.267014503479004
-8.35098648071289
-8.336633682250977
-8.30972671508789
-8.391830444335938
-8.248517036437988
-8.344510078430176
-8.20432186126709
-8.237300872802734
-8.364648818969727
-8.181934356689453
-8.374724388122559
-8.20845890045166
-8.342632293701172
-8.317119598388672
-8.270615577697754
-8.409416198730469
-8.337796211242676
-8.270527839660645
-8.37028980255127
-8.248506546020508
-8.375792503356934
-8.295390129089355
-8.203047752380371
-8.401326179504395
-8.327010154724121
-8.354063987731934
-8.349839210510254
-8.27964973449707
-8.394091606140137
-8.375260353088379
-8.349383354187012
-8.37762451171875
-8.313039779663086
-8.396781921386719
-8.399402618408203
-8.422842025756836
-8.404584884643555
-8.42368221282959
-8.405455589294434
-8.427637100219727
-8.391509056091309
-8.421147346496582
-8.420136451721191
-8.48491382598877
-8.4146089553833
-8.442378044128418
-8.416280746459961
-8.435429573059082
-8.41620922088623
-8.453214645385742
-8.430499076843262
-8.44797420501709
-8.352054595947266
-8.420833587646484
-8.35128402709961
-8.385072708129883
-8.349913597106934
-8.397540092468262
-8.377974510192871
-8.396647453308105
-8.441812515258789
-8.307941436767578
-8.445352554321289
-8.287782669067383
-8.403510093688965
-8.373412132263184
-8.33335018157959
-8.423073768615723
-8.359328269958496
-8.386277198791504
-8.409345626831055
-8.415410041809082
-8.36055850982666
-8.420550346374512
-8.368220329284668
-8.425493240356445
-8.354762077331543
-8.414636611938477
-8.411639213562012
-8.321059226989746
-8.442578315734863
-8.385072708129883
-8.352845191955566
-8.394089698791504
-8.334897994995117
-8.424234390258789
-8.32430648803711
-8.420586585998535
-8.344016075134277
-8.376797676086426
-8.441672325134277
-8.408930778503418
-8.332076072692871
-8.459187507629395
-8.293436050415039
-8.419656753540039
-8.373414993286133
-8.365797996520996
-8.452611923217773
-8.315288543701172
-8.419929504394531
-8.337297439575195
-8.310395240783691
-8.457220077514648
-8.18913745880127
-8.363783836364746
-8.357321739196777
-8.310633659362793
-8.466200828552246
-8.324180603027344
-8.286890029907227
-8.392375946044922
-8.326066970825195
-8.40939998626709
-8.388428688049316
-8.237174034118652
-8.455778121948242
-8.191216468811035
-8.324731826782227
-8.375099182128906
-8.170548439025879
-8.424468040466309
-8.211833953857422
-8.281367301940918
-8.460954666137695
-8.397671699523926
-8.216524124145508
-8.445878982543945
-8.310281753540039
-8.326085090637207
-8.442341804504395
-8.340456008911133
-8.400495529174805
-8.397788047790527
-8.366605758666992
-8.463446617126465
-8.439533233642578
-8.385706901550293
-8.447778701782227
-8.391007423400879
-8.467347145080566
-8.483942985534668
-8.410350799560547
-8.43889045715332
-8.403401374816895
-8.434416770935059
-8.408415794372559
-8.443886756896973
-8.44670581817627
-8.39505672454834
-8.47983169555664
-8.455184936523438
-8.442645072937012
-8.450897216796875
-8.460835456848145
-8.455550193786621
-8.467891693115234
-8.460127830505371
-8.485261917114258
-8.474185943603516
-8.425904273986816
-8.455531120300293
-8.442702293395996
-8.430534362792969
-8.461601257324219
-8.465721130371094
-8.469515800476074
-8.474736213684082
-8.463348388671875
-8.435881614685059
-8.429276466369629
-8.451558113098145
-8.485764503479004
-8.412142753601074
-8.479100227355957
-8.391215324401855
-8.47050666809082
-8.445578575134277
-8.45014762878418
-8.48970890045166
-8.42926025390625
-8.49428653717041
-8.487539291381836
-8.448698043823242
-8.464999198913574
-8.47092056274414
-8.466348648071289
-8.467679977416992
-8.498062133789062
-8.498333930969238
-8.470914840698242
-8.485213279724121
-8.452204704284668
-8.435746192932129
-8.44841480255127
-8.438396453857422
-8.482187271118164
-8.400090217590332
-8.482197761535645
-8.47880744934082
-8.443222999572754
-8.488149642944336
-8.493253707885742
-8.42327880859375
-8.443511962890625
-8.398478507995605
-8.485058784484863
-8.466160774230957
-8.452649116516113
-8.46817684173584
-8.414615631103516
-8.469557762145996
-8.454339027404785
-8.443157196044922
-8.450272560119629
-8.498430252075195
-8.492627143859863
-8.483980178833008
-8.499726295471191
-8.473050117492676
-8.469243049621582
-8.472561836242676
-8.473447799682617
-8.498781204223633
-8.439804077148438
-8.49232006072998
-8.47078800201416
-8.509795188903809
-8.497058868408203
-8.503630638122559
-8.491893768310547
-8.498207092285156
-8.472238540649414
-8.480413436889648
-8.463179588317871
-8.489328384399414
-8.460460662841797
-8.472305297851562
-8.4298734664917
-8.461864471435547
-8.430635452270508
-8.432538032531738
-8.438150405883789
-8.479846954345703
-8.48656940460205
-8.48394775390625
-8.36617660522461
-8.481870651245117
-8.362775802612305
-8.488641738891602
-8.47485637664795
-8.46738338470459
-8.485011100769043
-8.501148223876953
-8.441386222839355
-8.491477966308594
-8.411635398864746
-8.496414184570312
-8.409161567687988
-8.465482711791992
-8.477252006530762
-8.404698371887207
-8.52285099029541
-8.422389030456543
-8.405050277709961
-8.409276962280273
-8.45166015625
-8.493935585021973
-8.493576049804688
-8.506795883178711
-8.478412628173828
-8.496301651000977
-8.45451831817627
-8.488645553588867
-8.447689056396484
-8.497565269470215
-8.487162590026855
-8.470337867736816
-8.498482704162598
-8.513887405395508
-8.493992805480957
-8.50052261352539
-8.497493743896484
-8.507499694824219
-8.484454154968262
-8.517857551574707
-8.46106243133545
-8.479267120361328
-8.450791358947754
-8.510811805725098
-8.487649917602539
-8.511523246765137
-8.502538681030273
-8.491113662719727
-8.470316886901855
-8.470172882080078
-8.503806114196777
-8.473557472229004
-8.504437446594238
-8.49870777130127
-8.482556343078613
-8.50146770477295
-8.472050666809082
-8.492391586303711
-8.504937171936035
-8.439712524414062
-8.506163597106934
-8.47113037109375
-8.508097648620605
-8.513623237609863
-8.420473098754883
-8.464920997619629
-8.448653221130371
-8.503379821777344
-8.39715576171875
-8.500383377075195
-8.50436782836914
-8.487954139709473
-8.493605613708496
-8.505990982055664
-8.476241111755371
-8.527454376220703
-8.520282745361328
-8.476799964904785
-8.517271995544434
-8.528193473815918
-8.39980411529541
-8.493846893310547
-8.438097953796387
-8.494791030883789
-8.395026206970215
-8.475334167480469
-8.413410186767578
-8.509260177612305
-8.50353717803955
-8.457653999328613
-8.524478912353516
-8.485889434814453
-8.474993705749512
-8.482857704162598
-8.51778507232666
-8.48717975616455
-8.528107643127441
-8.362935066223145
-8.51473331451416
-8.386066436767578
-8.488253593444824
-8.514764785766602
-8.3728666305542
-8.501825332641602
-8.28009033203125
-8.468916893005371
-8.436603546142578
-8.471275329589844
-8.50661563873291
-8.347984313964844
-8.516489028930664
-8.458373069763184
-8.488951683044434
-8.480881690979004
-8.48622989654541
-8.517526626586914
-8.491093635559082
-8.498857498168945
-8.517966270446777
-8.474365234375
-8.506349563598633
-8.515607833862305
-8.513274192810059
-8.514594078063965
-8.510848045349121
-8.497320175170898
-8.522994041442871
-8.523359298706055
-8.532840728759766
-8.512627601623535
-8.517208099365234
-8.511600494384766
-8.535069465637207
-8.500506401062012
-8.489297866821289
-8.498762130737305
-8.52737808227539
-8.472349166870117
-8.492778778076172
-8.512441635131836
-8.516616821289062
-8.516538619995117
-8.526296615600586
-8.504620552062988
-8.47935676574707
-8.521599769592285
-8.497611045837402
-8.455405235290527
-8.42996883392334
-8.39731216430664
-8.501954078674316
-8.428285598754883
-8.500508308410645
-8.479043960571289
-8.486014366149902
-8.50976848602295
-8.531122207641602
-8.50625228881836
-8.506354331970215
-8.533004760742188
-8.525580406188965
-8.511865615844727
-8.514568328857422
-8.506023406982422
-8.519067764282227
-8.524362564086914
-8.505173683166504
-8.500621795654297
-8.496710777282715
-8.52168083190918
-8.500161170959473
-8.531380653381348
-8.50210952758789
-8.51547622680664
-8.539420127868652
-8.491392135620117
-8.537030220031738
-8.467477798461914
-8.435818672180176
-8.431793212890625
-8.448136329650879
-8.505833625793457
-8.496461868286133
-8.509391784667969
-8.446005821228027
-8.469902038574219
-8.513859748840332
-8.33112621307373
-8.5194091796875
-8.372964859008789
-8.522507667541504
-8.503483772277832
-8.459376335144043
-8.466227531433105
-8.485785484313965
-8.511656761169434
-8.427836418151855
-8.530278205871582
-8.498322486877441
-8.50786018371582
-8.509020805358887
-8.508581161499023
-8.514827728271484
-8.5269775390625
-8.524815559387207
-8.484365463256836
-8.482547760009766
-8.491700172424316
-8.531956672668457
-8.447463989257812
-8.519387245178223
-8.524786949157715
-8.514264106750488
-8.532344818115234
-8.477555274963379
-8.523309707641602
-8.516045570373535
-8.520794868469238
-8.499739646911621
-8.520976066589355
-8.498316764831543
-8.515605926513672
-8.516022682189941
-8.53258228302002
-8.527811050415039
-8.499894142150879
-8.530333518981934
-8.510130882263184
-8.485806465148926
-8.527688980102539
-8.416008949279785
-8.525541305541992
-8.488892555236816
-8.530332565307617
-8.522615432739258
-8.51282787322998
-8.51378059387207
-8.49343204498291
-8.526960372924805
-8.50818157196045
-8.537694931030273
-8.509540557861328
-8.497196197509766
-8.533897399902344
-8.471964836120605
-8.523387908935547
-8.515589714050293
-8.483768463134766
-8.507760047912598
-8.402729034423828
-8.433372497558594
-8.509801864624023
-8.532089233398438
-8.516926765441895
-8.54065227508545
-8.53079891204834
-8.504044532775879
-8.534581184387207
-8.510313987731934
-8.521285057067871
-8.482023239135742
-8.541108131408691
-8.530421257019043
-8.496119499206543
-8.53857135772705
-8.533196449279785
-8.472780227661133
-8.524205207824707
-8.42399787902832
-8.523157119750977
-8.460478782653809
-8.523155212402344
-8.479618072509766
-8.519145965576172
-8.48719310760498
-8.539064407348633
-8.491345405578613
-8.521528244018555
-8.538480758666992
-8.522832870483398
-8.535693168640137
-8.534212112426758
-8.525959968566895
-8.513157844543457
-8.516219139099121
-8.50571060180664
-8.532530784606934
-8.531187057495117
-8.479486465454102
-8.539766311645508
-8.542932510375977
-8.486361503601074
-8.518901824951172
-8.503423690795898
-8.506244659423828
-8.528458595275879
-8.49404525756836
-8.512397766113281
-8.475385665893555
-8.423722267150879
-8.470870971679688
-8.45516586303711
-8.529626846313477
-8.46191120147705
-8.471487045288086
-8.490344047546387
-8.409322738647461
-8.545862197875977
-8.361963272094727
-8.491655349731445
-8.404851913452148
-8.4619722366333
-8.511592864990234
-8.471786499023438
-8.534674644470215
-8.445131301879883
-8.472628593444824
-8.496511459350586
-8.446187019348145
-8.509889602661133
-8.398360252380371
-8.512079238891602
-8.504059791564941
-8.434985160827637
-8.525866508483887
-8.400485038757324
-8.522737503051758
-8.459949493408203
-8.499371528625488
-8.516315460205078
-8.422184944152832
-8.5345458984375
-8.413046836853027
-8.530057907104492
-8.517425537109375
-8.505250930786133
-8.529276847839355
-8.480395317077637
-8.531341552734375
-8.53339672088623
-8.475362777709961
-8.529613494873047
-8.481836318969727
-8.5472412109375
-8.52646541595459
-8.504605293273926
-8.535538673400879
-8.474481582641602
-8.529014587402344
-8.529618263244629
-8.53255558013916
-8.53378677368164
-8.521388053894043
-8.535781860351562
-8.398893356323242
-8.505056381225586
-8.40004825592041
-8.474309921264648
-8.493834495544434
-8.51645278930664
-8.536325454711914
-8.533899307250977
-8.524052619934082
-8.522271156311035
-8.518478393554688
-8.547943115234375
-8.501871109008789
-8.543253898620605
-8.512351989746094
-8.527117729187012
-8.528993606567383
-8.510621070861816
-8.53646469116211
-8.531935691833496
-8.535111427307129
-8.52875804901123
-8.531243324279785
-8.55696964263916
-8.515008926391602
-8.506892204284668
-8.529519081115723
-8.531976699829102
-8.553524017333984
-8.526979446411133
-8.481452941894531
-8.528429985046387
-8.463274955749512
-8.503457069396973
-8.451852798461914
-8.449586868286133
-8.519824981689453
-8.498266220092773
-8.532906532287598
-8.467154502868652
-8.531034469604492
-8.48982048034668
-8.509416580200195
-8.536558151245117
-8.545367240905762
-8.53432846069336
-8.524479866027832
-8.530160903930664
-8.530439376831055
-8.541176795959473
-8.492450714111328
-8.530777931213379
-8.514707565307617
-8.542182922363281
-8.460611343383789
-8.539754867553711
-8.538396835327148
-8.525176048278809
-8.538942337036133
-8.520735740661621
-8.54471206665039
-8.532119750976562
-8.5281982421875
-8.508548736572266
-8.491360664367676
-8.51579475402832
-8.54941463470459
-8.461819648742676
-8.524799346923828
-8.41639232635498
-8.524687767028809
-8.494019508361816
-8.515769004821777
-8.5331392288208
-8.484796524047852
-8.53671932220459
-8.532975196838379
-8.455384254455566
-8.532156944274902
-8.472186088562012
-8.522904396057129
-8.504308700561523
-8.48173713684082
-8.52393913269043
-8.413861274719238
-8.455991744995117
-8.355896949768066
-8.406286239624023
-8.521312713623047
-8.401083946228027
-8.453560829162598
-8.443815231323242
-8.434318542480469
-8.510987281799316
-8.492077827453613
-8.500980377197266
-8.511536598205566
-8.526214599609375
-8.545920372009277
-8.553817749023438
-8.497639656066895
-8.535367965698242
-8.539863586425781
-8.475720405578613
-8.526589393615723
-8.465216636657715
-8.509653091430664
-8.51577091217041
-8.34946346282959
-8.544775009155273
-8.504074096679688
-8.404086112976074
-8.523188591003418
-8.35012435913086
-8.470236778259277
-8.298683166503906
-8.183716773986816
-8.550329208374023
-8.317047119140625
-8.407087326049805
-8.5142240524292
-8.283747673034668
-8.477930068969727
-8.357823371887207
-8.47091293334961
-8.530863761901855
-8.270587921142578
-8.455452919006348
-8.517427444458008
-8.299568176269531
-8.511148452758789
-8.378215789794922
-8.344820976257324
-8.528194427490234
-8.37752914428711
-8.511885643005371
-8.485696792602539
-8.464986801147461
-8.537321090698242
-8.428511619567871
-8.466383934020996
-8.547195434570312
-8.371054649353027
-8.421159744262695
-8.481635093688965
-8.42724895477295
-8.529194831848145
-8.457656860351562
-8.52502727508545
-8.535520553588867
-8.504313468933105
-8.538641929626465
-8.54572582244873
-8.48180866241455
-8.532352447509766
-8.536569595336914
-8.522953987121582
-8.538739204406738
-8.546612739562988
-8.524407386779785
-8.53195858001709
-8.526717185974121
-8.494690895080566
-8.532729148864746
-8.47563648223877
-8.539777755737305
-8.547585487365723
-8.49878978729248
-8.543092727661133
-8.447915077209473
-8.516090393066406
-8.483781814575195
-8.485008239746094
-8.542407035827637
-8.442998886108398
-8.442721366882324
-8.539722442626953
-8.367758750915527
-8.5203218460083
-8.500670433044434
-8.449135780334473
-8.536181449890137
-8.507049560546875
-8.499804496765137
-8.545458793640137
-8.472732543945312
-8.53156852722168
-8.540323257446289
-8.539384841918945
-8.543670654296875
-8.521858215332031
-8.549213409423828
-8.52833080291748
-8.542693138122559
-8.546438217163086
-8.525044441223145
-8.543994903564453
-8.518331527709961
-8.544061660766602
-8.531065940856934
-8.503798484802246
-8.53209114074707
-8.520705223083496
-8.554073333740234
-8.517317771911621
-8.54621410369873
-8.518305778503418
-8.542397499084473
-8.496931076049805
-8.539093971252441
-8.543375968933105
-8.546523094177246
-8.548261642456055
-8.477761268615723
-8.460234642028809
-8.540692329406738
-8.522865295410156
-8.522019386291504
-8.541228294372559
-8.492321014404297
-8.536017417907715
-8.471415519714355
-8.559273719787598
-8.321988105773926
-8.535419464111328
-8.419107437133789
-8.429388999938965
-8.524916648864746
-8.41339111328125
-8.50135612487793
-8.54351806640625
-8.460633277893066
-8.546049118041992
-8.450767517089844
-8.508844375610352
-8.50464916229248
-8.453179359436035
-8.543663024902344
-8.350031852722168
-8.49438190460205
-8.399225234985352
-8.407825469970703
-8.536048889160156
-8.437919616699219
-8.486067771911621
-8.52041244506836
-8.413546562194824
-8.509270668029785
-8.458139419555664
-8.413643836975098
-8.543639183044434
-8.326031684875488
-8.501023292541504
-8.46936321258545
-8.47828197479248
-8.508316993713379
-8.354702949523926
-8.46287727355957
-8.530107498168945
-8.376224517822266
-8.51730728149414
-8.46210765838623
-8.444316864013672
-8.537288665771484
-8.445186614990234
-8.40287971496582
-8.533966064453125
-8.389573097229004
-8.495598793029785
-8.54558277130127
-8.468281745910645
-8.512887001037598
-8.516364097595215
-8.426351547241211
-8.526677131652832
-8.490817070007324
-8.543410301208496
-8.550043106079102
-8.531487464904785
-8.547514915466309
-8.536287307739258
-8.540254592895508
-8.555363655090332
-8.527597427368164
-8.507688522338867
-8.542584419250488
-8.530189514160156
-8.508536338806152
-8.515777587890625
-8.506134033203125
-8.522128105163574
-8.538392066955566
-8.529427528381348
-8.54327392578125
-8.520228385925293
-8.547432899475098
-8.53754997253418
-8.554386138916016
-8.538477897644043
-8.549951553344727
-8.533048629760742
-8.550321578979492
-8.543359756469727
-8.546895027160645
-8.502100944519043
-8.549697875976562
-8.531928062438965
-8.555809020996094
-8.555962562561035
-8.540539741516113
-8.54898738861084
-8.549549102783203
-8.560063362121582
-8.558231353759766
-8.550052642822266
-8.545137405395508
-8.545967102050781
-8.558096885681152
-8.548980712890625
-8.54352855682373
-8.531072616577148
-8.52252197265625
-8.55008316040039
-8.551734924316406
-8.548508644104004
-8.52249526977539
-8.553818702697754
-8.539920806884766
-8.551915168762207
-8.548463821411133
-8.545047760009766
-8.553009033203125
-8.543996810913086
-8.54316520690918
-8.500532150268555
-8.572168350219727
-8.507231712341309
-8.484724044799805
-8.489456176757812
-8.452638626098633
-8.551216125488281
-8.47583293914795
-8.564776420593262
-8.54338550567627
-8.510232925415039
-8.53795337677002
-8.4671049118042
-8.551292419433594
-8.44278621673584
-8.550582885742188
-8.499204635620117
-8.514549255371094
-8.541854858398438
-8.440065383911133
-8.524419784545898
-8.357243537902832
-8.527237892150879
-8.52904987335205
-8.52245807647705
-8.540417671203613
-8.519311904907227
-8.537578582763672
-8.542899131774902
-8.545829772949219
-8.530847549438477
-8.551800727844238
-8.553852081298828
-8.545585632324219
-8.541090965270996
-8.546802520751953
-8.542218208312988
-8.539643287658691
-8.513606071472168
-8.5501127243042
-8.541036605834961
-8.55588436126709
-8.529712677001953
-8.553410530090332
-8.552556991577148
-8.541166305541992
-8.553837776184082
-8.53125286102295
-8.537195205688477
-8.473716735839844
-8.550512313842773
-8.52845573425293
-8.489258766174316
-8.549063682556152
-8.464502334594727
-8.555558204650879
-8.50876522064209
-8.497001647949219
-8.538426399230957
-8.47392749786377
-8.547205924987793
-8.525882720947266
-8.550601959228516
-8.502606391906738
-8.54470443725586
-8.523529052734375
-8.54675579071045
-8.538077354431152
-8.530014991760254
-8.55691146850586
-8.51992130279541
-8.53681755065918
-8.531042098999023
-8.549153327941895
-8.551170349121094
-8.502115249633789
-8.544651985168457
-8.544256210327148
-8.550426483154297
-8.551655769348145
-8.564101219177246
-8.52581787109375
-8.553647994995117
-8.532635688781738
-8.560544967651367
-8.560295104980469
-8.551974296569824
-8.566666603088379
-8.561914443969727
-8.55393123626709
-8.554795265197754
-8.535172462463379
-8.552144050598145
-8.547924995422363
-8.551663398742676
-8.530935287475586
-8.543495178222656
-8.574846267700195
-8.521164894104004
-8.560468673706055
-8.557050704956055
-8.503684997558594
-8.527194023132324
-8.539677619934082
-8.546107292175293
-8.552011489868164
-8.561450004577637
-8.556346893310547
-8.562483787536621
-8.540027618408203
-8.540016174316406
-8.502218246459961
-8.553520202636719
-8.575858116149902
-8.49828815460205
-8.54647159576416
-8.48426342010498
-8.538361549377441
-8.519340515136719
-8.387158393859863
-8.546430587768555
-8.434738159179688
-8.532879829406738
-8.533208847045898
-8.387479782104492
-8.555795669555664
-8.390689849853516
-8.53602123260498
-8.540427207946777
-8.4473295211792
-8.56303882598877
-8.445107460021973
-8.572213172912598
-8.525005340576172
-8.543525695800781
-8.543084144592285
-8.527853965759277
-8.531997680664062
-8.49019718170166
-8.530266761779785
-8.544708251953125
-8.537409782409668
-8.542588233947754
-8.53418254852295
-8.541316986083984
-8.568175315856934
-8.559442520141602
-8.547490119934082
-8.563583374023438
-8.530221939086914
-8.48543643951416
-8.552547454833984
-8.529071807861328
-8.551738739013672
-8.546626091003418
-8.536895751953125
-8.535928726196289
-8.569969177246094
-8.425153732299805
-8.559886932373047
-8.564617156982422
-8.527140617370605
-8.559916496276855
-8.491070747375488
-8.54610824584961
-8.545737266540527
-8.547098159790039
-8.528568267822266
-8.558679580688477
-8.549033164978027
-8.542438507080078
-8.538301467895508
-8.557328224182129
-8.56156063079834
-8.54577350616455
-8.558084487915039
-8.555416107177734
-8.552576065063477
-8.570432662963867
-8.533590316772461
-8.557905197143555
-8.46660327911377
-8.551904678344727
-8.537003517150879
-8.53078842163086
-8.528054237365723
-8.481955528259277
-8.544235229492188
-8.459429740905762
-8.550080299377441
-8.514101028442383
-8.535432815551758
-8.562789916992188
-8.528304100036621
-8.552420616149902
-8.490100860595703
-8.54575252532959
-8.487756729125977
-8.555840492248535
-8.557087898254395
-8.530316352844238
-8.538114547729492
-8.532795906066895
-8.549214363098145
-8.552258491516113
-8.55881404876709
-8.555116653442383
-8.549822807312012
-8.54942798614502
-8.548770904541016
-8.551800727844238
-8.551088333129883
-8.554932594299316
-8.552661895751953
-8.53034782409668
-8.504006385803223
-8.548141479492188
-8.540258407592773
-8.486724853515625
-8.535017013549805
-8.53439712524414
-8.537229537963867
-8.528142929077148
-8.449464797973633
-8.561203956604004
-8.336084365844727
-8.503009796142578
-8.380815505981445
-8.473907470703125
-8.555887222290039
-8.41364860534668
-8.529102325439453
-8.487848281860352
-8.414626121520996
-8.522093772888184
-8.477828025817871
-8.559673309326172
-8.53532600402832
-8.539941787719727
-8.551751136779785
-8.538858413696289
-8.548852920532227
-8.551396369934082
-8.553057670593262
-8.54525375366211
-8.569774627685547
-8.47713851928711
-8.534537315368652
-8.542582511901855
-8.566834449768066
-8.526433944702148
-8.554082870483398
-8.520094871520996
-8.547730445861816
-8.522459983825684
-8.567420959472656
-8.476238250732422
-8.570737838745117
-8.563257217407227
-8.440618515014648
-8.524618148803711
-8.478432655334473
-8.399230003356934
-8.556340217590332
-8.392020225524902
-8.443357467651367
-8.511308670043945
-8.368232727050781
-8.552196502685547
-8.396662712097168
-8.459710121154785
-8.553362846374512
-8.299790382385254
-8.549142837524414
-8.447148323059082
-8.455376625061035
-8.54450798034668
-8.391974449157715
-8.553839683532715
-8.430933952331543
-8.517291069030762
-8.525224685668945
-8.534521102905273
-8.52707576751709
-8.545180320739746
-8.51752758026123
-8.542404174804688
-8.527433395385742
-8.537034034729004
-8.52297306060791
-8.501226425170898
-8.543892860412598
-8.54072093963623
-8.548835754394531
-8.544742584228516
-8.538005828857422
-8.513140678405762
-8.54289722442627
-8.508852005004883
-8.554459571838379
-8.547813415527344
-8.567678451538086
-8.533803939819336
-8.546465873718262
-8.506139755249023
-8.540667533874512
-8.540462493896484
-8.569393157958984
-8.528374671936035
-8.546274185180664
-8.432931900024414
-8.518961906433105
-8.541743278503418
-8.475780487060547
-8.54310131072998
-8.519767761230469
-8.555118560791016
-8.544807434082031
-8.557596206665039
-8.543217658996582
-8.550909042358398
-8.50831127166748
-8.551671981811523
-8.539793968200684
-8.524185180664062
-8.54685115814209
-8.553187370300293
-8.558084487915039
-8.53330135345459
-8.55686092376709
-8.504244804382324
-8.564746856689453
-8.499238014221191
-8.55427074432373
-8.578713417053223
-8.39665699005127
-8.563508987426758
-8.505228996276855
-8.521393775939941
-8.544681549072266
-8.47861385345459
-8.570666313171387
-8.480206489562988
-8.565291404724121
-8.56110954284668
-8.4555025100708
-8.548992156982422
-8.475348472595215
-8.540543556213379
-8.432090759277344
-8.49931526184082
-8.550028800964355
-8.49942684173584
-8.546326637268066
-8.488729476928711
-8.47308349609375
-8.548556327819824
-8.480703353881836
-8.555219650268555
-8.459592819213867
-8.47943115234375
-8.501821517944336
-8.478765487670898
-8.508513450622559
-8.4766206741333
-8.432507514953613
-8.562092781066895
-8.411297798156738
-8.552303314208984
-8.495984077453613
-8.45518970489502
-8.562067985534668
-8.358646392822266
-8.544002532958984
-8.528861045837402
-8.48375129699707
-8.552501678466797
-8.45486831665039
-8.577493667602539
-8.550644874572754
-8.54304027557373
-8.51439380645752
-8.52592945098877
-8.531185150146484
-8.547403335571289
-8.556236267089844
-8.535224914550781
-8.557021141052246
-8.489739418029785
-8.566872596740723
-8.564858436584473
-8.49000072479248
-8.562665939331055
-8.529911041259766
-8.53796672821045
-8.534873962402344
-8.539846420288086
-8.561081886291504
-8.55789566040039
-8.551088333129883
-8.547530174255371
-8.563921928405762
-8.555126190185547
-8.555624961853027
-8.551163673400879
-8.567448616027832
-8.545105934143066
-8.552351951599121
-8.575493812561035
-8.558938026428223
-8.560622215270996
-8.562040328979492
-8.575027465820312
-8.545862197875977
-8.556068420410156
-8.509442329406738
-8.489738464355469
-8.545137405395508
-8.448554039001465
-8.56795597076416
-8.434103012084961
-8.556668281555176
-8.540703773498535
-8.524884223937988
-8.57105827331543
-8.455924034118652
-8.52083683013916
-8.594554901123047
-8.344768524169922
-8.539584159851074
-8.473094940185547
-8.424394607543945
-8.553703308105469
-8.470541954040527
-8.553070068359375
-8.543197631835938
-8.560347557067871
-8.548377990722656
-8.571881294250488
-8.558714866638184
-8.563074111938477
-8.577546119689941
-8.489594459533691
-8.558622360229492
-8.53984546661377
-8.442779541015625
-8.525390625
-8.418432235717773
-8.585294723510742
-8.524004936218262
-8.540356636047363
-8.555002212524414
-8.516480445861816
-8.562434196472168
-8.52942180633545
-8.5499849319458
-8.55211353302002
-8.527383804321289
-8.551239013671875
-8.510294914245605
-8.556071281433105
-8.539844512939453
-8.536358833312988
-8.562731742858887
-8.578879356384277
-8.501481056213379
-8.567011833190918
-8.446208000183105
-8.528632164001465
-8.525428771972656
-8.464579582214355
-8.548863410949707
-8.484472274780273
-8.503993034362793
-8.552982330322266
-8.493327140808105
-8.537493705749512
-8.507457733154297
-8.524083137512207
-8.574027061462402
-8.499444007873535
-8.46225643157959
-8.578052520751953
-8.276212692260742
-8.546628952026367
-8.518475532531738
-8.344682693481445
-8.563619613647461
-8.503314971923828
-8.411938667297363
-8.470720291137695
-8.378173828125
-8.561885833740234
-8.465835571289062
-8.542742729187012
-8.53336238861084
-8.499862670898438
-8.554250717163086
-8.534979820251465
-8.548580169677734
-8.547826766967773
-8.53915023803711
-8.55352783203125
-8.574849128723145
-8.546689987182617
-8.572866439819336
-8.555501937866211
-8.563705444335938
-8.563162803649902
-8.540247917175293
-8.54057502746582
-8.555055618286133
-8.537951469421387
-8.530241012573242
-8.566040992736816
-8.556259155273438
-8.559300422668457
-8.558823585510254
-8.558241844177246
-8.545384407043457
-8.563977241516113
-8.550411224365234
-8.548483848571777
-8.550553321838379
-8.560232162475586
-8.550652503967285
-8.552607536315918
-8.55756664276123
-8.511731147766113
-8.535847663879395
-8.485767364501953
-8.55893325805664
-8.520720481872559
-8.483332633972168
-8.53080940246582
-8.502062797546387
-8.55980110168457
-8.533853530883789
-8.477051734924316
-8.54269790649414
-8.470915794372559
-8.556131362915039
-8.503518104553223
-8.534040451049805
-8.555410385131836
-8.501811027526855
-8.548190116882324
-8.56519889831543
-8.486557960510254
-8.553557395935059
-8.539102554321289
-8.503475189208984
-8.553354263305664
-8.464747428894043
-8.546822547912598
-8.543363571166992
-8.479277610778809
-8.568716049194336
-8.561441421508789
-8.552077293395996
-8.562307357788086
-8.548164367675781
-8.55562686920166
-8.547235488891602
-8.542291641235352
-8.563249588012695
-8.5150146484375
-8.526355743408203
-8.49780559539795
-8.56528091430664
-8.555455207824707
-8.4651517868042
-8.560818672180176
-8.538241386413574
-8.563946723937988
-8.56087589263916
-8.566305160522461
-8.554706573486328
-8.569844245910645
-8.570185661315918
-8.50007438659668
-8.538301467895508
-8.53628921508789
-8.473658561706543
-8.561614036560059
-8.506084442138672
-8.450811386108398
-8.565508842468262
-8.523831367492676
-8.47426986694336
-8.51784610748291
-8.431958198547363
-8.580474853515625
-8.531251907348633
-8.56559944152832
-8.56395435333252
-8.56296157836914
-8.534719467163086
-8.546046257019043
-8.561203956604004
-8.515650749206543
-8.567499160766602
-8.530926704406738
-8.561400413513184
-8.552849769592285
-8.557539939880371
-8.559243202209473
-8.527713775634766
-8.567512512207031
-8.549213409423828
-8.568609237670898
-8.563719749450684
-8.569744110107422
-8.56924819946289
-8.564777374267578
-8.572813987731934
-8.570760726928711
-8.566643714904785
-8.566108703613281
-8.556434631347656
-8.54146957397461
-8.516683578491211
-8.556154251098633
-8.561345100402832
-8.522972106933594
-8.564620018005371
-8.55181884765625
-8.564748764038086
-8.572234153747559
-8.552264213562012
-8.545214653015137
-8.545023918151855
-8.566258430480957
-8.486961364746094
-8.565503120422363
-8.498272895812988
-8.501490592956543
-8.549138069152832
-8.481157302856445
-8.56118106842041
-8.462325096130371
-8.529600143432617
-8.467199325561523
-8.475172996520996
-8.523885726928711
-8.507513999938965
-8.567891120910645
-8.553384780883789
-8.564101219177246
-8.562527656555176
-8.55186653137207
-8.548562049865723
-8.558553695678711
-8.5472412109375
-8.576264381408691
-8.544999122619629
-8.563283920288086
-8.562457084655762
-8.531559944152832
-8.572232246398926
-8.542440414428711
-8.54301929473877
-8.554703712463379
-8.555389404296875
-8.555652618408203
-8.564242362976074
-8.547054290771484
-8.547086715698242
-8.573923110961914
-8.509593963623047
-8.5635404586792
-8.543044090270996
-8.445331573486328
-8.56289005279541
-8.424365997314453
-8.549793243408203
-8.442049980163574
-8.486237525939941
-8.555938720703125
-8.46432876586914
-8.561532974243164
-8.515554428100586
-8.547468185424805
-8.559953689575195
-8.528111457824707
-8.525306701660156
-8.572439193725586
-8.57034683227539
-8.509525299072266
-8.569524765014648
-8.475464820861816
-8.517719268798828
-8.535097122192383
-8.527873039245605
-8.572602272033691
-8.524239540100098
-8.574220657348633
-8.555424690246582
-8.560844421386719
-8.552658081054688
-8.517478942871094
-8.530567169189453
-8.565879821777344
-8.518034934997559
-8.57598876953125
-8.574711799621582
-8.540204048156738
-8.567696571350098
-8.565715789794922
-8.536853790283203
-8.550701141357422
-8.51491641998291
-8.563523292541504
-8.58174991607666
-8.560670852661133
-8.509918212890625
-8.564876556396484
-8.550833702087402
-8.57269287109375
-8.572437286376953
-8.549582481384277
-8.54836654663086
-8.57140827178955
-8.51202392578125
-8.562299728393555
-8.526613235473633
-8.561137199401855
-8.56106185913086
-8.532171249389648
-8.570297241210938
-8.5679292678833
-8.536380767822266
-8.563177108764648
-8.555256843566895
-8.558238983154297
-8.565291404724121
-8.571516036987305
-8.560639381408691
-8.562520027160645
-8.570171356201172
-8.548552513122559
-8.566794395446777
-8.554464340209961
-8.577179908752441
-8.55251407623291
-8.549427032470703
-8.54318618774414
-8.57242488861084
-8.579111099243164
-8.551545143127441
-8.559046745300293
-8.563796043395996
-8.544230461120605
-8.556438446044922
-8.563520431518555
-8.576688766479492
-8.57296085357666
-8.569095611572266
-8.55944538116455
-8.577895164489746
-8.5535888671875
-8.574296951293945
-8.583281517028809
-8.574832916259766
-8.55616283416748
-8.54762077331543
-8.585857391357422
-8.573222160339355
-8.567015647888184
-8.579965591430664
-8.556485176086426
-8.565068244934082
-8.555951118469238
-8.538480758666992
-8.536639213562012
-8.55361270904541
-8.486869812011719
-8.562023162841797
-8.554922103881836
-8.529975891113281
-8.561767578125
-8.548272132873535
-8.563653945922852
-8.540478706359863
-8.565786361694336
-8.504526138305664
-8.539738655090332
-8.459811210632324
-8.519719123840332
-8.571490287780762
-8.502887725830078
-8.496402740478516
-8.47140121459961
-8.4878511428833
-8.567424774169922
-8.495264053344727
-8.569403648376465
-8.56285285949707
-8.485467910766602
-8.56441879272461
-8.414677619934082
-8.496689796447754
-8.556742668151855
-8.46127700805664
-8.519372940063477
-8.570923805236816
-8.29759407043457
-8.560503005981445
-8.530139923095703
-8.420734405517578
-8.571866989135742
-8.489155769348145
-8.488663673400879
-8.527420043945312
-8.456805229187012
-8.544900894165039
-8.546005249023438
-8.509861946105957
-8.551630020141602
-8.544119834899902
-8.557798385620117
-8.552595138549805
-8.476293563842773
-8.5454740524292
-8.466811180114746
-8.570308685302734
-8.500348091125488
-8.578611373901367
-8.548495292663574
-8.534300804138184
-8.558562278747559
-8.535613059997559
-8.563094139099121
-8.56649398803711
-8.564650535583496
-8.570399284362793
-8.557147026062012
-8.560820579528809
-8.568355560302734
-8.570366859436035
-8.558836936950684
-8.572104454040527
-8.566096305847168
-8.560830116271973
-8.563671112060547
-8.552337646484375
-8.573960304260254
-8.562708854675293
-8.571460723876953
-8.57251262664795
-8.57291316986084
-8.565705299377441
-8.560931205749512
-8.56443977355957
-8.575864791870117
-8.56842041015625
-8.551742553710938
-8.556803703308105
-8.566863059997559
-8.566984176635742
-8.558784484863281
-8.57162857055664
-8.57421875
-8.573448181152344
-8.554044723510742
-8.568580627441406
-8.55652141571045
-8.569534301757812
-8.562398910522461
-8.491608619689941
-8.529404640197754
-8.544087409973145
-8.571504592895508
-8.553284645080566
-8.554534912109375
-8.575762748718262
-8.555277824401855
-8.564560890197754
-8.571002006530762
-8.560079574584961
-8.570164680480957
-8.534738540649414
-8.580021858215332
-8.557109832763672
-8.558314323425293
-8.559783935546875
-8.54120922088623
-8.558716773986816
-8.55996322631836
-8.567048072814941
-8.549973487854004
-8.57208251953125
-8.562249183654785
-8.558960914611816
-8.557214736938477
-8.563214302062988
-8.55509090423584
-8.576262474060059
-8.558819770812988
-8.507970809936523
-8.541236877441406
-8.523353576660156
-8.560644149780273
-8.52362060546875
-8.582501411437988
-8.575882911682129
-8.534820556640625
-8.56529712677002
-8.53336238861084
-8.570169448852539
-8.52880859375
-8.583436965942383
-8.54659366607666
-8.552449226379395
-8.554370880126953
-8.552967071533203
-8.573280334472656
-8.580704689025879
-8.513266563415527
-8.569390296936035
-8.471382141113281
-8.561562538146973
-8.53053092956543
-8.558380126953125
-8.538429260253906
-8.505332946777344
-8.42267894744873
-8.545918464660645
-8.563101768493652
-8.533422470092773
-8.573234558105469
-8.525622367858887
-8.53696346282959
-8.552531242370605
-8.505326271057129
-8.576138496398926
-8.471136093139648
-8.5275297164917
-8.541250228881836
-8.48083209991455
-8.549212455749512
-8.481260299682617
-8.401188850402832
-8.559807777404785
-8.409100532531738
-8.537574768066406
-8.461882591247559
-8.50110149383545
-8.567605018615723
-8.424748420715332
-8.566241264343262
-8.360054016113281
-8.548064231872559
-8.536168098449707
-8.416757583618164
-8.559003829956055
-8.474377632141113
-8.463929176330566
-8.519571304321289
-8.388094902038574
-8.567658424377441
-8.426225662231445
-8.377602577209473
-8.459622383117676
-8.325711250305176
-8.542064666748047
-8.404996871948242
-8.463449478149414
-8.563084602355957
-8.528562545776367
-8.467789649963379
-8.567447662353516
-8.436113357543945
-8.535543441772461
-8.530807495117188
-8.442524909973145
-8.564759254455566
-8.523719787597656
-8.472015380859375
-8.571210861206055
-8.487695693969727
-8.456193923950195
-8.571404457092285
-8.389737129211426
-8.531034469604492
-8.446043968200684
-8.504993438720703
-8.563612937927246
-8.525182723999023
-8.460158348083496
-8.560842514038086
-8.468135833740234
-8.52321720123291
-8.537935256958008
-8.470895767211914
-8.551355361938477
-8.447694778442383
-8.557857513427734
-8.531518936157227
-8.562800407409668
-8.570372581481934
-8.5649995803833
-8.575525283813477
-8.52396011352539
-8.568497657775879
-8.507880210876465
-8.538466453552246
-8.569183349609375
-8.562971115112305
-8.556848526000977
-8.575044631958008
-8.57147216796875
-8.573512077331543
-8.503186225891113
-8.553811073303223
-8.518613815307617
-8.566463470458984
-8.549595832824707
-8.546564102172852
-8.568857192993164
-8.538046836853027
-8.568185806274414
-8.56389045715332
-8.548676490783691
-8.568672180175781
-8.536791801452637
-8.56217098236084
-8.518709182739258
-8.555988311767578
-8.580636978149414
-8.529102325439453
-8.51393985748291
-8.544966697692871
-8.493097305297852
-8.583230972290039
-8.56875228881836
-8.565861701965332
-8.574477195739746
-8.572941780090332
-8.576020240783691
-8.54996395111084
-8.564874649047852
-8.509170532226562
-8.575837135314941
-8.575331687927246
-8.569648742675781
-8.560818672180176
-8.58109188079834
-8.504201889038086
-8.549110412597656
-8.568303108215332
-8.492433547973633
-8.530170440673828
-8.424311637878418
-8.492206573486328
-8.570770263671875
-8.457515716552734
-8.587423324584961
-8.55610179901123
-8.417909622192383
-8.535162925720215
-8.533500671386719
-8.56668472290039
-8.57004165649414
-8.563565254211426
-8.56421947479248
-8.586861610412598
-8.566309928894043
-8.54727840423584
-8.56775951385498
-8.551132202148438
-8.555832862854004
-8.57917594909668
-8.483567237854004
-8.56709098815918
-8.528388023376465
-8.464373588562012
-8.573143005371094
-8.423242568969727
-8.49612045288086
-8.51480484008789
-8.503748893737793
-8.544921875
-8.480323791503906
-8.494482040405273
-8.570033073425293
-8.51345443725586
-8.507331848144531
-8.519543647766113
-8.4993257522583
-8.578699111938477
-8.579672813415527
-8.48829174041748
-8.566359519958496
-8.5577974319458
-8.507772445678711
-8.579619407653809
-8.439925193786621
-8.387951850891113
-8.552387237548828
-8.33211612701416
-8.558873176574707
-8.520880699157715
-8.52542495727539
-8.5682954788208
-8.534205436706543
-8.483528137207031
-8.577946662902832
-8.43585205078125
-8.489990234375
-8.569543838500977
-8.390183448791504
-8.520634651184082
-8.51280689239502
-8.44423770904541
-8.573463439941406
-8.509281158447266
-8.539506912231445
-8.553302764892578
-8.469359397888184
-8.570273399353027
-8.516263961791992
-8.565826416015625
-8.577764511108398
-8.490489959716797
-8.550544738769531
-8.518754959106445
-8.45486831665039
-8.566147804260254
-8.52442741394043
-8.549382209777832
-8.541461944580078
-8.562419891357422
-8.579018592834473
-8.530791282653809
-8.539362907409668
-8.574328422546387
-8.545770645141602
-8.560403823852539
-8.55370044708252
-8.509505271911621
-8.566484451293945
-8.509929656982422
-8.51335334777832
-8.5311918258667
-8.474315643310547
-8.560124397277832
-8.51986312866211
-8.567411422729492
-8.56967544555664
-8.529863357543945
-8.56336784362793
-8.540847778320312
-8.531975746154785
-8.540257453918457
-8.462084770202637
-8.575350761413574
-8.47094440460205
-8.533693313598633
-8.530547142028809
-8.577855110168457
-8.553799629211426
-8.598459243774414
-8.543350219726562
-8.586682319641113
-8.567238807678223
-8.562660217285156
-8.538573265075684
-8.563652992248535
-8.549383163452148
-8.574756622314453
-8.586857795715332
-8.52099609375
-8.572883605957031
-8.407654762268066
-8.577574729919434
-8.564510345458984
-8.50811767578125
-8.577990531921387
-8.502219200134277
-8.568360328674316
-8.528477668762207
-8.585273742675781
-8.56606388092041
-8.555278778076172
-8.540742874145508
-8.544075965881348
-8.564547538757324
-8.485387802124023
-8.535564422607422
-8.538400650024414
-8.433013916015625
-8.505060195922852
-8.507861137390137
-8.570442199707031
-8.535760879516602
-8.552066802978516
-8.580883979797363
-8.55837631225586
-8.57378101348877
-8.560661315917969
-8.575509071350098
-8.573074340820312
-8.570587158203125
-8.493178367614746
-8.570632934570312
-8.542947769165039
-8.563655853271484
-8.566636085510254
-8.571569442749023
-8.566143035888672
-8.536182403564453
-8.556718826293945
-8.588164329528809
-8.51821231842041
-8.585979461669922
-8.583586692810059
-8.50649642944336
-8.537153244018555
-8.583635330200195
-8.406826972961426
-8.564011573791504
-8.557626724243164
-8.496031761169434
-8.542181015014648
-8.4866361618042
-8.490289688110352
-8.573914527893066
-8.535065650939941
-8.55943489074707
-8.551383972167969
-8.541335105895996
-8.569955825805664
-8.524471282958984
-8.542627334594727
-8.50804328918457
-8.563549995422363
-8.573236465454102
-8.5413179397583
-8.557594299316406
-8.511072158813477
-8.534565925598145
-8.548079490661621
-8.535164833068848
-8.58226203918457
-8.578189849853516
-8.567468643188477
-8.563366889953613
-8.5722074508667
-8.547924041748047
-8.579425811767578
-8.571938514709473
-8.576892852783203
-8.568652153015137
-8.567642211914062
-8.54205322265625
-8.549989700317383
-8.589494705200195
-8.493681907653809
-8.544244766235352
-8.56391429901123
-8.419524192810059
-8.575959205627441
-8.522900581359863
-8.53635025024414
-8.564079284667969
-8.508146286010742
-8.562564849853516
-8.53300952911377
-8.550189018249512
-8.571695327758789
-8.545980453491211
-8.457711219787598
-8.570682525634766
-8.385857582092285
-8.548652648925781
-8.525891304016113
-8.47100830078125
-8.57668685913086
-8.526022911071777
-8.557272911071777
-8.55096435546875
-8.588542938232422
-8.578791618347168
-8.573258399963379
-8.546294212341309
-8.573501586914062
-8.551789283752441
-8.575201034545898
-8.566391944885254
-8.554706573486328
-8.584798812866211
-8.468389511108398
-8.543519973754883
-8.366007804870605
-8.41956615447998
-8.523903846740723
-8.461958885192871
-8.586830139160156
-8.549072265625
-8.56295108795166
-8.557293891906738
-8.574004173278809
-8.565582275390625
-8.577972412109375
-8.54204273223877
-8.536112785339355
-8.54226303100586
-8.498353958129883
-8.57763671875
-8.47806167602539
-8.551064491271973
-8.507641792297363
-8.539856910705566
-8.583429336547852
-8.394165992736816
-8.571671485900879
-8.495370864868164
-8.466063499450684
-8.583206176757812
-8.546234130859375
-8.52131462097168
-8.552559852600098
-8.471206665039062
-8.538942337036133
-8.567754745483398
-8.543778419494629
-8.53502082824707
-8.4680814743042
-8.500247955322266
-8.56081485748291
-8.558683395385742
-8.57120418548584
-8.571000099182129
-8.560239791870117
-8.564005851745605
-8.55002212524414
-8.509800910949707
-8.547255516052246
-8.547569274902344
-8.537398338317871
-8.569958686828613
-8.493393898010254
-8.572128295898438
-8.545136451721191
-8.51183032989502
-8.572099685668945
-8.51697063446045
-8.509843826293945
-8.56425666809082
-8.530414581298828
-8.548163414001465
-8.509111404418945
-8.5794677734375
-8.569466590881348
-8.554901123046875
-8.566483497619629
-8.569986343383789
-8.522942543029785
-8.552948951721191
-8.542922019958496
-8.502946853637695
-8.560476303100586
-8.46424674987793
-8.520703315734863
-8.560647010803223
-8.44300651550293
-8.570136070251465
-8.4970703125
-8.508675575256348
-8.558943748474121
-8.514259338378906
-8.552672386169434
-8.543976783752441
-8.52353286743164
-8.546249389648438
-8.572805404663086
-8.563638687133789
-8.548471450805664
-8.55284309387207
-8.563407897949219
-8.54140853881836
-8.572237968444824
-8.552020072937012
-8.568164825439453
-8.571020126342773
-8.571762084960938
-8.573984146118164
-8.553385734558105
-8.570820808410645
-8.574462890625
-8.565399169921875
-8.572021484375
-8.572768211364746
-8.578965187072754
-8.573287963867188
-8.559468269348145
-8.57219409942627
-8.55414867401123
-8.576306343078613
-8.583778381347656
-8.567626953125
-8.553735733032227
-8.56424617767334
-8.522939682006836
-8.556175231933594
-8.552027702331543
-8.567984580993652
-8.562806129455566
-8.572063446044922
-8.563624382019043
-8.553936004638672
-8.570178985595703
-8.564801216125488
-8.566631317138672
-8.558375358581543
-8.56869125366211
-8.586179733276367
-8.554183959960938
-8.556023597717285
-8.579536437988281
-8.581014633178711
-8.57662296295166
-8.581299781799316
-8.576375007629395
-8.578461647033691
-8.566590309143066
-8.556013107299805
-8.571066856384277
-8.569241523742676
-8.569167137145996
-8.537579536437988
-8.580204963684082
-8.546751022338867
-8.561726570129395
-8.561631202697754
-8.543615341186523
-8.583348274230957
-8.561843872070312
-8.52002239227295
-8.56181526184082
-8.541348457336426
-8.581317901611328
-8.549917221069336
-8.562877655029297
-8.563615798950195
-8.543963432312012
-8.573700904846191
-8.570771217346191
-8.52764892578125
-8.576576232910156
-8.561247825622559
-8.546067237854004
-8.561580657958984
-8.537585258483887
-8.584329605102539
-8.52297306060791
-8.527499198913574
-8.56264591217041
-8.528410911560059
-8.540881156921387
-8.4560546875
-8.539422035217285
-8.558075904846191
-8.528022766113281
-8.581714630126953
-8.53254508972168
-8.576469421386719
-8.564574241638184
-8.539959907531738
-8.549803733825684
-8.535316467285156
-8.499593734741211
-8.55842113494873
-8.501836776733398
-8.575519561767578
-8.41641616821289
-8.537656784057617
-8.552289962768555
-8.458969116210938
-8.584195137023926
-8.510372161865234
-8.576922416687012
-8.582357406616211
-8.500997543334961
-8.564537048339844
-8.551011085510254
-8.53920841217041
-8.565958023071289
-8.573148727416992
-8.567419052124023
-8.584051132202148
-8.511808395385742
-8.549020767211914
-8.569584846496582
-8.529844284057617
-8.562335968017578
-8.568066596984863
-8.577157974243164
-8.555184364318848
-8.576244354248047
-8.568784713745117
-8.582271575927734
-8.58048152923584
-8.563532829284668
-8.558308601379395
-8.55881404876709
-8.580077171325684
-8.517379760742188
-8.573857307434082
-8.532605171203613
-8.555612564086914
-8.559112548828125
-8.494098663330078
-8.571155548095703
-8.564309120178223
-8.494516372680664
-8.551565170288086
-8.582222938537598
-8.55092716217041
-8.572338104248047
-8.555428504943848
-8.55710220336914
-8.586188316345215
-8.476699829101562
-8.562288284301758
-8.5088472366333
-8.567920684814453
-8.574051856994629
-8.551348686218262
-8.572306632995605
-8.589019775390625
-8.55332088470459
-8.598884582519531
-8.580885887145996
-8.571375846862793
-8.56640911102295
-8.568961143493652
-8.56230354309082
-8.575126647949219
-8.505766868591309
-8.588150024414062
-8.553967475891113
-8.566734313964844
-8.582219123840332
-8.581448554992676
-8.560432434082031
-8.570528030395508
-8.541168212890625
-8.53857135772705
-8.557964324951172
-8.524383544921875
-8.57669448852539
-8.537131309509277
-8.567178726196289
-8.537005424499512
-8.57912540435791
-8.573746681213379
-8.570430755615234
-8.568564414978027
-8.56961441040039
-8.557134628295898
-8.58126163482666
-8.566593170166016
-8.574810981750488
-8.57178020477295
-8.58951473236084
-8.567021369934082
-8.580723762512207
-8.548439025878906
-8.562793731689453
-8.55847454071045
-8.567405700683594
-8.544342994689941
-8.576478004455566
-8.569931030273438
-8.563396453857422
-8.566889762878418
-8.568038940429688
-8.543621063232422
-8.565208435058594
-8.546056747436523
-8.562736511230469
-8.572614669799805
-8.553031921386719
-8.566976547241211
-8.560175895690918
-8.563629150390625
-8.582622528076172
-8.513819694519043
-8.537755966186523
-8.58605670928955
-8.432904243469238
-8.556671142578125
-8.447707176208496
-8.442513465881348
-8.588634490966797
-8.322619438171387
-8.518854141235352
-8.504660606384277
-8.497462272644043
-8.54918384552002
-8.493606567382812
-8.454769134521484
-8.571051597595215
-8.549973487854004
-8.49788761138916
-8.583391189575195
-8.417732238769531
-8.550732612609863
-8.476601600646973
-8.47712516784668
-8.54869556427002
-8.474089622497559
-8.590115547180176
-8.474449157714844
-8.452340126037598
-8.57861042022705
-8.416763305664062
-8.518113136291504
-8.507883071899414
-8.429656982421875
