loss_v
-4.295964241027832
-4.291952610015869
-4.466773986816406
-4.443955421447754
-4.459072589874268
-4.561016082763672
-4.54128360748291
-4.648203372955322
-4.4591569900512695
-4.568574905395508
-4.781390190124512
-4.728285789489746
-4.766395568847656
-4.724603652954102
-4.648313999176025
-4.630163669586182
-4.8076395988464355
-4.830406188964844
-4.835970401763916
-4.73713493347168
-4.855725288391113
-4.926423072814941
-5.009791851043701
-5.010151386260986
-4.977155685424805
-5.113113880157471
-4.976719856262207
-4.944013595581055
-5.081047534942627
-5.171133995056152
-5.350410461425781
-5.281732559204102
-5.130762100219727
-5.3089141845703125
-5.432214736938477
-5.458179473876953
-5.360851287841797
-5.30345344543457
-5.482320785522461
-5.58248233795166
-5.63106632232666
-5.716647148132324
-5.821767330169678
-5.745189666748047
-6.09085750579834
-6.129554748535156
-6.17830228805542
-6.492865562438965
-6.743330001831055
-6.52838134765625
-6.940110683441162
-7.105765342712402
-7.055858612060547
-6.85582160949707
-6.7484235763549805
-6.799005508422852
-6.537940979003906
-6.930525779724121
-6.719033241271973
-6.940123081207275
-6.902170658111572
-7.179743766784668
-7.148441314697266
-7.038037300109863
-6.987510681152344
-7.164857387542725
-7.316219329833984
-7.26688289642334
-7.322235107421875
-7.1880083084106445
-7.0567097663879395
-7.175530910491943
-7.132394790649414
-7.235575199127197
-7.456259727478027
-7.254656791687012
-7.221385955810547
-7.343517303466797
-7.356781959533691
-7.422294616699219
-7.248101234436035
-7.327208042144775
-7.400638580322266
-7.398602485656738
-7.460623741149902
-7.242573261260986
-7.659327983856201
-7.336958408355713
-7.586250305175781
-7.446813106536865
-7.419337272644043
-7.487645626068115
-7.5408711433410645
-7.596198081970215
-7.506163597106934
-7.519623279571533
-7.568957805633545
-7.510622978210449
-7.457362174987793
-7.614616870880127
-7.613681793212891
-7.731761455535889
-7.6261420249938965
-7.476480484008789
-7.617420673370361
-7.755765914916992
-7.674121856689453
-7.631217956542969
-7.76702356338501
-7.8621745109558105
-7.773475646972656
-7.72667932510376
-7.897630214691162
-7.9229736328125
-7.8022141456604
-7.889339447021484
-7.758029460906982
-7.906345844268799
-7.791743755340576
-7.828685283660889
-7.750372409820557
-7.924137592315674
-7.9646220207214355
-7.936853885650635
-8.025232315063477
-7.937388896942139
-8.032151222229004
-8.013894081115723
-7.9507317543029785
-8.039763450622559
-8.026674270629883
-8.022526741027832
-8.003279685974121
-7.945773601531982
-8.016647338867188
-7.9493632316589355
-8.011919021606445
-8.11627197265625
-8.111760139465332
-8.089184761047363
-8.155324935913086
-8.155292510986328
-8.135723114013672
-8.12045669555664
-8.119996070861816
-8.021439552307129
-8.18193244934082
-8.096587181091309
-8.184017181396484
-8.107077598571777
-8.201983451843262
-8.176514625549316
-8.144227981567383
-8.246088981628418
-8.217278480529785
-8.167196273803711
-8.192181587219238
-8.2538480758667
-8.27878475189209
-8.326045036315918
-8.220375061035156
-8.278417587280273
-8.282431602478027
-8.241477012634277
-8.279818534851074
-8.260031700134277
-8.224861145019531
-8.28557014465332
-8.224322319030762
-8.343594551086426
-8.259692192077637
-8.287201881408691
-8.296595573425293
-8.31578540802002
-8.350383758544922
-8.292173385620117
-8.334450721740723
-8.31735897064209
-8.350642204284668
-8.346202850341797
-8.296601295471191
-8.374685287475586
-8.365164756774902
-8.349847793579102
-8.3886137008667
-8.32209587097168
-8.346856117248535
-8.38671588897705
-8.375521659851074
-8.366354942321777
-8.353691101074219
-8.333755493164062
-8.357531547546387
-8.42050552368164
-8.417411804199219
-8.416032791137695
-8.412373542785645
-8.39691162109375
-8.395882606506348
-8.347024917602539
-8.394318580627441
-8.415599822998047
-8.405900001525879
-8.40048599243164
-8.450156211853027
-8.411981582641602
-8.435027122497559
-8.431425094604492
-8.438521385192871
-8.469687461853027
-8.452147483825684
-8.462960243225098
-8.472716331481934
-8.483837127685547
-8.477851867675781
-8.460101127624512
-8.4740629196167
-8.46948528289795
-8.492018699645996
-8.502913475036621
-8.506457328796387
-8.496565818786621
-8.481332778930664
-8.544710159301758
-8.539621353149414
-8.517735481262207
-8.53348159790039
-8.56064224243164
-8.563764572143555
-8.548819541931152
-8.592681884765625
-8.59115982055664
-8.635992050170898
-8.663766860961914
-8.675460815429688
-8.689534187316895
-8.70009708404541
-8.72335433959961
-8.714820861816406
-8.768942832946777
-8.733423233032227
-8.765389442443848
-8.803841590881348
-8.79551887512207
-8.852227210998535
-8.89065933227539
-8.894838333129883
-8.903133392333984
-8.904814720153809
-8.925079345703125
-8.997056007385254
-9.062321662902832
-9.13338851928711
-9.131461143493652
-9.07019329071045
-9.24404239654541
-9.250641822814941
-9.288105010986328
-9.396675109863281
-9.404420852661133
-9.373017311096191
-9.531338691711426
-9.617112159729004
-9.493744850158691
-9.60938835144043
-9.763582229614258
-9.676637649536133
-9.844075202941895
-9.744481086730957
-9.949623107910156
-9.961153984069824
-9.887076377868652
-9.922121047973633
-10.012585639953613
-10.001070022583008
-9.99816608428955
-10.062570571899414
-9.92812728881836
-9.979294776916504
-9.809828758239746
-9.98784351348877
-9.909956932067871
-10.039113998413086
-10.032838821411133
-10.09820556640625
-10.05725383758545
-10.16781234741211
-10.161772727966309
-10.11140251159668
-10.19224739074707
-10.10848331451416
-10.213665008544922
-10.18908405303955
-10.178431510925293
-10.119141578674316
-10.245935440063477
-10.19876766204834
-10.202338218688965
-10.163933753967285
-10.28431510925293
-10.195371627807617
-10.200629234313965
-10.230053901672363
-10.264406204223633
-10.211258888244629
-10.312875747680664
-10.254976272583008
-10.298912048339844
-10.262516021728516
-10.249502182006836
-10.265275955200195
-10.27476978302002
-10.304032325744629
-10.284138679504395
-10.28267765045166
-10.388398170471191
-10.333464622497559
-10.319952011108398
-10.323975563049316
-10.28549575805664
-10.384971618652344
-10.382974624633789
-10.342042922973633
-10.372900009155273
-10.418037414550781
-10.428573608398438
-10.355661392211914
-10.336067199707031
-10.357619285583496
-10.382668495178223
-10.342867851257324
-10.332229614257812
-10.38782024383545
-10.381865501403809
-10.394363403320312
-10.399340629577637
-10.340307235717773
-10.445167541503906
-10.38869857788086
-10.436537742614746
-10.403923034667969
-10.386981964111328
-10.462833404541016
-10.38966178894043
-10.478983879089355
-10.415094375610352
-10.508012771606445
-10.390702247619629
-10.419499397277832
-10.403240203857422
-10.5185546875
-10.445136070251465
-10.487164497375488
-10.4642333984375
-10.455156326293945
-10.47618579864502
-10.527202606201172
-10.535932540893555
-10.467309951782227
-10.486556053161621
-10.505677223205566
-10.43044662475586
-10.53897762298584
-10.47286319732666
-10.459808349609375
-10.515869140625
-10.556756019592285
-10.536725044250488
-10.538264274597168
-10.53088092803955
-10.511096954345703
-10.562980651855469
-10.526263236999512
-10.523966789245605
-10.50859260559082
-10.54565143585205
-10.531627655029297
-10.606049537658691
-10.54240894317627
-10.534927368164062
-10.544523239135742
-10.587137222290039
-10.582442283630371
-10.616436004638672
-10.575441360473633
-10.615385055541992
-10.57482624053955
-10.613954544067383
-10.598836898803711
-10.641098976135254
-10.590192794799805
-10.597345352172852
-10.646669387817383
-10.56582260131836
-10.60849380493164
-10.66843318939209
-10.629322052001953
-10.604100227355957
-10.643275260925293
-10.583550453186035
-10.613243103027344
-10.699899673461914
-10.596181869506836
-10.586432456970215
-10.595287322998047
-10.608372688293457
-10.573936462402344
-10.642512321472168
-10.60757827758789
-10.682257652282715
-10.637781143188477
-10.628500938415527
-10.660412788391113
-10.660881996154785
-10.639671325683594
-10.6027250289917
-10.648499488830566
-10.64037036895752
-10.695683479309082
-10.631176948547363
-10.648397445678711
-10.711044311523438
-10.689520835876465
-10.66578197479248
-10.711271286010742
-10.694395065307617
-10.72655200958252
-10.752584457397461
-10.712586402893066
-10.728509902954102
-10.70521068572998
-10.691302299499512
-10.719257354736328
-10.670597076416016
-10.713617324829102
-10.731780052185059
-10.684589385986328
-10.733404159545898
-10.664400100708008
-10.680181503295898
-10.712804794311523
-10.704936981201172
-10.69620132446289
-10.705269813537598
-10.746028900146484
-10.752396583557129
-10.736930847167969
-10.721019744873047
-10.66588020324707
-10.744895935058594
-10.732206344604492
-10.731681823730469
-10.731820106506348
-10.775738716125488
-10.720552444458008
-10.75250244140625
-10.765981674194336
-10.74903678894043
-10.74207592010498
-10.75846004486084
-10.709376335144043
-10.77076244354248
-10.725160598754883
-10.806509971618652
-10.79556655883789
-10.769949913024902
-10.78525161743164
-10.810303688049316
-10.750226974487305
-10.791906356811523
-10.792436599731445
-10.774999618530273
-10.810262680053711
-10.785250663757324
-10.743865013122559
-10.806723594665527
-10.793269157409668
-10.802613258361816
-10.809479713439941
-10.791556358337402
-10.795537948608398
-10.800525665283203
-10.767782211303711
-10.764686584472656
-10.823488235473633
-10.780349731445312
-10.806227684020996
-10.801872253417969
-10.797138214111328
-10.760590553283691
-10.841960906982422
-10.851358413696289
-10.819815635681152
-10.81075382232666
-10.848278045654297
-10.864062309265137
-10.81609058380127
-10.833220481872559
-10.836130142211914
-10.859278678894043
-10.831079483032227
-10.840117454528809
-10.85063362121582
-10.887630462646484
-10.887272834777832
-10.858884811401367
-10.881525993347168
-10.877418518066406
-10.872246742248535
-10.875653266906738
-10.872757911682129
-10.864168167114258
-10.891277313232422
-10.849733352661133
-10.842398643493652
-10.89626693725586
-10.870214462280273
-10.889277458190918
-10.859107971191406
-10.906577110290527
-10.920241355895996
-10.92125415802002
-10.944198608398438
-10.965803146362305
-10.958802223205566
-10.943563461303711
-10.943345069885254
-10.900721549987793
-10.703598976135254
-10.835165977478027
-10.95899772644043
-10.869014739990234
-10.828207969665527
-10.94735050201416
-10.924633026123047
-10.911811828613281
-10.932974815368652
-10.983696937561035
-10.948623657226562
-10.914106369018555
-10.979708671569824
-10.958303451538086
-10.927237510681152
-10.958338737487793
-10.975224494934082
-10.971549987792969
-10.976609230041504
-11.005858421325684
-11.018973350524902
-10.969480514526367
-10.983126640319824
-10.993476867675781
-10.998610496520996
-10.990645408630371
-11.021580696105957
-11.031782150268555
-11.009557723999023
-10.996053695678711
-11.016980171203613
-11.030847549438477
-11.00010871887207
-11.001432418823242
-11.019380569458008
-11.016368865966797
-11.003544807434082
-11.027932167053223
-11.02548599243164
-11.024371147155762
-11.013578414916992
-11.04099178314209
-11.017723083496094
-11.014647483825684
-11.032537460327148
-11.057502746582031
-11.034526824951172
-11.037299156188965
-11.031646728515625
-11.037666320800781
-11.034687995910645
-11.04047679901123
-11.052400588989258
-11.0580415725708
-11.035184860229492
-11.032136917114258
-11.051105499267578
-11.051470756530762
-11.051862716674805
-11.048689842224121
-11.075592994689941
-11.043293952941895
-11.078530311584473
-11.07050895690918
-11.07269287109375
-11.065057754516602
-11.094940185546875
-11.050493240356445
-11.048276901245117
-11.061562538146973
-11.077994346618652
-11.056880950927734
-11.093164443969727
-11.071117401123047
-11.06000804901123
-11.068145751953125
-11.073139190673828
-11.066691398620605
-11.088116645812988
-11.086295127868652
-11.065958023071289
-11.098325729370117
-11.078841209411621
-11.085501670837402
-11.088624954223633
-11.08066177368164
-11.084541320800781
-11.082024574279785
-11.07874870300293
-11.094084739685059
-11.075953483581543
-11.074734687805176
-11.08482551574707
-11.091568946838379
-11.084033966064453
-11.073107719421387
-11.08105182647705
-11.06952953338623
-11.088685989379883
-11.089775085449219
-11.091771125793457
-11.078807830810547
-11.107158660888672
-11.08599853515625
-11.078166961669922
-11.06874942779541
-11.086260795593262
-11.098725318908691
-11.094229698181152
-11.088353157043457
-11.08348274230957
-11.102916717529297
-11.117348670959473
-11.103270530700684
-11.09595012664795
-11.09975528717041
-11.082222938537598
-11.093144416809082
-11.092276573181152
-11.099686622619629
-11.093996047973633
-11.101648330688477
-11.091612815856934
-11.094772338867188
-11.119523048400879
-11.114185333251953
-11.113194465637207
-11.124044418334961
-11.115278244018555
-11.113272666931152
-11.11347770690918
-11.117018699645996
-11.10747241973877
-11.120172500610352
-11.105268478393555
-11.117871284484863
-11.122190475463867
-11.112383842468262
-11.129531860351562
-11.111624717712402
-11.110941886901855
-11.123658180236816
-11.114667892456055
-11.11825942993164
-11.116920471191406
-11.114898681640625
-11.106756210327148
-11.135022163391113
-11.124252319335938
-11.097607612609863
-11.12605094909668
-11.111699104309082
-11.108293533325195
-11.10445785522461
-11.115190505981445
-11.117612838745117
-11.113469123840332
-11.125292778015137
-11.122763633728027
-11.12160587310791
-11.140155792236328
-11.121795654296875
-11.135154724121094
-11.120831489562988
-11.136871337890625
-11.11347770690918
-11.118366241455078
-11.13532829284668
-11.119534492492676
-11.131465911865234
-11.126483917236328
-11.138675689697266
-11.14909553527832
-11.132183074951172
-11.136033058166504
-11.147862434387207
-11.144440650939941
-11.121058464050293
-11.139629364013672
-11.141071319580078
-11.115878105163574
-11.140774726867676
-11.138479232788086
-11.133769035339355
-11.126115798950195
-11.126749038696289
-11.105182647705078
-11.114591598510742
-11.122097969055176
-11.141623497009277
-11.147576332092285
-11.135480880737305
-11.118595123291016
-11.136202812194824
-11.111048698425293
-11.108990669250488
-11.13017749786377
-11.139101028442383
-11.143766403198242
-11.153011322021484
-11.147721290588379
-11.154678344726562
-11.139660835266113
-11.144861221313477
-11.108407974243164
-11.120363235473633
-11.134393692016602
-11.160571098327637
-11.132904052734375
-11.127729415893555
-11.120617866516113
-11.147833824157715
-11.143421173095703
-11.160964012145996
-11.148310661315918
-11.152006149291992
-11.164102554321289
-11.153009414672852
-11.170670509338379
-11.147221565246582
-11.137943267822266
-11.161616325378418
-11.158324241638184
-11.154609680175781
-11.145600318908691
-11.160958290100098
-11.15104866027832
-11.17788028717041
-11.160346031188965
-11.16076946258545
-11.166687965393066
-11.152596473693848
-11.179342269897461
-11.173713684082031
-11.158098220825195
-11.1663236618042
-11.17207145690918
-11.173481941223145
-11.184174537658691
-11.166234970092773
-11.156709671020508
-11.179741859436035
-11.16644287109375
-11.161795616149902
-11.172164916992188
-11.16802978515625
-11.175203323364258
-11.184569358825684
-11.170465469360352
-11.178078651428223
-11.179363250732422
-11.16197395324707
-11.16972541809082
-11.184041976928711
-11.164399147033691
-11.190962791442871
-11.180288314819336
-11.188431739807129
-11.17149543762207
-11.174503326416016
-11.181787490844727
-11.1748046875
-11.164216041564941
-11.175098419189453
-11.17724323272705
-11.172993659973145
-11.177531242370605
-11.167924880981445
-11.156085014343262
-11.170620918273926
-11.182805061340332
-11.16541862487793
-11.185907363891602
-11.172581672668457
-11.174328804016113
-11.160932540893555
-11.133561134338379
-11.133262634277344
-11.153800010681152
-11.161824226379395
-11.165704727172852
-11.176141738891602
-11.193829536437988
-11.169222831726074
-11.169931411743164
-11.1567964553833
-11.14901351928711
-11.149925231933594
-11.157902717590332
-11.147282600402832
-11.168888092041016
-11.186688423156738
-11.176849365234375
-11.139577865600586
-11.171268463134766
-11.167282104492188
-11.174358367919922
-11.184342384338379
-11.188396453857422
-11.178454399108887
-11.180403709411621
-11.181884765625
-11.182214736938477
-11.165592193603516
-11.182760238647461
-11.154939651489258
-11.151445388793945
-11.173172950744629
-11.179238319396973
-11.196294784545898
-11.192505836486816
-11.197967529296875
-11.176362037658691
-11.183463096618652
-11.184489250183105
-11.166070938110352
-11.18686294555664
-11.190446853637695
-11.187722206115723
-11.187005043029785
-11.167596817016602
-11.174674987792969
-11.181193351745605
-11.18577766418457
-11.19769287109375
-11.197032928466797
-11.170966148376465
-11.161726951599121
-11.172855377197266
-11.18537712097168
-11.200321197509766
-11.178543090820312
-11.183881759643555
-11.183897018432617
-11.209656715393066
-11.198946952819824
-11.217967987060547
-11.192832946777344
-11.182493209838867
-11.192901611328125
-11.211181640625
-11.197933197021484
-11.18469524383545
-11.193925857543945
-11.19852066040039
-11.191788673400879
-11.191187858581543
-11.20579719543457
-11.185295104980469
-11.203405380249023
-11.22213077545166
-11.189172744750977
-11.187865257263184
-11.200756072998047
-11.22216510772705
-11.201675415039062
-11.19918155670166
-11.195479393005371
-11.20728874206543
-11.205218315124512
-11.19922924041748
-11.212737083435059
-11.20104694366455
-11.20009708404541
-11.206230163574219
-11.202207565307617
-11.192647933959961
-11.220198631286621
-11.206315994262695
-11.212018966674805
-11.19983196258545
-11.206771850585938
-11.208337783813477
-11.218982696533203
-11.209466934204102
-11.2169189453125
-11.21521282196045
-11.21545124053955
-11.231683731079102
-11.208399772644043
-11.200800895690918
-11.21741771697998
-11.214123725891113
-11.207504272460938
-11.213497161865234
-11.22559642791748
-11.227023124694824
-11.205400466918945
-11.215986251831055
-11.214936256408691
-11.223628997802734
-11.219219207763672
-11.220459938049316
-11.207123756408691
-11.229758262634277
-11.227666854858398
-11.217132568359375
-11.210695266723633
-11.236664772033691
-11.218754768371582
-11.228873252868652
-11.226481437683105
-11.215655326843262
-11.214017868041992
-11.222346305847168
-11.223713874816895
-11.22143268585205
-11.210618019104004
-11.215137481689453
-11.219099998474121
-11.219497680664062
-11.22260570526123
-11.227110862731934
-11.223371505737305
-11.217765808105469
-11.2242431640625
-11.21163272857666
-11.21706485748291
-11.199409484863281
-11.178993225097656
-11.205322265625
-11.221686363220215
-11.23275089263916
-11.219378471374512
-11.215672492980957
-11.184832572937012
-11.188531875610352
-11.185178756713867
-11.2073974609375
-11.211008071899414
-11.20822811126709
-11.181733131408691
-11.186701774597168
-11.197548866271973
-11.2203369140625
-11.225218772888184
-11.221052169799805
-11.198780059814453
-11.193014144897461
-11.207438468933105
-11.231411933898926
-11.215486526489258
-11.196763038635254
-11.178716659545898
-11.219066619873047
-11.217772483825684
-11.181610107421875
-11.141456604003906
-11.181512832641602
-11.22260856628418
-11.192216873168945
-11.16676139831543
-11.21219253540039
-11.214791297912598
-11.147930145263672
-11.141914367675781
-11.235005378723145
-11.197569847106934
-11.147797584533691
-11.218831062316895
-11.228340148925781
-11.179325103759766
-11.193384170532227
-11.234554290771484
-11.208206176757812
-11.21070671081543
-11.229015350341797
-11.228515625
-11.21467113494873
-11.194930076599121
-11.244930267333984
-11.214021682739258
-11.207386016845703
-11.212428092956543
-11.235309600830078
-11.223177909851074
-11.231318473815918
-11.22582721710205
-11.224467277526855
-11.22685718536377
-11.253959655761719
-11.232596397399902
-11.235447883605957
-11.237356185913086
-11.251012802124023
-11.216158866882324
-11.228179931640625
-11.239813804626465
-11.222616195678711
-11.231348991394043
-11.249850273132324
-11.239787101745605
-11.249122619628906
-11.234737396240234
-11.22872257232666
-11.239788055419922
-11.24612808227539
-11.238728523254395
-11.248830795288086
-11.238276481628418
-11.247713088989258
-11.244969367980957
-11.23586654663086
-11.234420776367188
-11.252331733703613
-11.255216598510742
-11.229574203491211
-11.24226188659668
-11.241528511047363
-11.251063346862793
-11.236881256103516
-11.232585906982422
-11.23228645324707
-11.242330551147461
-11.252006530761719
-11.237351417541504
-11.249979019165039
-11.244756698608398
-11.239843368530273
-11.240471839904785
-11.24436092376709
-11.245643615722656
-11.251302719116211
-11.247773170471191
-11.246087074279785
-11.254630088806152
-11.246684074401855
-11.245339393615723
-11.253846168518066
-11.24826717376709
-11.258035659790039
-11.238625526428223
-11.248851776123047
-11.227359771728516
-11.253478050231934
-11.25673770904541
-11.236291885375977
-11.245077133178711
-11.256651878356934
-11.251368522644043
-11.251063346862793
-11.264623641967773
-11.247528076171875
-11.24289321899414
-11.24953842163086
-11.24167537689209
-11.236161231994629
-11.246312141418457
-11.258198738098145
-11.253369331359863
-11.252927780151367
-11.257201194763184
-11.254039764404297
-11.26370620727539
-11.259730339050293
-11.253315925598145
-11.242583274841309
-11.259528160095215
-11.252792358398438
-11.252668380737305
-11.26686954498291
-11.246391296386719
-11.247208595275879
-11.252617835998535
-11.25498104095459
-11.250958442687988
-11.263644218444824
-11.266851425170898
-11.259117126464844
-11.252687454223633
-11.254944801330566
-11.264822959899902
-11.250409126281738
-11.247682571411133
-11.247557640075684
-11.259706497192383
-11.251989364624023
-11.251189231872559
-11.247224807739258
-11.252158164978027
-11.267838478088379
-11.256509780883789
-11.250837326049805
-11.249858856201172
-11.259395599365234
-11.263484001159668
-11.249258041381836
-11.247355461120605
-11.245926856994629
-11.26266098022461
-11.250213623046875
-11.247456550598145
-11.260687828063965
-11.243600845336914
-11.268890380859375
-11.276403427124023
-11.256415367126465
-11.256991386413574
-11.269989013671875
-11.249430656433105
-11.260169982910156
-11.249529838562012
-11.260435104370117
-11.249222755432129
-11.253836631774902
-11.249939918518066
-11.261548042297363
-11.258405685424805
-11.261107444763184
-11.257524490356445
-11.268692970275879
-11.261870384216309
-11.269100189208984
-11.265490531921387
-11.271383285522461
-11.25641918182373
-11.266160011291504
-11.264836311340332
-11.265708923339844
-11.259078025817871
-11.254972457885742
-11.25854206085205
-11.269475936889648
-11.26546859741211
-11.263665199279785
-11.258387565612793
-11.273944854736328
-11.27597427368164
-11.271004676818848
-11.262008666992188
-11.264825820922852
-11.256489753723145
-11.260053634643555
-11.261664390563965
-11.274711608886719
-11.263856887817383
-11.26634407043457
-11.271674156188965
-11.264786720275879
-11.274287223815918
-11.267525672912598
-11.260730743408203
-11.270462036132812
-11.259366989135742
-11.257767677307129
-11.27507495880127
-11.270805358886719
-11.268281936645508
-11.263814926147461
-11.269000053405762
-11.276534080505371
-11.272026062011719
-11.275569915771484
-11.277554512023926
-11.27088737487793
-11.268329620361328
-11.257662773132324
-11.266013145446777
-11.27462100982666
-11.265955924987793
-11.269569396972656
-11.266971588134766
-11.274288177490234
-11.260923385620117
-11.244905471801758
-11.252616882324219
-11.250493049621582
-11.241177558898926
-11.251246452331543
-11.256204605102539
-11.255119323730469
-11.262222290039062
-11.27437973022461
-11.259733200073242
-11.258776664733887
-11.263805389404297
-11.26198959350586
-11.276992797851562
-11.274360656738281
-11.265183448791504
-11.269145011901855
-11.275005340576172
-11.286556243896484
-11.272703170776367
-11.2843599319458
-11.26101016998291
-11.27724552154541
-11.273136138916016
-11.273575782775879
-11.274301528930664
-11.255389213562012
-11.27685546875
-11.256620407104492
-11.27525520324707
-11.254857063293457
-11.259113311767578
-11.257719039916992
-11.257912635803223
-11.245675086975098
-11.259758949279785
-11.268111228942871
-11.253094673156738
-11.269880294799805
-11.273588180541992
-11.275443077087402
-11.26535415649414
-11.273965835571289
-11.276926040649414
-11.271446228027344
-11.264440536499023
-11.269989013671875
-11.269829750061035
-11.264988899230957
-11.251784324645996
-11.255882263183594
-11.270401954650879
-11.272943496704102
-11.280179977416992
-11.281560897827148
-11.285050392150879
-11.276461601257324
-11.288386344909668
-11.272271156311035
-11.282503128051758
-11.276068687438965
-11.272441864013672
-11.278794288635254
-11.284881591796875
-11.273995399475098
-11.289156913757324
-11.274964332580566
-11.27670955657959
-11.275230407714844
-11.266563415527344
-11.27987289428711
-11.276697158813477
-11.27035140991211
-11.275753021240234
-11.276213645935059
-11.276942253112793
-11.273822784423828
-11.266986846923828
-11.282256126403809
-11.277097702026367
-11.284769058227539
-11.274065017700195
-11.269956588745117
-11.260686874389648
-11.26509952545166
-11.278026580810547
-11.277350425720215
-11.284738540649414
-11.272622108459473
-11.24775505065918
-11.235106468200684
-11.248473167419434
-11.258695602416992
-11.269736289978027
-11.279557228088379
-11.268017768859863
-11.278398513793945
-11.292262077331543
-11.287436485290527
-11.285858154296875
-11.274735450744629
-11.258615493774414
-11.253377914428711
-11.264213562011719
-11.274942398071289
-11.27783203125
-11.268915176391602
-11.254871368408203
-11.2459077835083
-11.259586334228516
-11.269500732421875
-11.27907943725586
-11.286900520324707
-11.294424057006836
-11.283613204956055
-11.292481422424316
-11.28243637084961
-11.291013717651367
-11.298068046569824
-11.282755851745605
-11.27551555633545
-11.282561302185059
-11.277630805969238
-11.285329818725586
-11.263837814331055
-11.283541679382324
-11.279095649719238
-11.286643981933594
-11.28032112121582
-11.288885116577148
-11.280389785766602
-11.285215377807617
-11.2940092086792
-11.278362274169922
-11.270906448364258
-11.260102272033691
-11.276141166687012
-11.284422874450684
-11.280383110046387
-11.285252571105957
-11.294137954711914
-11.290501594543457
-11.290384292602539
-11.287426948547363
-11.291316032409668
-11.291447639465332
-11.292628288269043
-11.285574913024902
-11.292196273803711
-11.29306697845459
-11.28738784790039
-11.292738914489746
-11.294792175292969
-11.289137840270996
-11.286903381347656
-11.295814514160156
-11.292028427124023
-11.291874885559082
-11.297375679016113
-11.303483963012695
-11.295073509216309
-11.292038917541504
-11.293192863464355
-11.294527053833008
-11.29649543762207
-11.28113842010498
-11.292348861694336
-11.294363975524902
-11.286850929260254
-11.283499717712402
-11.293630599975586
-11.289654731750488
-11.289840698242188
-11.301765441894531
-11.294442176818848
-11.28791332244873
-11.29057502746582
-11.293031692504883
-11.297856330871582
-11.288466453552246
-11.300189018249512
-11.294656753540039
-11.28915023803711
-11.300688743591309
-11.297155380249023
-11.304659843444824
-11.292534828186035
-11.298792839050293
-11.30379581451416
-11.286829948425293
-11.269203186035156
-11.277627944946289
-11.279562950134277
-11.275167465209961
-11.28729248046875
-11.290149688720703
-11.298794746398926
-11.29916000366211
-11.280302047729492
-11.260634422302246
-11.266901016235352
-11.271029472351074
-11.281234741210938
-11.284793853759766
-11.297202110290527
-11.295534133911133
-11.27863597869873
-11.29362678527832
-11.299149513244629
-11.29030704498291
-11.297248840332031
-11.295432090759277
-11.302559852600098
-11.29452133178711
-11.287430763244629
-11.298216819763184
-11.302488327026367
-11.300643920898438
-11.302462577819824
-11.297069549560547
-11.293364524841309
-11.290349006652832
-11.295554161071777
-11.289763450622559
-11.292929649353027
-11.294654846191406
-11.291638374328613
-11.301297187805176
-11.298910140991211
-11.30727481842041
-11.292396545410156
-11.29893684387207
-11.296351432800293
-11.300790786743164
-11.29662036895752
-11.292996406555176
-11.305365562438965
-11.300920486450195
-11.294533729553223
-11.298258781433105
-11.308728218078613
-11.307077407836914
-11.303664207458496
-11.300978660583496
-11.296937942504883
-11.296441078186035
-11.292391777038574
-11.295077323913574
-11.288558959960938
-11.291501998901367
-11.293583869934082
-11.307053565979004
-11.308745384216309
-11.311312675476074
-11.301899909973145
-11.299688339233398
-11.303482055664062
-11.298861503601074
-11.291450500488281
-11.284624099731445
-11.302840232849121
-11.297048568725586
-11.29763412475586
-11.300893783569336
-11.270662307739258
-11.265655517578125
-11.272005081176758
-11.299429893493652
-11.298052787780762
-11.276968002319336
-11.259865760803223
-11.243257522583008
-11.264076232910156
-11.297338485717773
-11.280641555786133
-11.249115943908691
-11.232283592224121
-11.285720825195312
-11.302135467529297
-11.294840812683105
-11.260664939880371
-11.262975692749023
-11.28700065612793
-11.30317497253418
-11.299607276916504
-11.309988975524902
-11.30145263671875
-11.304067611694336
-11.307501792907715
-11.297154426574707
-11.308260917663574
-11.299667358398438
-11.285280227661133
-11.27951717376709
-11.295173645019531
-11.307365417480469
-11.298271179199219
-11.289324760437012
-11.293384552001953
-11.305012702941895
-11.300152778625488
-11.292322158813477
-11.292016983032227
-11.29075813293457
-11.309972763061523
-11.302817344665527
-11.2776460647583
-11.277050971984863
-11.292389869689941
-11.303169250488281
-11.285255432128906
-11.272650718688965
-11.28642749786377
-11.31125545501709
-11.30143928527832
-11.26488971710205
-11.261069297790527
-11.287276268005371
-11.310676574707031
-11.303831100463867
-11.290267944335938
-11.306195259094238
-11.30522346496582
-11.320149421691895
-11.315356254577637
-11.310381889343262
-11.308963775634766
-11.301831245422363
-11.310866355895996
-11.305312156677246
-11.302720069885254
-11.313773155212402
-11.311272621154785
-11.309771537780762
-11.299277305603027
-11.3035306930542
-11.315704345703125
-11.308542251586914
-11.309964179992676
-11.315268516540527
-11.305990219116211
-11.305011749267578
-11.300314903259277
-11.296188354492188
-11.317940711975098
-11.312074661254883
-11.32507038116455
-11.312018394470215
-11.308683395385742
-11.310606002807617
-11.316851615905762
-11.314657211303711
-11.31668472290039
-11.308941841125488
-11.322750091552734
-11.3129243850708
-11.306760787963867
-11.318458557128906
-11.308599472045898
-11.312328338623047
-11.315980911254883
-11.312299728393555
-11.315167427062988
-11.317839622497559
-11.318387031555176
-11.311610221862793
-11.314176559448242
-11.311297416687012
-11.306991577148438
-11.314483642578125
-11.313918113708496
-11.306283950805664
-11.310258865356445
-11.314716339111328
-11.315413475036621
-11.316877365112305
-11.313322067260742
-11.310894012451172
-11.316802978515625
-11.319085121154785
-11.319530487060547
-11.313896179199219
-11.311034202575684
-11.32679271697998
-11.308914184570312
-11.316268920898438
-11.321277618408203
-11.310917854309082
-11.31607723236084
-11.31507682800293
-11.317464828491211
-11.317041397094727
-11.321860313415527
-11.30720329284668
-11.319693565368652
-11.320584297180176
-11.31829833984375
-11.321625709533691
-11.319925308227539
-11.313976287841797
-11.309019088745117
-11.318401336669922
-11.320806503295898
-11.327309608459473
-11.325304985046387
-11.315553665161133
-11.321810722351074
-11.318436622619629
-11.32054615020752
-11.31891918182373
-11.311771392822266
-11.315279006958008
-11.323995590209961
-11.313715934753418
-11.321019172668457
-11.310992240905762
-11.325749397277832
-11.31009292602539
-11.311906814575195
-11.31591796875
-11.316707611083984
-11.323775291442871
-11.3170166015625
-11.326417922973633
-11.319025039672852
-11.320274353027344
-11.318611145019531
-11.317116737365723
-11.32025146484375
-11.324012756347656
-11.321794509887695
-11.324459075927734
-11.31740665435791
-11.317529678344727
-11.317373275756836
-11.315215110778809
-11.316699981689453
-11.32564926147461
-11.31771183013916
-11.319470405578613
-11.317048072814941
-11.32198715209961
-11.313654899597168
-11.318563461303711
-11.327295303344727
-11.317638397216797
-11.321647644042969
-11.317863464355469
-11.327041625976562
-11.322260856628418
-11.31371021270752
-11.330426216125488
-11.317924499511719
-11.325916290283203
-11.314615249633789
-11.31124210357666
-11.326068878173828
-11.32712173461914
-11.324673652648926
-11.318236351013184
-11.326360702514648
-11.326638221740723
-11.322592735290527
-11.322386741638184
-11.321342468261719
-11.315923690795898
-11.320707321166992
-11.318750381469727
-11.31818962097168
-11.321309089660645
-11.312673568725586
-11.320910453796387
-11.313533782958984
-11.316798210144043
-11.32603645324707
-11.323814392089844
-11.325555801391602
-11.32470703125
-11.32640266418457
-11.316429138183594
-11.320939064025879
-11.293825149536133
-11.296358108520508
-11.305851936340332
-11.300655364990234
-11.30359172821045
-11.309964179992676
-11.31971263885498
-11.318065643310547
-11.312063217163086
-11.30068302154541
-11.305137634277344
-11.303221702575684
-11.31148910522461
-11.310981750488281
-11.32086181640625
-11.32166576385498
-11.32077693939209
-11.319793701171875
-11.318652153015137
-11.31970500946045
-11.323953628540039
-11.329813957214355
-11.334826469421387
-11.322484016418457
-11.325679779052734
-11.32463550567627
-11.324577331542969
-11.3185396194458
-11.317503929138184
-11.313124656677246
-11.313166618347168
-11.326229095458984
-11.320977210998535
-11.330276489257812
-11.327003479003906
-11.328454971313477
-11.324216842651367
-11.329385757446289
-11.330340385437012
-11.323321342468262
-11.31898307800293
-11.320240020751953
-11.321996688842773
-11.325105667114258
-11.333992004394531
-11.32166862487793
-11.323559761047363
-11.318804740905762
-11.318391799926758
-11.31272029876709
-11.30926513671875
-11.318803787231445
-11.318161964416504
-11.32029914855957
-11.325068473815918
-11.324264526367188
-11.323347091674805
-11.31917667388916
-11.335030555725098
-11.330024719238281
-11.320626258850098
-11.322957992553711
-11.31485366821289
-11.324869155883789
-11.327855110168457
-11.320995330810547
-11.312407493591309
-11.317694664001465
-11.319449424743652
-11.319952011108398
-11.327573776245117
-11.328458786010742
-11.31933307647705
-11.31408977508545
-11.297879219055176
-11.2987642288208
-11.302422523498535
-11.30467414855957
-11.319315910339355
-11.327486991882324
-11.328620910644531
-11.32083511352539
-11.316606521606445
-11.314998626708984
-11.315929412841797
-11.312474250793457
-11.315488815307617
-11.312286376953125
-11.325413703918457
-11.327692031860352
-11.329976081848145
-11.322576522827148
-11.31723690032959
-11.319428443908691
-11.327776908874512
-11.324252128601074
-11.330824851989746
-11.327279090881348
-11.327432632446289
-11.328402519226074
-11.324183464050293
-11.332639694213867
-11.334104537963867
-11.325353622436523
-11.3331298828125
-11.32004165649414
-11.330329895019531
-11.335622787475586
-11.333629608154297
-11.33265495300293
-11.33366870880127
-11.340035438537598
-11.330792427062988
-11.31053638458252
-11.322906494140625
-11.305091857910156
-11.317802429199219
-11.323040962219238
-11.330013275146484
-11.330018997192383
-11.33818244934082
-11.329950332641602
-11.327625274658203
-11.330010414123535
-11.332301139831543
-11.329398155212402
-11.32165241241455
-11.312560081481934
-11.316795349121094
-11.315129280090332
-11.323421478271484
-11.329204559326172
-11.329643249511719
-11.32151985168457
-11.317755699157715
-11.311589241027832
-11.306432723999023
-11.315134048461914
-11.325813293457031
-11.333003997802734
-11.325011253356934
-11.32179069519043
-11.330582618713379
-11.330809593200684
-11.330878257751465
-11.339027404785156
-11.340906143188477
-11.326136589050293
-11.323369026184082
-11.322628021240234
-11.341203689575195
-11.331894874572754
-11.332797050476074
-11.323240280151367
-11.305676460266113
-11.303709030151367
-11.303383827209473
-11.317505836486816
-11.33592414855957
-11.3350248336792
-11.327643394470215
-11.32669448852539
-11.313803672790527
-11.328422546386719
-11.32742691040039
-11.332334518432617
-11.323084831237793
-11.322972297668457
-11.324454307556152
-11.322861671447754
-11.333978652954102
-11.334156036376953
-11.33245849609375
-11.329347610473633
-11.33226203918457
-11.332365989685059
-11.338886260986328
-11.341986656188965
-11.336549758911133
-11.332664489746094
-11.333362579345703
-11.334992408752441
-11.325347900390625
-11.331360816955566
-11.331869125366211
-11.336318016052246
-11.339367866516113
-11.333545684814453
-11.330284118652344
-11.330751419067383
-11.34405517578125
-11.333702087402344
-11.334836959838867
-11.338789939880371
-11.339921951293945
-11.337823867797852
-11.33991813659668
-11.33742904663086
-11.333781242370605
-11.333049774169922
-11.339295387268066
-11.34108829498291
-11.330525398254395
-11.329421997070312
-11.331067085266113
-11.338517189025879
-11.33466911315918
-11.338000297546387
-11.33814525604248
-11.336913108825684
-11.334635734558105
-11.338232040405273
-11.331733703613281
-11.337870597839355
-11.33994197845459
-11.336195945739746
-11.33713150024414
-11.346297264099121
-11.341811180114746
-11.334332466125488
-11.343647956848145
-11.335653305053711
-11.335749626159668
-11.337815284729004
-11.331893920898438
-11.332615852355957
-11.333818435668945
-11.336857795715332
-11.342198371887207
-11.342357635498047
-11.341815948486328
-11.342392921447754
-11.34234619140625
-11.337017059326172
-11.33383560180664
-11.34161376953125
-11.341236114501953
-11.335275650024414
-11.34355354309082
-11.341176986694336
-11.343179702758789
-11.339151382446289
-11.336526870727539
-11.33372688293457
-11.338120460510254
-11.33793830871582
-11.34268569946289
-11.341012954711914
-11.342647552490234
-11.345894813537598
-11.340006828308105
-11.329553604125977
-11.330962181091309
-11.330876350402832
-11.328679084777832
-11.332697868347168
-11.332429885864258
-11.3350248336792
-11.331448554992676
-11.33211898803711
-11.333346366882324
-11.333361625671387
-11.335174560546875
-11.334729194641113
-11.32830810546875
-11.33486557006836
-11.338111877441406
-11.333946228027344
-11.337509155273438
-11.330719947814941
-11.331182479858398
-11.324920654296875
-11.323661804199219
-11.326081275939941
-11.327404975891113
-11.3212308883667
-11.322592735290527
-11.312701225280762
-11.312920570373535
-11.320870399475098
-11.329146385192871
-11.334672927856445
-11.341482162475586
-11.342408180236816
-11.340765953063965
-11.338586807250977
-11.34201717376709
-11.330841064453125
-11.329463005065918
-11.326647758483887
-11.319711685180664
-11.325294494628906
-11.329195976257324
-11.33989143371582
-11.341930389404297
-11.342549324035645
-11.340004920959473
-11.341337203979492
-11.33160400390625
-11.330024719238281
-11.333547592163086
-11.335572242736816
-11.3442964553833
-11.34214973449707
-11.341224670410156
-11.340699195861816
-11.341913223266602
-11.337461471557617
-11.342255592346191
-11.333412170410156
-11.333490371704102
-11.345174789428711
-11.33618450164795
-11.341200828552246
-11.33405876159668
-11.33889102935791
-11.337478637695312
-11.327593803405762
-11.32902717590332
-11.332777976989746
-11.326351165771484
-11.321642875671387
-11.328776359558105
-11.336023330688477
-11.334482192993164
-11.342166900634766
-11.34550666809082
-11.338175773620605
-11.341194152832031
-11.340070724487305
-11.350337028503418
-11.348363876342773
-11.346261978149414
-11.340465545654297
-11.334267616271973
-11.33009147644043
-11.333128929138184
-11.3368558883667
-11.34728717803955
-11.351287841796875
-11.339763641357422
-11.329981803894043
-11.315841674804688
-11.321168899536133
-11.325543403625488
-11.33952808380127
-11.343108177185059
-11.343498229980469
-11.33415699005127
-11.323094367980957
-11.310392379760742
-11.317642211914062
-11.334136962890625
-11.34405517578125
-11.330958366394043
-11.31181526184082
-11.296822547912598
-11.295944213867188
-11.323675155639648
-11.343039512634277
-11.337336540222168
-11.330353736877441
-11.32793140411377
-11.331896781921387
-11.343436241149902
-11.343758583068848
-11.331255912780762
-11.324302673339844
-11.323850631713867
-11.339051246643066
-11.342411041259766
-11.344051361083984
-11.33409309387207
-11.321248054504395
-11.329632759094238
-11.3450927734375
-11.342761993408203
-11.33141040802002
-11.323789596557617
-11.31648063659668
-11.328935623168945
-11.344592094421387
-11.342456817626953
-11.347366333007812
-11.338565826416016
-11.327980995178223
-11.324414253234863
-11.335161209106445
-11.348193168640137
-11.345818519592285
-11.330660820007324
-11.329440116882324
-11.34145450592041
-11.346278190612793
-11.349058151245117
-11.339000701904297
-11.332181930541992
-11.330824851989746
-11.340066909790039
-11.340964317321777
-11.344711303710938
-11.344999313354492
-11.336055755615234
-11.335970878601074
-11.34343147277832
-11.342111587524414
-11.347085952758789
-11.343408584594727
-11.33690071105957
-11.343039512634277
-11.350354194641113
-11.347477912902832
-11.344747543334961
-11.348007202148438
-11.344316482543945
-11.34864616394043
-11.34841251373291
-11.349639892578125
-11.349276542663574
-11.349458694458008
-11.35014820098877
-11.347633361816406
-11.347257614135742
-11.352835655212402
-11.349084854125977
-11.346471786499023
-11.3468599319458
-11.349959373474121
-11.349730491638184
-11.3485107421875
-11.351438522338867
-11.351424217224121
-11.35913372039795
-11.347572326660156
-11.354043006896973
-11.347238540649414
-11.351388931274414
-11.350886344909668
-11.34439754486084
-11.348795890808105
-11.352294921875
-11.346887588500977
-11.341004371643066
-11.3521089553833
-11.347312927246094
-11.35402774810791
-11.350445747375488
-11.347400665283203
-11.350711822509766
-11.3416748046875
-11.350692749023438
-11.350842475891113
-11.34976863861084
-11.351163864135742
-11.351062774658203
-11.351759910583496
-11.349433898925781
-11.354735374450684
-11.346158027648926
-11.350117683410645
-11.35202407836914
-11.351323127746582
-11.355907440185547
-11.3458833694458
-11.345537185668945
-11.35791015625
-11.343791007995605
-11.348861694335938
-11.347023963928223
-11.352766036987305
-11.348803520202637
-11.351632118225098
-11.34996509552002
-11.347796440124512
-11.350384712219238
-11.355551719665527
-11.349479675292969
-11.353227615356445
-11.354228019714355
-11.353436470031738
-11.350637435913086
-11.352038383483887
-11.359249114990234
-11.35001277923584
-11.35287857055664
-11.350174903869629
-11.3495454788208
-11.34926700592041
-11.350115776062012
-11.355083465576172
-11.35330581665039
-11.347256660461426
-11.352191925048828
-11.351354598999023
-11.352919578552246
-11.349190711975098
-11.359049797058105
-11.345842361450195
-11.351223945617676
-11.355347633361816
-11.357977867126465
-11.351685523986816
-11.347410202026367
-11.355314254760742
-11.35528564453125
-11.354721069335938
-11.350020408630371
-11.354740142822266
-11.350859642028809
-11.351105690002441
-11.351773262023926
-11.350218772888184
-11.350637435913086
-11.349196434020996
-11.350985527038574
-11.348411560058594
-11.345269203186035
-11.351091384887695
-11.35468864440918
-11.352849960327148
-11.35706901550293
-11.357173919677734
-11.353775978088379
-11.34869384765625
-11.34616470336914
-11.348770141601562
-11.339742660522461
-11.335138320922852
-11.33155345916748
-11.32970905303955
-11.327570915222168
-11.332852363586426
-11.337386131286621
-11.347370147705078
-11.34899616241455
-11.359381675720215
-11.351548194885254
-11.350582122802734
-11.346378326416016
-11.351726531982422
-11.343379974365234
-11.345401763916016
-11.34358024597168
-11.336935043334961
-11.341146469116211
-11.340652465820312
-11.347649574279785
-11.349699020385742
-11.345142364501953
-11.346514701843262
-11.351734161376953
-11.356581687927246
-11.352316856384277
-11.35450553894043
-11.348577499389648
-11.352767944335938
-11.347354888916016
-11.344611167907715
-11.342897415161133
-11.353160858154297
-11.356529235839844
-11.343936920166016
-11.324809074401855
-11.316028594970703
-11.323840141296387
-11.340593338012695
-11.347701072692871
-11.354582786560059
-11.355423927307129
-11.35004997253418
-11.344430923461914
-11.350170135498047
-11.353670120239258
-11.357526779174805
-11.35747241973877
-11.35225772857666
-11.345422744750977
-11.337240219116211
-11.331433296203613
-11.3452730178833
-11.347086906433105
-11.358084678649902
-11.358243942260742
-11.349495887756348
-11.347387313842773
-11.348576545715332
-11.340729713439941
-11.350327491760254
-11.35590648651123
-11.35861587524414
-11.352409362792969
-11.355072021484375
-11.356317520141602
-11.346003532409668
-11.349620819091797
-11.348509788513184
-11.347489356994629
-11.350394248962402
-11.357882499694824
-11.355280876159668
-11.35985279083252
-11.36187744140625
-11.360414505004883
-11.3574800491333
-11.350007057189941
-11.35734748840332
-11.35167121887207
-11.349888801574707
-11.354028701782227
-11.356704711914062
-11.352190017700195
-11.355728149414062
-11.359241485595703
-11.36012077331543
-11.353970527648926
-11.35355281829834
-11.355731010437012
-11.355722427368164
-11.355327606201172
-11.358942031860352
-11.354146957397461
-11.351334571838379
-11.353683471679688
-11.355891227722168
-11.349803924560547
-11.352596282958984
-11.355576515197754
-11.35775089263916
-11.364705085754395
-11.360084533691406
-11.355274200439453
-11.356389045715332
-11.351616859436035
-11.352860450744629
-11.352335929870605
-11.347362518310547
-11.350610733032227
-11.345636367797852
-11.354408264160156
-11.353168487548828
-11.35680103302002
-11.352516174316406
-11.35345458984375
-11.34891128540039
-11.349495887756348
-11.355707168579102
-11.357331275939941
-11.357635498046875
-11.352564811706543
-11.34847354888916
-11.342641830444336
-11.333291053771973
-11.337982177734375
-11.347051620483398
-11.350232124328613
-11.354934692382812
-11.361120223999023
-11.35482120513916
-11.350410461425781
-11.344690322875977
-11.347877502441406
-11.35620403289795
-11.361764907836914
-11.357333183288574
-11.359526634216309
-11.361817359924316
-11.357378005981445
-11.348543167114258
-11.337308883666992
-11.333545684814453
-11.331001281738281
-11.336469650268555
-11.34588623046875
-11.356728553771973
-11.357043266296387
-11.35118293762207
-11.344470024108887
-11.330208778381348
-11.322279930114746
-11.326127052307129
-11.343072891235352
-11.353555679321289
-11.352341651916504
-11.348817825317383
-11.339852333068848
-11.336756706237793
-11.34770393371582
-11.357059478759766
-11.358724594116211
-11.353979110717773
-11.336647033691406
-11.340508460998535
-11.350459098815918
-11.359513282775879
-11.361692428588867
-11.350461959838867
-11.345256805419922
-11.34080696105957
-11.33731460571289
-11.333968162536621
-11.343929290771484
-11.352962493896484
-11.356910705566406
-11.336099624633789
-11.3173189163208
-11.326952934265137
-11.351131439208984
-11.343530654907227
-11.290008544921875
-11.26374626159668
-11.336828231811523
-11.328782081604004
-11.252965927124023
-11.289868354797363
-11.355470657348633
-11.329408645629883
-11.278544425964355
-11.288586616516113
-11.340860366821289
-11.355637550354004
-11.341580390930176
-11.309698104858398
-11.311944007873535
-11.348199844360352
-11.358713150024414
-11.346622467041016
-11.330191612243652
-11.339682579040527
-11.357792854309082
-11.358119010925293
-11.350680351257324
-11.344975471496582
-11.35073184967041
-11.358139991760254
-11.360981941223145
-11.358697891235352
-11.351740837097168
-11.359213829040527
-11.358536720275879
-11.358519554138184
-11.349720001220703
-11.356077194213867
-11.359429359436035
-11.354395866394043
-11.351475715637207
-11.348087310791016
-11.359821319580078
-11.361616134643555
-11.35843276977539
-11.35498046875
-11.355825424194336
-11.361620903015137
-11.35437297821045
-11.360398292541504
-11.363219261169434
-11.366085052490234
-11.366153717041016
-11.357352256774902
-11.360454559326172
-11.363786697387695
-11.364524841308594
-11.369089126586914
-11.357442855834961
-11.367325782775879
-11.359663009643555
-11.356033325195312
-11.367265701293945
-11.361987113952637
-11.361413955688477
-11.35964298248291
-11.36754035949707
-11.362196922302246
-11.362156867980957
-11.361018180847168
-11.356572151184082
-11.362271308898926
-11.361457824707031
-11.361520767211914
-11.36631965637207
-11.362251281738281
-11.36324691772461
-11.366009712219238
-11.357460975646973
-11.367778778076172
-11.356477737426758
-11.36116886138916
-11.36534595489502
-11.364545822143555
-11.363082885742188
-11.363346099853516
-11.361042022705078
-11.3676176071167
-11.360298156738281
-11.356435775756836
-11.361800193786621
-11.355125427246094
-11.363999366760254
-11.370195388793945
-11.36742877960205
-11.363582611083984
-11.361908912658691
-11.363147735595703
-11.361676216125488
-11.365870475769043
-11.369126319885254
-11.365496635437012
-11.36126708984375
-11.36092758178711
-11.363683700561523
-11.368072509765625
-11.359606742858887
-11.36689567565918
-11.362001419067383
-11.367013931274414
-11.37121868133545
-11.36357307434082
-11.366473197937012
-11.366179466247559
-11.36826229095459
-11.365265846252441
-11.369963645935059
-11.360868453979492
-11.364263534545898
-11.362693786621094
-11.361725807189941
-11.36783218383789
-11.36462116241455
-11.368368148803711
-11.364171981811523
-11.363036155700684
-11.367593765258789
-11.363863945007324
-11.36374282836914
-11.367244720458984
-11.368143081665039
-11.363945007324219
-11.369277000427246
-11.363624572753906
-11.367608070373535
-11.362152099609375
-11.3634672164917
-11.369619369506836
-11.365872383117676
-11.362541198730469
-11.371211051940918
-11.363929748535156
-11.366469383239746
-11.363354682922363
-11.365135192871094
-11.364680290222168
-11.368118286132812
-11.361164093017578
-11.364646911621094
-11.36905574798584
-11.365314483642578
-11.367230415344238
-11.362446784973145
-11.36571216583252
-11.367044448852539
-11.360974311828613
-11.364109992980957
-11.364349365234375
-11.368779182434082
-11.362523078918457
-11.367219924926758
-11.365808486938477
-11.36796760559082
-11.368986129760742
-11.364433288574219
-11.371109008789062
-11.364912986755371
-11.36487865447998
-11.367390632629395
-11.369657516479492
-11.364863395690918
-11.362534523010254
-11.358170509338379
-11.367467880249023
-11.362485885620117
-11.367837905883789
-11.36451530456543
-11.369266510009766
-11.361565589904785
-11.364860534667969
-11.36147403717041
-11.367218971252441
-11.361027717590332
-11.368096351623535
-11.36373233795166
-11.3692626953125
-11.364480018615723
-11.365056991577148
-11.364174842834473
-11.360321998596191
-11.360215187072754
-11.3654146194458
-11.365196228027344
-11.36098861694336
-11.366536140441895
-11.366427421569824
-11.368892669677734
-11.369770050048828
-11.367714881896973
-11.367303848266602
-11.36929702758789
-11.36626148223877
-11.370820045471191
-11.366863250732422
-11.362504959106445
-11.364359855651855
-11.364486694335938
-11.36606216430664
-11.37006950378418
-11.368590354919434
-11.364511489868164
-11.369270324707031
-11.364489555358887
-11.371461868286133
-11.368392944335938
-11.367815017700195
-11.364911079406738
-11.360894203186035
-11.367987632751465
-11.3646821975708
-11.368592262268066
-11.366094589233398
-11.368289947509766
-11.362812995910645
-11.368983268737793
-11.364267349243164
-11.36335563659668
-11.367999076843262
-11.361721992492676
-11.36126708984375
-11.356729507446289
-11.356879234313965
-11.35867977142334
-11.355178833007812
-11.36351203918457
-11.356887817382812
-11.363039016723633
-11.361804962158203
-11.364015579223633
-11.360427856445312
-11.35582160949707
-11.355448722839355
-11.357197761535645
-11.358315467834473
-11.36480712890625
-11.366427421569824
-11.365598678588867
-11.369215965270996
-11.369552612304688
-11.366289138793945
-11.364972114562988
-11.361055374145508
-11.364667892456055
-11.362485885620117
-11.35262680053711
-11.351556777954102
-11.340991020202637
-11.34892463684082
-11.366825103759766
-11.366244316101074
-11.36878490447998
-11.368857383728027
-11.361496925354004
-11.357800483703613
-11.362386703491211
-11.356568336486816
-11.35708236694336
-11.359034538269043
-11.355073928833008
-11.359326362609863
-11.356603622436523
-11.359086990356445
-11.365922927856445
-11.367337226867676
-11.371987342834473
-11.367424011230469
-11.366621017456055
-11.36526107788086
-11.360977172851562
-11.364434242248535
-11.361268043518066
-11.364012718200684
-11.363951683044434
-11.365860939025879
-11.366172790527344
-11.366223335266113
-11.368412971496582
-11.369089126586914
-11.36623764038086
-11.369891166687012
-11.371858596801758
-11.367559432983398
-11.365768432617188
-11.371091842651367
-11.364261627197266
-11.364872932434082
-11.36666202545166
-11.363478660583496
-11.361318588256836
-11.358455657958984
-11.362316131591797
-11.357322692871094
-11.363505363464355
-11.37237548828125
-11.372318267822266
-11.371338844299316
-11.368600845336914
-11.361993789672852
-11.360573768615723
-11.358134269714355
-11.351187705993652
-11.350340843200684
-11.350646018981934
-11.355104446411133
-11.353290557861328
-11.359369277954102
-11.363422393798828
-11.365159034729004
-11.372513771057129
-11.37181568145752
-11.36605167388916
-11.362987518310547
-11.359829902648926
-11.35848331451416
-11.365415573120117
-11.36961555480957
-11.369359970092773
-11.371121406555176
-11.369056701660156
-11.367863655090332
-11.373828887939453
-11.376729011535645
-11.368610382080078
-11.366334915161133
-11.370824813842773
-11.367202758789062
-11.367796897888184
-11.362333297729492
-11.361095428466797
-11.362375259399414
-11.361214637756348
-11.36440658569336
-11.36194133758545
-11.36142349243164
-11.362253189086914
-11.362889289855957
-11.371248245239258
-11.36491870880127
-11.371750831604004
-11.371387481689453
-11.37576675415039
-11.373154640197754
-11.371768951416016
-11.371482849121094
-11.367698669433594
-11.366133689880371
-11.363082885742188
-11.361106872558594
-11.358081817626953
-11.367722511291504
-11.370516777038574
-11.372396469116211
-11.366981506347656
-11.363511085510254
-11.358417510986328
-11.35563850402832
-11.352591514587402
-11.350141525268555
-11.360748291015625
-11.3700532913208
-11.368330955505371
-11.3668794631958
-11.360167503356934
-11.350378036499023
-11.348223686218262
-11.342178344726562
-11.351349830627441
-11.359213829040527
-11.364727973937988
-11.36938190460205
-11.375389099121094
-11.370132446289062
-11.369126319885254
-11.371087074279785
-11.371891975402832
-11.368586540222168
-11.369730949401855
-11.371283531188965
-11.37401008605957
-11.371424674987793
-11.373247146606445
-11.370904922485352
-11.370037078857422
-11.373459815979004
-11.372383117675781
-11.374913215637207
-11.373823165893555
-11.37063980102539
-11.373664855957031
-11.375036239624023
-11.369366645812988
-11.374792098999023
-11.372751235961914
-11.375619888305664
-11.370973587036133
-11.372843742370605
-11.371875762939453
-11.368757247924805
-11.366474151611328
-11.361377716064453
-11.356551170349121
-11.3506441116333
-11.350839614868164
-11.3643217086792
-11.374894142150879
-11.3687162399292
-11.35102653503418
-11.334362030029297
-11.333520889282227
-11.343250274658203
-11.35698413848877
-11.3702392578125
-11.371344566345215
-11.367402076721191
-11.360630989074707
-11.358550071716309
-11.364777565002441
-11.369064331054688
-11.369828224182129
-11.374939918518066
-11.37041187286377
-11.367308616638184
-11.368172645568848
-11.366320610046387
-11.363204956054688
-11.360395431518555
-11.36294174194336
-11.365169525146484
-11.376301765441895
-11.374761581420898
-11.371099472045898
-11.360730171203613
-11.349427223205566
-11.352812767028809
-11.359408378601074
-11.369105339050293
-11.372458457946777
-11.373154640197754
-11.367939949035645
-11.367837905883789
-11.367234230041504
-11.365706443786621
-11.372757911682129
-11.369670867919922
-11.371416091918945
-11.364087104797363
-11.366374969482422
-11.3694429397583
-11.37122917175293
-11.372319221496582
-11.373257637023926
-11.369377136230469
-11.362466812133789
-11.358356475830078
-11.358415603637695
-11.363497734069824
-11.371321678161621
-11.37440299987793
-11.36995792388916
-11.363848686218262
-11.364283561706543
-11.369892120361328
-11.373710632324219
-11.367260932922363
-11.351871490478516
-11.340780258178711
-11.351903915405273
-11.360154151916504
-11.371540069580078
-11.374059677124023
-11.370564460754395
-11.373804092407227
-11.370588302612305
-11.373653411865234
-11.379040718078613
-11.373051643371582
-11.37447738647461
-11.373490333557129
-11.374341011047363
-11.373613357543945
-11.368786811828613
-11.371060371398926
-11.37587833404541
-11.37411880493164
-11.370146751403809
-11.375320434570312
-11.370048522949219
-11.369790077209473
-11.369154930114746
-11.372076034545898
-11.374336242675781
-11.376466751098633
-11.372802734375
-11.375000953674316
-11.374504089355469
-11.372895240783691
-11.378582000732422
-11.375155448913574
-11.377083778381348
-11.375505447387695
-11.379305839538574
-11.377702713012695
-11.376959800720215
-11.377693176269531
-11.378374099731445
-11.376164436340332
-11.37656307220459
-11.378458023071289
-11.379640579223633
-11.375629425048828
-11.378776550292969
-11.379363059997559
-11.376694679260254
-11.37364387512207
-11.376808166503906
-11.379212379455566
-11.376293182373047
-11.375930786132812
-11.374528884887695
-11.373601913452148
-11.375638008117676
-11.375262260437012
-11.370894432067871
-11.376279830932617
-11.375774383544922
-11.377821922302246
-11.368430137634277
-11.375569343566895
-11.376873016357422
-11.37551212310791
-11.378947257995605
-11.377589225769043
-11.381936073303223
-11.376269340515137
-11.37545394897461
-11.378445625305176
-11.372949600219727
-11.377969741821289
-11.375484466552734
-11.378728866577148
-11.371562957763672
-11.375905990600586
-11.379674911499023
-11.376160621643066
-11.382925033569336
-11.376745223999023
-11.373333930969238
-11.37532901763916
-11.3749418258667
-11.373626708984375
-11.376824378967285
-11.37878704071045
-11.381258010864258
-11.377752304077148
-11.37788200378418
-11.378433227539062
-11.373751640319824
-11.374507904052734
-11.375765800476074
-11.375931739807129
-11.377418518066406
-11.379590034484863
-11.380277633666992
-11.379247665405273
-11.38287353515625
-11.380913734436035
-11.377802848815918
-11.37503433227539
-11.374466896057129
-11.374334335327148
-11.370932579040527
-11.368308067321777
-11.359338760375977
-11.362231254577637
-11.363154411315918
-11.3641357421875
-11.366615295410156
-11.367877006530762
-11.36513614654541
-11.367255210876465
-11.363687515258789
-11.367956161499023
-11.371211051940918
-11.375215530395508
-11.373581886291504
-11.376973152160645
-11.368642807006836
-11.369050979614258
-11.365547180175781
-11.36245346069336
-11.36533260345459
-11.361139297485352
-11.3699369430542
-11.374730110168457
-11.38071060180664
-11.375995635986328
-11.374486923217773
-11.37768840789795
-11.374138832092285
-11.377639770507812
-11.369924545288086
-11.365745544433594
-11.36556625366211
-11.366068840026855
-11.370030403137207
-11.379498481750488
-11.37540054321289
-11.377448081970215
-11.381481170654297
-11.376654624938965
-11.37907600402832
-11.37797737121582
-11.37708854675293
