loss_u
-5.765079975128174
-5.69672966003418
-5.711980819702148
-5.839476585388184
-5.783161640167236
-5.901386737823486
-6.069913864135742
-5.956461429595947
-5.875308036804199
-5.836633682250977
-5.8670654296875
-6.030195713043213
-6.093548774719238
-5.876348495483398
-5.885178089141846
-6.048207759857178
-6.001894474029541
-5.963105201721191
-6.012146472930908
-6.062966346740723
-6.179538249969482
-6.213917255401611
-6.076442241668701
-6.203773498535156
-6.1060590744018555
-6.20957612991333
-6.203106880187988
-6.248865604400635
-6.298356056213379
-6.269631385803223
-6.283862590789795
-6.214468479156494
-6.326552867889404
-6.320288181304932
-6.327330112457275
-6.317723751068115
-6.3918070793151855
-6.427187919616699
-6.421008110046387
-6.3882527351379395
-6.37714958190918
-6.424209117889404
-6.436528205871582
-6.481156349182129
-6.454287052154541
-6.430917739868164
-6.436575889587402
-6.452922344207764
-6.464637279510498
-6.438320636749268
-6.487067222595215
-6.463545799255371
-6.458937168121338
-6.497091770172119
-6.5067949295043945
-6.505481719970703
-6.488534450531006
-6.534707546234131
-6.516262531280518
-6.529042720794678
-6.527484893798828
-6.522683143615723
-6.502989292144775
-6.561858654022217
-6.54885721206665
-6.54043436050415
-6.554788589477539
-6.569223403930664
-6.578401565551758
-6.577599048614502
-6.594360828399658
-6.585636138916016
-6.585230350494385
-6.601922988891602
-6.594882488250732
-6.574227809906006
-6.594583511352539
-6.589022636413574
-6.62839412689209
-6.636075019836426
-6.637999057769775
-6.661686897277832
-6.631535530090332
-6.646568775177002
-6.654365062713623
-6.677624225616455
-6.685778617858887
-6.688241958618164
-6.702679634094238
-6.708537578582764
-6.708166599273682
-6.749147415161133
-6.693038463592529
-6.732068061828613
-6.756106376647949
-6.780076503753662
-6.778453826904297
-6.8098673820495605
-6.830114364624023
-6.821402072906494
-6.867703914642334
-6.86496639251709
-6.9006242752075195
-6.924719333648682
-6.922391891479492
-6.9601731300354
-6.9826507568359375
-7.070780277252197
-7.114643096923828
-7.050971031188965
-7.196975231170654
-7.284694671630859
-7.3472065925598145
-7.344560623168945
-7.408293724060059
-7.534523010253906
-7.710725784301758
-7.76702356338501
-8.014777183532715
-8.158703804016113
-8.36381721496582
-8.386377334594727
-8.11834716796875
-8.352672576904297
-8.258334159851074
-8.486056327819824
-8.527584075927734
-8.103806495666504
-8.377185821533203
-8.507129669189453
-8.509347915649414
-8.588411331176758
-8.591134071350098
-8.556270599365234
-8.7908353805542
-8.695321083068848
-8.733880996704102
-8.7678861618042
-8.907894134521484
-8.860005378723145
-8.763601303100586
-8.892792701721191
-8.889060020446777
-8.950629234313965
-8.998627662658691
-8.87795352935791
-9.103058815002441
-9.01900577545166
-9.00366497039795
-9.105191230773926
-9.15259075164795
-8.95557689666748
-9.26307487487793
-9.110833168029785
-9.142966270446777
-9.192234992980957
-9.177083015441895
-9.227913856506348
-9.138043403625488
-9.134389877319336
-9.16057014465332
-9.273595809936523
-9.317062377929688
-9.21811294555664
-9.255900382995605
-9.226541519165039
-9.387496948242188
-9.370794296264648
-9.423971176147461
-9.283212661743164
-9.35733699798584
-9.324260711669922
-9.428380966186523
-9.351614952087402
-9.491305351257324
-9.159797668457031
-9.270594596862793
-9.162418365478516
-9.304709434509277
-9.1383695602417
-8.980026245117188
-9.564458847045898
-9.023838996887207
-9.294958114624023
-9.370291709899902
-9.24373722076416
-9.512079238891602
-9.367414474487305
-9.334043502807617
-9.38286018371582
-9.365924835205078
-9.564164161682129
-9.50130558013916
-9.464731216430664
-9.634281158447266
-9.539307594299316
-9.594244956970215
-9.687398910522461
-9.728204727172852
-9.56656265258789
-9.511399269104004
-9.660548210144043
-9.607494354248047
-9.66217041015625
-9.702012062072754
-9.631830215454102
-9.689433097839355
-9.646626472473145
-9.790780067443848
-9.663414001464844
-9.797147750854492
-9.803088188171387
-9.727738380432129
-9.687883377075195
-9.658109664916992
-9.727089881896973
-9.697677612304688
-9.799307823181152
-9.786110877990723
-9.738800048828125
-9.832782745361328
-9.783299446105957
-9.753106117248535
-9.824838638305664
-9.726360321044922
-9.708559036254883
-9.84654426574707
-9.63438606262207
-9.844968795776367
-9.830453872680664
-9.850884437561035
-9.722166061401367
-9.910347938537598
-9.718438148498535
-9.869742393493652
-9.684361457824707
-10.005725860595703
-9.64854907989502
-9.91306209564209
-9.692648887634277
-9.921591758728027
-9.764498710632324
-9.98161506652832
-9.692299842834473
-9.759806632995605
-9.859180450439453
-9.847413063049316
-9.946961402893066
-9.910959243774414
-10.050209045410156
-9.963362693786621
-9.955411911010742
-9.93086051940918
-10.022722244262695
-10.051481246948242
-10.019342422485352
-10.110736846923828
-10.05422592163086
-10.037447929382324
-10.022780418395996
-10.127321243286133
-10.070749282836914
-10.091650009155273
-10.16368579864502
-10.063355445861816
-10.147883415222168
-10.164118766784668
-10.103605270385742
-10.07190227508545
-10.123584747314453
-10.165116310119629
-10.158363342285156
-10.1553373336792
-10.187715530395508
-10.101319313049316
-10.154202461242676
-10.122330665588379
-10.212841033935547
-10.175390243530273
-10.237266540527344
-10.218602180480957
-10.201231002807617
-10.168927192687988
-10.181365013122559
-10.270767211914062
-10.237133979797363
-10.194615364074707
-10.175599098205566
-10.054798126220703
-10.223572731018066
-10.139387130737305
-10.086255073547363
-10.325879096984863
-10.058019638061523
-10.265869140625
-10.179939270019531
-10.162009239196777
-10.21762466430664
-10.195125579833984
-10.305370330810547
-10.298547744750977
-10.250204086303711
-10.286323547363281
-10.293305397033691
-10.236882209777832
-10.312784194946289
-10.26445484161377
-10.29906940460205
-10.374939918518066
-10.30744743347168
-10.344673156738281
-10.389937400817871
-10.346519470214844
-10.289984703063965
-10.344866752624512
-10.314678192138672
-10.357582092285156
-10.36070728302002
-10.3253812789917
-10.32832145690918
-10.38949203491211
-10.365848541259766
-10.408035278320312
-10.329835891723633
-10.393362998962402
-10.377552032470703
-10.406352996826172
-10.368938446044922
-10.434916496276855
-10.401845932006836
-10.400310516357422
-10.392868041992188
-10.443962097167969
-10.441758155822754
-10.428304672241211
-10.463783264160156
-10.44145393371582
-10.41610050201416
-10.39992618560791
-10.388092041015625
-10.436735153198242
-10.444692611694336
-10.459070205688477
-10.49057388305664
-10.476337432861328
-10.537446975708008
-10.49425983428955
-10.481423377990723
-10.491353034973145
-10.494954109191895
-10.461058616638184
-10.469568252563477
-10.460569381713867
-10.567654609680176
-10.549159049987793
-10.46655559539795
-10.455500602722168
-10.49924087524414
-10.541053771972656
-10.563604354858398
-10.468852996826172
-10.493256568908691
-10.539802551269531
-10.558964729309082
-10.54385757446289
-10.554055213928223
-10.547082901000977
-10.566584587097168
-10.591797828674316
-10.549375534057617
-10.533918380737305
-10.530632972717285
-10.552287101745605
-10.607583045959473
-10.619719505310059
-10.59559154510498
-10.579483985900879
-10.619287490844727
-10.6643705368042
-10.643353462219238
-10.643217086791992
-10.639802932739258
-10.627711296081543
-10.580266952514648
-10.619904518127441
-10.629568099975586
-10.628217697143555
-10.582428932189941
-10.561874389648438
-10.520896911621094
-10.534923553466797
-10.57402515411377
-10.64199447631836
-10.643856048583984
-10.578710556030273
-10.545936584472656
-10.583242416381836
-10.667594909667969
-10.68216323852539
-10.668599128723145
-10.680617332458496
-10.708916664123535
-10.683279991149902
-10.663304328918457
-10.644902229309082
-10.642555236816406
-10.680119514465332
-10.673504829406738
-10.683466911315918
-10.668668746948242
-10.698606491088867
-10.719752311706543
-10.72356128692627
-10.73575496673584
-10.743724822998047
-10.740257263183594
-10.759142875671387
-10.7102689743042
-10.65787124633789
-10.559406280517578
-10.660662651062012
-10.737874984741211
-10.769287109375
-10.769875526428223
-10.737820625305176
-10.730443000793457
-10.66917610168457
-10.693840026855469
-10.664107322692871
-10.690520286560059
-10.735685348510742
-10.774654388427734
-10.602083206176758
-10.49935531616211
-10.759687423706055
-10.67550277709961
-10.416866302490234
-10.793832778930664
-10.496298789978027
-10.533145904541016
-10.796701431274414
-10.458707809448242
-10.694723129272461
-10.756186485290527
-10.505861282348633
-10.727118492126465
-10.757758140563965
-10.575511932373047
-10.752204895019531
-10.732956886291504
-10.656754493713379
-10.806724548339844
-10.738666534423828
-10.647343635559082
-10.790485382080078
-10.803680419921875
-10.718503952026367
-10.750948905944824
-10.817834854125977
-10.803204536437988
-10.776514053344727
-10.803977012634277
-10.826403617858887
-10.801950454711914
-10.806349754333496
-10.822186470031738
-10.844579696655273
-10.836273193359375
-10.856354713439941
-10.834325790405273
-10.825178146362305
-10.82717514038086
-10.824162483215332
-10.862468719482422
-10.828825950622559
-10.846846580505371
-10.846525192260742
-10.841390609741211
-10.864153861999512
-10.857763290405273
-10.859946250915527
-10.844389915466309
-10.828927040100098
-10.870611190795898
-10.85909652709961
-10.836984634399414
-10.86639404296875
-10.833645820617676
-10.858073234558105
-10.81564712524414
-10.838455200195312
-10.861717224121094
-10.86487102508545
-10.870508193969727
-10.881361961364746
-10.900028228759766
-10.902048110961914
-10.879904747009277
-10.88727855682373
-10.91109561920166
-10.882887840270996
-10.900571823120117
-10.906907081604004
-10.899630546569824
-10.897821426391602
-10.880803108215332
-10.893584251403809
-10.901122093200684
-10.917276382446289
-10.904297828674316
-10.89333724975586
-10.888123512268066
-10.903512001037598
-10.894733428955078
-10.898412704467773
-10.929243087768555
-10.909533500671387
-10.90129280090332
-10.891582489013672
-10.87532901763916
-10.912886619567871
-10.894770622253418
-10.853107452392578
-10.838521003723145
-10.876290321350098
-10.875325202941895
-10.903428077697754
-10.921859741210938
-10.918415069580078
-10.935440063476562
-10.8992280960083
-10.910825729370117
-10.884629249572754
-10.900367736816406
-10.90817928314209
-10.920747756958008
-10.925783157348633
-10.930182456970215
-10.942303657531738
-10.915531158447266
-10.941813468933105
-10.920954704284668
-10.849631309509277
-10.826781272888184
-10.870367050170898
-10.906248092651367
-10.941774368286133
-10.958697319030762
-10.949477195739746
-10.951257705688477
-10.945446014404297
-10.891592025756836
-10.866827011108398
-10.883206367492676
-10.933980941772461
-10.957221031188965
-10.951085090637207
-10.928359985351562
-10.918511390686035
-10.8717622756958
-10.871374130249023
-10.911436080932617
-10.975882530212402
-10.955591201782227
-10.975861549377441
-10.946102142333984
-10.881697654724121
-10.838516235351562
-10.891889572143555
-10.99196720123291
-10.956795692443848
-10.902040481567383
-10.949161529541016
-10.976485252380371
-10.950862884521484
-10.85423469543457
-10.853411674499512
-10.951811790466309
-10.970097541809082
-10.929460525512695
-10.879353523254395
-10.940736770629883
-10.974126815795898
-10.965478897094727
-10.911153793334961
-10.867950439453125
-10.926078796386719
-10.957155227661133
-10.960684776306152
-10.973121643066406
-10.971105575561523
-10.934416770935059
-10.936798095703125
-10.94662857055664
-10.931601524353027
-10.985621452331543
-10.971010208129883
-11.004988670349121
-10.990422248840332
-10.973858833312988
-10.951003074645996
-10.969534873962402
-10.966962814331055
-10.956584930419922
-10.973109245300293
-10.998562812805176
-11.000259399414062
-10.987144470214844
-10.99930477142334
-11.000548362731934
-11.001365661621094
-11.006052017211914
-11.008461952209473
-11.01654052734375
-11.023815155029297
-11.015758514404297
-11.011269569396973
-11.003148078918457
-10.990389823913574
-10.962969779968262
-10.924345016479492
-10.922891616821289
-10.972094535827637
-11.011698722839355
-11.003499031066895
-10.983810424804688
-10.958338737487793
-10.949482917785645
-10.954179763793945
-10.979208946228027
-11.023300170898438
-11.008464813232422
-11.050309181213379
-11.02881908416748
-11.010558128356934
-11.017072677612305
-10.979101181030273
-10.93237018585205
-10.924415588378906
-10.964944839477539
-11.041291236877441
-11.049260139465332
-11.020835876464844
-11.015569686889648
-10.964295387268066
-10.887988090515137
-10.934276580810547
-10.997271537780762
-11.037893295288086
-11.02745532989502
-11.01240348815918
-10.915279388427734
-10.91064167022705
-10.998740196228027
-11.019207954406738
-11.030489921569824
-11.001392364501953
-10.977931022644043
-10.996684074401855
-11.008881568908691
-11.022790908813477
-11.030675888061523
-10.993584632873535
-10.968539237976074
-10.99114990234375
-11.002079963684082
-11.045458793640137
-11.04276180267334
-11.015656471252441
-10.964274406433105
-10.970166206359863
-11.060624122619629
-11.06563949584961
-11.039776802062988
-11.023162841796875
-11.0293607711792
-11.015861511230469
-11.045289039611816
-11.043085098266602
-11.05844497680664
-11.077805519104004
-11.060959815979004
-11.054938316345215
-11.053353309631348
-11.047585487365723
-11.051377296447754
-11.053755760192871
-11.048529624938965
-11.060004234313965
-11.070526123046875
-11.070323944091797
-11.075435638427734
-11.068846702575684
-11.078509330749512
-11.062386512756348
-11.068266868591309
-11.04096508026123
-11.054387092590332
-11.073875427246094
-11.062712669372559
-11.07839298248291
-11.092883110046387
-11.078676223754883
-11.080653190612793
-11.06744384765625
-11.0969820022583
-11.08375358581543
-11.094185829162598
-11.074602127075195
-11.088199615478516
-11.075465202331543
-11.06242847442627
-10.997310638427734
-10.95796012878418
-10.940942764282227
-11.06031608581543
-11.067395210266113
-11.003626823425293
-10.942610740661621
-11.002381324768066
-11.086747169494629
-11.078667640686035
-11.031187057495117
-11.012250900268555
-11.051719665527344
-11.080989837646484
-11.082971572875977
-11.098634719848633
-11.07522201538086
-11.049960136413574
-11.038723945617676
-11.080479621887207
-11.094437599182129
-11.104925155639648
-11.115279197692871
-11.109827995300293
-11.095876693725586
-11.07662582397461
-11.051199913024902
-11.04562759399414
-11.03030776977539
-11.042435646057129
-11.082672119140625
-11.094910621643066
-11.093621253967285
-11.099655151367188
-11.097310066223145
-11.076675415039062
-11.065857887268066
-11.077982902526855
-11.09210205078125
-11.093951225280762
-11.111550331115723
-11.110915184020996
-11.111416816711426
-11.08913803100586
-11.061920166015625
-11.039926528930664
-11.056313514709473
-11.067273139953613
-11.114603042602539
-11.117648124694824
-11.114004135131836
-11.119492530822754
-11.111143112182617
-11.088299751281738
-11.072068214416504
-11.041236877441406
-11.0562162399292
-11.060274124145508
-11.11672306060791
-11.114946365356445
-11.123866081237793
-11.070703506469727
-11.064804077148438
-11.084757804870605
-11.057229995727539
-11.076061248779297
-11.077970504760742
-11.072770118713379
-11.10615348815918
-11.119128227233887
-11.113649368286133
-11.135601997375488
-11.129342079162598
-11.124896049499512
-11.115252494812012
-11.106179237365723
-11.085501670837402
-11.02411937713623
-11.060932159423828
-11.066267013549805
-11.098406791687012
-11.108983039855957
-11.117910385131836
-11.113751411437988
-11.09770393371582
-11.066170692443848
-11.074289321899414
-11.100762367248535
-11.115351676940918
-11.12023639678955
-11.135443687438965
-11.09717845916748
-11.069694519042969
-11.053112030029297
-11.078424453735352
-11.118409156799316
-11.115952491760254
-11.114023208618164
-11.1497220993042
-11.140477180480957
-11.146695137023926
-11.135651588439941
-11.11580753326416
-11.108847618103027
-11.107340812683105
-11.115817070007324
-11.137465476989746
-11.132308959960938
-11.143047332763672
-11.11782169342041
-11.071013450622559
-11.042672157287598
-11.05703067779541
-11.103055000305176
-11.139540672302246
-11.13621997833252
-11.134241104125977
-11.12322998046875
-11.115581512451172
-11.106685638427734
-11.111409187316895
-11.131246566772461
-11.135869979858398
-11.14496898651123
-11.138277053833008
-11.12377643585205
-11.101634979248047
-11.08365249633789
-11.104782104492188
-11.152645111083984
-11.141321182250977
-11.151764869689941
-11.130931854248047
-11.103242874145508
-11.053330421447754
-11.061976432800293
-11.104945182800293
-11.155186653137207
-11.134846687316895
-11.093252182006836
-11.057263374328613
-11.0778226852417
-11.120024681091309
-11.151984214782715
-11.152543067932129
-11.139522552490234
-11.121861457824707
-11.061311721801758
-11.049121856689453
-11.119908332824707
-11.147436141967773
-11.14307975769043
-11.096879005432129
-11.06607723236084
-11.130498886108398
-11.153299331665039
-11.17519474029541
-11.129632949829102
-11.075155258178711
-11.081453323364258
-11.123543739318848
-11.143844604492188
-11.164144515991211
-11.123235702514648
-11.094388008117676
-11.100312232971191
-11.146553039550781
-11.18389892578125
-11.167299270629883
-11.133086204528809
-11.130300521850586
-11.123682975769043
-11.08770751953125
-11.130582809448242
-11.158469200134277
-11.165264129638672
-11.153766632080078
-11.12623119354248
-11.09227180480957
-11.118054389953613
-11.146939277648926
-11.15725326538086
-11.162635803222656
-11.189464569091797
-11.16043472290039
-11.163680076599121
-11.158697128295898
-11.122273445129395
-11.13394546508789
-11.112017631530762
-11.137104988098145
-11.161426544189453
-11.16331672668457
-11.126199722290039
-11.08836555480957
-11.092147827148438
-11.139554023742676
-11.18343734741211
-11.172531127929688
-11.14072322845459
-11.121795654296875
-11.112123489379883
-11.120511054992676
-11.179400444030762
-11.174492835998535
-11.16257095336914
-11.111444473266602
-11.112689971923828
-11.117812156677246
-11.159627914428711
-11.180280685424805
-11.178486824035645
-11.182071685791016
-11.161474227905273
-11.185935020446777
-11.183618545532227
-11.177630424499512
-11.1790189743042
-11.191688537597656
-11.187013626098633
-11.180335998535156
-11.164802551269531
-11.196722984313965
-11.172497749328613
-11.170966148376465
-11.1806001663208
-11.191709518432617
-11.186070442199707
-11.170732498168945
-11.163900375366211
-11.137213706970215
-11.143132209777832
-11.175116539001465
-11.181985855102539
-11.185964584350586
-11.180521011352539
-11.18152141571045
-11.14203929901123
-11.093355178833008
-11.108410835266113
-11.137344360351562
-11.180712699890137
-11.20436954498291
-11.173479080200195
-11.138997077941895
-11.124128341674805
-11.129216194152832
-11.168328285217285
-11.192453384399414
-11.189635276794434
-11.197249412536621
-11.176921844482422
-11.134770393371582
-11.099503517150879
-11.11348819732666
-11.156845092773438
-11.19689655303955
-11.201319694519043
-11.197885513305664
-11.184983253479004
-11.176264762878418
-11.170391082763672
-11.159133911132812
-11.165786743164062
-11.16186237335205
-11.174178123474121
-11.184309005737305
-11.200810432434082
-11.183716773986816
-11.194770812988281
-11.20064640045166
-11.194690704345703
-11.210762023925781
-11.202281951904297
-11.191269874572754
-11.21306324005127
-11.20667839050293
-11.194438934326172
-11.196913719177246
-11.2036771774292
-11.180042266845703
-11.181506156921387
-11.165094375610352
-11.145038604736328
-11.1537504196167
-11.183287620544434
-11.210119247436523
-11.205535888671875
-11.180754661560059
-11.131840705871582
-11.138346672058105
-11.163703918457031
-11.208609580993652
-11.206110954284668
-11.16590690612793
-11.146777153015137
-11.135732650756836
-11.144255638122559
-11.169479370117188
-11.181740760803223
-11.211349487304688
-11.200904846191406
-11.207847595214844
-11.193479537963867
-11.146023750305176
-11.138276100158691
-11.13304615020752
-11.172804832458496
-11.191091537475586
-11.211372375488281
-11.193512916564941
-11.154133796691895
-11.108939170837402
-11.12687873840332
-11.204843521118164
-11.217272758483887
-11.151029586791992
-11.121349334716797
-11.123398780822754
-11.183300018310547
-11.195716857910156
-11.193461418151855
-11.19876480102539
-11.207448959350586
-11.212055206298828
-11.206040382385254
-11.206573486328125
-11.203826904296875
-11.182525634765625
-11.157450675964355
-11.126998901367188
-11.162220001220703
-11.193822860717773
-11.220293998718262
-11.210029602050781
-11.202963829040527
-11.175886154174805
-11.175363540649414
-11.191802024841309
-11.19414234161377
-11.22024154663086
-11.219697952270508
-11.212464332580566
-11.218141555786133
-11.210981369018555
-11.196898460388184
-11.20020866394043
-11.203639030456543
-11.22673225402832
-11.213888168334961
-11.205785751342773
-11.172080039978027
-11.160247802734375
-11.186524391174316
-11.21716022491455
-11.223785400390625
-11.174589157104492
-11.11919116973877
-11.110954284667969
-11.179302215576172
-11.206231117248535
-11.231407165527344
-11.202546119689941
-11.176472663879395
-11.167678833007812
-11.183042526245117
-11.197854995727539
-11.232576370239258
-11.23522663116455
-11.218576431274414
-11.212506294250488
-11.23178482055664
-11.22843074798584
-11.224936485290527
-11.220359802246094
-11.223437309265137
-11.231879234313965
-11.224693298339844
-11.210232734680176
-11.22030258178711
-11.218352317810059
-11.21092414855957
-11.21357536315918
-11.218295097351074
-11.222614288330078
-11.224577903747559
-11.226288795471191
-11.23314094543457
-11.231582641601562
-11.210108757019043
-11.21513557434082
-11.197430610656738
-11.188985824584961
-11.184916496276855
-11.183429718017578
-11.211265563964844
-11.221724510192871
-11.229338645935059
-11.228963851928711
-11.218330383300781
-11.219376564025879
-11.231240272521973
-11.224956512451172
-11.226016998291016
-11.209066390991211
-11.197123527526855
-11.181814193725586
-11.185298919677734
-11.199256896972656
-11.222060203552246
-11.224640846252441
-11.23442554473877
-11.23840045928955
-11.230850219726562
-11.230096817016602
-11.231080055236816
-11.216044425964355
-11.200601577758789
-11.184618949890137
-11.193804740905762
-11.214033126831055
-11.216325759887695
-11.236486434936523
-11.223919868469238
-11.209712028503418
-11.213229179382324
-11.189746856689453
-11.17712688446045
-11.15318775177002
-11.155080795288086
-11.199058532714844
-11.215414047241211
-11.155339241027832
-11.03870964050293
-11.136405944824219
-11.209635734558105
-11.232070922851562
-11.217525482177734
-11.205360412597656
-11.235151290893555
-11.24735164642334
-11.233329772949219
-11.218755722045898
-11.216588973999023
-11.217499732971191
-11.201501846313477
-11.228805541992188
-11.213062286376953
-11.137055397033691
-11.118997573852539
-11.15736198425293
-11.202862739562988
-11.234124183654785
-11.22561264038086
-11.186137199401855
-11.16051959991455
-11.191296577453613
-11.243849754333496
-11.235912322998047
-11.231241226196289
-11.223791122436523
-11.199501991271973
-11.1480712890625
-11.16091537475586
-11.206925392150879
-11.23727035522461
-11.216931343078613
-11.202378273010254
-11.23696231842041
-11.211642265319824
-11.184807777404785
-11.182950973510742
-11.215004920959473
-11.246731758117676
-11.211002349853516
-11.160862922668457
-11.13607120513916
-11.1760835647583
-11.226964950561523
-11.200577735900879
-11.128990173339844
-11.113121032714844
-11.214033126831055
-11.21302604675293
-11.079926490783691
-11.077308654785156
-11.210592269897461
-11.219484329223633
-11.046805381774902
-11.088208198547363
-11.238142967224121
-11.1915922164917
-11.078010559082031
-11.156257629394531
-11.230792999267578
-11.201889038085938
-11.112310409545898
-11.137595176696777
-11.222236633300781
-11.241927146911621
-11.211161613464355
-11.200481414794922
-11.219715118408203
-11.251458168029785
-11.207352638244629
-11.132866859436035
-11.148218154907227
-11.223017692565918
-11.25301456451416
-11.206719398498535
-11.180445671081543
-11.214338302612305
-11.245562553405762
-11.234489440917969
-11.20528507232666
-11.185523986816406
-11.240504264831543
-11.258760452270508
-11.239869117736816
-11.228315353393555
-11.2311429977417
-11.236382484436035
-11.245434761047363
-11.243729591369629
-11.250131607055664
-11.251383781433105
-11.245107650756836
-11.24843692779541
-11.261011123657227
-11.25742244720459
-11.260010719299316
-11.245710372924805
-11.246785163879395
-11.249626159667969
-11.25085163116455
-11.25048542022705
-11.254064559936523
-11.250008583068848
-11.240951538085938
-11.255331039428711
-11.252487182617188
-11.253504753112793
-11.249818801879883
-11.250677108764648
-11.25108814239502
-11.250138282775879
-11.253643989562988
-11.254253387451172
-11.26374340057373
-11.253064155578613
-11.252321243286133
-11.256940841674805
-11.262409210205078
-11.252568244934082
-11.254169464111328
-11.258394241333008
-11.25351333618164
-11.257294654846191
-11.254106521606445
-11.259634017944336
-11.263016700744629
-11.262701988220215
-11.25832748413086
-11.263092041015625
-11.253514289855957
-11.262096405029297
-11.260018348693848
-11.253177642822266
-11.246410369873047
-11.2423734664917
-11.243292808532715
-11.243839263916016
-11.24325180053711
-11.260239601135254
-11.257561683654785
-11.26346492767334
-11.25928020477295
-11.244808197021484
-11.239771842956543
-11.239410400390625
-11.253941535949707
-11.255653381347656
-11.261107444763184
-11.264886856079102
-11.26745891571045
-11.252965927124023
-11.260683059692383
-11.257856369018555
-11.257977485656738
-11.260242462158203
-11.251970291137695
-11.245278358459473
-11.245107650756836
-11.25090217590332
-11.250107765197754
-11.25514030456543
-11.265669822692871
-11.264937400817871
-11.268877983093262
-11.261387825012207
-11.25754451751709
-11.25291633605957
-11.242753028869629
-11.247182846069336
-11.244145393371582
-11.235416412353516
-11.244780540466309
-11.239538192749023
-11.243642807006836
-11.255254745483398
-11.248974800109863
-11.258262634277344
-11.258851051330566
-11.257317543029785
-11.255261421203613
-11.250243186950684
-11.255668640136719
-11.237594604492188
-11.227364540100098
-11.216153144836426
-11.2130765914917
-11.228394508361816
-11.25021743774414
-11.251216888427734
-11.264717102050781
-11.26785659790039
-11.271076202392578
-11.255355834960938
-11.250436782836914
-11.246501922607422
-11.248003005981445
-11.257604598999023
-11.261350631713867
-11.267923355102539
-11.246500015258789
-11.228657722473145
-11.191145896911621
-11.1788969039917
-11.217855453491211
-11.237528800964355
-11.247950553894043
-11.262176513671875
-11.27149772644043
-11.257299423217773
-11.257737159729004
-11.2609224319458
-11.231271743774414
-11.196662902832031
-11.186986923217773
-11.235742568969727
-11.273200988769531
-11.268877029418945
-11.255880355834961
-11.22256088256836
-11.210708618164062
-11.216845512390137
-11.220005989074707
-11.219940185546875
-11.226487159729004
-11.254679679870605
-11.262479782104492
-11.260958671569824
-11.260727882385254
-11.258147239685059
-11.2626371383667
-11.27495288848877
-11.265867233276367
-11.251662254333496
-11.209142684936523
-11.178961753845215
-11.186963081359863
-11.212611198425293
-11.247613906860352
-11.263022422790527
-11.269925117492676
-11.254962921142578
-11.219439506530762
-11.155350685119629
-11.14961051940918
-11.23082447052002
-11.270781517028809
-11.261136054992676
-11.208473205566406
-11.203378677368164
-11.229560852050781
-11.256821632385254
-11.273528099060059
-11.271334648132324
-11.229735374450684
-11.201659202575684
-11.226256370544434
-11.251482963562012
-11.260622024536133
-11.269558906555176
-11.266379356384277
-11.255287170410156
-11.256783485412598
-11.228387832641602
-11.2015380859375
-11.211962699890137
-11.222258567810059
-11.244086265563965
-11.263216972351074
-11.26705551147461
-11.259502410888672
-11.237263679504395
-11.245917320251465
-11.27155590057373
-11.268921852111816
-11.269696235656738
-11.27046012878418
-11.276566505432129
-11.275980949401855
-11.276350021362305
-11.280336380004883
-11.274554252624512
-11.266356468200684
-11.251976013183594
-11.239164352416992
-11.233237266540527
-11.227592468261719
-11.23455810546875
-11.24393081665039
-11.25344467163086
-11.256270408630371
-11.251683235168457
-11.264772415161133
-11.26187801361084
-11.239251136779785
-11.244256973266602
-11.266812324523926
-11.27501106262207
-11.261661529541016
-11.273722648620605
-11.271417617797852
-11.267109870910645
-11.248602867126465
-11.2661714553833
-11.271672248840332
-11.26577377319336
-11.266922950744629
-11.275218963623047
-11.277931213378906
-11.270564079284668
-11.262348175048828
-11.267257690429688
-11.265535354614258
-11.268031120300293
-11.279092788696289
-11.278040885925293
-11.278298377990723
-11.260416030883789
-11.24695110321045
-11.212498664855957
-11.2066068649292
-11.237092018127441
-11.255016326904297
-11.2727689743042
-11.271485328674316
-11.280061721801758
-11.269680976867676
-11.248125076293945
-11.220643997192383
-11.221909523010254
-11.218977928161621
-11.227801322937012
-11.239880561828613
-11.248647689819336
-11.246838569641113
-11.249942779541016
-11.2449951171875
-11.25222396850586
-11.24999713897705
-11.251954078674316
-11.250105857849121
-11.254693031311035
-11.266730308532715
-11.276745796203613
-11.278286933898926
-11.282557487487793
-11.281458854675293
-11.271029472351074
-11.2841215133667
-11.27727222442627
-11.276174545288086
-11.27542495727539
-11.26367473602295
-11.255899429321289
-11.237946510314941
-11.219882011413574
-11.220109939575195
-11.255329132080078
-11.277873992919922
-11.284165382385254
-11.278681755065918
-11.277969360351562
-11.27392292022705
-11.258795738220215
-11.241023063659668
-11.217353820800781
-11.227387428283691
-11.247662544250488
-11.2680025100708
-11.283655166625977
-11.283475875854492
-11.275351524353027
-11.279616355895996
-11.277753829956055
-11.280620574951172
-11.273695945739746
-11.274868965148926
-11.281767845153809
-11.28246021270752
-11.282788276672363
-11.261064529418945
-11.247328758239746
-11.227535247802734
-11.213081359863281
-11.222166061401367
-11.255956649780273
-11.276126861572266
-11.27908706665039
-11.283085823059082
-11.277477264404297
-11.27915096282959
-11.286194801330566
-11.272196769714355
-11.28061580657959
-11.280484199523926
-11.286500930786133
-11.281312942504883
-11.282857894897461
-11.283275604248047
-11.287546157836914
-11.287985801696777
-11.287355422973633
-11.28715991973877
-11.286285400390625
-11.286585807800293
-11.290656089782715
-11.283677101135254
-11.281923294067383
-11.286758422851562
-11.284759521484375
-11.283699989318848
-11.273579597473145
-11.258662223815918
-11.2332124710083
-11.208980560302734
-11.199552536010742
-11.240796089172363
-11.270214080810547
-11.284475326538086
-11.24105167388916
-11.156296730041504
-11.161262512207031
-11.238330841064453
-11.280547142028809
-11.290717124938965
-11.27138614654541
-11.249610900878906
-11.225848197937012
-11.219146728515625
-11.246561050415039
-11.28197193145752
-11.283607482910156
-11.287242889404297
-11.278367042541504
-11.266698837280273
-11.255316734313965
-11.265010833740234
-11.277159690856934
-11.281871795654297
-11.288145065307617
-11.29538631439209
-11.284406661987305
-11.27832317352295
-11.267606735229492
-11.249532699584961
-11.229754447937012
-11.216385841369629
-11.233050346374512
-11.254475593566895
-11.273012161254883
-11.285277366638184
-11.289607048034668
-11.286023139953613
-11.286301612854004
-11.289227485656738
-11.285009384155273
-11.286401748657227
-11.28465747833252
-11.283679008483887
-11.28879165649414
-11.284576416015625
-11.285590171813965
-11.268806457519531
-11.249707221984863
-11.233304023742676
-11.222430229187012
-11.234322547912598
-11.253790855407715
-11.256686210632324
-11.279387474060059
-11.280590057373047
-11.281155586242676
-11.284419059753418
-11.273487091064453
-11.249211311340332
-11.223482131958008
-11.223369598388672
-11.23929214477539
-11.273547172546387
-11.28200912475586
-11.28024959564209
-11.24031925201416
-11.20219898223877
-11.215300559997559
-11.25982666015625
-11.292560577392578
-11.2914457321167
-11.278542518615723
-11.261731147766113
-11.23050308227539
-11.22204875946045
-11.250396728515625
-11.279574394226074
-11.28238296508789
-11.25398063659668
-11.213529586791992
-11.196764945983887
-11.225432395935059
-11.266485214233398
-11.288932800292969
-11.283007621765137
-11.246200561523438
-11.210620880126953
-11.243782997131348
-11.288331031799316
-11.28406047821045
-11.235787391662598
-11.218460083007812
-11.221343040466309
-11.261418342590332
-11.277688026428223
-11.291013717651367
-11.29049301147461
-11.279256820678711
-11.268019676208496
-11.255414962768555
-11.243419647216797
-11.257584571838379
-11.283226013183594
-11.292673110961914
-11.291709899902344
-11.280303955078125
-11.274319648742676
-11.272059440612793
-11.27078628540039
-11.27627944946289
-11.286787986755371
-11.291862487792969
-11.290894508361816
-11.259175300598145
-11.20630168914795
-11.203873634338379
-11.268804550170898
-11.281963348388672
-11.25341796875
-11.229074478149414
-11.244965553283691
-11.280489921569824
-11.293350219726562
-11.29419231414795
-11.267234802246094
-11.245914459228516
-11.244990348815918
-11.25278091430664
-11.282386779785156
-11.29063892364502
-11.293241500854492
-11.291081428527832
-11.283222198486328
-11.278227806091309
-11.270551681518555
-11.282147407531738
-11.295817375183105
-11.295625686645508
-11.280900001525879
-11.259126663208008
-11.214961051940918
-11.227949142456055
-11.269509315490723
-11.297863006591797
-11.292519569396973
-11.268526077270508
-11.251505851745605
-11.216388702392578
-11.200470924377441
-11.239116668701172
-11.252625465393066
-11.263768196105957
-11.236852645874023
-11.155559539794922
-11.205793380737305
-11.282269477844238
-11.271347045898438
-11.17248821258545
-11.177388191223145
-11.281582832336426
-11.276971817016602
-11.209687232971191
-11.203886985778809
-11.26522159576416
-11.300275802612305
-11.27515983581543
-11.251381874084473
-11.270700454711914
-11.299856185913086
-11.297146797180176
-11.27677059173584
-11.260281562805176
-11.25293254852295
-11.26719856262207
-11.282515525817871
-11.29617977142334
-11.299321174621582
-11.300093650817871
-11.28341293334961
-11.275578498840332
-11.272173881530762
-11.279550552368164
-11.291132926940918
-11.296122550964355
-11.289021492004395
-11.271344184875488
-11.261360168457031
-11.269481658935547
-11.285066604614258
-11.29422664642334
-11.29965877532959
-11.288357734680176
-11.259869575500488
-11.266297340393066
-11.271671295166016
-11.288749694824219
-11.300329208374023
-11.300765991210938
-11.290811538696289
-11.276802062988281
-11.263113975524902
-11.264531135559082
-11.279166221618652
-11.298576354980469
-11.295737266540527
-11.302627563476562
-11.291424751281738
-11.29033088684082
-11.290009498596191
-11.296131134033203
-11.296133041381836
-11.283151626586914
-11.248135566711426
-11.24209213256836
-11.268789291381836
-11.300355911254883
-11.294965744018555
-11.29561710357666
-11.301189422607422
-11.303606986999512
-11.296262741088867
-11.296333312988281
-11.303352355957031
-11.302568435668945
-11.299375534057617
-11.295439720153809
-11.296907424926758
-11.291805267333984
-11.293717384338379
-11.297749519348145
-11.293560981750488
-11.295416831970215
-11.291964530944824
-11.277264595031738
-11.272432327270508
-11.274949073791504
-11.284235000610352
-11.301395416259766
-11.29654312133789
-11.295170783996582
-11.287508964538574
-11.28233814239502
-11.286134719848633
-11.291532516479492
-11.303326606750488
-11.300372123718262
-11.281514167785645
-11.25588321685791
-11.245696067810059
-11.269216537475586
-11.289407730102539
-11.30477523803711
-11.292962074279785
-11.281161308288574
-11.275066375732422
-11.280705451965332
-11.289546012878418
-11.290389060974121
-11.300975799560547
-11.295575141906738
-11.292376518249512
-11.297260284423828
-11.301258087158203
-11.297898292541504
-11.298548698425293
-11.300323486328125
-11.291101455688477
-11.283615112304688
-11.2795991897583
-11.293682098388672
-11.303757667541504
-11.302461624145508
-11.279715538024902
-11.23631477355957
-11.206684112548828
-11.234310150146484
-11.29343032836914
-11.289335250854492
-11.247241973876953
-11.221014976501465
-11.2407865524292
-11.282596588134766
-11.293340682983398
-11.295783996582031
-11.2951078414917
-11.276419639587402
-11.268110275268555
-11.276865005493164
-11.28256607055664
-11.295914649963379
-11.294020652770996
-11.295514106750488
-11.304497718811035
-11.30167293548584
-11.302803039550781
-11.290462493896484
-11.2723388671875
-11.26988410949707
-11.27965259552002
-11.287567138671875
-11.299276351928711
-11.302459716796875
-11.29659366607666
-11.26795482635498
-11.263867378234863
-11.264213562011719
-11.283753395080566
-11.300755500793457
-11.305266380310059
-11.299054145812988
-11.2750825881958
-11.244617462158203
-11.22719669342041
-11.236913681030273
-11.268965721130371
-11.30127239227295
-11.305319786071777
-11.292354583740234
-11.292224884033203
-11.280906677246094
-11.284000396728516
-11.282512664794922
-11.28409481048584
-11.294888496398926
-11.299652099609375
-11.303999900817871
-11.302745819091797
-11.306382179260254
-11.305876731872559
-11.303054809570312
-11.299874305725098
-11.297332763671875
-11.301816940307617
-11.299504280090332
-11.295068740844727
-11.284383773803711
-11.290153503417969
-11.293732643127441
-11.296778678894043
-11.291913032531738
-11.289073944091797
-11.284098625183105
-11.284527778625488
-11.281673431396484
-11.29212474822998
-11.294602394104004
-11.293024063110352
-11.305697441101074
-11.307680130004883
-11.306057929992676
-11.293701171875
-11.301430702209473
-11.296382904052734
-11.304800987243652
-11.309181213378906
-11.305475234985352
-11.309734344482422
-11.306674003601074
-11.31131362915039
-11.306884765625
-11.307239532470703
-11.303351402282715
-11.303472518920898
-11.302719116210938
-11.309835433959961
-11.302794456481934
-11.298734664916992
-11.275995254516602
-11.26777458190918
-11.26820182800293
-11.266936302185059
-11.2779541015625
-11.273881912231445
-11.266911506652832
-11.279038429260254
-11.299607276916504
-11.307099342346191
-11.301353454589844
-11.292098999023438
-11.265453338623047
-11.26867961883545
-11.273415565490723
-11.275853157043457
-11.27656078338623
-11.275378227233887
-11.272038459777832
-11.267378807067871
-11.273358345031738
-11.275127410888672
-11.290793418884277
-11.306426048278809
-11.307087898254395
-11.275175094604492
-11.250874519348145
-11.236730575561523
-11.263379096984863
-11.290099143981934
-11.306816101074219
-11.31057357788086
-11.306346893310547
-11.308706283569336
-11.310498237609863
-11.301076889038086
-11.302909851074219
-11.298081398010254
-11.279653549194336
-11.277084350585938
-11.289047241210938
-11.300139427185059
-11.307099342346191
-11.305147171020508
-11.28713321685791
-11.226263046264648
-11.197968482971191
-11.248763084411621
-11.302186012268066
-11.30510139465332
-11.277521133422852
-11.23305606842041
-11.230323791503906
-11.262738227844238
-11.303868293762207
-11.312700271606445
-11.297070503234863
-11.289164543151855
-11.283490180969238
-11.277456283569336
-11.28609848022461
-11.285337448120117
-11.299245834350586
-11.304717063903809
-11.313260078430176
-11.316733360290527
-11.311203956604004
-11.304348945617676
-11.301105499267578
-11.3033447265625
-11.295733451843262
-11.29139518737793
-11.288874626159668
-11.283089637756348
-11.287399291992188
-11.290181159973145
-11.301691055297852
-11.310494422912598
-11.309273719787598
-11.311251640319824
-11.299507141113281
-11.30189323425293
-11.302133560180664
-11.301713943481445
-11.307450294494629
-11.307442665100098
-11.311301231384277
-11.311912536621094
-11.313082695007324
-11.312459945678711
-11.297487258911133
-11.282144546508789
-11.271242141723633
-11.26266860961914
-11.259025573730469
-11.267660140991211
-11.279726028442383
-11.301297187805176
-11.307893753051758
-11.303303718566895
-11.30014419555664
-11.303232192993164
-11.301299095153809
-11.281585693359375
-11.266471862792969
-11.25551700592041
-11.263789176940918
-11.279460906982422
-11.298340797424316
-11.310598373413086
-11.308208465576172
-11.309429168701172
-11.304441452026367
-11.300354957580566
-11.296714782714844
-11.287073135375977
-11.275876998901367
-11.284782409667969
-11.296113967895508
-11.30935001373291
-11.312554359436035
-11.309077262878418
-11.299684524536133
-11.293257713317871
-11.293676376342773
-11.294981002807617
-11.300381660461426
-11.301807403564453
-11.310754776000977
-11.306792259216309
-11.297782897949219
-11.289695739746094
-11.278887748718262
-11.279983520507812
-11.285226821899414
-11.294075965881348
-11.302957534790039
-11.303994178771973
-11.305622100830078
-11.303199768066406
-11.295513153076172
-11.289227485656738
-11.303384780883789
-11.315557479858398
-11.305719375610352
-11.309003829956055
-11.312764167785645
-11.316641807556152
-11.313907623291016
-11.309995651245117
-11.30844497680664
-11.30478286743164
-11.293643951416016
-11.278550148010254
-11.268086433410645
-11.27199935913086
-11.275009155273438
-11.280765533447266
-11.287214279174805
-11.28303050994873
-11.285294532775879
-11.284221649169922
-11.2854642868042
-11.292393684387207
-11.294443130493164
-11.298748016357422
-11.306110382080078
-11.308561325073242
-11.31434154510498
-11.314688682556152
-11.314671516418457
-11.317610740661621
-11.314844131469727
-11.312671661376953
-11.311392784118652
-11.308467864990234
-11.307766914367676
-11.298259735107422
-11.298131942749023
-11.295868873596191
-11.291499137878418
-11.28276538848877
-11.284867286682129
-11.280826568603516
-11.293313980102539
-11.314948081970215
-11.312530517578125
-11.314083099365234
-11.306314468383789
-11.273680686950684
-11.23604679107666
-11.263507843017578
-11.294631958007812
-11.315817832946777
-11.316058158874512
-11.303895950317383
-11.289301872253418
-11.247315406799316
-11.224787712097168
-11.249659538269043
-11.295553207397461
-11.314244270324707
-11.303735733032227
-11.291589736938477
-11.280680656433105
-11.249753952026367
-11.236675262451172
-11.270264625549316
-11.305048942565918
-11.305562019348145
-11.313447952270508
-11.291666030883789
-11.248091697692871
-11.229022026062012
-11.266932487487793
-11.30695915222168
-11.305727005004883
-11.250226020812988
-11.173678398132324
-11.240880012512207
-11.29853630065918
-11.256827354431152
-11.169394493103027
-11.187639236450195
-11.287059783935547
-11.311295509338379
-11.264349937438965
-11.216217041015625
-11.21792984008789
-11.259893417358398
-11.299219131469727
-11.30935287475586
-11.268789291381836
-11.197497367858887
-11.214163780212402
-11.304010391235352
-11.305015563964844
-11.25853443145752
-11.232563018798828
-11.274843215942383
-11.296767234802246
-11.307195663452148
-11.288527488708496
-11.266677856445312
-11.278979301452637
-11.27916431427002
-11.307388305664062
-11.283369064331055
-11.277178764343262
-11.294132232666016
-11.315921783447266
-11.303910255432129
-11.289509773254395
-11.288619995117188
-11.294734001159668
-11.298312187194824
-11.305166244506836
-11.297100067138672
-11.281367301940918
-11.29908561706543
-11.314549446105957
-11.316030502319336
-11.305047035217285
-11.296489715576172
-11.286687850952148
-11.302955627441406
-11.303849220275879
-11.318842887878418
-11.3082857131958
-11.297907829284668
-11.286791801452637
-11.298081398010254
-11.311487197875977
-11.318646430969238
-11.30324935913086
-11.296783447265625
-11.298992156982422
-11.30699348449707
-11.316864967346191
-11.312671661376953
-11.30979061126709
-11.301267623901367
-11.297162055969238
-11.312966346740723
-11.31616497039795
-11.318058013916016
-11.31298828125
-11.313189506530762
-11.31209945678711
-11.31712532043457
-11.318474769592285
-11.312019348144531
-11.302892684936523
-11.291155815124512
-11.305655479431152
-11.3215970993042
-11.320882797241211
-11.318912506103516
-11.31714153289795
-11.315038681030273
-11.309293746948242
-11.317723274230957
-11.317570686340332
-11.315887451171875
-11.316214561462402
-11.313101768493652
-11.310958862304688
-11.319604873657227
-11.321450233459473
-11.30781078338623
-11.293030738830566
-11.287822723388672
-11.28942584991455
-11.306086540222168
-11.313727378845215
-11.317728042602539
-11.318942070007324
-11.317669868469238
-11.314656257629395
-11.317522048950195
-11.321413040161133
-11.31584644317627
-11.316206932067871
-11.322111129760742
-11.31961441040039
-11.310914039611816
-11.305534362792969
-11.287476539611816
-11.281852722167969
-11.276938438415527
-11.307735443115234
-11.315635681152344
-11.313693046569824
-11.304858207702637
-11.282954216003418
-11.26891040802002
-11.276611328125
-11.306938171386719
-11.319419860839844
-11.321377754211426
-11.314029693603516
-11.313722610473633
-11.288779258728027
-11.28222370147705
-11.279498100280762
-11.292837142944336
-11.308819770812988
-11.323092460632324
-11.291589736938477
-11.222474098205566
-11.196390151977539
-11.27344036102295
-11.314924240112305
-11.31417179107666
-11.313292503356934
-11.301454544067383
-11.302127838134766
-11.312095642089844
-11.320943832397461
-11.324511528015137
-11.31952953338623
-11.319835662841797
-11.321837425231934
-11.320297241210938
-11.319384574890137
-11.317533493041992
-11.316850662231445
-11.31821346282959
-11.318863868713379
-11.318154335021973
-11.319502830505371
-11.321173667907715
-11.325249671936035
-11.322314262390137
-11.318142890930176
-11.314254760742188
-11.310863494873047
-11.311588287353516
-11.314242362976074
-11.320789337158203
-11.326068878173828
-11.317914009094238
-11.313947677612305
-11.314386367797852
-11.3038969039917
-11.312969207763672
-11.311623573303223
-11.311249732971191
-11.308782577514648
-11.310968399047852
-11.305841445922852
-11.316890716552734
-11.312602996826172
-11.312562942504883
-11.320792198181152
-11.322416305541992
-11.320940017700195
-11.321544647216797
-11.320536613464355
-11.323212623596191
-11.319805145263672
-11.325159072875977
-11.319515228271484
-11.320772171020508
-11.319860458374023
-11.32475471496582
-11.323057174682617
-11.322322845458984
-11.322694778442383
-11.317875862121582
-11.321419715881348
-11.322465896606445
-11.3165922164917
-11.316374778747559
-11.30285930633545
-11.28006649017334
-11.26189136505127
-11.25692081451416
-11.27004623413086
-11.305062294006348
-11.320148468017578
-11.324557304382324
-11.30134391784668
-11.261114120483398
-11.240178108215332
-11.257954597473145
-11.29472541809082
-11.312789916992188
-11.315104484558105
-11.297149658203125
-11.283358573913574
-11.303281784057617
-11.317411422729492
-11.303635597229004
-11.266682624816895
-11.231700897216797
-11.234709739685059
-11.264464378356934
-11.298163414001465
-11.275144577026367
-11.206915855407715
-11.213279724121094
-11.278308868408203
-11.319474220275879
-11.31067180633545
-11.263896942138672
-11.218511581420898
-11.253771781921387
-11.310615539550781
-11.31884765625
-11.283285140991211
-11.22901725769043
-11.208907127380371
-11.272211074829102
-11.315756797790527
-11.261833190917969
-11.18664836883545
-11.22384262084961
-11.302818298339844
-11.315499305725098
-11.244589805603027
-11.184675216674805
-11.244163513183594
-11.315279006958008
-11.304391860961914
-11.292884826660156
-11.288610458374023
-11.298065185546875
-11.294214248657227
-11.288823127746582
-11.290149688720703
-11.275494575500488
-11.268110275268555
-11.281722068786621
-11.293536186218262
-11.305084228515625
-11.32242202758789
-11.326526641845703
-11.319601058959961
-11.310709953308105
-11.315347671508789
-11.31975269317627
-11.318341255187988
-11.317092895507812
-11.315356254577637
-11.315155982971191
-11.319551467895508
-11.322705268859863
-11.318893432617188
-11.304961204528809
-11.296110153198242
-11.294602394104004
-11.311190605163574
-11.324109077453613
-11.297958374023438
-11.254827499389648
-11.253734588623047
-11.301183700561523
-11.324203491210938
-11.303497314453125
-11.275944709777832
-11.269246101379395
-11.294148445129395
-11.314104080200195
-11.324912071228027
-11.324357986450195
-11.318583488464355
-11.308281898498535
-11.3096923828125
-11.311702728271484
-11.316422462463379
-11.324647903442383
-11.319086074829102
-11.298831939697266
-11.277527809143066
-11.292886734008789
-11.309321403503418
-11.319548606872559
-11.325467109680176
-11.325180053710938
-11.325090408325195
-11.322566032409668
-11.316583633422852
-11.323473930358887
-11.319112777709961
-11.318463325500488
-11.317501068115234
-11.319801330566406
-11.324405670166016
-11.324942588806152
-11.325393676757812
-11.327204704284668
-11.325150489807129
-11.32772159576416
-11.330039024353027
-11.328933715820312
-11.325465202331543
-11.328776359558105
-11.330033302307129
-11.32553768157959
-11.324254989624023
-11.328969955444336
-11.322681427001953
-11.332169532775879
-11.326268196105957
-11.32712173461914
-11.326539039611816
-11.322638511657715
-11.329172134399414
-11.326818466186523
-11.328554153442383
-11.33031177520752
-11.323680877685547
-11.324576377868652
-11.317434310913086
-11.31933879852295
-11.308388710021973
-11.293523788452148
-11.298101425170898
-11.310221672058105
-11.315317153930664
-11.316164016723633
-11.328563690185547
-11.329968452453613
-11.325806617736816
-11.323820114135742
-11.32752513885498
-11.321226119995117
-11.316112518310547
-11.327011108398438
-11.329693794250488
-11.328216552734375
-11.32252311706543
-11.314787864685059
-11.305158615112305
-11.289249420166016
-11.28776741027832
-11.296975135803223
-11.31287670135498
-11.327384948730469
-11.328423500061035
-11.319427490234375
-11.302268028259277
-11.286266326904297
-11.276984214782715
-11.294391632080078
-11.305093765258789
-11.33114242553711
-11.319397926330566
-11.301788330078125
-11.270660400390625
-11.258604049682617
-11.2833890914917
-11.317500114440918
-11.319461822509766
-11.275955200195312
-11.212997436523438
-11.232406616210938
-11.29072093963623
-11.312684059143066
-11.31612777709961
-11.281874656677246
-11.256590843200684
-11.25679874420166
-11.302608489990234
-11.318496704101562
-11.24986743927002
-11.158516883850098
-11.212286949157715
-11.290665626525879
-11.301424026489258
-11.235101699829102
-11.183531761169434
-11.251141548156738
-11.31375789642334
-11.313251495361328
-11.278095245361328
-11.258508682250977
-11.260857582092285
-11.233219146728516
-11.241680145263672
-11.288134574890137
-11.29944133758545
-11.296867370605469
-11.284388542175293
-11.280267715454102
-11.306262016296387
-11.319229125976562
-11.314044952392578
-11.297602653503418
-11.280367851257324
-11.297626495361328
-11.314123153686523
-11.319019317626953
-11.327408790588379
-11.322830200195312
-11.310600280761719
-11.293447494506836
-11.303816795349121
-11.316946983337402
-11.322721481323242
-11.328246116638184
-11.325525283813477
-11.32822322845459
-11.317765235900879
-11.320415496826172
-11.315814018249512
-11.326639175415039
-11.331334114074707
-11.327033996582031
-11.33072280883789
-11.329386711120605
-11.329184532165527
-11.32896614074707
-11.326810836791992
-11.327960968017578
-11.326560974121094
-11.331889152526855
-11.332032203674316
-11.327227592468262
-11.323643684387207
-11.317109107971191
-11.318681716918945
-11.32387638092041
-11.325908660888672
-11.328577041625977
-11.333017349243164
-11.328181266784668
-11.327523231506348
-11.322394371032715
-11.32444953918457
-11.32532024383545
-11.3248929977417
-11.331258773803711
-11.329819679260254
-11.33012580871582
-11.33174991607666
-11.333015441894531
-11.330782890319824
-11.325777053833008
-11.333770751953125
-11.327932357788086
-11.328628540039062
-11.333182334899902
-11.333171844482422
-11.333992004394531
-11.32662296295166
-11.322874069213867
-11.31155014038086
-11.313289642333984
-11.319962501525879
-11.329049110412598
-11.33010196685791
-11.327630996704102
-11.328831672668457
-11.324097633361816
-11.313136100769043
-11.317718505859375
-11.319353103637695
-11.318711280822754
-11.321161270141602
-11.320962905883789
-11.324411392211914
-11.332284927368164
-11.331626892089844
-11.33160400390625
-11.331925392150879
-11.334005355834961
-11.328413009643555
-11.31745433807373
-11.313151359558105
-11.30760669708252
-11.308440208435059
-11.315386772155762
-11.319141387939453
-11.32764720916748
-11.32567310333252
-11.32834529876709
-11.308794975280762
-11.287595748901367
-11.295578002929688
-11.316514015197754
-11.325904846191406
-11.332100868225098
-11.33047103881836
-11.322254180908203
-11.31025505065918
-11.289846420288086
-11.281761169433594
-11.28978157043457
-11.308714866638184
-11.323029518127441
-11.333213806152344
-11.331907272338867
-11.323945045471191
-11.317309379577637
-11.304794311523438
-11.289112091064453
-11.291061401367188
-11.313356399536133
-11.326278686523438
-11.329551696777344
-11.329801559448242
-11.325560569763184
-11.321532249450684
-11.325567245483398
-11.322193145751953
-11.327617645263672
-11.328845024108887
-11.334429740905762
-11.319013595581055
-11.302468299865723
-11.287575721740723
-11.287274360656738
-11.300209999084473
-11.315096855163574
-11.328332901000977
-11.332205772399902
-11.328174591064453
-11.331696510314941
-11.32855224609375
-11.328855514526367
-11.322193145751953
-11.317824363708496
-11.30912971496582
-11.309059143066406
-11.298460006713867
-11.302491188049316
-11.30645751953125
-11.315521240234375
-11.321945190429688
-11.330193519592285
-11.326807022094727
-11.317152976989746
-11.293615341186523
-11.268857955932617
-11.267631530761719
-11.285922050476074
-11.3018217086792
-11.31124496459961
-11.316530227661133
-11.314729690551758
-11.313965797424316
-11.314454078674316
-11.3270845413208
-11.327581405639648
-11.331311225891113
-11.332840919494629
-11.326102256774902
-11.314549446105957
-11.314300537109375
-11.315849304199219
-11.32413101196289
-11.330985069274902
-11.328644752502441
-11.32243824005127
-11.310702323913574
-11.30537223815918
-11.315308570861816
-11.324590682983398
-11.329896926879883
-11.3287992477417
-11.326384544372559
-11.323758125305176
-11.32571029663086
-11.326367378234863
-11.334447860717773
-11.33536434173584
-11.335553169250488
-11.333444595336914
-11.334593772888184
-11.326276779174805
-11.316133499145508
-11.31922721862793
-11.323712348937988
-11.332235336303711
-11.337016105651855
-11.328690528869629
-11.326422691345215
-11.311481475830078
-11.2960786819458
-11.301054954528809
-11.309921264648438
-11.304787635803223
-11.306299209594727
-11.310380935668945
-11.331375122070312
-11.33273983001709
-11.334700584411621
-11.332486152648926
-11.324600219726562
-11.318239212036133
-11.306428909301758
-11.298206329345703
-11.30165958404541
-11.31477165222168
-11.335488319396973
-11.336084365844727
-11.330531120300293
-11.321512222290039
-11.31674575805664
-11.30565357208252
-11.308917999267578
-11.312125205993652
-11.319479942321777
-11.330857276916504
-11.326671600341797
-11.319580078125
-11.305862426757812
-11.313179016113281
-11.318978309631348
-11.315053939819336
-11.32614517211914
-11.333449363708496
-11.334940910339355
-11.331770896911621
-11.319540023803711
-11.316548347473145
-11.308154106140137
-11.314059257507324
-11.31600284576416
-11.326275825500488
-11.328442573547363
-11.3215913772583
-11.323902130126953
-11.32688045501709
-11.327980995178223
-11.332677841186523
-11.333639144897461
-11.33203125
-11.330392837524414
-11.334381103515625
-11.33071517944336
-11.33708667755127
-11.339346885681152
-11.335245132446289
-11.337355613708496
-11.335311889648438
-11.336810111999512
-11.334518432617188
-11.337352752685547
-11.330702781677246
-11.332019805908203
-11.334463119506836
-11.33800220489502
-11.338261604309082
-11.336050987243652
-11.330939292907715
-11.338639259338379
-11.332423210144043
-11.329682350158691
-11.326239585876465
-11.312028884887695
-11.301106452941895
-11.28954792022705
-11.289351463317871
-11.30862808227539
-11.323771476745605
-11.332845687866211
-11.333361625671387
-11.328581809997559
-11.320698738098145
-11.310568809509277
-11.300256729125977
-11.296839714050293
-11.294244766235352
-11.30130386352539
-11.313139915466309
-11.321002960205078
-11.32886791229248
-11.334355354309082
-11.330421447753906
-11.333741188049316
-11.333749771118164
-11.338151931762695
-11.33687686920166
-11.333531379699707
-11.327098846435547
-11.313197135925293
-11.30431842803955
-11.292717933654785
-11.282184600830078
-11.279760360717773
-11.280832290649414
-11.30178165435791
-11.316778182983398
-11.324013710021973
-11.322078704833984
-11.319022178649902
-11.300939559936523
-11.293529510498047
-11.299145698547363
-11.312565803527832
-11.323578834533691
-11.330137252807617
-11.33720874786377
-11.337926864624023
-11.33556079864502
-11.332958221435547
-11.324545860290527
-11.320361137390137
-11.320752143859863
-11.31965446472168
-11.315112113952637
-11.31902027130127
-11.323036193847656
-11.320868492126465
-11.32142448425293
-11.328706741333008
-11.327200889587402
-11.331538200378418
-11.328849792480469
-11.333426475524902
-11.322318077087402
-11.306160926818848
-11.29845142364502
-11.291199684143066
-11.298421859741211
-11.314117431640625
-11.326823234558105
-11.338775634765625
-11.338251113891602
-11.337189674377441
-11.338615417480469
-11.333000183105469
-11.321250915527344
-11.304532051086426
-11.282023429870605
-11.292068481445312
-11.314623832702637
-11.320876121520996
-11.326661109924316
-11.332648277282715
-11.310215950012207
-11.27795696258545
-11.276291847229004
-11.289118766784668
-11.321870803833008
-11.332661628723145
-11.326485633850098
-11.291670799255371
-11.251375198364258
-11.268871307373047
-11.303950309753418
-11.329289436340332
-11.328519821166992
-11.33104419708252
-11.314454078674316
-11.302509307861328
-11.30982780456543
-11.332917213439941
-11.330673217773438
-11.319339752197266
-11.311551094055176
-11.31010627746582
-11.305191040039062
-11.317904472351074
-11.322768211364746
-11.32204532623291
-11.317397117614746
-11.312577247619629
-11.305505752563477
-11.300009727478027
-11.29512882232666
-11.304349899291992
-11.307332992553711
-11.310994148254395
-11.311363220214844
-11.314202308654785
-11.314800262451172
-11.320642471313477
-11.323884010314941
-11.33254337310791
-11.337783813476562
-11.332296371459961
-11.329057693481445
-11.33224105834961
-11.333757400512695
-11.337543487548828
-11.338566780090332
-11.34398365020752
-11.337262153625488
-11.34048080444336
-11.341432571411133
-11.336028099060059
-11.333810806274414
-11.336115837097168
-11.326162338256836
-11.310569763183594
-11.293583869934082
-11.288289070129395
-11.30657958984375
-11.325392723083496
-11.334641456604004
-11.340181350708008
-11.336569786071777
-11.33261489868164
-11.331209182739258
-11.332944869995117
-11.333657264709473
-11.3339262008667
-11.337199211120605
-11.33659553527832
-11.336026191711426
-11.337898254394531
-11.326547622680664
-11.3104248046875
-11.290802955627441
-11.274230003356934
-11.285871505737305
-11.306968688964844
-11.325668334960938
-11.339186668395996
-11.333634376525879
-11.322042465209961
-11.317902565002441
-11.323363304138184
-11.317004203796387
-11.314043045043945
-11.323468208312988
-11.332599639892578
-11.32836627960205
-11.328377723693848
-11.320941925048828
-11.304394721984863
-11.297242164611816
-11.292328834533691
-11.29537582397461
-11.317665100097656
-11.33220100402832
-11.329183578491211
