loss_v
-4.273012161254883
-4.241454124450684
-4.2984724044799805
-4.280313014984131
-4.375734329223633
-4.355127811431885
-4.394155025482178
-4.468967437744141
-4.449135780334473
-4.44419002532959
-4.610678672790527
-4.546342849731445
-4.579139709472656
-4.5399250984191895
-4.694672107696533
-4.73197603225708
-4.755603313446045
-4.772421360015869
-4.653273105621338
-4.803146839141846
-4.813190460205078
-4.9280290603637695
-4.8988423347473145
-5.0038628578186035
-4.908115863800049
-5.163623809814453
-5.106322288513184
-5.150271415710449
-5.322795391082764
-5.477182388305664
-5.29472541809082
-5.687320232391357
-5.646087646484375
-5.773016452789307
-5.937977313995361
-5.9059977531433105
-6.316152095794678
-6.290927886962891
-6.33044958114624
-6.758845329284668
-6.6521430015563965
-7.024178981781006
-7.034033298492432
-7.313658237457275
-7.014524459838867
-6.84438419342041
-7.020040035247803
-7.006702423095703
-7.0144267082214355
-7.257120132446289
-6.998500823974609
-7.358000755310059
-7.281495094299316
-7.3777360916137695
-7.357714653015137
-7.502554893493652
-7.596423625946045
-7.584832191467285
-7.287642955780029
-7.6259565353393555
-7.616938591003418
-7.4788737297058105
-7.657608509063721
-7.720449924468994
-7.601699352264404
-7.70306921005249
-7.847805023193359
-7.675359725952148
-7.787504196166992
-7.763604640960693
-7.889383792877197
-7.911081790924072
-7.997945785522461
-7.836146354675293
-7.928396224975586
-8.042428016662598
-8.01805305480957
-8.047545433044434
-8.06456184387207
-8.009201049804688
-8.136377334594727
-8.061726570129395
-8.148541450500488
-8.190449714660645
-8.151151657104492
-8.196308135986328
-8.23382568359375
-8.261771202087402
-8.23780632019043
-8.32705307006836
-8.287687301635742
-8.36927604675293
-8.360365867614746
-8.357742309570312
-8.37951946258545
-8.400039672851562
-8.43108081817627
-8.438851356506348
-8.459089279174805
-8.419187545776367
-8.48859691619873
-8.478348731994629
-8.497150421142578
-8.461958885192871
-8.506311416625977
-8.510299682617188
-8.491905212402344
-8.496915817260742
-8.52469539642334
-8.520700454711914
-8.511028289794922
-8.522851943969727
-8.536833763122559
-8.546858787536621
-8.530633926391602
-8.530941009521484
-8.541213035583496
-8.536914825439453
-8.546992301940918
-8.543744087219238
-8.541840553283691
-8.550631523132324
-8.550833702087402
-8.550817489624023
-8.556295394897461
-8.556692123413086
-8.553868293762207
-8.562868118286133
-8.558328628540039
-8.557239532470703
-8.564094543457031
-8.56334400177002
-8.55965805053711
-8.560144424438477
-8.568108558654785
-8.564090728759766
-8.557860374450684
-8.576467514038086
-8.580236434936523
-8.565173149108887
-8.58569622039795
-8.561630249023438
-8.581995010375977
-8.576786041259766
-8.592912673950195
-8.595685958862305
-8.600796699523926
-8.589456558227539
-8.602178573608398
-8.595431327819824
-8.603882789611816
-8.607585906982422
-8.614824295043945
-8.62523365020752
-8.632894515991211
-8.658690452575684
-8.639739036560059
-8.651045799255371
-8.670783996582031
-8.656122207641602
-8.684810638427734
-8.689969062805176
-8.693682670593262
-8.716073036193848
-8.701451301574707
-8.715619087219238
-8.766324043273926
-8.795836448669434
-8.787055969238281
-8.793262481689453
-8.842330932617188
-8.871493339538574
-8.867033958435059
-8.859195709228516
-8.915495872497559
-8.974126815795898
-8.964052200317383
-8.858656883239746
-8.961776733398438
-9.09118366241455
-9.039965629577637
-8.98926067352295
-9.155350685119629
-9.207006454467773
-8.947211265563965
-9.174421310424805
-9.363789558410645
-9.199997901916504
-9.160112380981445
-9.486536979675293
-9.537591934204102
-9.358165740966797
-9.163129806518555
-9.589120864868164
-9.715617179870605
-9.680413246154785
-9.35897445678711
-9.61225414276123
-9.810633659362793
-9.892529487609863
-9.881087303161621
-9.509871482849121
-9.308481216430664
-10.021976470947266
-8.950292587280273
-9.945512771606445
-8.17654037475586
-7.740035533905029
-8.008268356323242
-9.526318550109863
-7.820462226867676
-6.854839324951172
-6.560231685638428
-6.610743045806885
-6.956736087799072
-7.824603080749512
-9.945291519165039
-7.9838643074035645
-7.120009422302246
-6.769118309020996
-6.59584903717041
-6.609938621520996
-6.7049031257629395
-6.822261333465576
-7.03127384185791
-7.521880149841309
-8.239965438842773
-9.796218872070312
-8.597312927246094
-7.748924732208252
-7.614388942718506
-7.954829216003418
-8.732633590698242
-9.661903381347656
-8.880729675292969
-8.469786643981934
-8.628935813903809
-9.144588470458984
-9.645464897155762
-9.164266586303711
-9.054540634155273
-9.470611572265625
-9.691399574279785
-9.290791511535645
-9.338371276855469
-9.755220413208008
-9.565510749816895
-9.536944389343262
-9.855264663696289
-9.614566802978516
-9.655250549316406
-9.91500186920166
-9.702837944030762
-9.806726455688477
-9.959139823913574
-9.811230659484863
-9.962579727172852
-9.908747673034668
-9.923439025878906
-10.056589126586914
-9.992547035217285
-10.151098251342773
-9.990490913391113
-10.1983642578125
-10.1062593460083
-10.220117568969727
-10.068533897399902
-10.24622631072998
-10.127384185791016
-10.271300315856934
-10.208658218383789
-10.269095420837402
-10.239815711975098
-10.229693412780762
-10.269909858703613
-10.217440605163574
-10.293834686279297
-10.250131607055664
-10.276605606079102
-10.311514854431152
-10.217219352722168
-10.345945358276367
-10.257914543151855
-10.27782154083252
-10.344120979309082
-10.265536308288574
-10.365105628967285
-10.337569236755371
-10.320823669433594
-10.381146430969238
-10.35477066040039
-10.371820449829102
-10.387006759643555
-10.349775314331055
-10.375096321105957
-10.423322677612305
-10.374543190002441
-10.406872749328613
-10.381888389587402
-10.401461601257324
-10.432001113891602
-10.426788330078125
-10.405508995056152
-10.4490385055542
-10.424219131469727
-10.41659927368164
-10.43250560760498
-10.441312789916992
-10.464666366577148
-10.4513578414917
-10.44576644897461
-10.452778816223145
-10.4417085647583
-10.478652954101562
-10.454431533813477
-10.462337493896484
-10.441717147827148
-10.482185363769531
-10.456687927246094
-10.446557998657227
-10.48403263092041
-10.477160453796387
-10.435173034667969
-10.490708351135254
-10.50063705444336
-10.475520133972168
-10.503824234008789
-10.503120422363281
-10.489340782165527
-10.473081588745117
-10.515474319458008
-10.51906967163086
-10.504545211791992
-10.529070854187012
-10.504842758178711
-10.527298927307129
-10.521961212158203
-10.536900520324707
-10.525558471679688
-10.53884506225586
-10.523619651794434
-10.53661060333252
-10.556561470031738
-10.557042121887207
-10.535056114196777
-10.550175666809082
-10.526331901550293
-10.496444702148438
-10.499443054199219
-10.548958778381348
-10.515425682067871
-10.506950378417969
-10.538726806640625
-10.552549362182617
-10.501703262329102
-10.530810356140137
-10.604358673095703
-10.547924995422363
-10.510712623596191
-10.56987476348877
-10.562631607055664
-10.559701919555664
-10.548392295837402
-10.573053359985352
-10.609808921813965
-10.555427551269531
-10.572200775146484
-10.573077201843262
-10.608928680419922
-10.592864990234375
-10.594391822814941
-10.605645179748535
-10.6073579788208
-10.596270561218262
-10.597834587097168
-10.611197471618652
-10.606125831604004
-10.60249137878418
-10.608339309692383
-10.6434965133667
-10.642861366271973
-10.630844116210938
-10.60932731628418
-10.595866203308105
-10.626737594604492
-10.610252380371094
-10.630537033081055
-10.644305229187012
-10.628726959228516
-10.60129451751709
-10.612466812133789
-10.622085571289062
-10.65206527709961
-10.651562690734863
-10.637502670288086
-10.634664535522461
-10.652078628540039
-10.612077713012695
-10.636971473693848
-10.626015663146973
-10.63127613067627
-10.61864948272705
-10.654556274414062
-10.65842056274414
-10.656282424926758
-10.67385482788086
-10.65047550201416
-10.664617538452148
-10.688894271850586
-10.658035278320312
-10.686750411987305
-10.694901466369629
-10.670295715332031
-10.648355484008789
-10.660979270935059
-10.646142959594727
-10.669012069702148
-10.664294242858887
-10.687877655029297
-10.667562484741211
-10.692920684814453
-10.67870807647705
-10.655192375183105
-10.671662330627441
-10.672944068908691
-10.670645713806152
-10.67490005493164
-10.655876159667969
-10.705940246582031
-10.690679550170898
-10.683259963989258
-10.650938034057617
-10.617450714111328
-10.63984203338623
-10.679874420166016
-10.715252876281738
-10.682534217834473
-10.67021369934082
-10.64842700958252
-10.671327590942383
-10.705812454223633
-10.716741561889648
-10.719818115234375
-10.733185768127441
-10.723591804504395
-10.701618194580078
-10.691184997558594
-10.713838577270508
-10.679268836975098
-10.676082611083984
-10.727538108825684
-10.727827072143555
-10.709420204162598
-10.750006675720215
-10.732197761535645
-10.677316665649414
-10.70156478881836
-10.670065879821777
-10.721250534057617
-10.745433807373047
-10.763718605041504
-10.73596477508545
-10.733126640319824
-10.70311450958252
-10.667129516601562
-10.718620300292969
-10.753621101379395
-10.74471378326416
-10.70511531829834
-10.69914436340332
-10.69825553894043
-10.724827766418457
-10.747678756713867
-10.740736961364746
-10.746561050415039
-10.714221954345703
-10.72852611541748
-10.731817245483398
-10.743118286132812
-10.743412017822266
-10.774402618408203
-10.748807907104492
-10.771224021911621
-10.782828330993652
-10.788187026977539
-10.799052238464355
-10.782238960266113
-10.758462905883789
-10.752574920654297
-10.768695831298828
-10.769264221191406
-10.777228355407715
-10.769701957702637
-10.809524536132812
-10.793279647827148
-10.77139949798584
-10.762523651123047
-10.787751197814941
-10.741323471069336
-10.787678718566895
-10.806715965270996
-10.803689956665039
-10.774388313293457
-10.776056289672852
-10.764792442321777
-10.752431869506836
-10.767608642578125
-10.785780906677246
-10.845346450805664
-10.796494483947754
-10.773134231567383
-10.764896392822266
-10.764084815979004
-10.795463562011719
-10.800477981567383
-10.805608749389648
-10.807065963745117
-10.773821830749512
-10.764910697937012
-10.798952102661133
-10.82223892211914
-10.813745498657227
-10.829327583312988
-10.782842636108398
-10.809206008911133
-10.793561935424805
-10.805437088012695
-10.807779312133789
-10.821710586547852
-10.807934761047363
-10.860757827758789
-10.851675033569336
-10.813307762145996
-10.837645530700684
-10.831573486328125
-10.807369232177734
-10.822386741638184
-10.79400634765625
-10.827199935913086
-10.83200454711914
-10.820392608642578
-10.827648162841797
-10.840914726257324
-10.865200996398926
-10.862887382507324
-10.86469554901123
-10.83253288269043
-10.865853309631348
-10.839472770690918
-10.834039688110352
-10.855477333068848
-10.840303421020508
-10.789959907531738
-10.799516677856445
-10.80463981628418
-10.835005760192871
-10.849832534790039
-10.840415000915527
-10.859736442565918
-10.864381790161133
-10.88549518585205
-10.847180366516113
-10.85698413848877
-10.861446380615234
-10.845844268798828
-10.85069465637207
-10.860569953918457
-10.826119422912598
-10.855141639709473
-10.86046314239502
-10.85293960571289
-10.877955436706543
-10.88726806640625
-10.884685516357422
-10.909693717956543
-10.861419677734375
-10.868521690368652
-10.890872955322266
-10.845316886901855
-10.805733680725098
-10.799284934997559
-10.858929634094238
-10.862785339355469
-10.882560729980469
-10.838351249694824
-10.858551025390625
-10.90327262878418
-10.891045570373535
-10.894624710083008
-10.864720344543457
-10.908162117004395
-10.893609046936035
-10.873069763183594
-10.864212989807129
-10.852702140808105
-10.832757949829102
-10.774569511413574
-10.827339172363281
-10.863119125366211
-10.894794464111328
-10.879467010498047
-10.913652420043945
-10.904770851135254
-10.884737968444824
-10.886016845703125
-10.892892837524414
-10.893218994140625
-10.892481803894043
-10.94016170501709
-10.892532348632812
-10.903278350830078
-10.909622192382812
-10.880404472351074
-10.881861686706543
-10.860982894897461
-10.841432571411133
-10.867798805236816
-10.829947471618652
-10.887078285217285
-10.876787185668945
-10.88088321685791
-10.841687202453613
-10.866006851196289
-10.880305290222168
-10.879521369934082
-10.897700309753418
-10.87795352935791
-10.880217552185059
-10.925497055053711
-10.88603687286377
-10.87133502960205
-10.873111724853516
-10.879642486572266
-10.893065452575684
-10.904112815856934
-10.912384986877441
-10.911858558654785
-10.901737213134766
-10.887845993041992
-10.851009368896484
-10.861002922058105
-10.893383026123047
-10.90611457824707
-10.926152229309082
-10.877986907958984
-10.81320571899414
-10.729355812072754
-10.858160972595215
-10.915026664733887
-10.92093276977539
-10.852357864379883
-10.772318840026855
-10.861104965209961
-10.892478942871094
-10.904511451721191
-10.922107696533203
-10.904009819030762
-10.906410217285156
-10.891637802124023
-10.945883750915527
-10.915695190429688
-10.919575691223145
-10.887921333312988
-10.878046989440918
-10.870523452758789
-10.933873176574707
-10.9143648147583
-10.903848648071289
-10.872739791870117
-10.88201904296875
-10.881274223327637
-10.892754554748535
-10.92642593383789
-10.956535339355469
-10.943914413452148
-10.836602210998535
-10.855164527893066
-10.889620780944824
-10.959847450256348
-10.928711891174316
-10.90767765045166
-10.914082527160645
-10.886930465698242
-10.92154312133789
-10.946405410766602
-10.950608253479004
-10.971702575683594
-10.948596000671387
-10.967584609985352
-10.9525146484375
-10.95148754119873
-10.957446098327637
-10.93754768371582
-10.958173751831055
-10.93593692779541
-10.957378387451172
-10.962972640991211
-10.917654991149902
-10.949198722839355
-10.954812049865723
-10.920936584472656
-10.957995414733887
-10.945838928222656
-10.967238426208496
-10.972390174865723
-10.93891716003418
-10.962349891662598
-10.975380897521973
-10.972905158996582
-10.935110092163086
-10.959465980529785
-10.961003303527832
-10.962458610534668
-10.981261253356934
-10.939994812011719
-10.963430404663086
-10.967774391174316
-10.964503288269043
-10.976195335388184
-10.961128234863281
-10.968327522277832
-10.946269989013672
-10.952001571655273
-10.941879272460938
-10.943672180175781
-10.890848159790039
-10.906905174255371
-10.92397403717041
-10.945550918579102
-10.981958389282227
-10.944140434265137
-10.950826644897461
-10.952431678771973
-10.922003746032715
-10.9376220703125
-10.958839416503906
-10.969466209411621
-10.9629545211792
-10.972453117370605
-10.957919120788574
-10.981854438781738
-10.971123695373535
-10.9467134475708
-10.961138725280762
-10.987521171569824
-10.981307983398438
-10.97965145111084
-10.94596004486084
-10.950676918029785
-10.939361572265625
-10.934863090515137
-10.950511932373047
-10.947111129760742
-10.977458000183105
-10.978513717651367
-10.98850154876709
-10.996061325073242
-10.95835018157959
-10.996566772460938
-10.982094764709473
-10.969856262207031
-10.995999336242676
-10.986104965209961
-11.007274627685547
-10.969708442687988
-10.984847068786621
-10.997116088867188
-10.976883888244629
-10.996005058288574
-10.947197914123535
-10.923282623291016
-10.916915893554688
-10.919179916381836
-10.949373245239258
-10.925844192504883
-10.938979148864746
-10.960427284240723
-10.956025123596191
-10.973647117614746
-10.975815773010254
-10.99505615234375
-10.982752799987793
-10.966343879699707
-10.931236267089844
-10.958330154418945
-10.968842506408691
-10.952668190002441
-10.986109733581543
-10.958627700805664
-10.969291687011719
-10.977499008178711
-10.962419509887695
-10.975651741027832
-10.985454559326172
-11.012107849121094
-10.981783866882324
-11.000658988952637
-10.991995811462402
-10.947417259216309
-10.946359634399414
-10.936911582946777
-11.001461029052734
-11.008464813232422
-11.002411842346191
-10.994091033935547
-10.989903450012207
-11.01164436340332
-11.009134292602539
-10.997967720031738
-11.001548767089844
-10.984705924987793
-10.94340705871582
-10.93562126159668
-10.962175369262695
-10.990053176879883
-11.001810073852539
-10.992436408996582
-10.98741340637207
-11.025670051574707
-11.016596794128418
-11.043975830078125
-10.958833694458008
-10.953051567077637
-10.898051261901855
-10.952728271484375
-10.997838020324707
-11.017351150512695
-10.976564407348633
-10.973198890686035
-10.897380828857422
-10.913156509399414
-10.946136474609375
-11.001694679260254
-11.013729095458984
-11.019491195678711
-10.990266799926758
-10.948027610778809
-10.939022064208984
-10.971702575683594
-10.990335464477539
-11.036833763122559
-11.00180721282959
-11.002164840698242
-10.992630004882812
-10.958378791809082
-10.951910972595215
-11.003311157226562
-10.998642921447754
-11.040131568908691
-11.030289649963379
-11.019007682800293
-10.987720489501953
-10.955699920654297
-10.932469367980957
-11.003438949584961
-11.001408576965332
-11.026288986206055
-11.05279541015625
-11.020898818969727
-11.012459754943848
-11.02292251586914
-10.984504699707031
-11.014043807983398
-11.009232521057129
-11.034854888916016
-11.041982650756836
-11.028644561767578
-11.044376373291016
-11.017478942871094
-11.014009475708008
-10.991451263427734
-10.98810863494873
-11.011260032653809
-11.042207717895508
-11.054537773132324
-11.055356979370117
-11.02068042755127
-11.016731262207031
-10.990974426269531
-10.94913387298584
-10.972845077514648
-11.024789810180664
-11.020977020263672
-11.026885986328125
-11.001924514770508
-10.952678680419922
-10.986374855041504
-11.045276641845703
-11.039365768432617
-11.042906761169434
-11.02918529510498
-10.98525333404541
-10.974662780761719
-11.001948356628418
-11.033992767333984
-11.04833984375
-11.03691291809082
-11.022969245910645
-11.046957015991211
-11.0437593460083
-11.030718803405762
-11.041070938110352
-11.050666809082031
-11.017583847045898
-11.045495986938477
-11.003353118896484
-11.001850128173828
-11.031686782836914
-11.053932189941406
-11.04468059539795
-11.055421829223633
-11.042060852050781
-11.03414249420166
-11.012290000915527
-11.025343894958496
-11.039997100830078
-11.042901039123535
-11.058064460754395
-11.046199798583984
-11.053693771362305
-11.038503646850586
-11.033493995666504
-11.052848815917969
-11.05566120147705
-11.055379867553711
-11.05804443359375
-11.042755126953125
-11.060077667236328
-11.028223037719727
-11.019740104675293
-11.00495433807373
-10.977361679077148
-11.026813507080078
-11.026658058166504
-11.06195068359375
-11.080737113952637
-11.037873268127441
-11.014603614807129
-11.008329391479492
-11.029555320739746
-11.042439460754395
-11.032621383666992
-11.07866096496582
-11.017721176147461
-11.016969680786133
-11.009435653686523
-10.971198081970215
-11.026497840881348
-11.060805320739746
-11.05435848236084
-11.010544776916504
-11.024951934814453
-11.025107383728027
-11.049994468688965
-11.054594993591309
-11.063220024108887
-11.067670822143555
-11.052339553833008
-11.042987823486328
-11.041254043579102
-11.049352645874023
-11.01378345489502
-11.049887657165527
-11.07658576965332
-11.072218894958496
-11.050187110900879
-11.076664924621582
-11.057916641235352
-11.073248863220215
-11.078826904296875
-11.081205368041992
-11.05860710144043
-11.075255393981934
-11.046342849731445
-11.032858848571777
-11.050436973571777
-11.054200172424316
-11.04072380065918
-11.058829307556152
-11.027963638305664
-11.013538360595703
-10.985688209533691
-10.991433143615723
-11.009977340698242
-11.056144714355469
-11.102862358093262
-11.042749404907227
-10.980265617370605
-10.95568561553955
-11.016535758972168
-11.050435066223145
-11.070576667785645
-11.07052993774414
-11.005165100097656
-11.002679824829102
-11.006060600280762
-11.015156745910645
-11.029006004333496
-11.050411224365234
-11.0866117477417
-11.088760375976562
-11.077654838562012
-11.084443092346191
-11.040364265441895
-10.9931058883667
-11.01282787322998
-11.05104923248291
-11.07293701171875
-11.09374713897705
-11.084273338317871
-11.065666198730469
-11.037211418151855
-11.035401344299316
-11.060281753540039
-11.068718910217285
-11.07828140258789
-11.099421501159668
-11.085709571838379
-11.059846878051758
-11.09142017364502
-11.0958890914917
-11.065611839294434
-11.067782402038574
-11.077780723571777
-11.072271347045898
-11.078813552856445
-11.08742618560791
-11.06491470336914
-11.094521522521973
-11.078810691833496
-11.098763465881348
-11.063502311706543
-11.088436126708984
-11.080869674682617
-11.07272720336914
-11.042327880859375
-11.052621841430664
-10.993764877319336
-10.983999252319336
-11.037582397460938
-11.062437057495117
-11.088226318359375
-11.066877365112305
-11.100189208984375
-11.099522590637207
-11.086979866027832
-11.081153869628906
-11.092975616455078
-11.088156700134277
-11.08847427368164
-11.096468925476074
-11.097259521484375
-11.09759521484375
-11.09123420715332
-11.0729398727417
-11.06739616394043
-11.046557426452637
-11.061585426330566
-11.06519603729248
-11.082844734191895
-11.076570510864258
-11.078673362731934
-11.082659721374512
-11.08633804321289
-11.056774139404297
-11.097064018249512
-11.078153610229492
-11.089035034179688
-11.102614402770996
-11.052227973937988
-11.027992248535156
-11.04078483581543
-11.034896850585938
-11.107306480407715
-11.110725402832031
-11.110724449157715
-11.055800437927246
-11.031514167785645
-11.004755020141602
-11.022972106933594
-11.080789566040039
-11.12305736541748
-11.1029052734375
-11.098122596740723
-11.105810165405273
-11.097219467163086
-11.076629638671875
-11.071885108947754
-11.088705062866211
-11.0476655960083
-11.057037353515625
-11.10265827178955
-11.087015151977539
-11.076313018798828
-11.104791641235352
-11.108250617980957
-11.07421875
-11.108826637268066
-11.119133949279785
-11.10303783416748
-11.118056297302246
-11.084436416625977
-11.089058876037598
-11.073055267333984
-11.103711128234863
-11.100800514221191
-11.104150772094727
-11.119500160217285
-11.099953651428223
-11.066675186157227
-11.103225708007812
-11.086160659790039
-11.069740295410156
-11.068517684936523
-11.062795639038086
-11.046229362487793
-11.0606689453125
-11.04454517364502
-11.074666023254395
-11.100379943847656
-11.096688270568848
-11.07988166809082
-11.105413436889648
-11.134626388549805
-11.118701934814453
-11.102706909179688
-11.09340763092041
-11.073262214660645
-11.059219360351562
-11.05534839630127
-11.083909034729004
-11.12552547454834
-11.10623550415039
-11.11812973022461
-11.088651657104492
-11.0576753616333
-11.04541015625
-11.075014114379883
-11.12350082397461
-11.107766151428223
-11.116175651550293
-11.111897468566895
-11.097073554992676
-11.076105117797852
-11.037144660949707
-11.042022705078125
-11.073347091674805
-11.089704513549805
-11.108663558959961
-11.11770248413086
-11.108160018920898
-11.115623474121094
-11.086579322814941
-11.083067893981934
-11.066293716430664
-11.049924850463867
-11.054706573486328
-11.06080150604248
-11.08912467956543
-11.108636856079102
-11.105720520019531
-11.10420036315918
-11.12624740600586
-11.123383522033691
-11.105250358581543
-11.08482551574707
-11.08581256866455
-11.114538192749023
-11.092738151550293
-11.087348937988281
-11.11069393157959
-11.110770225524902
-11.112648963928223
-11.09425163269043
-11.106300354003906
-11.091029167175293
-11.123616218566895
-11.120718955993652
-11.114507675170898
-11.120104789733887
-11.109357833862305
-11.108366012573242
-11.083090782165527
-11.105453491210938
-11.114885330200195
-11.080259323120117
-11.097841262817383
-11.079655647277832
-11.097811698913574
-11.117332458496094
-11.116157531738281
-11.109410285949707
-11.134029388427734
-11.118743896484375
-11.135769844055176
-11.120217323303223
-11.115846633911133
-11.08452033996582
-11.06065559387207
-11.048413276672363
-11.090190887451172
-11.121404647827148
-11.10812759399414
-11.123087882995605
-11.133753776550293
-11.133384704589844
-11.121756553649902
-11.109389305114746
-11.077210426330566
-11.07443618774414
-11.05931282043457
-11.068123817443848
-11.100144386291504
-11.13938045501709
-11.13006591796875
-11.111083984375
-11.088949203491211
-11.055068016052246
-11.089800834655762
-11.097898483276367
-11.096768379211426
-11.130481719970703
-11.13214111328125
-11.12386703491211
-11.137711524963379
-11.091361045837402
-11.097367286682129
-11.099224090576172
-11.112757682800293
-11.118855476379395
-11.125261306762695
-11.095466613769531
-11.110621452331543
-11.083210945129395
-11.090075492858887
-11.078370094299316
-11.103537559509277
-11.121621131896973
-11.130897521972656
-11.120704650878906
-11.127553939819336
-11.125783920288086
-11.127732276916504
-11.142850875854492
-11.145441055297852
-11.117018699645996
-11.124120712280273
-11.124421119689941
-11.102181434631348
-11.091165542602539
-11.077832221984863
-11.074626922607422
-11.088622093200684
-11.134159088134766
-11.146718978881836
-11.14322566986084
-11.151137351989746
-11.119514465332031
-11.131994247436523
-11.09760856628418
-11.090932846069336
-11.070718765258789
-11.068963050842285
-11.117375373840332
-11.13366413116455
-11.12364387512207
-11.1163969039917
-11.09170150756836
-11.091784477233887
-11.121072769165039
-11.120433807373047
-11.144676208496094
-11.145599365234375
-11.118362426757812
-11.10226821899414
-11.082174301147461
-11.06442642211914
-11.074163436889648
-11.123199462890625
-11.145394325256348
-11.147849082946777
-11.130844116210938
-11.090527534484863
-11.087318420410156
-11.05044937133789
-11.083580017089844
-11.127692222595215
-11.146405220031738
-11.117571830749512
-11.07926082611084
-11.05635929107666
-11.088645935058594
-11.1251220703125
-11.133893013000488
-11.116461753845215
-11.051939010620117
-11.051804542541504
-11.07164192199707
-11.129185676574707
-11.1325044631958
-11.122974395751953
-11.090408325195312
-11.10136604309082
-11.093172073364258
-11.102776527404785
-11.117815971374512
-11.137883186340332
-11.146103858947754
-11.138017654418945
-11.15076732635498
-11.12244701385498
-11.095139503479004
-11.08957290649414
-11.112125396728516
-11.139115333557129
-11.133204460144043
-11.157669067382812
-11.138948440551758
-11.141334533691406
-11.139938354492188
-11.147270202636719
-11.156161308288574
-11.14017105102539
-11.148983001708984
-11.13502311706543
-11.15943717956543
-11.155440330505371
-11.123769760131836
-11.165953636169434
-11.144061088562012
-11.152278900146484
-11.156356811523438
-11.138993263244629
-11.11973762512207
-11.121757507324219
-11.140406608581543
-11.144662857055664
-11.156920433044434
-11.157620429992676
-11.155723571777344
-11.152018547058105
-11.126715660095215
-11.06268310546875
-11.04336929321289
-11.12362289428711
-11.152934074401855
-11.141336441040039
-11.117830276489258
-11.119202613830566
-11.095927238464355
-11.13489055633545
-11.140351295471191
-11.138578414916992
-11.137746810913086
-11.149250030517578
-11.144533157348633
-11.137776374816895
-11.106943130493164
-11.02416706085205
-11.037995338439941
-11.120436668395996
-11.147322654724121
-11.049771308898926
-11.046880722045898
-11.11027717590332
-11.146872520446777
-11.070527076721191
-10.988853454589844
-11.074441909790039
-11.156495094299316
-11.122457504272461
-11.084592819213867
-11.073366165161133
-11.140975952148438
-11.15749454498291
-11.16930866241455
-11.12484073638916
-11.061970710754395
-11.077412605285645
-11.12981128692627
-11.160364151000977
-11.146510124206543
-11.08901309967041
-11.103357315063477
-11.138672828674316
-11.164488792419434
-11.13972282409668
-11.126385688781738
-11.129509925842285
-11.141182899475098
-11.147242546081543
-11.169867515563965
-11.149306297302246
-11.145061492919922
-11.118593215942383
-11.096030235290527
-11.094202041625977
-11.125378608703613
-11.16005802154541
-11.161173820495605
-11.113176345825195
-11.12157917022705
-11.138402938842773
-11.153427124023438
-11.168527603149414
-11.151354789733887
-11.101370811462402
-11.110926628112793
-11.113357543945312
-11.152955055236816
-11.182350158691406
-11.132874488830566
-11.140576362609863
-11.121891975402832
-11.142173767089844
-11.14966106414795
-11.149895668029785
-11.159400939941406
-11.17624282836914
-11.175504684448242
-11.182290077209473
-11.165016174316406
-11.160223960876465
-11.165351867675781
-11.173492431640625
-11.168174743652344
-11.163591384887695
-11.157100677490234
-11.173911094665527
-11.18562126159668
-11.169831275939941
-11.171121597290039
-11.184017181396484
-11.164680480957031
-11.165753364562988
-11.145978927612305
-11.132746696472168
-11.135013580322266
-11.140596389770508
-11.156257629394531
-11.17116641998291
-11.168107032775879
-11.158561706542969
-11.170388221740723
-11.170339584350586
-11.17193603515625
-11.182345390319824
-11.183577537536621
-11.170830726623535
-11.154256820678711
-11.165213584899902
-11.163166999816895
-11.190325736999512
-11.180670738220215
-11.181581497192383
-11.181840896606445
-11.16828441619873
-11.16496753692627
-11.192022323608398
-11.19013786315918
-11.17020034790039
-11.199125289916992
-11.1596040725708
-11.184816360473633
-11.174534797668457
-11.160074234008789
-11.166789054870605
-11.181917190551758
-11.17814826965332
-11.165853500366211
-11.172605514526367
-11.172098159790039
-11.15811538696289
-11.147088050842285
-11.149020195007324
-11.145041465759277
-11.165816307067871
-11.145841598510742
-11.148500442504883
-11.148884773254395
-11.17327880859375
-11.188394546508789
-11.187484741210938
-11.20208740234375
-11.177239418029785
-11.16751480102539
-11.143805503845215
-11.137611389160156
-11.124502182006836
-11.0833158493042
-11.095630645751953
-11.15955638885498
-11.189749717712402
-11.192320823669434
-11.160140991210938
-11.142045974731445
-11.135533332824707
-11.14277172088623
-11.155495643615723
-11.156293869018555
-11.181370735168457
-11.187341690063477
-11.187318801879883
-11.179408073425293
-11.179449081420898
-11.189995765686035
-11.187870025634766
-11.189340591430664
-11.20844554901123
-11.181640625
-11.177083015441895
-11.196941375732422
-11.198359489440918
-11.181169509887695
-11.184563636779785
-11.176947593688965
-11.133488655090332
-11.122695922851562
-11.120160102844238
-11.1508207321167
-11.176405906677246
-11.191534996032715
-11.18543815612793
-11.190484046936035
-11.182865142822266
-11.174418449401855
-11.191107749938965
-11.188528060913086
-11.177070617675781
-11.169511795043945
-11.109545707702637
-11.111263275146484
-11.128743171691895
-11.165480613708496
-11.19449234008789
-11.192715644836426
-11.201809883117676
-11.208024978637695
-11.18613052368164
-11.185558319091797
-11.155948638916016
-11.14836597442627
-11.141959190368652
-11.152125358581543
-11.189436912536621
-11.185043334960938
-11.195436477661133
-11.207305908203125
-11.206953048706055
-11.189172744750977
-11.16537857055664
-11.163948059082031
-11.14319896697998
-11.128957748413086
-11.127103805541992
-11.165094375610352
-11.165002822875977
-11.184877395629883
-11.178650856018066
-11.187999725341797
-11.185447692871094
-11.17911434173584
-11.179064750671387
-11.15965747833252
-11.16777515411377
-11.190072059631348
-11.184417724609375
-11.20535945892334
-11.197774887084961
-11.201910018920898
-11.203312873840332
-11.21395206451416
-11.168828010559082
-11.16252613067627
-11.153888702392578
-11.163984298706055
-11.174663543701172
-11.170186042785645
-11.173223495483398
-11.185811042785645
-11.174139022827148
-11.189093589782715
-11.187650680541992
-11.192999839782715
-11.177861213684082
-11.189152717590332
-11.192790985107422
-11.223664283752441
-11.208590507507324
-11.183633804321289
-11.166359901428223
-11.143441200256348
-11.099309921264648
-11.10465145111084
-11.168889045715332
-11.184521675109863
-11.205363273620605
-11.201991081237793
-11.213361740112305
-11.197977066040039
-11.221177101135254
-11.219953536987305
-11.210494041442871
-11.196256637573242
-11.200088500976562
-11.18818187713623
-11.15645694732666
-11.170074462890625
-11.162129402160645
-11.193524360656738
-11.19946002960205
-11.190556526184082
-11.180256843566895
-11.151915550231934
-11.15450382232666
-11.131917953491211
-11.133027076721191
-11.175168991088867
-11.21075439453125
-11.195660591125488
-11.19322681427002
-11.209260940551758
-11.213523864746094
-11.216753005981445
-11.215227127075195
-11.223743438720703
-11.22269344329834
-11.228522300720215
-11.211480140686035
-11.22064208984375
-11.22754192352295
-11.22225570678711
-11.204940795898438
-11.193777084350586
-11.184320449829102
-11.139664649963379
-11.1426420211792
-11.16765022277832
-11.207573890686035
-11.227595329284668
-11.209334373474121
-11.185101509094238
-11.143545150756836
-11.1619234085083
-11.190106391906738
-11.205039024353027
-11.21055793762207
-11.225106239318848
-11.224029541015625
-11.2302827835083
-11.21552848815918
-11.223016738891602
-11.213068008422852
-11.209807395935059
-11.20499324798584
-11.194199562072754
-11.179583549499512
-11.161011695861816
-11.156603813171387
-11.183181762695312
-11.199751853942871
-11.218708038330078
-11.23045539855957
-11.242093086242676
-11.241959571838379
-11.232826232910156
-11.215224266052246
-11.231194496154785
-11.228458404541016
-11.226041793823242
-11.221991539001465
-11.216948509216309
-11.208700180053711
-11.203764915466309
-11.197482109069824
-11.180377960205078
-11.195008277893066
-11.211073875427246
-11.221673965454102
-11.226092338562012
-11.22709846496582
-11.222981452941895
-11.22486686706543
-11.211651802062988
-11.212565422058105
-11.223786354064941
-11.227933883666992
-11.225069999694824
-11.211987495422363
-11.205864906311035
-11.188687324523926
-11.193888664245605
-11.190604209899902
-11.181760787963867
-11.181714057922363
-11.166633605957031
-11.180460929870605
-11.216469764709473
-11.228803634643555
-11.229798316955566
-11.224447250366211
-11.221986770629883
-11.226980209350586
-11.23013973236084
-11.21846866607666
-11.202977180480957
-11.17782974243164
-11.188888549804688
-11.203828811645508
-11.219057083129883
-11.227399826049805
-11.243273735046387
-11.224769592285156
-11.229607582092285
-11.210084915161133
-11.191068649291992
-11.170940399169922
-11.190580368041992
-11.19515609741211
-11.227682113647461
-11.236260414123535
-11.242018699645996
-11.24362850189209
-11.236849784851074
-11.220377922058105
-11.198006629943848
-11.162205696105957
-11.180562019348145
-11.211017608642578
-11.229599952697754
-11.237661361694336
-11.247302055358887
-11.250113487243652
-11.25224781036377
-11.230768203735352
-11.243633270263672
-11.216617584228516
-11.187962532043457
-11.182609558105469
-11.20195484161377
-11.225870132446289
-11.221654891967773
-11.222338676452637
-11.221163749694824
-11.237456321716309
-11.23790454864502
-11.236167907714844
-11.232542037963867
-11.22945499420166
-11.216996192932129
-11.21300220489502
-11.211669921875
-11.206392288208008
-11.205020904541016
-11.21219539642334
-11.21776294708252
-11.231708526611328
-11.235851287841797
-11.232752799987793
-11.249246597290039
-11.231985092163086
-11.228924751281738
-11.230827331542969
-11.210741996765137
-11.187032699584961
-11.180867195129395
-11.190743446350098
-11.22550106048584
-11.244645118713379
-11.246474266052246
-11.257636070251465
-11.243735313415527
-11.241068840026855
-11.245580673217773
-11.254243850708008
-11.251721382141113
-11.244404792785645
-11.24221134185791
-11.229423522949219
-11.212747573852539
-11.198843955993652
-11.189383506774902
-11.201805114746094
-11.226272583007812
-11.242809295654297
-11.247286796569824
-11.249857902526855
-11.260125160217285
-11.245967864990234
-11.250290870666504
-11.249092102050781
-11.259084701538086
-11.25590991973877
-11.24620246887207
-11.257319450378418
-11.250476837158203
-11.250732421875
-11.243928909301758
-11.251561164855957
-11.237045288085938
-11.244007110595703
-11.24223518371582
-11.226707458496094
-11.217438697814941
-11.207307815551758
-11.21636962890625
-11.212926864624023
-11.205281257629395
-11.226245880126953
-11.235435485839844
-11.230958938598633
-11.237693786621094
-11.218548774719238
-11.208833694458008
-11.193159103393555
-11.218650817871094
-11.235835075378418
-11.25548267364502
-11.262195587158203
-11.256366729736328
-11.237085342407227
-11.208294868469238
-11.199594497680664
-11.17483139038086
-11.200495719909668
-11.231993675231934
-11.251412391662598
-11.255010604858398
-11.233816146850586
-11.204182624816895
-11.158859252929688
-11.163825035095215
-11.206467628479004
-11.245214462280273
-11.259350776672363
-11.253654479980469
-11.213493347167969
-11.164012908935547
-11.150636672973633
-11.203052520751953
-11.247583389282227
-11.267637252807617
-11.229696273803711
-11.167096138000488
-11.156976699829102
-11.209821701049805
-11.248805046081543
-11.260998725891113
-11.256166458129883
-11.233488082885742
-11.199885368347168
-11.188891410827637
-11.203225135803223
-11.24063491821289
-11.25609302520752
-11.255486488342285
-11.263790130615234
-11.258087158203125
-11.252498626708984
-11.252721786499023
-11.254867553710938
-11.249295234680176
-11.247150421142578
-11.24769401550293
-11.243370056152344
-11.230612754821777
-11.23214054107666
-11.234211921691895
-11.24100399017334
-11.244104385375977
-11.242471694946289
-11.24897289276123
-11.254324913024902
-11.247520446777344
-11.238565444946289
-11.214787483215332
-11.221307754516602
-11.225128173828125
-11.251138687133789
-11.25699234008789
-11.256644248962402
-11.270647048950195
-11.272805213928223
-11.261073112487793
-11.262990951538086
-11.265583992004395
-11.271336555480957
-11.268146514892578
-11.267579078674316
-11.260623931884766
-11.256790161132812
-11.244357109069824
-11.2356595993042
-11.233708381652832
-11.24277114868164
-11.235273361206055
-11.250846862792969
-11.2614107131958
-11.261418342590332
-11.268767356872559
-11.263952255249023
-11.264862060546875
-11.26237964630127
-11.264331817626953
-11.26307487487793
-11.252812385559082
-11.226731300354004
-11.217151641845703
-11.22134017944336
-11.242801666259766
-11.243847846984863
-11.259560585021973
-11.265693664550781
-11.263604164123535
-11.270329475402832
-11.25811767578125
-11.272027015686035
-11.266945838928223
-11.262784004211426
-11.26871109008789
-11.265175819396973
-11.262995719909668
-11.262215614318848
-11.250828742980957
-11.243297576904297
-11.22209644317627
-11.219624519348145
-11.201888084411621
-11.193441390991211
-11.222932815551758
-11.256057739257812
-11.270380020141602
-11.26756763458252
-11.257492065429688
-11.201827049255371
-11.184676170349121
-11.212350845336914
-11.256299018859863
-11.25717830657959
-11.212973594665527
-11.143592834472656
-11.164851188659668
-11.235660552978516
-11.260905265808105
-11.257970809936523
-11.240488052368164
-11.227327346801758
-11.223548889160156
-11.232246398925781
-11.250066757202148
-11.264174461364746
-11.265363693237305
-11.278377532958984
-11.276470184326172
-11.261151313781738
-11.228425979614258
-11.206465721130371
-11.21221923828125
-11.249066352844238
-11.262964248657227
-11.273771286010742
-11.261801719665527
-11.257532119750977
-11.228672981262207
-11.211603164672852
-11.202434539794922
-11.226991653442383
-11.233874320983887
-11.222966194152832
-11.208941459655762
-11.218428611755371
-11.241711616516113
-11.264892578125
-11.263559341430664
-11.258328437805176
-11.231002807617188
-11.214949607849121
-11.21635627746582
-11.254348754882812
-11.268954277038574
-11.2799654006958
-11.278626441955566
-11.277217864990234
-11.272542953491211
-11.259224891662598
-11.26203727722168
-11.25479793548584
-11.233255386352539
-11.221193313598633
-11.248977661132812
-11.265861511230469
-11.28011703491211
-11.285436630249023
-11.278100967407227
-11.27723503112793
-11.274608612060547
-11.272034645080566
-11.259566307067871
-11.239514350891113
-11.231415748596191
-11.237302780151367
-11.253429412841797
-11.279608726501465
-11.279072761535645
-11.267997741699219
-11.252388000488281
-11.228924751281738
-11.21899700164795
-11.230186462402344
-11.261248588562012
-11.2741117477417
-11.263461112976074
-11.205717086791992
-11.168852806091309
-11.215198516845703
-11.274698257446289
-11.285036087036133
-11.25285530090332
-11.201957702636719
-11.182666778564453
-11.228185653686523
-11.279472351074219
-11.272356986999512
-11.22760009765625
-11.187761306762695
-11.168091773986816
-11.237950325012207
-11.276747703552246
-11.269304275512695
-11.215250015258789
-11.192763328552246
-11.229769706726074
-11.274018287658691
-11.279181480407715
-11.268843650817871
-11.239176750183105
-11.215272903442383
-11.22712516784668
-11.258337020874023
-11.27176570892334
-11.279573440551758
-11.29157829284668
-11.273070335388184
-11.256662368774414
-11.261935234069824
-11.262938499450684
-11.271734237670898
-11.287254333496094
-11.289813041687012
-11.288591384887695
-11.275080680847168
-11.272013664245605
-11.268196105957031
-11.273934364318848
-11.278219223022461
-11.282617568969727
-11.274728775024414
-11.274279594421387
-11.278680801391602
-11.284512519836426
-11.285049438476562
-11.278616905212402
-11.28349781036377
-11.288318634033203
-11.28138542175293
-11.283398628234863
-11.278874397277832
-11.269055366516113
-11.289490699768066
-11.29728889465332
-11.284049034118652
-11.27588176727295
-11.263130187988281
-11.243764877319336
-11.246158599853516
-11.249316215515137
-11.26099681854248
-11.274856567382812
-11.297685623168945
-11.288227081298828
-11.289913177490234
-11.290016174316406
-11.271434783935547
-11.265525817871094
-11.265827178955078
-11.25873851776123
-11.25694751739502
-11.258504867553711
-11.265765190124512
-11.275635719299316
-11.27711009979248
-11.285881042480469
-11.289701461791992
-11.293468475341797
-11.289603233337402
-11.294477462768555
-11.289824485778809
-11.29339599609375
-11.294097900390625
-11.297953605651855
-11.300982475280762
-11.291788101196289
-11.302339553833008
-11.297056198120117
-11.298467636108398
-11.301447868347168
-11.291424751281738
-11.28337574005127
-11.268787384033203
-11.253677368164062
-11.253069877624512
-11.257198333740234
-11.255167007446289
-11.279775619506836
-11.290635108947754
-11.301268577575684
-11.29200553894043
-11.267969131469727
-11.207910537719727
-11.17719841003418
-11.206925392150879
-11.258129119873047
-11.279620170593262
-11.290848731994629
-11.299657821655273
-11.294937133789062
-11.281853675842285
-11.248716354370117
-11.219466209411621
-11.218955993652344
-11.248603820800781
-11.272594451904297
-11.291170120239258
-11.300113677978516
-11.30752944946289
-11.29450798034668
-11.286934852600098
-11.269116401672363
-11.26290225982666
-11.258136749267578
-11.25768756866455
-11.2716646194458
-11.28908920288086
-11.28780746459961
-11.288034439086914
-11.299705505371094
-11.290735244750977
-11.289570808410645
-11.294943809509277
-11.280373573303223
-11.280888557434082
-11.280264854431152
-11.272528648376465
-11.266851425170898
-11.247995376586914
-11.249704360961914
-11.265263557434082
-11.283206939697266
-11.285880088806152
-11.298687934875488
-11.304566383361816
-11.296954154968262
-11.28548526763916
-11.260642051696777
-11.252411842346191
-11.247200012207031
-11.253939628601074
-11.269845962524414
-11.281730651855469
-11.30041217803955
-11.306417465209961
-11.29805850982666
-11.29296875
-11.28502368927002
-11.264906883239746
-11.247852325439453
-11.217494010925293
-11.235116004943848
-11.265642166137695
-11.293015480041504
-11.304213523864746
-11.289993286132812
-11.265138626098633
-11.23087215423584
-11.231428146362305
-11.265458106994629
-11.29474925994873
-11.299586296081543
-11.286474227905273
-11.243016242980957
-11.203964233398438
-11.237353324890137
-11.289691925048828
-11.29833698272705
-11.235621452331543
-11.178787231445312
-11.236676216125488
-11.299320220947266
-11.295904159545898
-11.250800132751465
-11.20319652557373
-11.234662055969238
-11.289525985717773
-11.304032325744629
-11.290054321289062
-11.23952865600586
-11.218822479248047
-11.251458168029785
-11.285595893859863
-11.305564880371094
-11.305773735046387
-11.299877166748047
-11.298370361328125
-11.295553207397461
-11.28003978729248
-11.291114807128906
-11.288370132446289
-11.303522109985352
-11.309126853942871
-11.309683799743652
-11.311899185180664
-11.312003135681152
-11.303544044494629
-11.30129623413086
-11.306468963623047
-11.30667495727539
-11.308428764343262
-11.304641723632812
-11.30589485168457
-11.304810523986816
-11.296690940856934
-11.304007530212402
-11.305371284484863
-11.30980110168457
-11.308256149291992
-11.310078620910645
-11.309779167175293
-11.305314064025879
-11.308202743530273
-11.312224388122559
-11.308209419250488
-11.311274528503418
-11.307514190673828
-11.305130958557129
-11.30006217956543
-11.300909042358398
-11.294937133789062
-11.300651550292969
-11.301573753356934
-11.302614212036133
-11.306756019592285
-11.300703048706055
-11.317529678344727
-11.305947303771973
-11.294304847717285
-11.27013111114502
-11.264304161071777
-11.256223678588867
-11.281962394714355
-11.29602336883545
-11.306931495666504
-11.31153392791748
-11.308042526245117
-11.315312385559082
-11.312162399291992
-11.307652473449707
-11.303930282592773
-11.302248001098633
-11.291287422180176
-11.2819242477417
-11.274744033813477
-11.277029991149902
-11.28444766998291
-11.2902193069458
-11.306793212890625
-11.307032585144043
-11.306036949157715
-11.291646003723145
-11.249670028686523
-11.234123229980469
-11.268927574157715
-11.291449546813965
-11.297562599182129
-11.304695129394531
-11.304906845092773
-11.30309009552002
-11.310616493225098
-11.307022094726562
-11.29463005065918
-11.285165786743164
-11.240038871765137
-11.229188919067383
-11.234722137451172
-11.252863883972168
-11.269978523254395
-11.296345710754395
-11.312788009643555
-11.31081485748291
-11.312685012817383
-11.304277420043945
-11.284198760986328
-11.267171859741211
-11.269002914428711
-11.27084732055664
-11.276988983154297
-11.281980514526367
-11.278447151184082
-11.291837692260742
-11.297755241394043
-11.306946754455566
-11.31650161743164
-11.317301750183105
-11.31494140625
-11.310500144958496
-11.309027671813965
-11.309544563293457
-11.300848007202148
-11.279690742492676
-11.250067710876465
-11.244807243347168
-11.250476837158203
-11.270276069641113
-11.296862602233887
-11.310443878173828
-11.313800811767578
-11.285183906555176
-11.267231941223145
-11.254057884216309
-11.276939392089844
-11.299019813537598
-11.315254211425781
-11.311806678771973
-11.290780067443848
-11.272525787353516
-11.25983715057373
-11.275216102600098
-11.30302619934082
-11.317161560058594
-11.2999906539917
-11.283825874328613
-11.27868366241455
-11.289724349975586
-11.299116134643555
-11.30571460723877
-11.305778503417969
-11.303586959838867
-11.30469036102295
-11.304008483886719
-11.304672241210938
-11.301101684570312
-11.29704761505127
-11.296798706054688
-11.292825698852539
-11.292284965515137
-11.293506622314453
-11.299232482910156
-11.307132720947266
-11.305094718933105
-11.305742263793945
-11.306327819824219
-11.307884216308594
-11.308450698852539
-11.317878723144531
-11.319138526916504
-11.314555168151855
-11.310846328735352
-11.31108570098877
-11.307119369506836
-11.304821014404297
-11.303365707397461
-11.292837142944336
-11.281974792480469
-11.270458221435547
-11.263751983642578
-11.250272750854492
-11.257349014282227
-11.286087036132812
-11.306709289550781
-11.32277774810791
-11.314986228942871
-11.31928825378418
-11.320472717285156
-11.316549301147461
-11.318750381469727
-11.321178436279297
-11.315804481506348
-11.318805694580078
-11.317254066467285
-11.310015678405762
-11.293980598449707
-11.274871826171875
-11.262690544128418
-11.262356758117676
-11.281574249267578
-11.300668716430664
-11.318450927734375
-11.319432258605957
-11.315733909606934
-11.317187309265137
-11.309288024902344
-11.310431480407715
-11.301797866821289
-11.30019760131836
-11.303277015686035
-11.302630424499512
-11.285354614257812
-11.285545349121094
-11.272677421569824
-11.28181266784668
-11.288904190063477
-11.32081127166748
-11.318306922912598
-11.312311172485352
-11.300470352172852
-11.281227111816406
-11.255105972290039
-11.25381851196289
-11.279139518737793
-11.303223609924316
-11.317184448242188
-11.3224458694458
-11.324080467224121
-11.31663990020752
-11.300426483154297
-11.277406692504883
-11.27249526977539
-11.274184226989746
-11.27529239654541
-11.282251358032227
-11.302542686462402
-11.314445495605469
-11.32432746887207
-11.324785232543945
-11.312277793884277
-11.288772583007812
-11.248555183410645
-11.234349250793457
-11.268895149230957
-11.301339149475098
-11.314329147338867
-11.3207368850708
-11.30051040649414
-11.305893898010254
-11.309731483459473
-11.310521125793457
-11.30944538116455
-11.313338279724121
-11.316679000854492
-11.323761940002441
-11.321367263793945
-11.323143005371094
-11.324010848999023
-11.325532913208008
-11.320677757263184
-11.325031280517578
-11.330825805664062
-11.329686164855957
-11.324711799621582
-11.322592735290527
-11.326016426086426
-11.32878303527832
-11.321329116821289
-11.318656921386719
-11.3134765625
-11.306669235229492
-11.299332618713379
-11.298479080200195
-11.297185897827148
-11.305392265319824
-11.314640045166016
-11.316449165344238
-11.32292366027832
-11.324223518371582
-11.321813583374023
-11.327520370483398
-11.322297096252441
-11.329051971435547
-11.326790809631348
-11.322426795959473
-11.310868263244629
-11.296436309814453
-11.291653633117676
-11.285630226135254
-11.280143737792969
-11.276734352111816
-11.28300666809082
-11.29925537109375
-11.313959121704102
-11.323845863342285
-11.326809883117676
-11.326780319213867
-11.327360153198242
-11.33085823059082
-11.332598686218262
-11.326375961303711
-11.323400497436523
-11.32494068145752
-11.30346965789795
-11.281356811523438
-11.252570152282715
-11.250873565673828
-11.283374786376953
-11.315279960632324
-11.329370498657227
-11.328317642211914
-11.310908317565918
-11.279302597045898
-11.246447563171387
-11.248970985412598
-11.263062477111816
-11.297830581665039
-11.315191268920898
-11.325541496276855
-11.32727336883545
-11.325677871704102
-11.31370735168457
-11.314223289489746
-11.307744026184082
-11.320201873779297
-11.32140827178955
-11.323707580566406
-11.325918197631836
-11.326419830322266
-11.333699226379395
-11.326465606689453
-11.31627082824707
-11.302803039550781
-11.279132843017578
-11.258718490600586
-11.276930809020996
-11.294706344604492
-11.326087951660156
-11.328279495239258
-11.326869010925293
-11.323744773864746
-11.311127662658691
-11.317582130432129
-11.309966087341309
-11.286762237548828
-11.27817440032959
-11.268155097961426
-11.28144359588623
-11.306435585021973
-11.32027816772461
-11.323310852050781
-11.33435344696045
-11.33171272277832
-11.331186294555664
-11.33029842376709
-11.324801445007324
-11.322062492370605
-11.308381080627441
-11.301817893981934
-11.291873931884766
-11.291382789611816
-11.296051025390625
-11.3031005859375
-11.30235481262207
-11.303556442260742
-11.30433464050293
-11.303284645080566
-11.322236061096191
-11.324874877929688
-11.326128959655762
-11.327670097351074
-11.326197624206543
-11.328003883361816
-11.328500747680664
-11.330080032348633
-11.33349323272705
-11.328651428222656
-11.336923599243164
-11.335357666015625
-11.334461212158203
-11.327104568481445
-11.33502197265625
-11.333934783935547
-11.331984519958496
-11.329615592956543
-11.33027458190918
-11.32323932647705
-11.321259498596191
-11.320415496826172
-11.314587593078613
-11.297590255737305
-11.289751052856445
-11.282013893127441
-11.279435157775879
-11.294657707214355
-11.305365562438965
-11.30936336517334
-11.316205024719238
-11.323659896850586
-11.328584671020508
-11.327437400817871
-11.333691596984863
-11.333796501159668
-11.33431625366211
-11.33734130859375
-11.330388069152832
-11.327986717224121
-11.335891723632812
-11.333486557006836
-11.325187683105469
-11.31271743774414
-11.298566818237305
-11.2919340133667
-11.270486831665039
-11.27578067779541
-11.291505813598633
-11.300734519958496
-11.311891555786133
-11.309942245483398
-11.316168785095215
-11.314349174499512
-11.314689636230469
-11.31224250793457
-11.311541557312012
-11.312292098999023
-11.30627155303955
-11.293038368225098
-11.288666725158691
-11.273482322692871
-11.271832466125488
-11.280465126037598
-11.30652904510498
-11.312983512878418
-11.323440551757812
-11.324460983276367
-11.329943656921387
-11.330504417419434
-11.33137321472168
-11.316779136657715
-11.289588928222656
-11.2561674118042
-11.273731231689453
-11.306052207946777
-11.327567100524902
-11.334670066833496
-11.328934669494629
-11.30368709564209
-11.285786628723145
-11.266846656799316
-11.279520988464355
-11.311370849609375
-11.329784393310547
-11.326936721801758
-11.285737037658691
-11.231207847595215
-11.2298583984375
-11.279577255249023
-11.321189880371094
-11.33160400390625
-11.323892593383789
-11.292689323425293
-11.259562492370605
-11.256184577941895
-11.291248321533203
-11.322564125061035
-11.328258514404297
-11.305976867675781
-11.256515502929688
-11.240239143371582
-11.283634185791016
-11.313148498535156
-11.331992149353027
-11.336556434631348
-11.32620906829834
-11.31191635131836
-11.29934024810791
-11.29590892791748
-11.313556671142578
-11.331222534179688
-11.33708381652832
-11.341024398803711
-11.338217735290527
-11.335416793823242
-11.337657928466797
-11.33533000946045
-11.331493377685547
-11.322940826416016
-11.314674377441406
-11.30656623840332
-11.302395820617676
-11.310050010681152
-11.318567276000977
-11.332619667053223
-11.334840774536133
-11.297155380249023
-11.233976364135742
-11.241483688354492
-11.308614730834961
-11.335221290588379
-11.314640998840332
-11.256814002990723
-11.243485450744629
-11.299798011779785
-11.33401870727539
-11.334990501403809
-11.298368453979492
-11.254740715026855
-11.267332077026367
-11.304627418518066
-11.335336685180664
-11.328510284423828
-11.310301780700684
-11.282011985778809
-11.269261360168457
-11.291825294494629
-11.319860458374023
-11.339217185974121
-11.339164733886719
-11.31960391998291
-11.3082914352417
-11.282831192016602
-11.298406600952148
-11.315543174743652
-11.337164878845215
-11.340025901794434
-11.330972671508789
-11.328304290771484
-11.334065437316895
-11.33456802368164
-11.333186149597168
-11.336743354797363
-11.33777141571045
-11.340468406677246
-11.334339141845703
-11.340046882629395
-11.327959060668945
-11.326848983764648
-11.31619644165039
-11.303055763244629
-11.30004596710205
-11.313774108886719
-11.32876205444336
-11.337112426757812
-11.32021713256836
-11.286194801330566
-11.248250961303711
-11.273101806640625
-11.324695587158203
-11.32121467590332
-11.24714469909668
-11.191134452819824
-11.286789894104004
-11.33275032043457
-11.271963119506836
-11.194389343261719
-11.256711959838867
-11.325743675231934
-11.275154113769531
-11.158202171325684
-11.266955375671387
-11.334275245666504
-11.287055015563965
-11.218095779418945
-11.265448570251465
-11.33947467803955
-11.332601547241211
-11.273048400878906
-11.25233268737793
-11.28478717803955
-11.334317207336426
-11.338484764099121
-11.314118385314941
-11.29574966430664
-11.30083179473877
-11.318219184875488
-11.3272123336792
-11.344193458557129
-11.33573055267334
-11.319485664367676
-11.313955307006836
-11.32418155670166
-11.335022926330566
-11.338652610778809
-11.339421272277832
-11.339319229125977
-11.328800201416016
-11.323729515075684
-11.31766128540039
-11.314641952514648
-11.310990333557129
-11.314946174621582
-11.326458930969238
-11.338563919067383
-11.343231201171875
-11.335542678833008
-11.324484825134277
-11.3241548538208
-11.328755378723145
-11.329124450683594
-11.334864616394043
-11.339231491088867
-11.337902069091797
-11.341207504272461
-11.347445487976074
-11.344301223754883
-11.343894004821777
-11.347505569458008
-11.340115547180176
-11.341095924377441
-11.342330932617188
-11.339777946472168
-11.348746299743652
-11.34578800201416
-11.343671798706055
-11.347386360168457
-11.346600532531738
-11.346477508544922
-11.349044799804688
-11.345361709594727
-11.344136238098145
-11.346888542175293
-11.343976020812988
-11.349249839782715
-11.338591575622559
-11.346856117248535
-11.34013557434082
-11.347049713134766
-11.346244812011719
-11.350160598754883
-11.348650932312012
-11.34539794921875
-11.347585678100586
-11.350534439086914
-11.342726707458496
-11.341071128845215
-11.337027549743652
-11.33421802520752
-11.333230018615723
-11.330568313598633
-11.331300735473633
-11.33598804473877
-11.33584213256836
-11.346081733703613
-11.337958335876465
-11.346282005310059
-11.336787223815918
-11.34271240234375
-11.342316627502441
-11.343465805053711
-11.344930648803711
-11.344427108764648
-11.347716331481934
-11.347015380859375
-11.344807624816895
-11.345852851867676
-11.348533630371094
-11.3463134765625
-11.34253978729248
-11.344476699829102
-11.346124649047852
-11.346689224243164
-11.342738151550293
-11.34143352508545
-11.335921287536621
-11.333293914794922
-11.324453353881836
-11.324459075927734
-11.328991889953613
-11.339435577392578
-11.347891807556152
-11.340566635131836
-11.329854011535645
-11.299614906311035
-11.278813362121582
-11.287725448608398
-11.30916690826416
-11.333213806152344
-11.34561824798584
-11.340130805969238
-11.338290214538574
-11.346718788146973
-11.347990036010742
-11.346720695495605
-11.343389511108398
-11.343056678771973
-11.347419738769531
-11.334942817687988
-11.30930233001709
-11.304655075073242
-11.309301376342773
-11.321343421936035
-11.332094192504883
-11.33810043334961
-11.346514701843262
-11.3428373336792
-11.337828636169434
-11.309903144836426
-11.270172119140625
-11.247504234313965
-11.276268005371094
-11.313403129577637
-11.338005065917969
-11.337669372558594
-11.269506454467773
-11.186132431030273
-11.269247055053711
-11.338178634643555
-11.318374633789062
-11.26722526550293
-11.24378776550293
-11.26844596862793
-11.309526443481445
-11.339734077453613
-11.34520435333252
-11.34628677368164
-11.343693733215332
-11.336509704589844
-11.341972351074219
-11.345657348632812
-11.345736503601074
-11.345765113830566
-11.33806324005127
-11.333903312683105
-11.34047794342041
-11.338973045349121
-11.351452827453613
-11.351569175720215
-11.347800254821777
-11.339139938354492
-11.326139450073242
-11.30372142791748
-11.291279792785645
-11.302255630493164
-11.314080238342285
-11.32284164428711
-11.343337059020996
-11.344517707824707
-11.349648475646973
-11.34175968170166
-11.334506034851074
-11.310697555541992
-11.301820755004883
-11.308618545532227
-11.322699546813965
-11.333580017089844
-11.339408874511719
-11.34183406829834
-11.349672317504883
-11.340023040771484
-11.317483901977539
-11.280413627624512
-11.270875930786133
-11.300930976867676
-11.32995319366455
-11.342520713806152
-11.345320701599121
-11.347583770751953
-11.338786125183105
-11.335535049438477
-11.316522598266602
-11.296487808227539
-11.316195487976074
-11.343775749206543
-11.334172248840332
-11.269963264465332
-11.207589149475098
-11.273120880126953
-11.338443756103516
-11.341072082519531
-11.305289268493652
-11.25677490234375
-11.266154289245605
-11.318363189697266
-11.348329544067383
-11.336424827575684
-11.304267883300781
-11.288765907287598
-11.276968955993652
-11.299777030944824
-11.331581115722656
-11.34712028503418
-11.334638595581055
-11.292360305786133
-11.25471019744873
-11.288385391235352
-11.346949577331543
-11.341521263122559
-11.273032188415527
-11.248022079467773
-11.292489051818848
-11.335943222045898
-11.34755802154541
-11.320116996765137
-11.28860092163086
-11.295095443725586
-11.326594352722168
-11.350960731506348
-11.34962272644043
-11.335660934448242
-11.326659202575684
-11.3181791305542
-11.324625968933105
-11.33959674835205
-11.344429016113281
-11.346872329711914
-11.339719772338867
