loss_u
-5.07234525680542
-5.13351583480835
-5.258573055267334
-5.168381690979004
-5.224940776824951
-5.322988510131836
-5.415066719055176
-5.263955593109131
-5.433980464935303
-5.50424337387085
-5.524984359741211
-5.334694862365723
-5.314090728759766
-5.414603233337402
-5.500741004943848
-5.538584232330322
-5.508368492126465
-5.6048197746276855
-5.6191511154174805
-5.617671012878418
-5.594381809234619
-5.601382255554199
-5.851039886474609
-5.7384257316589355
-5.706230163574219
-5.669981002807617
-5.597200870513916
-5.756875038146973
-5.712040901184082
-5.8523969650268555
-5.704436302185059
-5.958575248718262
-5.817042827606201
-5.935301303863525
-5.943515300750732
-5.920192718505859
-5.932467460632324
-6.023481845855713
-5.980189800262451
-5.939263820648193
-5.986780643463135
-5.908650875091553
-6.092451095581055
-5.915653705596924
-5.990844249725342
-6.0832390785217285
-6.131822109222412
-6.0230302810668945
-6.083375453948975
-6.13493537902832
-6.142252445220947
-6.129485130310059
-6.180366039276123
-6.1324663162231445
-6.12199592590332
-6.260814666748047
-6.1994524002075195
-6.105612277984619
-6.1446990966796875
-6.2341108322143555
-6.144089698791504
-6.255943775177002
-6.2119903564453125
-6.188446044921875
-6.1999006271362305
-6.223422527313232
-6.195455551147461
-6.228723049163818
-6.331772327423096
-6.283484935760498
-6.234206676483154
-6.308830261230469
-6.2745490074157715
-6.266888618469238
-6.2632341384887695
-6.292227745056152
-6.245486259460449
-6.301111698150635
-6.31532096862793
-6.307264804840088
-6.258001327514648
-6.291583061218262
-6.301980972290039
-6.312587738037109
-6.311493873596191
-6.346776008605957
-6.339959621429443
-6.295421600341797
-6.374111652374268
-6.367543697357178
-6.3145623207092285
-6.324679851531982
-6.387523174285889
-6.358298301696777
-6.334282875061035
-6.358202934265137
-6.377615928649902
-6.361210346221924
-6.374050140380859
-6.397591590881348
-6.368398189544678
-6.3745293617248535
-6.427414417266846
-6.405158996582031
-6.419007301330566
-6.399311542510986
-6.394554615020752
-6.4055094718933105
-6.410240173339844
-6.414921760559082
-6.386925220489502
-6.43833065032959
-6.436063289642334
-6.419434070587158
-6.433699607849121
-6.46143913269043
-6.424710273742676
-6.4350504875183105
-6.4783172607421875
-6.469720840454102
-6.459226131439209
-6.465608596801758
-6.467167377471924
-6.5091400146484375
-6.498300552368164
-6.491408824920654
-6.510064125061035
-6.510750770568848
-6.53269624710083
-6.516713619232178
-6.5330095291137695
-6.538858413696289
-6.550429344177246
-6.556375026702881
-6.569577217102051
-6.538272857666016
-6.580005645751953
-6.59002161026001
-6.604971408843994
-6.603830337524414
-6.6449456214904785
-6.639829635620117
-6.6422247886657715
-6.636699676513672
-6.659299850463867
-6.6774983406066895
-6.708399772644043
-6.7255754470825195
-6.748373508453369
-6.78847599029541
-6.802011489868164
-6.847331523895264
-6.90125846862793
-6.945364475250244
-7.046862602233887
-7.104485988616943
-7.142358779907227
-7.275782585144043
-7.406040191650391
-7.663322925567627
-7.851862907409668
-8.124994277954102
-8.171838760375977
-8.624138832092285
-8.652324676513672
-8.87026596069336
-8.809197425842285
-8.681201934814453
-8.719229698181152
-8.77917766571045
-8.915586471557617
-9.072970390319824
-9.177674293518066
-8.886918067932129
-9.024042129516602
-9.176794052124023
-8.95129108428955
-9.421479225158691
-9.166976928710938
-9.443353652954102
-9.347899436950684
-9.388861656188965
-9.320932388305664
-9.39323616027832
-9.582294464111328
-9.563971519470215
-9.633689880371094
-9.56540298461914
-9.46955680847168
-9.666853904724121
-9.598732948303223
-9.606292724609375
-9.689566612243652
-9.695971488952637
-9.744424819946289
-9.730433464050293
-9.846590995788574
-9.849688529968262
-9.717923164367676
-9.834850311279297
-9.699784278869629
-9.834782600402832
-9.802249908447266
-9.6343994140625
-9.929248809814453
-9.731130599975586
-9.940799713134766
-9.615317344665527
-9.913130760192871
-9.763345718383789
-9.935552597045898
-9.862606048583984
-9.844596862792969
-9.957598686218262
-9.856295585632324
-10.063467979431152
-9.988929748535156
-10.079419136047363
-9.93561840057373
-10.028674125671387
-10.137441635131836
-10.039791107177734
-10.105838775634766
-10.016317367553711
-10.066580772399902
-10.143954277038574
-10.156078338623047
-10.077834129333496
-10.21570110321045
-10.135327339172363
-10.052993774414062
-10.19621753692627
-10.188117980957031
-10.171457290649414
-10.09394359588623
-10.154830932617188
-10.140518188476562
-10.197463989257812
-10.223489761352539
-10.212276458740234
-10.217094421386719
-10.162797927856445
-10.123189926147461
-10.272374153137207
-10.176718711853027
-10.249558448791504
-10.315673828125
-10.196467399597168
-10.232063293457031
-10.268012046813965
-10.24738597869873
-10.308713912963867
-10.285589218139648
-10.241105079650879
-10.328063011169434
-10.233441352844238
-10.332788467407227
-10.392843246459961
-10.365337371826172
-10.385316848754883
-10.315510749816895
-10.319035530090332
-10.351226806640625
-10.292851448059082
-10.312928199768066
-10.370255470275879
-10.347489356994629
-10.369209289550781
-10.347511291503906
-10.328359603881836
-10.40767765045166
-10.443041801452637
-10.390847206115723
-10.407564163208008
-10.447846412658691
-10.43582534790039
-10.434562683105469
-10.401480674743652
-10.43685531616211
-10.489398956298828
-10.432785034179688
-10.442434310913086
-10.46609115600586
-10.43381118774414
-10.459691047668457
-10.430096626281738
-10.459872245788574
-10.439213752746582
-10.467591285705566
-10.363736152648926
-10.448063850402832
-10.490742683410645
-10.49399471282959
-10.456637382507324
-10.437104225158691
-10.46932315826416
-10.500006675720215
-10.417941093444824
-10.417949676513672
-10.514311790466309
-10.520627975463867
-10.450390815734863
-10.42658805847168
-10.528627395629883
-10.521695137023926
-10.471199989318848
-10.475028991699219
-10.570026397705078
-10.5346040725708
-10.465203285217285
-10.541637420654297
-10.507467269897461
-10.554844856262207
-10.557985305786133
-10.597978591918945
-10.58530330657959
-10.51056957244873
-10.593527793884277
-10.622817993164062
-10.584817886352539
-10.619582176208496
-10.551752090454102
-10.590863227844238
-10.546517372131348
-10.543900489807129
-10.618340492248535
-10.62682056427002
-10.663335800170898
-10.617719650268555
-10.652284622192383
-10.55543327331543
-10.580562591552734
-10.639936447143555
-10.624775886535645
-10.630783081054688
-10.63551139831543
-10.644107818603516
-10.686456680297852
-10.643661499023438
-10.673014640808105
-10.677870750427246
-10.646208763122559
-10.630654335021973
-10.683900833129883
-10.709510803222656
-10.694502830505371
-10.695761680603027
-10.717020034790039
-10.695807456970215
-10.640339851379395
-10.697845458984375
-10.728607177734375
-10.696438789367676
-10.677724838256836
-10.588774681091309
-10.489706993103027
-10.657942771911621
-10.70754337310791
-10.527165412902832
-10.605823516845703
-10.712041854858398
-10.754827499389648
-10.661250114440918
-10.62734317779541
-10.715277671813965
-10.67843246459961
-10.695809364318848
-10.644838333129883
-10.685598373413086
-10.700014114379883
-10.72282886505127
-10.739089012145996
-10.70996379852295
-10.731942176818848
-10.742268562316895
-10.784058570861816
-10.733908653259277
-10.708898544311523
-10.724286079406738
-10.669527053833008
-10.734662055969238
-10.766289710998535
-10.797164916992188
-10.739203453063965
-10.71446418762207
-10.790861129760742
-10.695077896118164
-10.74042797088623
-10.737521171569824
-10.763012886047363
-10.76544189453125
-10.736103057861328
-10.72673511505127
-10.740145683288574
-10.74274730682373
-10.789186477661133
-10.77043628692627
-10.719802856445312
-10.73144817352295
-10.801506996154785
-10.766739845275879
-10.730165481567383
-10.745099067687988
-10.806385040283203
-10.768247604370117
-10.806017875671387
-10.778912544250488
-10.72623062133789
-10.779754638671875
-10.827637672424316
-10.809745788574219
-10.83569622039795
-10.804668426513672
-10.781912803649902
-10.82367992401123
-10.862356185913086
-10.842967987060547
-10.842782020568848
-10.817648887634277
-10.849449157714844
-10.790331840515137
-10.839097023010254
-10.813392639160156
-10.820904731750488
-10.844511032104492
-10.837550163269043
-10.775870323181152
-10.87318229675293
-10.88089656829834
-10.848505973815918
-10.823016166687012
-10.882670402526855
-10.808839797973633
-10.86463451385498
-10.836812973022461
-10.775627136230469
-10.694008827209473
-10.768978118896484
-10.812905311584473
-10.835976600646973
-10.818811416625977
-10.80699634552002
-10.853562355041504
-10.877105712890625
-10.883392333984375
-10.839581489562988
-10.808415412902832
-10.811668395996094
-10.824578285217285
-10.895559310913086
-10.833290100097656
-10.872198104858398
-10.890260696411133
-10.888768196105957
-10.888076782226562
-10.8909912109375
-10.856863975524902
-10.903980255126953
-10.88163948059082
-10.906532287597656
-10.884765625
-10.876827239990234
-10.88516902923584
-10.880722045898438
-10.876788139343262
-10.840082168579102
-10.807703018188477
-10.865859031677246
-10.894577026367188
-10.897710800170898
-10.912874221801758
-10.87842082977295
-10.894655227661133
-10.911006927490234
-10.87657642364502
-10.883834838867188
-10.914799690246582
-10.915975570678711
-10.859258651733398
-10.86484146118164
-10.8129301071167
-10.849237442016602
-10.88451862335205
-10.951210021972656
-10.887553215026855
-10.849535942077637
-10.886197090148926
-10.86822509765625
-10.925762176513672
-10.940047264099121
-10.88977336883545
-10.911128997802734
-10.89448356628418
-10.910574913024902
-10.914989471435547
-10.94825553894043
-10.919229507446289
-10.903501510620117
-10.818286895751953
-10.809755325317383
-10.836007118225098
-10.896405220031738
-10.884160041809082
-10.930340766906738
-10.892134666442871
-10.828339576721191
-10.906190872192383
-10.927767753601074
-10.953145980834961
-10.936973571777344
-10.882356643676758
-10.889251708984375
-10.932587623596191
-10.947978019714355
-10.888370513916016
-10.84261703491211
-10.838661193847656
-10.950885772705078
-10.943243980407715
-10.887484550476074
-10.828570365905762
-10.938501358032227
-10.922379493713379
-10.913296699523926
-10.897178649902344
-10.89966869354248
-10.912881851196289
-10.951753616333008
-10.956087112426758
-10.919272422790527
-10.866381645202637
-10.946474075317383
-10.946977615356445
-10.939613342285156
-10.964777946472168
-10.849442481994629
-10.877607345581055
-10.948796272277832
-10.954737663269043
-10.915575981140137
-10.939629554748535
-10.957301139831543
-10.9761962890625
-10.925559997558594
-10.930169105529785
-10.90587043762207
-10.929082870483398
-10.971199035644531
-10.953374862670898
-10.934399604797363
-10.924922943115234
-10.921770095825195
-10.983460426330566
-10.95276165008545
-10.957188606262207
-10.910219192504883
-10.96170711517334
-10.96265697479248
-10.948686599731445
-10.982419967651367
-10.9961519241333
-10.99394416809082
-11.000256538391113
-10.966009140014648
-10.978971481323242
-10.984156608581543
-10.96161937713623
-10.935039520263672
-10.96142578125
-11.017528533935547
-10.982816696166992
-10.981982231140137
-10.983316421508789
-11.019730567932129
-10.976780891418457
-11.010401725769043
-10.991198539733887
-10.986506462097168
-11.011890411376953
-11.002050399780273
-11.000791549682617
-10.946672439575195
-10.953969955444336
-10.989012718200684
-10.982548713684082
-10.963418960571289
-10.970916748046875
-10.979244232177734
-10.991267204284668
-10.898797035217285
-10.85377025604248
-10.966845512390137
-10.983853340148926
-10.984500885009766
-10.938447952270508
-10.92487621307373
-10.981634140014648
-11.026650428771973
-10.994365692138672
-10.978837966918945
-10.979222297668457
-10.983039855957031
-11.014619827270508
-10.979506492614746
-10.97006607055664
-10.959579467773438
-10.984518051147461
-11.005205154418945
-11.024496078491211
-11.018121719360352
-11.016303062438965
-10.975894927978516
-10.993037223815918
-10.961316108703613
-10.964365005493164
-10.960487365722656
-11.001625061035156
-10.996826171875
-11.013182640075684
-10.993117332458496
-11.006316184997559
-11.010889053344727
-10.993877410888672
-10.986104011535645
-10.997602462768555
-10.982519149780273
-10.979154586791992
-11.00079345703125
-11.013659477233887
-10.981167793273926
-10.962637901306152
-10.971080780029297
-11.006980895996094
-11.01441764831543
-11.024518966674805
-11.044069290161133
-11.001070022583008
-11.026611328125
-11.039118766784668
-11.03593921661377
-10.984766006469727
-11.012853622436523
-10.997978210449219
-10.965703010559082
-10.967269897460938
-10.987078666687012
-11.005084037780762
-11.023758888244629
-11.010190963745117
-11.017075538635254
-11.021687507629395
-11.015839576721191
-11.016350746154785
-10.994193077087402
-11.022414207458496
-11.042984962463379
-11.02033805847168
-11.037795066833496
-11.032049179077148
-11.031026840209961
-10.997418403625488
-11.00437068939209
-10.985566139221191
-11.001903533935547
-11.003694534301758
-10.959976196289062
-10.978296279907227
-10.973426818847656
-10.988646507263184
-10.985360145568848
-11.058067321777344
-11.011975288391113
-10.98610782623291
-10.949478149414062
-10.980485916137695
-10.983805656433105
-11.017791748046875
-11.023221969604492
-11.016488075256348
-10.980778694152832
-10.996922492980957
-11.020318031311035
-11.018624305725098
-11.040339469909668
-10.952285766601562
-10.940107345581055
-11.009207725524902
-11.05194091796875
-11.055781364440918
-11.026689529418945
-11.053108215332031
-11.02823257446289
-11.014863967895508
-11.029912948608398
-11.028458595275879
-11.049704551696777
-11.009054183959961
-11.033487319946289
-11.034246444702148
-11.039624214172363
-11.058216094970703
-11.043468475341797
-11.020185470581055
-11.036749839782715
-11.060367584228516
-11.06543254852295
-11.059944152832031
-11.044105529785156
-11.024787902832031
-11.060977935791016
-11.043395042419434
-11.042792320251465
-11.05564022064209
-11.03918743133545
-11.053061485290527
-11.041481018066406
-11.032148361206055
-11.05169677734375
-11.052651405334473
-11.051300048828125
-11.041290283203125
-11.031682968139648
-11.041210174560547
-11.006396293640137
-11.034936904907227
-11.046796798706055
-11.038803100585938
-11.014334678649902
-11.058245658874512
-11.086217880249023
-11.045004844665527
-11.050450325012207
-11.048888206481934
-11.040822982788086
-11.049674034118652
-11.07534122467041
-11.058903694152832
-11.047826766967773
-11.060185432434082
-11.033348083496094
-11.053030967712402
-11.05858039855957
-11.053875923156738
-11.057113647460938
-11.056465148925781
-11.069591522216797
-11.080375671386719
-11.07720947265625
-11.045125007629395
-11.061210632324219
-11.045238494873047
-11.025242805480957
-10.978979110717773
-10.997726440429688
-11.011422157287598
-11.0437650680542
-11.072541236877441
-11.044844627380371
-11.034605026245117
-11.054605484008789
-11.065521240234375
-11.049838066101074
-11.026318550109863
-10.987992286682129
-11.012389183044434
-11.05954647064209
-11.049837112426758
-11.022578239440918
-11.051077842712402
-11.008980751037598
-10.978537559509277
-10.956681251525879
-11.062485694885254
-11.069894790649414
-11.071247100830078
-11.048479080200195
-10.995500564575195
-10.980165481567383
-10.997139930725098
-11.060094833374023
-11.003253936767578
-10.918022155761719
-10.998577117919922
-11.060412406921387
-11.044320106506348
-11.011616706848145
-10.965285301208496
-11.022014617919922
-11.079629898071289
-11.067079544067383
-11.007256507873535
-10.984274864196777
-11.03187370300293
-11.091876983642578
-11.05263900756836
-11.066614151000977
-11.048648834228516
-11.037193298339844
-11.029853820800781
-11.07177448272705
-11.088224411010742
-11.075780868530273
-11.073478698730469
-11.075264930725098
-11.079995155334473
-11.085477828979492
-11.083272933959961
-11.071821212768555
-11.057086944580078
-11.071111679077148
-11.062591552734375
-11.069587707519531
-11.058572769165039
-11.08658218383789
-11.115630149841309
-11.094338417053223
-11.092466354370117
-11.07347583770752
-11.075654983520508
-11.060571670532227
-11.07535171508789
-11.063514709472656
-11.083301544189453
-11.09223747253418
-11.065628051757812
-11.059296607971191
-11.057839393615723
-11.068426132202148
-11.082280158996582
-11.058917999267578
-11.094606399536133
-11.102402687072754
-11.086977005004883
-11.046683311462402
-11.052858352661133
-11.081981658935547
-11.073872566223145
-11.06105899810791
-11.071057319641113
-11.087343215942383
-11.083242416381836
-11.080306053161621
-11.068687438964844
-11.057877540588379
-11.104248046875
-11.09864616394043
-11.094199180603027
-11.100910186767578
-11.086546897888184
-11.088390350341797
-11.092604637145996
-11.094345092773438
-11.090980529785156
-11.095480918884277
-11.066896438598633
-11.043601989746094
-11.00195598602295
-11.004708290100098
-11.069756507873535
-11.07086181640625
-11.080329895019531
-11.096391677856445
-11.082294464111328
-11.059277534484863
-11.074009895324707
-11.085394859313965
-11.108922958374023
-11.096921920776367
-11.059947967529297
-11.014485359191895
-11.0846586227417
-11.109293937683105
-11.094965934753418
-11.063373565673828
-11.05167007446289
-11.060519218444824
-11.093849182128906
-11.110487937927246
-11.09903335571289
-11.064742088317871
-10.999128341674805
-11.028996467590332
-11.085741996765137
-11.104451179504395
-11.103882789611816
-11.058707237243652
-11.000357627868652
-11.033080101013184
-11.075786590576172
-11.101577758789062
-11.094758033752441
-11.040976524353027
-11.028814315795898
-11.073466300964355
-11.071754455566406
-11.080068588256836
-11.07093334197998
-11.053621292114258
-11.099020004272461
-11.088168144226074
-11.116456985473633
-11.108556747436523
-11.109580039978027
-11.11655330657959
-11.10571575164795
-11.095854759216309
-11.082523345947266
-11.10281753540039
-11.092546463012695
-11.082523345947266
-11.102581977844238
-11.122089385986328
-11.107172012329102
-11.111185073852539
-11.12091064453125
-11.127197265625
-11.103153228759766
-11.104971885681152
-11.08333683013916
-11.104608535766602
-11.09880542755127
-11.118692398071289
-11.108063697814941
-11.098746299743652
-11.10326099395752
-11.101778030395508
-11.107542037963867
-11.116825103759766
-11.10254192352295
-11.121465682983398
-11.119841575622559
-11.115666389465332
-11.11190128326416
-11.125470161437988
-11.102476119995117
-11.100166320800781
-11.112309455871582
-11.116806030273438
-11.133330345153809
-11.130468368530273
-11.12336254119873
-11.106864929199219
-11.088061332702637
-11.093896865844727
-11.104413986206055
-11.119499206542969
-11.125381469726562
-11.114270210266113
-11.099991798400879
-11.084501266479492
-11.095834732055664
-11.110077857971191
-11.12697982788086
-11.130606651306152
-11.108396530151367
-11.09880542755127
-11.117932319641113
-11.096410751342773
-11.093737602233887
-11.090641975402832
-11.098261833190918
-11.097559928894043
-11.122679710388184
-11.1132173538208
-11.068553924560547
-11.065509796142578
-11.074206352233887
-11.089204788208008
-11.12052059173584
-11.12240982055664
-11.12265682220459
-11.139037132263184
-11.13606071472168
-11.11766242980957
-11.141290664672852
-11.120624542236328
-11.110755920410156
-11.085550308227539
-11.086573600769043
-11.086756706237793
-11.063602447509766
-11.116604804992676
-11.138047218322754
-11.130002975463867
-11.138225555419922
-11.141413688659668
-11.118169784545898
-11.120092391967773
-11.127034187316895
-11.114665031433105
-11.105108261108398
-11.093711853027344
-11.084389686584473
-11.105534553527832
-11.138324737548828
-11.127235412597656
-11.105234146118164
-11.063535690307617
-11.043011665344238
-11.086843490600586
-11.121042251586914
-11.137035369873047
-11.1178560256958
-11.095624923706055
-11.05217170715332
-11.085405349731445
-11.13227653503418
-11.122854232788086
-11.081941604614258
-10.983478546142578
-11.040080070495605
-11.131974220275879
-11.112847328186035
-11.057941436767578
-11.070859909057617
-11.123249053955078
-11.144381523132324
-11.101903915405273
-11.048830032348633
-11.06415843963623
-11.129471778869629
-11.148502349853516
-11.054882049560547
-11.039823532104492
-11.091609954833984
-11.129672050476074
-11.102025032043457
-11.010623931884766
-11.058003425598145
-11.127083778381348
-11.15048599243164
-11.133304595947266
-11.10534954071045
-11.068526268005371
-11.08193302154541
-11.122177124023438
-11.114907264709473
-11.032597541809082
-11.028182029724121
-11.145217895507812
-11.120149612426758
-11.072075843811035
-11.065872192382812
-11.135258674621582
-11.129965782165527
-11.111498832702637
-11.074167251586914
-11.104172706604004
-11.142035484313965
-11.134763717651367
-11.145049095153809
-11.112750053405762
-11.123470306396484
-11.135132789611816
-11.117815017700195
-11.13443660736084
-11.144238471984863
-11.126720428466797
-11.129813194274902
-11.139196395874023
-11.120333671569824
-11.146139144897461
-11.160782814025879
-11.146373748779297
-11.133135795593262
-11.130596160888672
-11.15392017364502
-11.141472816467285
-11.14671516418457
-11.119736671447754
-11.114686012268066
-11.145939826965332
-11.144515037536621
-11.118921279907227
-11.12093448638916
-11.12763786315918
-11.141857147216797
-11.144190788269043
-11.11794376373291
-11.129901885986328
-11.16392707824707
-11.157110214233398
-11.124227523803711
-11.097233772277832
-11.126646995544434
-11.147561073303223
-11.154462814331055
-11.111959457397461
-11.065583229064941
-11.107815742492676
-11.115893363952637
-11.153446197509766
-11.136491775512695
-11.046732902526855
-11.046321868896484
-11.14023208618164
-11.155832290649414
-11.093979835510254
-11.035075187683105
-11.094905853271484
-11.153444290161133
-11.115333557128906
-11.110675811767578
-11.14439868927002
-11.156194686889648
-11.12938117980957
-11.112344741821289
-11.116562843322754
-11.154133796691895
-11.158899307250977
-11.13359546661377
-11.096236228942871
-11.115086555480957
-11.156745910644531
-11.1463041305542
-11.113931655883789
-11.095641136169434
-11.138065338134766
-11.166101455688477
-11.134025573730469
-11.119417190551758
-11.1506986618042
-11.150092124938965
-11.151171684265137
-11.15585708618164
-11.115983963012695
-11.104331016540527
-11.111611366271973
-11.144888877868652
-11.160185813903809
-11.120161056518555
-11.119026184082031
-11.110334396362305
-11.169466018676758
-11.148442268371582
-11.131196022033691
-11.122047424316406
-11.137883186340332
-11.161666870117188
-11.15240478515625
-11.126653671264648
-11.144760131835938
-11.142041206359863
-11.177093505859375
-11.155019760131836
-11.162837982177734
-11.151439666748047
-11.166410446166992
-11.167814254760742
-11.160771369934082
-11.17144775390625
-11.15776538848877
-11.167972564697266
-11.136380195617676
-11.1181058883667
-11.145197868347168
-11.151204109191895
-11.161579132080078
-11.14330005645752
-11.136468887329102
-11.144163131713867
-11.160909652709961
-11.169054985046387
-11.155778884887695
-11.163334846496582
-11.168818473815918
-11.148482322692871
-11.177440643310547
-11.168676376342773
-11.149616241455078
-11.139942169189453
-11.162879943847656
-11.161523818969727
-11.157569885253906
-11.173336029052734
-11.164826393127441
-11.156700134277344
-11.183002471923828
-11.173869132995605
-11.16296672821045
-11.180817604064941
-11.178295135498047
-11.16761302947998
-11.194937705993652
-11.17611312866211
-11.172361373901367
-11.167311668395996
-11.166380882263184
-11.166454315185547
-11.179018020629883
-11.167329788208008
-11.150992393493652
-11.185508728027344
-11.172736167907715
-11.162517547607422
-11.178033828735352
-11.162464141845703
-11.168831825256348
-11.17297077178955
-11.18360710144043
-11.161699295043945
-11.179863929748535
-11.167052268981934
-11.17496109008789
-11.172110557556152
-11.172270774841309
-11.174642562866211
-11.163325309753418
-11.181831359863281
-11.190496444702148
-11.170308113098145
-11.177581787109375
-11.170636177062988
-11.169638633728027
-11.176168441772461
-11.172650337219238
-11.19534683227539
-11.180538177490234
-11.186826705932617
-11.169791221618652
-11.179555892944336
-11.17560863494873
-11.16208267211914
-11.176045417785645
-11.171401023864746
-11.174346923828125
-11.167993545532227
-11.190638542175293
-11.167030334472656
-11.173295974731445
-11.164898872375488
-11.15328311920166
-11.150581359863281
-11.166411399841309
-11.177828788757324
-11.18303394317627
-11.173066139221191
-11.179134368896484
-11.173090934753418
-11.167963027954102
-11.169519424438477
-11.180695533752441
-11.16250991821289
-11.172830581665039
-11.179400444030762
-11.184372901916504
-11.186688423156738
-11.179174423217773
-11.189599990844727
-11.183917045593262
-11.166173934936523
-11.148715019226074
-11.156496047973633
-11.16290283203125
-11.187210083007812
-11.187601089477539
-11.1585693359375
-11.123072624206543
-11.087076187133789
-11.133004188537598
-11.183208465576172
-11.188960075378418
-11.131577491760254
-11.116459846496582
-11.1528959274292
-11.181707382202148
-11.171116828918457
-11.18106746673584
-11.149664878845215
-11.147558212280273
-11.179561614990234
-11.173194885253906
-11.186354637145996
-11.17169189453125
-11.16454792022705
-11.14842414855957
-11.116714477539062
-11.103581428527832
-11.140110969543457
-11.186539649963379
-11.189140319824219
-11.16293716430664
-11.160945892333984
-11.158072471618652
-11.154909133911133
-11.175332069396973
-11.175009727478027
-11.183185577392578
-11.160855293273926
-11.179752349853516
-11.181936264038086
-11.181798934936523
-11.193052291870117
-11.188220977783203
-11.190268516540527
-11.187933921813965
-11.201749801635742
-11.163151741027832
-11.141936302185059
-11.117499351501465
-11.150936126708984
-11.188801765441895
-11.18256950378418
-11.185402870178223
-11.170666694641113
-11.144708633422852
-11.156715393066406
-11.176370620727539
-11.192383766174316
-11.19078540802002
-11.18498706817627
-11.1804838180542
-11.173093795776367
-11.173234939575195
-11.191230773925781
-11.19946575164795
-11.178008079528809
-11.18094253540039
-11.162885665893555
-11.162431716918945
-11.186755180358887
-11.193985939025879
-11.190974235534668
-11.205225944519043
-11.192049980163574
-11.1918363571167
-11.190511703491211
-11.19590950012207
-11.182907104492188
-11.189135551452637
-11.181924819946289
-11.204793930053711
-11.197137832641602
-11.197183609008789
-11.202873229980469
-11.187896728515625
-11.184242248535156
-11.201467514038086
-11.194845199584961
-11.214126586914062
-11.189724922180176
-11.187932014465332
-11.21110725402832
-11.207231521606445
-11.204251289367676
-11.208044052124023
-11.202646255493164
-11.202876091003418
-11.207382202148438
-11.200241088867188
-11.186683654785156
-11.190244674682617
-11.187580108642578
-11.196117401123047
-11.179610252380371
-11.201140403747559
-11.199514389038086
-11.209296226501465
-11.205758094787598
-11.205013275146484
-11.20329761505127
-11.213809967041016
-11.196741104125977
-11.201595306396484
-11.20145034790039
-11.19627857208252
-11.192981719970703
-11.168763160705566
-11.166049003601074
-11.159173965454102
-11.169657707214355
-11.172940254211426
-11.196280479431152
-11.201287269592285
-11.207706451416016
-11.202305793762207
-11.206542015075684
-11.194622993469238
-11.211958885192871
-11.191043853759766
-11.195115089416504
-11.19167423248291
-11.198335647583008
-11.203206062316895
-11.207127571105957
-11.206674575805664
-11.212023735046387
-11.212982177734375
-11.193596839904785
-11.206321716308594
-11.208117485046387
-11.203825950622559
-11.204059600830078
-11.204855918884277
-11.19989013671875
-11.173895835876465
-11.142847061157227
-11.126669883728027
-11.13754653930664
-11.181618690490723
-11.19994068145752
-11.197200775146484
-11.18213939666748
-11.159504890441895
-11.150717735290527
-11.15371322631836
-11.210213661193848
-11.19672679901123
-11.138090133666992
-11.031362533569336
-11.095855712890625
-11.183385848999023
-11.20717716217041
-11.166074752807617
-11.105184555053711
-11.147804260253906
-11.187324523925781
-11.203730583190918
-11.186370849609375
-11.185935974121094
-11.196974754333496
-11.211058616638184
-11.221035957336426
-11.201958656311035
-11.151972770690918
-11.152898788452148
-11.165555953979492
-11.175195693969727
-11.173371315002441
-11.203719139099121
-11.215883255004883
-11.201632499694824
-11.17776870727539
-11.159814834594727
-11.173542976379395
-11.175487518310547
-11.174440383911133
-11.18242359161377
-11.198479652404785
-11.204193115234375
-11.218110084533691
-11.204362869262695
-11.198872566223145
-11.197728157043457
-11.188883781433105
-11.191460609436035
-11.191855430603027
-11.199530601501465
-11.207751274108887
-11.203634262084961
-11.215751647949219
-11.209940910339355
-11.208024978637695
-11.213764190673828
-11.21725845336914
-11.216395378112793
-11.216951370239258
-11.222818374633789
-11.21932315826416
-11.215909957885742
-11.21737289428711
-11.217377662658691
-11.21923542022705
-11.212839126586914
-11.214309692382812
-11.216010093688965
-11.222030639648438
-11.205060005187988
-11.201427459716797
-11.218376159667969
-11.217510223388672
-11.213273048400879
-11.215010643005371
-11.225846290588379
-11.225353240966797
-11.221855163574219
-11.214162826538086
-11.216065406799316
-11.215852737426758
-11.213828086853027
-11.226053237915039
-11.218523025512695
-11.226587295532227
-11.216436386108398
-11.217923164367676
-11.206108093261719
-11.211262702941895
-11.222787857055664
-11.203190803527832
-11.214619636535645
-11.211637496948242
-11.203390121459961
-11.198432922363281
-11.193886756896973
-11.206594467163086
-11.198342323303223
-11.197930335998535
-11.199516296386719
-11.20019245147705
-11.20144271850586
-11.20291519165039
-11.200566291809082
-11.204046249389648
-11.203246116638184
-11.205448150634766
-11.215246200561523
-11.219427108764648
-11.216691017150879
-11.2211332321167
-11.222918510437012
-11.222469329833984
-11.22280216217041
-11.227339744567871
-11.219038963317871
-11.211542129516602
-11.199926376342773
-11.205305099487305
-11.213557243347168
-11.218369483947754
-11.219917297363281
-11.212629318237305
-11.211567878723145
-11.190120697021484
-11.165443420410156
-11.17114543914795
-11.198953628540039
-11.212004661560059
-11.226242065429688
-11.223227500915527
-11.231914520263672
-11.221274375915527
-11.221657752990723
-11.224002838134766
-11.227151870727539
-11.223054885864258
-11.221766471862793
-11.216215133666992
-11.211626052856445
-11.21387767791748
-11.19141674041748
-11.164847373962402
-11.137688636779785
-11.15621280670166
-11.177118301391602
-11.199259757995605
-11.214980125427246
-11.229132652282715
-11.224435806274414
-11.22615909576416
-11.226881980895996
-11.223297119140625
-11.22369384765625
-11.216387748718262
-11.213990211486816
-11.203923225402832
-11.181851387023926
-11.170304298400879
-11.16952133178711
-11.199043273925781
-11.225936889648438
-11.227887153625488
-11.200523376464844
-11.159075736999512
-11.165224075317383
-11.212648391723633
-11.232269287109375
-11.213980674743652
-11.165968894958496
-11.153153419494629
-11.173391342163086
-11.2102689743042
-11.21429443359375
-11.141899108886719
-11.062613487243652
-11.12285327911377
-11.191661834716797
-11.22146987915039
-11.221808433532715
-11.1723051071167
-11.100659370422363
-11.142170906066895
-11.20447063446045
-11.21388053894043
-11.1361722946167
-11.087167739868164
-11.12720775604248
-11.22979736328125
-11.207106590270996
-11.152045249938965
-11.160694122314453
-11.210559844970703
-11.219176292419434
-11.189802169799805
-11.155801773071289
-11.180508613586426
-11.228174209594727
-11.223451614379883
-11.170180320739746
-11.138813972473145
-11.183177947998047
-11.221014976501465
-11.200897216796875
-11.149332046508789
-11.183829307556152
-11.226122856140137
-11.221360206604004
-11.17123794555664
-11.141448974609375
-11.19114875793457
-11.234190940856934
-11.236566543579102
-11.207061767578125
-11.203067779541016
-11.201064109802246
-11.227370262145996
-11.221759796142578
-11.218680381774902
-11.20044231414795
-11.201704025268555
-11.218643188476562
-11.237168312072754
-11.225221633911133
-11.211593627929688
-11.212844848632812
-11.232799530029297
-11.228963851928711
-11.23466682434082
-11.204511642456055
-11.214062690734863
-11.238713264465332
-11.2406587600708
-11.237703323364258
-11.233718872070312
-11.23805046081543
-11.240063667297363
-11.242227554321289
-11.244601249694824
-11.232694625854492
-11.238633155822754
-11.247611999511719
-11.240135192871094
-11.232232093811035
-11.240266799926758
-11.234426498413086
-11.236359596252441
-11.222179412841797
-11.223857879638672
-11.224625587463379
-11.234561920166016
-11.234827995300293
-11.238090515136719
-11.231698036193848
-11.224336624145508
-11.223127365112305
-11.221440315246582
-11.223517417907715
-11.239171981811523
-11.240983963012695
-11.245109558105469
-11.225275039672852
-11.229084968566895
-11.230046272277832
-11.233782768249512
-11.228249549865723
-11.233637809753418
-11.237449645996094
-11.226967811584473
-11.236913681030273
-11.244279861450195
-11.243514060974121
-11.241714477539062
-11.23429012298584
-11.233085632324219
-11.231510162353516
-11.235228538513184
-11.237513542175293
-11.23917293548584
-11.242877960205078
-11.24254322052002
-11.233735084533691
-11.23298168182373
-11.249926567077637
-11.248449325561523
-11.23857593536377
-11.24898624420166
-11.238510131835938
-11.237083435058594
-11.24527359008789
-11.23255443572998
-11.237804412841797
-11.238497734069824
-11.2413330078125
-11.243788719177246
-11.251781463623047
-11.239620208740234
-11.245810508728027
-11.237882614135742
-11.241012573242188
-11.23529052734375
-11.229681968688965
-11.232609748840332
-11.238086700439453
-11.242223739624023
-11.250733375549316
-11.248902320861816
-11.24711799621582
-11.239592552185059
-11.23364543914795
-11.22990894317627
-11.203584671020508
-11.19395923614502
-11.211246490478516
-11.215907096862793
-11.2427978515625
-11.23929500579834
-11.23365592956543
-11.229618072509766
-11.236917495727539
-11.22044849395752
-11.211734771728516
-11.2083740234375
-11.213818550109863
-11.209336280822754
-11.22283935546875
-11.220978736877441
-11.239180564880371
-11.242305755615234
-11.244118690490723
-11.231865882873535
-11.22784423828125
-11.216703414916992
-11.188271522521973
-11.205500602722168
-11.225627899169922
-11.24643611907959
-11.244592666625977
-11.2296781539917
-11.20273208618164
-11.181581497192383
-11.177650451660156
-11.227582931518555
-11.2355318069458
-11.247781753540039
-11.232330322265625
-11.194175720214844
-11.18969440460205
-11.210477828979492
-11.238568305969238
-11.24512767791748
-11.220826148986816
-11.19837760925293
-11.203385353088379
-11.229146003723145
-11.241290092468262
-11.240537643432617
-11.224420547485352
-11.231078147888184
-11.230151176452637
-11.247064590454102
-11.236248016357422
-11.2383394241333
-11.242927551269531
-11.250960350036621
-11.249887466430664
-11.24697208404541
-11.240784645080566
-11.250945091247559
-11.240581512451172
-11.243144989013672
-11.234851837158203
-11.241196632385254
-11.24186897277832
-11.242987632751465
-11.245706558227539
-11.253640174865723
-11.251358032226562
-11.24471378326416
-11.238808631896973
-11.213603973388672
-11.217720031738281
-11.224515914916992
-11.247434616088867
-11.25632381439209
-11.245162010192871
-11.256850242614746
-11.245096206665039
-11.256429672241211
-11.25112247467041
-11.240361213684082
-11.25166130065918
-11.255599975585938
-11.25296688079834
-11.253522872924805
-11.25740909576416
-11.251530647277832
-11.259598731994629
-11.245871543884277
-11.254999160766602
-11.250452995300293
-11.247309684753418
-11.259378433227539
-11.252663612365723
-11.251641273498535
-11.245194435119629
-11.253673553466797
-11.253718376159668
-11.25778865814209
-11.246772766113281
-11.258466720581055
-11.254581451416016
-11.258158683776855
-11.253992080688477
-11.250651359558105
-11.242569923400879
-11.241339683532715
-11.21512222290039
-11.207287788391113
-11.218182563781738
-11.226987838745117
-11.246027946472168
-11.26069164276123
-11.255743026733398
-11.245940208435059
-11.229486465454102
-11.200471878051758
-11.180561065673828
-11.172501564025879
-11.214089393615723
-11.236612319946289
-11.250894546508789
-11.210001945495605
-11.136124610900879
-11.144845962524414
-11.216638565063477
-11.248205184936523
-11.207569122314453
-11.160317420959473
-11.188773155212402
-11.243470191955566
-11.247182846069336
-11.202056884765625
-11.178387641906738
-11.222768783569336
-11.24311351776123
-11.255624771118164
-11.253194808959961
-11.254907608032227
-11.256643295288086
-11.257657051086426
-11.25654411315918
-11.255084991455078
-11.243374824523926
-11.244367599487305
-11.2459077835083
-11.248756408691406
-11.24810791015625
-11.250616073608398
-11.251689910888672
-11.248664855957031
-11.246077537536621
-11.225272178649902
-11.215999603271484
-11.234526634216309
-11.252209663391113
-11.263935089111328
-11.255922317504883
-11.236083030700684
-11.230242729187012
-11.242790222167969
-11.240633010864258
-11.241610527038574
-11.251995086669922
-11.253154754638672
-11.241228103637695
-11.259483337402344
-11.250465393066406
-11.2538480758667
-11.26068115234375
-11.26080322265625
-11.258692741394043
-11.258668899536133
-11.260503768920898
-11.261837005615234
-11.267921447753906
-11.266754150390625
-11.264180183410645
-11.260177612304688
-11.258346557617188
-11.258096694946289
-11.261303901672363
-11.263313293457031
-11.25965690612793
-11.256939888000488
-11.257866859436035
-11.26516056060791
-11.264578819274902
-11.259819030761719
-11.25658130645752
-11.257556915283203
-11.25780200958252
-11.262198448181152
-11.257543563842773
-11.260396003723145
-11.26102066040039
-11.264102935791016
-11.263558387756348
-11.2549467086792
-11.26591968536377
-11.25757122039795
-11.257558822631836
-11.264941215515137
-11.268118858337402
-11.265134811401367
-11.2554292678833
-11.267099380493164
-11.256318092346191
-11.263606071472168
-11.267322540283203
-11.265071868896484
-11.255664825439453
-11.264442443847656
-11.26325798034668
-11.26451301574707
-11.258315086364746
-11.251255989074707
-11.234138488769531
-11.227334022521973
-11.209277153015137
-11.224126815795898
-11.2379789352417
-11.242232322692871
-11.258206367492676
-11.260602951049805
-11.274186134338379
-11.26393985748291
-11.261113166809082
-11.24576187133789
-11.246248245239258
-11.255331039428711
-11.249439239501953
-11.259394645690918
-11.265755653381348
-11.26470947265625
-11.26380729675293
-11.266995429992676
-11.271916389465332
-11.261456489562988
-11.256299018859863
-11.259783744812012
-11.262068748474121
-11.240497589111328
-11.223862648010254
-11.208656311035156
-11.195871353149414
-11.20329475402832
-11.215130805969238
-11.247709274291992
-11.266704559326172
-11.268486976623535
-11.264341354370117
-11.266470909118652
-11.258902549743652
-11.255066871643066
-11.242435455322266
-11.23665714263916
-11.239243507385254
-11.242902755737305
-11.247379302978516
-11.251482009887695
-11.2586030960083
-11.245113372802734
-11.245437622070312
-11.230206489562988
-11.19051456451416
-11.173766136169434
-11.18696403503418
-11.231035232543945
-11.257826805114746
-11.260841369628906
-11.25771427154541
-11.266528129577637
-11.263830184936523
-11.257874488830566
-11.239825248718262
-11.237104415893555
-11.235353469848633
-11.247127532958984
-11.257406234741211
-11.267581939697266
-11.26913833618164
-11.262229919433594
-11.258135795593262
-11.252965927124023
-11.255868911743164
-11.25776481628418
-11.266382217407227
-11.26609992980957
-11.2620210647583
-11.259687423706055
-11.253047943115234
-11.257962226867676
-11.25593376159668
-11.25670337677002
-11.258354187011719
-11.265935897827148
-11.27270793914795
-11.2782621383667
-11.268387794494629
-11.272344589233398
-11.263927459716797
-11.265110969543457
-11.248335838317871
-11.24527359008789
-11.239691734313965
-11.25101089477539
-11.25723648071289
-11.270048141479492
-11.261678695678711
-11.232721328735352
-11.220727920532227
-11.233267784118652
-11.254145622253418
-11.260326385498047
-11.263729095458984
-11.259353637695312
-11.228813171386719
-11.194706916809082
-11.175801277160645
-11.211090087890625
-11.252994537353516
-11.246549606323242
-11.152411460876465
-11.167859077453613
-11.248873710632324
-11.2621431350708
-11.212632179260254
-11.16148567199707
-11.195154190063477
-11.251690864562988
-11.257600784301758
-11.190688133239746
-11.1248140335083
-11.19741153717041
-11.268932342529297
-11.240952491760254
-11.202747344970703
-11.194259643554688
-11.238524436950684
-11.270270347595215
-11.254871368408203
-11.205249786376953
-11.200559616088867
-11.231033325195312
-11.264727592468262
-11.273752212524414
-11.268593788146973
-11.270952224731445
-11.265822410583496
-11.266409873962402
-11.266375541687012
-11.266746520996094
-11.27161979675293
-11.266364097595215
-11.271100997924805
-11.27446460723877
-11.276589393615723
-11.270115852355957
-11.280409812927246
-11.273224830627441
-11.270278930664062
-11.276190757751465
-11.272856712341309
-11.275869369506836
-11.269759178161621
-11.277844429016113
-11.268781661987305
-11.269613265991211
-11.275899887084961
-11.268798828125
-11.271492004394531
-11.278553009033203
-11.275459289550781
-11.270219802856445
-11.265076637268066
-11.274676322937012
-11.26208782196045
-11.256826400756836
-11.256669998168945
-11.26070499420166
-11.260611534118652
-11.270326614379883
-11.27556037902832
-11.277891159057617
-11.267656326293945
-11.25558090209961
-11.247068405151367
-11.260811805725098
-11.268315315246582
-11.27220344543457
-11.2761812210083
-11.275410652160645
-11.270380973815918
-11.268922805786133
-11.263978004455566
-11.261630058288574
-11.270169258117676
-11.273176193237305
-11.277910232543945
-11.277713775634766
-11.27093505859375
-11.274141311645508
-11.284134864807129
-11.277091026306152
-11.275314331054688
-11.276680946350098
-11.27860164642334
-11.268872261047363
-11.268701553344727
-11.261544227600098
-11.265110969543457
-11.263632774353027
-11.276400566101074
-11.270432472229004
-11.26081657409668
-11.248862266540527
-11.241893768310547
-11.252723693847656
-11.258955955505371
-11.267717361450195
-11.257705688476562
-11.205245018005371
-11.169107437133789
-11.208611488342285
-11.243016242980957
-11.257759094238281
-11.266643524169922
-11.276219367980957
-11.263216972351074
-11.234463691711426
-11.218292236328125
-11.208959579467773
-11.208678245544434
-11.247767448425293
-11.273959159851074
-11.266578674316406
-11.263006210327148
-11.255281448364258
-11.266739845275879
-11.270198822021484
-11.274991989135742
-11.279460906982422
-11.283319473266602
-11.27752685546875
-11.278417587280273
-11.274741172790527
-11.274375915527344
-11.276025772094727
-11.275196075439453
-11.278389930725098
-11.270148277282715
-11.276605606079102
-11.274365425109863
-11.276371955871582
-11.283955574035645
-11.288362503051758
-11.280577659606934
-11.283499717712402
-11.283227920532227
-11.28193187713623
-11.275382041931152
-11.268660545349121
-11.268065452575684
-11.264193534851074
-11.25967025756836
-11.255263328552246
-11.249918937683105
-11.25818157196045
-11.26832103729248
-11.276511192321777
-11.275811195373535
-11.279784202575684
-11.281132698059082
-11.279266357421875
-11.28231143951416
-11.278386116027832
-11.266839027404785
-11.265686988830566
-11.272892951965332
-11.269582748413086
-11.265185356140137
-11.259117126464844
-11.252777099609375
-11.259092330932617
-11.26964282989502
-11.260697364807129
-11.27859115600586
-11.273089408874512
-11.269457817077637
-11.277225494384766
-11.28011417388916
-11.272892951965332
-11.284843444824219
-11.279373168945312
-11.2785062789917
-11.281749725341797
-11.272299766540527
-11.275973320007324
-11.259493827819824
-11.239347457885742
-11.238462448120117
-11.244086265563965
-11.263032913208008
-11.275910377502441
-11.284723281860352
-11.274934768676758
-11.283675193786621
-11.278149604797363
-11.27846908569336
-11.272825241088867
-11.275328636169434
-11.274073600769043
-11.27712345123291
-11.282916069030762
-11.281182289123535
-11.280045509338379
-11.281450271606445
-11.279889106750488
-11.26223087310791
-11.249006271362305
-11.225715637207031
-11.23554515838623
-11.247237205505371
-11.27115249633789
-11.280404090881348
-11.282649040222168
-11.272863388061523
-11.25358772277832
-11.229864120483398
-11.23980712890625
-11.246953964233398
-11.2613525390625
-11.276276588439941
-11.282382011413574
-11.288667678833008
-11.283576011657715
-11.285755157470703
-11.279932022094727
-11.276103973388672
-11.261655807495117
-11.252880096435547
-11.245759963989258
-11.24891471862793
-11.264286994934082
-11.273503303527832
-11.280348777770996
-11.282734870910645
-11.290130615234375
-11.284396171569824
-11.264029502868652
-11.244133949279785
-11.232473373413086
-11.24863338470459
-11.270301818847656
-11.283004760742188
-11.290029525756836
-11.284004211425781
-11.269099235534668
-11.252448081970215
-11.23555850982666
-11.227861404418945
-11.239299774169922
-11.250121116638184
-11.258621215820312
-11.272571563720703
-11.281851768493652
-11.284937858581543
-11.284111976623535
-11.285980224609375
-11.288803100585938
-11.285311698913574
-11.288186073303223
-11.289488792419434
-11.279622077941895
-11.277981758117676
-11.274659156799316
-11.269510269165039
-11.273632049560547
-11.270662307739258
-11.281187057495117
-11.284652709960938
-11.291206359863281
-11.2841796875
-11.268719673156738
-11.222603797912598
-11.196822166442871
-11.238553047180176
-11.27930736541748
-11.28834342956543
-11.269854545593262
-11.219144821166992
-11.18598461151123
-11.205660820007324
-11.25846004486084
-11.286869049072266
-11.29460620880127
-11.284042358398438
-11.265350341796875
-11.254602432250977
-11.249194145202637
-11.258678436279297
-11.254410743713379
-11.273880004882812
-11.285675048828125
-11.287699699401855
-11.280461311340332
-11.277769088745117
-11.267367362976074
-11.260912895202637
-11.269431114196777
-11.286161422729492
-11.29175853729248
-11.287473678588867
-11.273029327392578
-11.269259452819824
-11.267803192138672
-11.276086807250977
-11.282612800598145
-11.290043830871582
-11.291304588317871
-11.2837495803833
-11.27799129486084
-11.279316902160645
-11.282247543334961
-11.282637596130371
-11.285865783691406
-11.278141975402832
-11.2742280960083
-11.272910118103027
-11.292107582092285
-11.290823936462402
-11.29570198059082
-11.292219161987305
-11.289753913879395
-11.2935209274292
-11.284626960754395
-11.279295921325684
-11.273724555969238
-11.264766693115234
-11.262569427490234
-11.266891479492188
-11.27609634399414
-11.280570983886719
-11.283707618713379
-11.284576416015625
-11.272269248962402
-11.27470874786377
-11.274203300476074
-11.265962600708008
-11.27089786529541
-11.285544395446777
-11.289093971252441
-11.294289588928223
-11.293072700500488
-11.290389060974121
-11.28218936920166
-11.266546249389648
-11.229182243347168
-11.186491966247559
-11.229148864746094
-11.26571273803711
-11.286178588867188
-11.288716316223145
-11.28936767578125
-11.291015625
-11.299113273620605
-11.295329093933105
-11.293755531311035
-11.295050621032715
-11.288458824157715
-11.298181533813477
-11.288619041442871
-11.286788940429688
-11.286707878112793
-11.278111457824707
-11.264222145080566
-11.262406349182129
-11.267884254455566
-11.280112266540527
-11.2932710647583
-11.292806625366211
-11.294581413269043
-11.295039176940918
-11.293744087219238
-11.299163818359375
-11.294965744018555
-11.300272941589355
-11.299606323242188
-11.293879508972168
-11.296704292297363
-11.297087669372559
-11.294132232666016
-11.299301147460938
-11.291365623474121
-11.2918062210083
-11.285378456115723
-11.285653114318848
-11.286420822143555
-11.286223411560059
-11.291240692138672
-11.302450180053711
-11.300633430480957
-11.297858238220215
-11.291857719421387
-11.28501033782959
-11.274641036987305
-11.263651847839355
-11.2604398727417
-11.262288093566895
-11.26549243927002
-11.276811599731445
-11.292520523071289
-11.297247886657715
-11.292947769165039
-11.262595176696777
-11.229246139526367
-11.215153694152832
-11.230697631835938
-11.277445793151855
-11.299674987792969
-11.284455299377441
-11.252434730529785
-11.232630729675293
-11.247486114501953
-11.27476692199707
-11.286097526550293
-11.293444633483887
-11.293978691101074
-11.298772811889648
-11.29862117767334
-11.300524711608887
-11.301141738891602
-11.29810619354248
-11.301904678344727
-11.299341201782227
-11.296075820922852
-11.299567222595215
-11.298301696777344
-11.305305480957031
-11.299554824829102
-11.302242279052734
-11.305516242980957
-11.305140495300293
-11.302194595336914
-11.297843933105469
-11.29412841796875
-11.303228378295898
-11.301921844482422
-11.300057411193848
-11.295682907104492
-11.303505897521973
-11.298883438110352
-11.298393249511719
-11.289581298828125
-11.28289794921875
-11.271696090698242
-11.275064468383789
-11.276744842529297
-11.269460678100586
-11.25713062286377
-11.26419448852539
-11.27597427368164
-11.293923377990723
-11.301068305969238
-11.303260803222656
-11.295408248901367
-11.294364929199219
-11.276116371154785
-11.270628929138184
-11.259481430053711
-11.261090278625488
-11.265771865844727
-11.274165153503418
-11.278786659240723
-11.287672996520996
-11.295271873474121
-11.297314643859863
-11.305344581604004
-11.302131652832031
-11.303345680236816
-11.2994966506958
-11.289010047912598
-11.27917194366455
-11.268438339233398
-11.254389762878418
-11.269991874694824
-11.29407787322998
-11.30137825012207
-11.300366401672363
-11.300947189331055
-11.303997039794922
-11.30378246307373
-11.305424690246582
-11.297415733337402
-11.300658226013184
-11.297794342041016
-11.299823760986328
-11.300514221191406
-11.298983573913574
-11.301977157592773
-11.301492691040039
-11.295251846313477
-11.292102813720703
-11.288947105407715
-11.280075073242188
-11.279335021972656
-11.28951358795166
-11.29696273803711
-11.309030532836914
-11.30579948425293
-11.305910110473633
-11.289749145507812
-11.273584365844727
-11.245711326599121
-11.233848571777344
-11.248520851135254
-11.281927108764648
-11.29813289642334
-11.299160957336426
-11.300294876098633
-11.304461479187012
-11.304932594299316
-11.307008743286133
-11.302629470825195
-11.309366226196289
-11.300350189208984
-11.300946235656738
-11.294055938720703
-11.305645942687988
-11.302311897277832
-11.304582595825195
-11.301770210266113
-11.30032730102539
-11.29348087310791
-11.297242164611816
-11.300829887390137
-11.298579216003418
-11.292652130126953
-11.290660858154297
-11.290186882019043
-11.30171012878418
-11.303667068481445
-11.308693885803223
-11.309469223022461
-11.30418586730957
-11.304462432861328
-11.309264183044434
-11.307662963867188
-11.305368423461914
-11.298632621765137
-11.290884971618652
-11.289006233215332
-11.296113014221191
-11.299286842346191
-11.3087158203125
-11.31147289276123
-11.298970222473145
-11.287102699279785
-11.261493682861328
-11.247684478759766
-11.263753890991211
-11.290444374084473
-11.300539016723633
-11.304267883300781
-11.305862426757812
-11.304130554199219
-11.305188179016113
-11.303495407104492
-11.283393859863281
-11.269148826599121
-11.26888370513916
-11.275699615478516
-11.263339042663574
-11.264152526855469
-11.274006843566895
-11.295101165771484
-11.308296203613281
-11.300294876098633
-11.287818908691406
-11.250259399414062
-11.24060344696045
-11.256714820861816
-11.288161277770996
-11.313594818115234
-11.30002498626709
-11.27985668182373
-11.25489330291748
-11.248510360717773
-11.245711326599121
-11.261580467224121
-11.281323432922363
-11.295151710510254
-11.305854797363281
-11.30884838104248
-11.308887481689453
-11.30172061920166
-11.290616989135742
-11.288154602050781
-11.280163764953613
-11.291625022888184
-11.299775123596191
-11.30694580078125
-11.309524536132812
-11.300277709960938
-11.300370216369629
-11.300800323486328
-11.302593231201172
-11.311019897460938
-11.302653312683105
-11.280743598937988
-11.2586088180542
-11.237565994262695
-11.259140968322754
-11.27791976928711
-11.29793643951416
-11.307343482971191
-11.30710506439209
-11.301366806030273
-11.305595397949219
-11.300506591796875
-11.309772491455078
-11.3092622756958
-11.308178901672363
-11.300261497497559
-11.29702377319336
-11.290434837341309
-11.295445442199707
-11.29255485534668
-11.276644706726074
-11.264933586120605
-11.262899398803711
-11.280136108398438
-11.293733596801758
-11.306994438171387
-11.308863639831543
-11.304433822631836
-11.293168067932129
-11.28583812713623
-11.28842544555664
-11.29232120513916
-11.30465316772461
-11.309406280517578
-11.312056541442871
-11.309072494506836
-11.308899879455566
-11.312357902526855
-11.31179428100586
-11.310591697692871
-11.30783748626709
-11.3106050491333
-11.311059951782227
-11.311800003051758
-11.313263893127441
-11.317484855651855
-11.307343482971191
-11.311763763427734
-11.308000564575195
-11.309986114501953
-11.313437461853027
-11.304534912109375
-11.299922943115234
-11.294960021972656
-11.29028034210205
-11.279677391052246
-11.279958724975586
-11.295303344726562
-11.292293548583984
-11.291089057922363
-11.291572570800781
-11.294495582580566
-11.301375389099121
-11.30156421661377
-11.30887508392334
-11.303803443908691
-11.30603313446045
-11.29751205444336
-11.295672416687012
-11.292251586914062
-11.294426918029785
-11.300821304321289
-11.314347267150879
-11.31466293334961
-11.30989933013916
-11.305834770202637
-11.297452926635742
-11.292319297790527
-11.293868064880371
-11.292842864990234
-11.290597915649414
-11.288488388061523
-11.288800239562988
-11.296775817871094
-11.304814338684082
-11.305107116699219
-11.299150466918945
-11.297220230102539
-11.289098739624023
-11.280278205871582
-11.276101112365723
-11.281472206115723
-11.289267539978027
-11.281564712524414
-11.29318904876709
-11.298794746398926
-11.305845260620117
-11.304319381713867
-11.313455581665039
-11.303215026855469
-11.301270484924316
-11.297761917114258
-11.293864250183105
-11.298393249511719
-11.298212051391602
-11.301992416381836
-11.299010276794434
-11.29439640045166
-11.300537109375
-11.303535461425781
-11.307575225830078
-11.298189163208008
-11.289628982543945
-11.28165054321289
-11.26884937286377
-11.286428451538086
-11.301610946655273
-11.310230255126953
-11.31297492980957
-11.315972328186035
-11.310680389404297
-11.299490928649902
-11.296236038208008
-11.283502578735352
-11.280129432678223
-11.288559913635254
-11.30356502532959
-11.312051773071289
-11.311302185058594
-11.300951957702637
-11.27153205871582
-11.23516845703125
-11.253250122070312
-11.275705337524414
-11.30691146850586
-11.31263542175293
-11.294023513793945
-11.284335136413574
-11.281274795532227
-11.280112266540527
-11.29101276397705
-11.308494567871094
-11.313224792480469
-11.313445091247559
-11.308647155761719
-11.295775413513184
-11.279806137084961
-11.275060653686523
-11.285978317260742
-11.301961898803711
-11.31474494934082
-11.317124366760254
-11.300500869750977
-11.282804489135742
-11.269654273986816
-11.270641326904297
-11.29694938659668
-11.30395221710205
-11.301309585571289
-11.308453559875488
-11.315328598022461
-11.315613746643066
-11.312142372131348
-11.312963485717773
-11.316839218139648
-11.318244934082031
-11.313968658447266
-11.311091423034668
-11.312593460083008
-11.318181991577148
-11.321093559265137
-11.31186580657959
-11.315059661865234
-11.317248344421387
-11.309198379516602
-11.309797286987305
-11.308002471923828
-11.301130294799805
-11.304763793945312
-11.31455135345459
-11.319276809692383
-11.313891410827637
-11.31570816040039
-11.314312934875488
-11.314322471618652
-11.307902336120605
-11.290982246398926
-11.273908615112305
-11.26887035369873
-11.271452903747559
-11.294973373413086
-11.311923027038574
-11.316893577575684
-11.310091972351074
-11.301322937011719
-11.288349151611328
-11.275157928466797
-11.288616180419922
-11.306687355041504
-11.312895774841309
-11.316160202026367
-11.317203521728516
-11.319490432739258
-11.314444541931152
-11.308930397033691
-11.312993049621582
-11.312291145324707
-11.31728744506836
-11.31844425201416
-11.317270278930664
-11.316144943237305
-11.3214693069458
-11.323996543884277
-11.319559097290039
-11.320323944091797
-11.319454193115234
-11.310796737670898
-11.31140422821045
-11.305596351623535
-11.295618057250977
-11.286487579345703
-11.286921501159668
-11.280695915222168
-11.27081298828125
-11.261455535888672
-11.275070190429688
-11.29915714263916
-11.31495189666748
-11.315803527832031
-11.313237190246582
-11.3128662109375
-11.312711715698242
-11.316726684570312
-11.31639575958252
-11.318056106567383
-11.315461158752441
-11.31507396697998
-11.315390586853027
-11.308663368225098
-11.309369087219238
-11.297744750976562
-11.298283576965332
-11.29609203338623
-11.304191589355469
-11.311127662658691
-11.309264183044434
-11.314862251281738
-11.314477920532227
-11.31845474243164
-11.319400787353516
-11.318655014038086
-11.319902420043945
-11.321610450744629
-11.317870140075684
-11.316235542297363
-11.318758010864258
-11.3146333694458
-11.311483383178711
-11.314412117004395
-11.313444137573242
-11.308788299560547
-11.30453109741211
-11.295295715332031
-11.278297424316406
-11.27077579498291
-11.280217170715332
-11.293145179748535
-11.309844970703125
-11.316950798034668
-11.320137977600098
-11.31592082977295
-11.314852714538574
-11.31013298034668
-11.292692184448242
-11.279348373413086
-11.27330493927002
-11.288202285766602
-11.310903549194336
-11.321104049682617
-11.306421279907227
-11.283645629882812
-11.256417274475098
-11.264591217041016
-11.27103328704834
-11.271310806274414
-11.286303520202637
-11.306349754333496
-11.320101737976074
-11.318522453308105
-11.317571640014648
-11.31017780303955
-11.306049346923828
-11.297712326049805
-11.291837692260742
-11.3024263381958
-11.305608749389648
-11.31309700012207
-11.318022727966309
-11.319214820861816
-11.318350791931152
-11.3156099319458
-11.316400527954102
-11.31387996673584
-11.31201171875
-11.307088851928711
-11.303182601928711
-11.306543350219727
-11.311199188232422
-11.325296401977539
-11.316292762756348
-11.311484336853027
-11.295127868652344
-11.293131828308105
-11.303631782531738
-11.31102466583252
-11.313151359558105
-11.313713073730469
-11.312417030334473
-11.315185546875
-11.307632446289062
-11.31145191192627
-11.314788818359375
-11.317405700683594
-11.322709083557129
-11.319305419921875
-11.31998348236084
-11.308815956115723
-11.296380996704102
-11.282530784606934
-11.280708312988281
-11.2933931350708
-11.312577247619629
-11.323152542114258
-11.32324504852295
-11.308965682983398
-11.288121223449707
-11.287611961364746
-11.287467956542969
-11.304173469543457
-11.315938949584961
-11.323477745056152
-11.316610336303711
-11.31136703491211
-11.31080150604248
-11.311379432678223
-11.315254211425781
-11.316095352172852
-11.323890686035156
-11.324671745300293
-11.31901741027832
-11.309385299682617
-11.301624298095703
-11.296490669250488
-11.29203987121582
-11.290874481201172
-11.278528213500977
-11.278414726257324
-11.296615600585938
-11.311368942260742
-11.326363563537598
-11.313515663146973
-11.3015775680542
-11.290255546569824
-11.297135353088379
-11.29887866973877
-11.302851676940918
-11.310894012451172
-11.320924758911133
-11.319668769836426
-11.31877326965332
-11.312556266784668
-11.29183578491211
-11.280473709106445
-11.284615516662598
-11.296993255615234
-11.3157377243042
-11.318964004516602
-11.318939208984375
-11.318598747253418
-11.308835983276367
-11.287524223327637
-11.254354476928711
-11.239028930664062
