loss_b
-0.46293893456459045
-0.46725404262542725
-0.46990063786506653
-0.46976983547210693
-0.4697433114051819
-0.47011131048202515
-0.4701264500617981
-0.47012466192245483
-0.4702063798904419
-0.470203161239624
-0.470298171043396
-0.4703526496887207
-0.47021499276161194
-0.4706067442893982
-0.4707059860229492
-0.47089362144470215
-0.4711300730705261
-0.4715999364852905
-0.4713786244392395
-0.4721982479095459
-0.47261399030685425
-0.4726276695728302
-0.4740472733974457
-0.4742669463157654
-0.4748179018497467
-0.4755215346813202
-0.47627389430999756
-0.47746777534484863
-0.4799036383628845
-0.4814324975013733
-0.48318713903427124
-0.48531049489974976
-0.48627227544784546
-0.48945388197898865
-0.4931022822856903
-0.4953741431236267
-0.5026606917381287
-0.5087698698043823
-0.5155934691429138
-0.5133687853813171
-0.53411865234375
-0.5434403419494629
-0.5469500422477722
-0.5645889043807983
-0.5758323073387146
-0.5950890779495239
-0.6202638745307922
-0.6586300134658813
-0.6748508810997009
-0.6939153075218201
-0.7321633696556091
-0.7803732752799988
-0.8607823848724365
-0.8944606184959412
-0.9556587934494019
-0.9933946132659912
-1.1043740510940552
-1.2579374313354492
-1.421697974205017
-1.3731440305709839
-1.6475565433502197
-1.7827506065368652
-2.0378191471099854
-2.404067039489746
-2.4341750144958496
-2.6594326496124268
-2.898735761642456
-2.731529712677002
-2.4254961013793945
-2.4068150520324707
-2.3204448223114014
-2.3171961307525635
-2.5797762870788574
-2.5569775104522705
-2.7562437057495117
-2.6899349689483643
-2.9326131343841553
-2.8353493213653564
-2.8735804557800293
-2.80609393119812
-2.9796061515808105
-2.9076945781707764
-2.917520523071289
-2.9566879272460938
-2.767127752304077
-3.0184900760650635
-2.899325132369995
-3.018385410308838
-2.9723105430603027
-2.9686524868011475
-2.970635175704956
-2.9360709190368652
-2.9710583686828613
-2.8428897857666016
-3.133364200592041
-3.030285596847534
-3.166759967803955
-2.987816572189331
-3.2191617488861084
-2.9931178092956543
-3.0593879222869873
-3.25823712348938
-3.1475319862365723
-3.2809736728668213
-3.2606794834136963
-3.5380406379699707
-3.239265203475952
-3.2753405570983887
-3.3486740589141846
-3.3992671966552734
-3.37609601020813
-3.381732702255249
-3.589643955230713
-3.4103002548217773
-3.5779967308044434
-3.611102342605591
-3.4795053005218506
-3.6058757305145264
-3.5178651809692383
-3.860161542892456
-3.6312408447265625
-3.737830638885498
-3.8056437969207764
-3.800307273864746
-3.762594223022461
-3.924569606781006
-3.8709511756896973
-3.894176959991455
-3.915543794631958
-3.7813315391540527
-3.8453686237335205
-3.961836099624634
-3.8931376934051514
-4.0038981437683105
-4.151782989501953
-4.069503307342529
-4.159880638122559
-4.057114124298096
-4.278834342956543
-4.20176362991333
-4.216841697692871
-4.514623165130615
-4.285314083099365
-4.318357944488525
-4.306769847869873
-4.401098728179932
-4.516234397888184
-4.5593791007995605
-4.592507362365723
-4.472765922546387
-4.517336845397949
-4.684912204742432
-4.610328674316406
-4.686575412750244
-4.785270690917969
-4.939872741699219
-4.772870063781738
-4.631894111633301
-4.839206695556641
-4.941956996917725
-4.688799858093262
-5.143162727355957
-4.741145610809326
-5.158842086791992
-4.940255641937256
-5.097846984863281
-5.200738906860352
-5.25432014465332
-5.174350738525391
-4.9831929206848145
-5.032708168029785
-5.323933124542236
-5.27446174621582
-5.126882553100586
-5.345613479614258
-5.418267250061035
-5.273049831390381
-5.216550827026367
-5.464688777923584
-5.323637008666992
-5.317011833190918
-5.385639667510986
-5.339484214782715
-5.448813438415527
-5.361477375030518
-5.434256076812744
-5.4766974449157715
-5.554363250732422
-5.511723518371582
-5.618439674377441
-5.645978927612305
-5.576686859130859
-5.493843078613281
-5.553089618682861
-5.505669116973877
-5.589260578155518
-5.632696628570557
-5.625900745391846
-5.750168323516846
-5.699138164520264
-5.674864292144775
-5.685130596160889
-5.646986484527588
-5.771420478820801
-5.768232345581055
-5.627101421356201
-5.827578067779541
-5.732365131378174
-5.685502529144287
-5.7730021476745605
-5.846366882324219
-5.625054359436035
-5.799308776855469
-5.8193206787109375
-5.8357930183410645
-5.814042568206787
-5.827820777893066
-5.858233451843262
-5.868177890777588
-5.937257289886475
-5.9816131591796875
-5.889595985412598
-5.954049110412598
-5.7848310470581055
-5.87131929397583
-5.878717422485352
-6.035546779632568
-5.762024402618408
-5.986032009124756
-5.91917085647583
-5.8138909339904785
-5.950666427612305
-5.923316478729248
-5.867062091827393
-5.920275688171387
-6.004493236541748
-5.926835060119629
-6.042882919311523
-6.094675540924072
-6.161344051361084
-6.171572208404541
-6.014856338500977
-6.044671535491943
-6.054996967315674
-6.105857849121094
-6.142093181610107
-6.11313533782959
-6.1453704833984375
-6.149517059326172
-6.18040132522583
-6.100436687469482
-6.079087257385254
-6.204329013824463
-6.07828950881958
-6.1352434158325195
-6.186827659606934
-6.276055812835693
-6.269647598266602
-6.2033281326293945
-6.271084785461426
-6.321887493133545
-6.317500114440918
-6.33418607711792
-6.281640529632568
-6.303741455078125
-6.386924743652344
-6.280698299407959
-6.353134632110596
-6.3151373863220215
-6.385655879974365
-6.334362983703613
-6.396665573120117
-6.410778999328613
-6.412283420562744
-6.390744209289551
-6.3981733322143555
-6.490501880645752
-6.488724231719971
-6.451877593994141
-6.50309419631958
-6.579998016357422
-6.506625175476074
-6.5308613777160645
-6.511478900909424
-6.557239532470703
-6.484537601470947
-6.554222106933594
-6.576434135437012
-6.592231273651123
-6.5619659423828125
-6.59122371673584
-6.55397891998291
-6.637422561645508
-6.644943714141846
-6.515589714050293
-6.517704963684082
-6.562057018280029
-6.589745044708252
-6.647768974304199
-6.627799987792969
-6.700127601623535
-6.651284217834473
-6.704652309417725
-6.6163411140441895
-6.664737701416016
-6.705167770385742
-6.6877617835998535
-6.709688663482666
-6.6183319091796875
-6.752715587615967
-6.659866809844971
-6.727888584136963
-6.643678665161133
-6.715404987335205
-6.736832141876221
-6.737095355987549
-6.67777681350708
-6.847169399261475
-6.6898345947265625
-6.78400182723999
-6.687041282653809
-6.7509074211120605
-6.8337931632995605
-6.7232666015625
-6.705542087554932
-6.90199613571167
-6.671202659606934
-6.927451133728027
-6.782884120941162
-6.907437324523926
-6.680760383605957
-6.801743507385254
-6.682188510894775
-6.945872783660889
-6.792448043823242
-6.891622543334961
-6.7492289543151855
-6.901914596557617
-6.844268321990967
-6.8741536140441895
-6.774184226989746
-6.774346351623535
-6.805327892303467
-6.915812015533447
-7.004673004150391
-6.92134952545166
-6.951838493347168
-7.01309871673584
-7.002224922180176
-6.97481632232666
-6.99562931060791
-7.004989147186279
-7.093137264251709
-7.122997283935547
-7.042550563812256
-6.983031749725342
-6.929781436920166
-7.019554615020752
-6.974786758422852
-6.965947151184082
-7.075973987579346
-7.065077304840088
-7.072729110717773
-6.900926113128662
-6.9762701988220215
-6.909885406494141
-7.147690773010254
-7.003874778747559
-7.153531551361084
-7.045963287353516
-7.020420074462891
-7.064772605895996
-6.914308547973633
-7.093462944030762
-7.027085304260254
-7.0715789794921875
-6.9761834144592285
-7.093263149261475
-6.956995487213135
-7.0345778465271
-7.106966018676758
-7.01043176651001
-7.054682731628418
-7.094938278198242
-6.923180103302002
-7.102501392364502
-7.074446678161621
-7.183862686157227
-7.015963077545166
-7.121020317077637
-7.15466833114624
-7.280771255493164
-7.0267415046691895
-7.379566669464111
-7.135568618774414
-7.195531368255615
-7.171289920806885
-7.198855400085449
-7.110963821411133
-7.186357498168945
-7.147867679595947
-7.2026896476745605
-7.182456970214844
-7.211410045623779
-7.14352560043335
-7.1595306396484375
-7.273098945617676
-7.159114360809326
-7.325016498565674
-7.239688396453857
-7.344509124755859
-7.226841926574707
-7.26641845703125
-7.2011189460754395
-7.387752532958984
-7.387971878051758
-7.339547634124756
-7.231266021728516
-7.327949047088623
-7.3232221603393555
-7.2536444664001465
-7.24759578704834
-7.300232887268066
-7.266642093658447
-7.234262466430664
-7.3976898193359375
-7.045286655426025
-7.316805839538574
-7.302241325378418
-7.349854469299316
-7.294497013092041
-7.354214668273926
-7.313738822937012
-7.333685398101807
-7.368186950683594
-7.367437839508057
-7.474457740783691
-7.306982040405273
-7.317800521850586
-7.352910995483398
-7.401453495025635
-7.374565124511719
-7.41570520401001
-7.36659049987793
-7.353448390960693
-7.341420650482178
-7.455897331237793
-7.280888557434082
-7.426115989685059
-7.378692150115967
-7.314895153045654
-7.456623554229736
-7.3294782638549805
-7.437057018280029
-7.378941535949707
-7.500967025756836
-7.44870662689209
-7.4408721923828125
-7.420351028442383
-7.5109686851501465
-7.453391075134277
-7.355282783508301
-7.44920015335083
-7.406827449798584
-7.57989501953125
-7.4621782302856445
-7.4352192878723145
-7.627927780151367
-7.6298627853393555
-7.472355365753174
-7.552833557128906
-7.383782863616943
-7.448500156402588
-7.539773464202881
-7.397058010101318
-7.494629859924316
-7.550912857055664
-7.31217622756958
-7.459743499755859
-7.459753513336182
-7.491447925567627
-7.406047821044922
-7.510879039764404
-7.619754791259766
-7.345023155212402
-7.4925007820129395
-7.431844234466553
-7.548537254333496
-7.554036617279053
-7.428771018981934
-7.609837055206299
-7.503902912139893
-7.554415225982666
-7.524492263793945
-7.5281524658203125
-7.589395523071289
-7.488438129425049
-7.561071395874023
-7.511590480804443
-7.615756988525391
-7.503671646118164
-7.543275833129883
-7.5303850173950195
-7.666257858276367
-7.559124946594238
-7.640902996063232
-7.586479663848877
-7.580786228179932
-7.691825866699219
-7.538392066955566
-7.641759395599365
-7.658977031707764
-7.527320384979248
-7.722879409790039
-7.725179672241211
-7.659468650817871
-7.633380889892578
-7.725919246673584
-7.6643171310424805
-7.8211493492126465
-7.727591514587402
-7.667686939239502
-7.699857234954834
-7.646900177001953
-7.724755764007568
-7.728440761566162
-7.730987071990967
-7.872614860534668
-7.847959995269775
-7.797101974487305
-7.756403923034668
-7.717207908630371
-7.714743614196777
-7.76671028137207
-7.8368144035339355
-7.736598968505859
-7.72509765625
-7.899785041809082
-7.788728713989258
-7.800290584564209
-7.805190086364746
-7.8066887855529785
-7.777074813842773
-7.764497756958008
-7.729531764984131
-7.841004371643066
-7.913431167602539
-7.921560287475586
-7.952537536621094
-7.919302463531494
-7.939191818237305
-7.742617130279541
-7.931740760803223
-7.898225784301758
-7.834479808807373
-7.770702838897705
-7.844399452209473
-8.060463905334473
-7.920186996459961
-7.930315017700195
-7.977991580963135
-7.854587078094482
-7.955636978149414
-7.972339630126953
-7.916195392608643
-7.726808547973633
-7.847499847412109
-8.028989791870117
-7.9478678703308105
-7.838326930999756
-7.878298759460449
-8.053227424621582
-8.014693260192871
-7.8719706535339355
-7.904228687286377
-8.087629318237305
-8.015958786010742
-7.796786308288574
-7.978602886199951
-8.046245574951172
-7.981865882873535
-7.833409309387207
-8.09499740600586
-8.002436637878418
-7.776029586791992
-8.103815078735352
-7.975493431091309
-7.748758316040039
-8.055459022521973
-8.113452911376953
-7.97313117980957
-7.958822250366211
-8.09290599822998
-8.046782493591309
-7.939311981201172
-8.023569107055664
-8.210902214050293
-8.154768943786621
-8.141877174377441
-8.03768539428711
-8.035530090332031
-8.077112197875977
-8.17117691040039
-8.171995162963867
-8.157642364501953
-8.039345741271973
-7.776754379272461
-8.10855770111084
-8.126415252685547
-7.844415664672852
-8.201573371887207
-8.165907859802246
-8.151450157165527
-7.937674522399902
-8.034730911254883
-8.169711112976074
-8.192017555236816
-8.134943008422852
-8.113515853881836
-8.080842018127441
-8.12240219116211
-8.226828575134277
-8.199620246887207
-8.015439987182617
-8.048352241516113
-8.20133113861084
-8.215230941772461
-8.075400352478027
-7.9301838874816895
-8.211492538452148
-8.208666801452637
-8.221327781677246
-7.9564948081970215
-8.24282455444336
-8.221158981323242
-8.009557723999023
-8.167211532592773
-8.233885765075684
-8.146489143371582
-8.256699562072754
-8.187850952148438
-8.308185577392578
-8.262715339660645
-8.190237998962402
-8.087310791015625
-8.279767036437988
-8.328124046325684
-8.37854290008545
-8.280957221984863
-8.349881172180176
-8.391152381896973
-8.327268600463867
-8.370194435119629
-8.294756889343262
-8.245844841003418
-8.252385139465332
-8.041791915893555
-8.383432388305664
-8.33540153503418
-7.943706035614014
-8.33802318572998
-8.334203720092773
-7.971853256225586
-8.379201889038086
-8.23936653137207
-7.9620232582092285
-8.309348106384277
-8.250207901000977
-8.00191593170166
-8.294736862182617
-8.202789306640625
-8.145627975463867
-8.359223365783691
-8.202713012695312
-8.131771087646484
-8.432807922363281
-8.391022682189941
-8.285954475402832
-8.343050956726074
-8.330909729003906
-8.412625312805176
-8.467803955078125
-8.338274002075195
-8.429681777954102
-8.286429405212402
-8.322046279907227
-8.503479957580566
-8.544504165649414
-8.450981140136719
-8.367746353149414
-8.347190856933594
-8.270744323730469
-8.452466011047363
-8.43661117553711
-8.208854675292969
-8.302367210388184
-8.404372215270996
-8.506112098693848
-8.429605484008789
-8.357146263122559
-8.398565292358398
-8.375072479248047
-8.328566551208496
-8.29370403289795
-8.436833381652832
-8.47516918182373
-8.570303916931152
-8.435303688049316
-8.30769157409668
-8.32768726348877
-8.309195518493652
-8.484797477722168
-8.417552947998047
-8.317395210266113
-8.391145706176758
-8.418529510498047
-8.440786361694336
-8.467419624328613
-8.51135540008545
-8.52344799041748
-8.570832252502441
-8.435669898986816
-8.281825065612793
-8.35222053527832
-8.475884437561035
-8.464195251464844
-8.447291374206543
-8.31330680847168
-8.432816505432129
-8.503493309020996
-8.435891151428223
-8.459539413452148
-8.470343589782715
-8.524011611938477
-8.567419052124023
-8.575004577636719
-8.475149154663086
-8.373632431030273
-8.47525405883789
-8.562201499938965
-8.599587440490723
-8.560323715209961
-8.5617036819458
-8.517927169799805
-8.53395938873291
-8.505563735961914
-8.430564880371094
-8.337038040161133
-8.449373245239258
-8.627196311950684
-8.603728294372559
-8.59896183013916
-8.433399200439453
-8.509225845336914
-8.44318962097168
-8.541825294494629
-8.565546989440918
-8.552480697631836
-8.555150985717773
-8.625515937805176
-8.643336296081543
-8.529702186584473
-8.303614616394043
-8.451663970947266
-8.579751014709473
-8.330634117126465
-8.405545234680176
-8.551691055297852
-8.425195693969727
-8.211566925048828
-8.713809967041016
-7.929307460784912
-8.709823608398438
-8.305230140686035
-8.422016143798828
-8.610876083374023
-8.266132354736328
-8.546318054199219
-8.373821258544922
-8.402444839477539
-8.62429141998291
-8.220010757446289
-8.496037483215332
-8.621097564697266
-8.486495971679688
-8.385614395141602
-8.567307472229004
-8.570155143737793
-8.47616195678711
-8.505435943603516
-8.666141510009766
-8.646219253540039
-8.636290550231934
-8.5481538772583
-8.46628189086914
-8.61185073852539
-8.625309944152832
-8.712224960327148
-8.603282928466797
-8.694156646728516
-8.719030380249023
-8.595612525939941
-8.572182655334473
-8.600241661071777
-8.59559440612793
-8.631810188293457
-8.56446647644043
-8.620338439941406
-8.650472640991211
-8.697590827941895
-8.678537368774414
-8.664414405822754
-8.66202163696289
-8.691770553588867
-8.691914558410645
-8.574706077575684
-8.369071006774902
-8.698596954345703
-8.62596607208252
-8.451139450073242
-8.625767707824707
-8.718169212341309
-8.64219856262207
-8.677233695983887
-8.582188606262207
-8.640364646911621
-8.64472484588623
-8.665240287780762
-8.48497486114502
-8.45339584350586
-8.730377197265625
-8.434266090393066
-8.394279479980469
-8.676456451416016
-8.286445617675781
-8.554170608520508
-8.691645622253418
-8.37845516204834
-8.582473754882812
-8.694357872009277
-8.585090637207031
-8.482409477233887
-8.672904968261719
-8.681324005126953
-8.53775691986084
-8.577808380126953
-8.737808227539062
-8.698549270629883
-8.637615203857422
-8.667935371398926
-8.750528335571289
-8.777326583862305
-8.723464012145996
-8.74548053741455
-8.750521659851074
-8.729439735412598
-8.734492301940918
-8.656362533569336
-8.575765609741211
-8.551674842834473
-8.677603721618652
-8.780871391296387
-8.597241401672363
-8.55683708190918
-8.704105377197266
-8.845151901245117
-8.773508071899414
-8.7185640335083
-8.641525268554688
-8.561515808105469
-8.821056365966797
-8.824753761291504
-8.650962829589844
-8.544451713562012
-8.657137870788574
-8.748529434204102
-8.767645835876465
-8.625349998474121
-8.674701690673828
-8.729825019836426
-8.721177101135254
-8.767539978027344
-8.812299728393555
-8.698343276977539
-8.65113639831543
-8.713990211486816
-8.788561820983887
-8.809886932373047
-8.789873123168945
-8.743456840515137
-8.681004524230957
-8.716816902160645
-8.782655715942383
-8.822953224182129
-8.793659210205078
-8.787805557250977
-8.790862083435059
-8.813935279846191
-8.804587364196777
-8.752241134643555
-8.777372360229492
-8.784847259521484
-8.688838958740234
-8.753302574157715
-8.811079025268555
-8.825654029846191
-8.775108337402344
-8.756804466247559
-8.7064790725708
-8.706696510314941
-8.681758880615234
-8.640448570251465
-8.775376319885254
-8.850582122802734
-8.873475074768066
-8.8056058883667
-8.661604881286621
-8.618650436401367
-8.676319122314453
-8.83741569519043
-8.819321632385254
-8.674818992614746
-8.638508796691895
-8.804024696350098
-8.875722885131836
-8.831619262695312
-8.813200950622559
-8.846465110778809
-8.829631805419922
-8.898672103881836
-8.867172241210938
-8.863605499267578
-8.872838973999023
-8.881333351135254
-8.754708290100098
-8.626761436462402
-8.739712715148926
-8.869318008422852
-8.850167274475098
-8.70882511138916
-8.529376983642578
-8.859129905700684
-8.852567672729492
-8.554677963256836
-8.711967468261719
-8.872159004211426
-8.798027992248535
-8.712125778198242
-8.687134742736816
-8.796935081481934
-8.878173828125
-8.925698280334473
-8.78690242767334
-8.733922004699707
-8.724641799926758
-8.814457893371582
-8.903475761413574
-8.89369010925293
-8.955910682678223
-8.90195083618164
-8.876331329345703
-8.871771812438965
-8.789968490600586
-8.764299392700195
-8.687299728393555
-8.777290344238281
-8.883033752441406
-8.87980842590332
-8.858290672302246
-8.764195442199707
-8.646866798400879
-8.924850463867188
-8.949249267578125
-8.662110328674316
-8.750678062438965
-8.758275985717773
-8.863438606262207
-8.868924140930176
-8.831236839294434
-8.783709526062012
-8.722633361816406
-8.91535472869873
-8.901667594909668
-8.698785781860352
-8.69429874420166
-8.829041481018066
-8.840343475341797
-8.922228813171387
-8.82066822052002
-8.798975944519043
-8.815983772277832
-8.934647560119629
-8.923351287841797
-8.682733535766602
-8.867624282836914
-8.92959213256836
-8.816170692443848
-8.681764602661133
-8.73900318145752
-8.99117660522461
-8.722768783569336
-8.570683479309082
-8.937684059143066
-8.629158973693848
-8.530670166015625
-8.967220306396484
-8.417206764221191
-8.843343734741211
-8.759298324584961
-8.609827041625977
-8.870762825012207
-8.874406814575195
-8.657230377197266
-8.799113273620605
-8.936361312866211
-8.78122615814209
-8.668381690979004
-8.923381805419922
-8.615287780761719
-8.739526748657227
-8.907949447631836
-8.559793472290039
-8.764688491821289
-8.992775917053223
-8.719008445739746
-8.694952011108398
-8.882452011108398
-8.784993171691895
-8.73663330078125
-8.966510772705078
-8.891861915588379
-8.779492378234863
-8.903253555297852
-8.972162246704102
-8.902252197265625
-8.790066719055176
-8.881328582763672
-8.947327613830566
-8.920825004577637
-8.925069808959961
-8.790427207946777
-8.841655731201172
-8.93781852722168
-9.011874198913574
-8.839025497436523
-8.860617637634277
-8.950797080993652
-9.019679069519043
-9.030800819396973
-8.942564964294434
-8.980195045471191
-8.931078910827637
-8.88094425201416
-8.79389476776123
-8.850519180297852
-8.94845962524414
-8.929490089416504
-8.847390174865723
-8.805408477783203
-8.892664909362793
-8.959165573120117
-9.01402473449707
-9.070817947387695
-8.992347717285156
-8.995307922363281
-9.027286529541016
-8.981348037719727
-8.862722396850586
-8.98590087890625
-8.93674087524414
-8.920839309692383
-8.90695858001709
-8.849907875061035
-8.894745826721191
-8.969740867614746
-8.960041999816895
-9.03270149230957
-9.014608383178711
-9.02340316772461
-8.974699974060059
-8.863240242004395
-8.933013916015625
-8.934688568115234
-8.974306106567383
-8.97437858581543
-9.058797836303711
-9.122846603393555
-9.01899242401123
-9.054339408874512
-9.026347160339355
-8.978734970092773
-8.824968338012695
-8.709637641906738
-8.935794830322266
-8.9744291305542
-8.765548706054688
-8.717477798461914
-8.942434310913086
-9.035565376281738
-8.898871421813965
-8.837060928344727
-8.914615631103516
-9.023589134216309
-9.053279876708984
-8.95751953125
-8.873162269592285
-8.85642147064209
-8.921737670898438
-8.98621940612793
-9.03200912475586
-9.011897087097168
-9.043143272399902
-9.073348045349121
-9.02601146697998
-9.03239917755127
-9.014525413513184
-8.792458534240723
-8.777607917785645
-9.035965919494629
-9.032760620117188
-8.892870903015137
-8.882708549499512
-8.832165718078613
-9.001683235168457
-8.967073440551758
-8.815360069274902
-8.787585258483887
-9.002126693725586
-9.018105506896973
-9.022562026977539
-8.903974533081055
-8.891837120056152
-8.964688301086426
-9.062926292419434
-9.042659759521484
-8.87633991241455
-8.867335319519043
-8.999812126159668
-9.087830543518066
-9.011463165283203
-8.796185493469238
-8.877817153930664
-9.024312973022461
-9.126574516296387
-8.884300231933594
-8.905840873718262
-9.046028137207031
-9.119054794311523
-9.163762092590332
-9.093791961669922
-9.04448127746582
-8.819900512695312
-8.819786071777344
-9.009371757507324
-9.02029037475586
-9.05764389038086
-8.902243614196777
-8.869600296020508
-9.049622535705566
-9.12777328491211
-9.071422576904297
-8.882527351379395
-8.853938102722168
-9.086404800415039
-9.113767623901367
-8.999091148376465
-8.683066368103027
-8.863994598388672
-9.090977668762207
-9.080215454101562
-8.956048965454102
-8.902383804321289
-8.932872772216797
-9.083599090576172
-9.063088417053223
-8.780938148498535
-8.882280349731445
-9.141141891479492
-9.05247688293457
-8.877928733825684
-8.936195373535156
-9.028667449951172
-9.081049919128418
-9.139293670654297
-9.101962089538574
-9.14246940612793
-9.099699974060059
-9.112899780273438
-9.135207176208496
-9.127238273620605
-9.084053039550781
-8.938615798950195
-8.967327117919922
-8.87061882019043
-9.083229064941406
-9.158696174621582
-9.070146560668945
-9.032842636108398
-8.94947624206543
-8.873045921325684
-8.982098579406738
-9.1411771774292
-9.10323715209961
-8.920477867126465
-8.866354942321777
-8.990696907043457
-9.164138793945312
-9.114578247070312
-9.139293670654297
-9.085283279418945
-8.904502868652344
-9.037056922912598
-9.067261695861816
-9.107148170471191
-9.162731170654297
-9.06824779510498
-8.956372261047363
-8.953250885009766
-9.044200897216797
-9.045613288879395
-9.124102592468262
-9.152301788330078
-9.11811637878418
-9.07132625579834
-8.879546165466309
-8.907549858093262
-9.135805130004883
-9.1819429397583
-9.098149299621582
-8.98776912689209
-8.858173370361328
-9.106346130371094
-9.175342559814453
-9.160679817199707
-9.200608253479004
-9.166719436645508
-9.103473663330078
-8.945408821105957
-8.952227592468262
-9.006326675415039
-9.149032592773438
-9.178669929504395
-9.16592788696289
-9.153878211975098
-9.117008209228516
-9.055485725402832
-8.935602188110352
-8.987086296081543
-9.114286422729492
-9.18468952178955
-9.145705223083496
-9.075701713562012
-8.905784606933594
-8.959165573120117
-9.146431922912598
-9.147793769836426
-9.038521766662598
-8.883265495300293
-9.038407325744629
-9.154891014099121
-9.194079399108887
-9.196533203125
-9.10586166381836
-9.05115795135498
-8.944601058959961
-9.080469131469727
-9.125014305114746
-9.182126998901367
-9.207865715026855
-9.195834159851074
-9.235264778137207
-9.077381134033203
-8.993282318115234
-8.859092712402344
-9.147027969360352
-9.216830253601074
-9.16938304901123
-9.002732276916504
-8.900867462158203
-9.184550285339355
-9.243477821350098
-9.164565086364746
-9.124078750610352
-8.914118766784668
-8.99709415435791
-9.158137321472168
-9.156038284301758
-9.198493957519531
-9.18929386138916
-9.198996543884277
-9.197279930114746
-9.191373825073242
-9.22714900970459
-9.222984313964844
-9.20306396484375
-9.153282165527344
-8.857563018798828
-8.763976097106934
-9.161148071289062
-8.627364158630371
-8.941349029541016
-9.138757705688477
-8.890735626220703
-9.023563385009766
-9.239166259765625
-9.10521411895752
-8.86371898651123
-9.075833320617676
-9.180927276611328
-9.146688461303711
-9.121609687805176
-9.055926322937012
-9.122912406921387
-9.20655345916748
-9.122387886047363
-8.998499870300293
-8.962227821350098
-9.187074661254883
-9.219717025756836
-9.208541870117188
-9.161449432373047
-9.147857666015625
-9.164298057556152
-9.031112670898438
-8.937993049621582
-9.059168815612793
-9.110989570617676
-9.221171379089355
-9.201958656311035
-9.21480941772461
-9.117494583129883
-9.025814056396484
-9.070937156677246
-9.071829795837402
-9.10141372680664
-9.136795997619629
-9.119982719421387
-9.232462882995605
-9.24124526977539
-9.286141395568848
-9.162970542907715
-8.989350318908691
-9.057373046875
-9.0995512008667
-9.182757377624512
-9.249683380126953
-9.290616035461426
-9.265189170837402
-9.257278442382812
-9.20026683807373
-9.097323417663574
-8.936503410339355
-9.140456199645996
-9.202841758728027
-9.198281288146973
-9.225966453552246
-9.17088794708252
-8.981012344360352
-9.031785011291504
-9.194013595581055
-9.2832670211792
-9.12787914276123
-8.886018753051758
-9.18529987335205
-9.245246887207031
-9.026817321777344
-8.98724365234375
-9.119833946228027
-9.268077850341797
-9.284402847290039
-9.277776718139648
-9.238005638122559
-9.206089973449707
-9.152058601379395
-9.012781143188477
-9.17357063293457
-9.247319221496582
-9.185006141662598
-9.072691917419434
-9.092904090881348
-9.191123008728027
-9.241557121276855
-9.265274047851562
-9.260124206542969
-8.904317855834961
-8.970301628112793
-9.241776466369629
-9.149967193603516
-8.79028606414795
-9.232486724853516
-9.13095474243164
-8.809199333190918
-9.278227806091309
-8.978731155395508
-8.768026351928711
-9.215367317199707
-8.707723617553711
-9.112528800964355
-9.093765258789062
-8.844611167907715
-9.141982078552246
-9.177404403686523
-9.063774108886719
-9.000571250915527
-9.22912883758545
-9.121206283569336
-8.922689437866211
-9.027100563049316
-9.263562202453613
-9.11722183227539
-8.9815034866333
-9.192739486694336
-9.269452095031738
-9.190407752990723
-9.117928504943848
-9.108182907104492
-9.164103507995605
-9.259480476379395
-9.244573593139648
-9.10855770111084
-9.041933059692383
-9.169400215148926
-9.19214153289795
-9.233970642089844
-9.21957015991211
-9.2125244140625
-9.26721477508545
-9.148094177246094
-9.008519172668457
-9.053577423095703
-9.270848274230957
-9.302321434020996
-9.075021743774414
-9.012145042419434
-9.216012954711914
-9.301551818847656
-9.26682186126709
-9.18736743927002
-9.109715461730957
-9.124671936035156
-9.231169700622559
-9.301775932312012
-9.280881881713867
-9.142633438110352
-9.023005485534668
-9.309940338134766
-9.193709373474121
-8.841252326965332
-9.267374992370605
-9.063011169433594
-8.86478042602539
-9.276923179626465
-8.826337814331055
-9.10009479522705
-9.25511360168457
-8.913865089416504
-9.150566101074219
-9.2662935256958
-8.94439697265625
-9.082351684570312
-9.272359848022461
-9.255017280578613
-9.09809398651123
-9.099209785461426
-9.287982940673828
-9.313058853149414
-9.258942604064941
-9.264991760253906
-9.195812225341797
-9.136947631835938
-9.241238594055176
-9.208616256713867
-9.287525177001953
-9.368183135986328
-9.320119857788086
-9.345551490783691
-9.288219451904297
-9.253535270690918
-9.195536613464355
-9.132296562194824
-9.238036155700684
-9.303582191467285
-9.34793758392334
-9.290058135986328
-9.16081428527832
-9.048943519592285
-9.215755462646484
-9.298383712768555
-9.303135871887207
-9.269614219665527
-9.076006889343262
-9.068199157714844
-9.276044845581055
-9.205438613891602
-8.981481552124023
-9.1954927444458
-9.307561874389648
-9.15074634552002
-9.01236629486084
-9.188894271850586
-9.359667778015137
-9.254256248474121
-9.14305305480957
-9.067302703857422
-9.252514839172363
-9.323524475097656
-9.069147109985352
-8.968050956726074
-9.264593124389648
-9.273224830627441
-9.154415130615234
-9.166402816772461
-9.303224563598633
-9.266643524169922
-9.149163246154785
-9.100395202636719
-9.309431076049805
-9.29977035522461
-9.31889533996582
-9.354227066040039
-9.363615036010742
-9.359328269958496
-9.350119590759277
-9.28632926940918
-9.216292381286621
-9.176017761230469
-9.148542404174805
-9.270515441894531
-9.331613540649414
-9.32580852508545
-9.257672309875488
-9.156230926513672
-9.163290977478027
-9.321959495544434
-9.319046020507812
-9.299847602844238
-9.160697937011719
-9.13397216796875
-9.32203197479248
-9.331262588500977
-9.317879676818848
-9.255489349365234
-9.109295845031738
-9.138182640075684
-9.250100135803223
-9.331491470336914
-9.406216621398926
-9.353876113891602
-9.364649772644043
-9.351574897766113
-9.312530517578125
-9.230072975158691
-9.17637825012207
-9.128193855285645
-9.247340202331543
-9.322327613830566
-9.308740615844727
-9.2754487991333
-9.244723320007324
-9.292340278625488
-9.287583351135254
-9.2904052734375
-9.306903839111328
-9.220393180847168
-9.265832901000977
-9.31131362915039
-9.326486587524414
-9.28410530090332
-9.379493713378906
-9.357362747192383
-9.31840705871582
-9.184866905212402
-9.073930740356445
-9.233799934387207
-9.373560905456543
-9.321958541870117
-8.965424537658691
-9.095561981201172
-9.372467041015625
-9.1571626663208
-8.962052345275879
-9.351631164550781
-9.233823776245117
-8.909457206726074
-9.421363830566406
-8.893716812133789
-9.060591697692871
-9.350300788879395
-8.965746879577637
-9.147331237792969
-9.359522819519043
-9.159563064575195
-9.113757133483887
-9.408792495727539
-9.289653778076172
-9.100200653076172
-9.258742332458496
-9.394854545593262
-9.370731353759766
-9.245563507080078
-9.091164588928223
-9.32104206085205
-9.367547988891602
-9.341771125793457
-9.157561302185059
-9.163662910461426
-9.299010276794434
-9.356585502624512
-9.403310775756836
-9.38965129852295
-9.233487129211426
-9.028136253356934
-9.231725692749023
-9.296768188476562
-9.334980964660645
-9.366618156433105
-9.407244682312012
-9.366437911987305
-9.155391693115234
-9.054330825805664
-9.360523223876953
-9.360943794250488
-9.309070587158203
-9.136380195617676
-9.21068000793457
-9.309422492980957
-9.425032615661621
-9.35515022277832
-9.398933410644531
-9.410754203796387
-9.350808143615723
-9.316838264465332
-9.166592597961426
-9.34017276763916
-9.350902557373047
-9.091504096984863
-9.090995788574219
-9.271541595458984
-9.401840209960938
-9.347984313964844
-9.163182258605957
-9.256913185119629
-9.349318504333496
-9.408455848693848
-9.366943359375
-9.22787094116211
-9.216240882873535
-9.362689971923828
-9.381810188293457
-9.37764835357666
-9.4337739944458
-9.394614219665527
-9.378266334533691
-9.418789863586426
-9.416016578674316
-9.412626266479492
-9.414499282836914
-9.326166152954102
-9.218741416931152
-9.096197128295898
-9.389805793762207
-9.299930572509766
-8.950546264648438
-9.37553882598877
-9.158621788024902
-8.978612899780273
-9.396340370178223
-9.084203720092773
-9.090643882751465
-9.427760124206543
-8.93619441986084
-9.228078842163086
-9.377659797668457
-9.081791877746582
-9.236392974853516
-9.441678047180176
-9.362411499023438
-9.154927253723145
-9.318819046020508
-9.4223051071167
-9.389699935913086
-9.412798881530762
-9.391317367553711
-9.384468078613281
-9.392566680908203
-9.306396484375
-9.289848327636719
-9.370293617248535
-9.280649185180664
-9.367490768432617
-9.41114330291748
-9.403306007385254
-9.308530807495117
-9.218128204345703
-9.216011047363281
-9.305855751037598
-9.422119140625
-9.399989128112793
-9.4042387008667
-9.41352367401123
-9.368762969970703
-9.362366676330566
-9.351759910583496
-9.359682083129883
-9.308215141296387
-9.314360618591309
-9.212231636047363
-9.34607219696045
-9.445778846740723
-9.448390007019043
-9.386277198791504
-9.267349243164062
-9.263519287109375
-9.361194610595703
-9.415013313293457
-9.421493530273438
-9.443840980529785
-9.423245429992676
-9.406496047973633
-9.418098449707031
-9.369876861572266
-9.344597816467285
-9.310240745544434
-9.160438537597656
-9.246994972229004
-9.400585174560547
-9.441688537597656
-9.450870513916016
-9.424298286437988
-9.391347885131836
-9.342430114746094
-9.194092750549316
-9.338417053222656
-9.401365280151367
-9.446756362915039
-9.439659118652344
-9.392186164855957
-9.3412446975708
-9.251509666442871
-9.28270149230957
-9.384041786193848
-9.442657470703125
-9.489151954650879
-9.446788787841797
-9.405115127563477
-9.303650856018066
-9.262903213500977
-9.295123100280762
-9.396284103393555
-9.384804725646973
-9.394558906555176
-9.379871368408203
-9.40760326385498
-9.333684921264648
-9.346761703491211
-9.383325576782227
-9.299012184143066
-9.24856185913086
-9.308161735534668
-9.436366081237793
-9.448928833007812
-9.428513526916504
-9.439752578735352
-9.394089698791504
-9.361104011535645
-9.273387908935547
-9.385872840881348
-9.402960777282715
-9.404425621032715
-9.368480682373047
-9.37560749053955
-9.2881441116333
-9.384984970092773
-9.438638687133789
-9.467464447021484
-9.45510196685791
-9.371711730957031
-9.251214027404785
-9.19450855255127
-9.38512134552002
-9.427340507507324
-9.458769798278809
-9.431581497192383
-9.151789665222168
-9.232311248779297
-9.403274536132812
-9.457606315612793
-9.38424301147461
-9.109172821044922
-9.269176483154297
-9.48658561706543
-9.450875282287598
-9.304491996765137
-9.21178150177002
-9.296628952026367
-9.483635902404785
-9.444144248962402
-9.364028930664062
-9.262810707092285
-9.319978713989258
-9.495464324951172
-9.481627464294434
-9.416882514953613
-9.307058334350586
-9.259498596191406
-9.407299041748047
-9.430817604064941
-9.379611015319824
-9.404940605163574
-9.292381286621094
-9.33364486694336
-9.443772315979004
-9.495882987976074
-9.388825416564941
-9.349421501159668
-9.234601020812988
-9.296244621276855
-9.456768035888672
-9.492573738098145
-9.465907096862793
-9.354419708251953
-9.223980903625488
-9.335832595825195
-9.42905330657959
-9.435884475708008
-9.446099281311035
-9.411441802978516
-9.3309907913208
-9.34096622467041
-9.34890079498291
-9.469036102294922
-9.475802421569824
-9.473115921020508
-9.472018241882324
-9.37706184387207
-9.30562686920166
-9.256352424621582
-9.326031684875488
-9.435002326965332
-9.478408813476562
-9.473783493041992
-9.488186836242676
-9.463423728942871
-9.458328247070312
-9.390315055847168
-9.242546081542969
-9.281662940979004
-9.401542663574219
-9.44486141204834
-9.497737884521484
-9.522499084472656
-9.440085411071777
-9.490616798400879
-9.517387390136719
-9.505928993225098
-9.413430213928223
-9.248247146606445
-9.271133422851562
-9.407896995544434
-9.535234451293945
-9.480535507202148
-9.311598777770996
-9.26748275756836
-9.4212646484375
-9.486472129821777
-9.5025053024292
-9.493997573852539
-9.445889472961426
-9.435710906982422
-9.244356155395508
-9.193477630615234
-9.474152565002441
-9.44471549987793
-9.22357177734375
-9.286731719970703
-9.400734901428223
-9.499918937683105
-9.470118522644043
-9.45108699798584
-9.353014945983887
-9.236879348754883
-9.345001220703125
-9.457853317260742
-9.50223159790039
-9.475812911987305
-9.410632133483887
-9.287229537963867
-9.347907066345215
-9.429689407348633
-9.484113693237305
-9.489433288574219
-9.49460506439209
-9.480299949645996
-9.45840835571289
-9.382977485656738
-9.297904968261719
-9.282286643981934
-9.422890663146973
-9.533377647399902
-9.52511215209961
-9.488018989562988
-9.438769340515137
-9.336730003356934
-9.261567115783691
-9.352673530578613
-9.425670623779297
-9.458329200744629
-9.448371887207031
-9.305069923400879
-9.360176086425781
-9.448334693908691
-9.486382484436035
-9.499896049499512
-9.459939956665039
-9.479853630065918
-9.352306365966797
-9.341448783874512
-9.459683418273926
-9.428041458129883
-9.38408088684082
-9.385746955871582
-9.384366035461426
-9.427146911621094
-9.462126731872559
-9.488707542419434
-9.486883163452148
-9.46864128112793
-9.353083610534668
-9.307395935058594
-9.3943510055542
-9.462294578552246
-9.505212783813477
-9.5224609375
-9.524420738220215
-9.446722984313965
-9.437713623046875
-9.347128868103027
-9.506776809692383
-9.49262809753418
-9.534918785095215
-9.510766983032227
-9.520146369934082
-9.503362655639648
-9.452353477478027
-9.33066177368164
-9.32103157043457
-9.37187671661377
-9.380846977233887
-9.394024848937988
-9.495960235595703
-9.528976440429688
-9.463207244873047
-9.324542999267578
-9.45253849029541
-9.517276763916016
-9.450850486755371
-9.363658905029297
-9.364174842834473
-9.393203735351562
-9.49565315246582
-9.515033721923828
-9.559380531311035
-9.511000633239746
-9.25275993347168
-9.310478210449219
-9.463403701782227
-9.523789405822754
-9.515213012695312
-9.4972562789917
-9.485404968261719
-9.375251770019531
-9.289115905761719
-9.450840950012207
-9.489811897277832
-9.553183555603027
-9.520442962646484
-9.31156063079834
-9.269668579101562
-9.39116096496582
-9.501846313476562
-9.522671699523926
-9.443554878234863
-9.24465560913086
-9.365113258361816
-9.522775650024414
-9.570965766906738
-9.532907485961914
-9.377711296081543
-9.314712524414062
-9.347862243652344
-9.48054313659668
-9.551483154296875
-9.552448272705078
-9.530693054199219
-9.446722030639648
-9.357928276062012
-9.339130401611328
-9.4580717086792
-9.545597076416016
-9.548683166503906
-9.423707008361816
-9.234042167663574
-9.370430946350098
-9.53825569152832
-9.56466293334961
-9.520000457763672
-9.318733215332031
-9.338912010192871
-9.398794174194336
-9.411362648010254
-9.49743938446045
-9.534732818603516
-9.55782699584961
-9.5093355178833
-9.46052360534668
-9.372730255126953
-9.435822486877441
-9.452742576599121
-9.435047149658203
-9.494879722595215
-9.475386619567871
-9.455392837524414
-9.435683250427246
-9.446829795837402
-9.48507022857666
-9.472052574157715
-9.551118850708008
-9.483688354492188
-9.46711540222168
-9.382071495056152
-9.458760261535645
-9.494966506958008
-9.50279712677002
-9.567502975463867
-9.472176551818848
-9.321209907531738
-9.285019874572754
-9.459330558776855
-9.543817520141602
-9.527960777282715
-9.340478897094727
-9.246810913085938
-9.448572158813477
-9.582164764404297
-9.392715454101562
-9.119786262512207
-9.519566535949707
-9.378015518188477
-9.114002227783203
-9.504056930541992
-9.32223892211914
-9.050580024719238
-9.526790618896484
-8.99278450012207
-9.410859107971191
-9.506424903869629
-9.322980880737305
-9.26872730255127
-9.509868621826172
-9.554553985595703
-9.34670639038086
-9.314748764038086
-9.466147422790527
-9.536153793334961
-9.413533210754395
-9.286049842834473
-9.394251823425293
-9.559150695800781
-9.563803672790527
-9.400477409362793
-9.305665016174316
-9.42573356628418
-9.535846710205078
-9.55913257598877
-9.483804702758789
-9.370499610900879
-9.398448944091797
-9.426124572753906
-9.4569091796875
-9.497636795043945
-9.565840721130371
-9.521380424499512
-9.574089050292969
-9.534173011779785
-9.585158348083496
-9.550029754638672
-9.465392112731934
-9.324820518493652
-9.321213722229004
-9.528359413146973
-9.565469741821289
-9.604909896850586
-9.562896728515625
-9.345216751098633
-9.334549903869629
-9.469770431518555
-9.589924812316895
-9.608546257019043
-9.537920951843262
-9.50478458404541
-9.447982788085938
-9.372220039367676
-9.382357597351074
-9.504986763000488
-9.530034065246582
-9.585429191589355
-9.56640338897705
-9.58405876159668
-9.589385986328125
-9.532028198242188
-9.423863410949707
-9.377152442932129
-9.374038696289062
-9.415510177612305
-9.500564575195312
-9.594476699829102
-9.491912841796875
-9.358141899108887
-9.40945816040039
-9.536633491516113
-9.55753231048584
-9.598398208618164
-9.55406379699707
-9.48852252960205
-9.399458885192871
-9.395771026611328
-9.48800277709961
-9.580306053161621
-9.548734664916992
-9.50967788696289
-9.315235137939453
-9.358181953430176
-9.494589805603027
-9.537578582763672
-9.501395225524902
-9.280779838562012
-9.31311321258545
-9.500463485717773
-9.595645904541016
-9.551992416381836
-9.480902671813965
-9.315342903137207
-9.406353950500488
-9.5377779006958
-9.555397987365723
-9.499028205871582
-9.233901977539062
-9.365323066711426
-9.559621810913086
-9.522337913513184
-9.328468322753906
-9.437826156616211
-9.565545082092285
-9.613478660583496
-9.561626434326172
-9.41443157196045
-9.415658950805664
-9.46299934387207
-9.569684028625488
-9.555673599243164
-9.568918228149414
-9.575494766235352
-9.536124229431152
-9.538315773010254
-9.536778450012207
-9.349148750305176
-9.409940719604492
-9.563761711120605
-9.60958480834961
-9.541248321533203
-9.50363826751709
-9.493424415588379
-9.477739334106445
-9.44089126586914
-9.410218238830566
-9.449798583984375
-9.47134017944336
-9.470529556274414
-9.541030883789062
-9.533251762390137
-9.445170402526855
-9.288451194763184
-9.460391998291016
-9.547030448913574
-9.588528633117676
-9.5779390335083
-9.60791015625
-9.58144474029541
-9.4094877243042
-9.361324310302734
-9.457844734191895
-9.58975601196289
-9.6075439453125
-9.568424224853516
-9.442082405090332
-9.374517440795898
-9.403040885925293
-9.508618354797363
-9.564419746398926
-9.631333351135254
-9.601072311401367
-9.573246955871582
-9.410634994506836
-9.359111785888672
-9.463726997375488
-9.487380981445312
-9.566083908081055
-9.580339431762695
-9.61428165435791
-9.60789966583252
-9.527278900146484
-9.428995132446289
-9.33845329284668
-9.40583324432373
-9.50869369506836
-9.558070182800293
-9.443145751953125
-9.27245807647705
-9.406824111938477
-9.586970329284668
-9.468137741088867
-9.226234436035156
-9.542023658752441
-9.604537963867188
-9.43056869506836
-9.250531196594238
-9.457509994506836
-9.596468925476074
-9.617424964904785
-9.486239433288574
-9.398541450500488
-9.436962127685547
-9.498677253723145
-9.561031341552734
-9.596040725708008
-9.59516429901123
-9.620280265808105
-9.592991828918457
-9.598258972167969
-9.570819854736328
-9.524879455566406
-9.396828651428223
-9.375142097473145
-9.535219192504883
-9.59267520904541
-9.586448669433594
-9.590967178344727
-9.485207557678223
-9.324387550354004
-9.490139961242676
-9.580178260803223
-9.574775695800781
-9.620436668395996
-9.612186431884766
-9.616612434387207
-9.606111526489258
-9.562543869018555
-9.526337623596191
-9.38654899597168
-9.425315856933594
-9.531407356262207
-9.47824478149414
-9.477645874023438
-9.498127937316895
-9.48119068145752
-9.503070831298828
-9.559906005859375
-9.545928001403809
-9.53786849975586
-9.546844482421875
-9.49930477142334
-9.512063026428223
-9.542585372924805
-9.512863159179688
-9.48630428314209
-9.521729469299316
-9.5516939163208
-9.593620300292969
-9.595490455627441
-9.617915153503418
-9.522454261779785
-9.413323402404785
-9.423036575317383
-9.529273986816406
-9.635224342346191
-9.567809104919434
-9.270731925964355
-9.43310832977295
-9.632238388061523
-9.654862403869629
-9.523813247680664
-9.340646743774414
-9.381353378295898
-9.553299903869629
-9.647897720336914
-9.59597396850586
-9.53030014038086
-9.438674926757812
-9.499823570251465
-9.543012619018555
-9.643083572387695
-9.614933967590332
-9.535784721374512
-9.38125228881836
-9.379417419433594
-9.585081100463867
-9.635815620422363
-9.516754150390625
-9.389334678649902
-9.446475982666016
-9.591063499450684
-9.610357284545898
-9.639126777648926
-9.544271469116211
-9.400397300720215
-9.536872863769531
-9.602032661437988
-9.635982513427734
-9.611863136291504
-9.571419715881348
-9.420561790466309
-9.37428092956543
-9.568641662597656
-9.599893569946289
-9.593586921691895
-9.427739143371582
-9.315189361572266
-9.575461387634277
-9.640398979187012
-9.46085262298584
-9.33693790435791
-9.56043815612793
-9.612299919128418
-9.633918762207031
-9.651667594909668
-9.546476364135742
-9.478050231933594
-9.446821212768555
-9.5903959274292
-9.627615928649902
-9.650821685791016
-9.642245292663574
-9.597685813903809
-9.53467845916748
-9.352554321289062
-9.570040702819824
-9.58547306060791
-9.67109489440918
-9.65108585357666
-9.67486572265625
-9.645608901977539
-9.634795188903809
-9.658652305603027
-9.659695625305176
-9.653779983520508
-9.692940711975098
-9.61938762664795
-9.616645812988281
-9.485270500183105
-9.294544219970703
-9.463581085205078
-9.605222702026367
-9.630697250366211
-9.647103309631348
-9.658437728881836
-9.634268760681152
-9.640594482421875
-9.575435638427734
-9.443894386291504
-9.414816856384277
-9.5541353225708
-9.626230239868164
-9.665435791015625
-9.639263153076172
-9.621734619140625
-9.427221298217773
-9.355194091796875
-9.523414611816406
-9.602991104125977
-9.627609252929688
-9.511897087097168
-9.270736694335938
-9.487624168395996
-9.619402885437012
-9.636140823364258
-9.623101234436035
-9.444303512573242
-9.311174392700195
-9.605279922485352
-9.635628700256348
-9.669316291809082
-9.624939918518066
-9.589138984680176
-9.374637603759766
-9.400064468383789
-9.669817924499512
-9.653942108154297
-9.387754440307617
-9.404358863830566
-9.590380668640137
-9.640324592590332
-9.652063369750977
-9.686887741088867
-9.691402435302734
-9.633871078491211
-9.563302993774414
-9.366127014160156
-9.465618133544922
-9.58345890045166
-9.677729606628418
-9.6751708984375
-9.627443313598633
-9.614934921264648
-9.390271186828613
-9.40251636505127
-9.58984661102295
-9.642359733581543
-9.586989402770996
-9.42784595489502
-9.41189193725586
-9.560428619384766
-9.65431022644043
-9.614179611206055
-9.664122581481934
-9.709402084350586
-9.657804489135742
-9.616816520690918
-9.459709167480469
-9.4391450881958
-9.541221618652344
-9.62378215789795
-9.661210060119629
-9.649750709533691
-9.659825325012207
-9.642234802246094
-9.583165168762207
-9.472867965698242
-9.469351768493652
-9.598536491394043
-9.620018005371094
-9.563310623168945
-9.434480667114258
-9.530899047851562
-9.59206771850586
-9.600264549255371
-9.58142375946045
-9.472979545593262
-9.502374649047852
-9.63338851928711
-9.675119400024414
-9.641274452209473
-9.579228401184082
-9.4931640625
-9.496990203857422
-9.510231971740723
-9.65538215637207
-9.718934059143066
-9.65769100189209
-9.666107177734375
-9.668007850646973
-9.542914390563965
-9.397512435913086
-9.54769229888916
-9.708930969238281
-9.64829158782959
-9.574823379516602
-9.393572807312012
-9.47028923034668
-9.589699745178223
-9.647448539733887
-9.670391082763672
-9.677192687988281
-9.682282447814941
-9.63440227508545
-9.466208457946777
-9.378912925720215
-9.598052978515625
-9.658113479614258
-9.68366813659668
-9.65646743774414
-9.671979904174805
-9.715188980102539
-9.679043769836426
-9.674849510192871
-9.633794784545898
-9.522225379943848
-9.376968383789062
-9.463900566101074
-9.586664199829102
-9.652318954467773
-9.642623901367188
-9.582500457763672
-9.460397720336914
-9.495925903320312
-9.588857650756836
-9.69159984588623
-9.663000106811523
-9.578542709350586
-9.446004867553711
-9.428929328918457
-9.60612678527832
-9.676068305969238
-9.696430206298828
-9.68780517578125
-9.670636177062988
-9.484519004821777
-9.267890930175781
-9.682188987731934
-9.62148666381836
-9.233428955078125
-9.583889961242676
-9.672322273254395
-9.59091567993164
-9.356058120727539
-9.487432479858398
-9.655447959899902
-9.697235107421875
-9.708873748779297
-9.6737699508667
-9.700183868408203
-9.569315910339355
-9.35257625579834
-9.542607307434082
-9.660310745239258
-9.701742172241211
-9.625470161437988
-9.459568977355957
-9.501246452331543
-9.602094650268555
-9.699291229248047
-9.67048454284668
-9.61318588256836
-9.572857856750488
-9.530049324035645
-9.497283935546875
-9.508374214172363
-9.578176498413086
-9.66494369506836
-9.735976219177246
-9.688639640808105
-9.691372871398926
-9.710719108581543
-9.634580612182617
-9.506355285644531
-9.499661445617676
-9.526060104370117
-9.604813575744629
-9.649728775024414
-9.556306838989258
-9.528314590454102
-9.555450439453125
-9.612776756286621
-9.641794204711914
-9.628987312316895
-9.459127426147461
-9.491389274597168
-9.612151145935059
-9.658220291137695
-9.690414428710938
-9.715742111206055
-9.678888320922852
-9.627978324890137
-9.438342094421387
-9.52401065826416
-9.620258331298828
-9.66672420501709
-9.64992618560791
-9.349324226379395
-9.461462020874023
-9.609519004821777
-9.667058944702148
-9.67517375946045
-9.658777236938477
-9.63839340209961
-9.508559226989746
-9.478033065795898
-9.560043334960938
-9.588006973266602
-9.595723152160645
-9.690361976623535
-9.612525939941406
-9.406476974487305
-9.465202331542969
-9.620214462280273
-9.688739776611328
-9.636099815368652
-9.614521026611328
-9.580988883972168
-9.509310722351074
-9.55778694152832
-9.516462326049805
-9.58737850189209
-9.629192352294922
-9.626618385314941
-9.604462623596191
-9.5467529296875
-9.590466499328613
-9.625802040100098
-9.64751148223877
-9.694783210754395
-9.659276008605957
-9.61343765258789
-9.535409927368164
-9.53085708618164
-9.623967170715332
-9.65881633758545
-9.723647117614746
-9.711155891418457
-9.676984786987305
-9.568812370300293
-9.568839073181152
-9.532711029052734
-9.564887046813965
-9.642322540283203
-9.667263984680176
-9.707230567932129
-9.721647262573242
-9.619735717773438
-9.502482414245605
-9.48668384552002
-9.561784744262695
-9.631072044372559
-9.717771530151367
-9.709184646606445
-9.685735702514648
-9.704849243164062
-9.728008270263672
-9.731077194213867
-9.681937217712402
-9.649276733398438
-9.397640228271484
-9.469022750854492
-9.615635871887207
-9.674052238464355
-9.657649040222168
-9.62845230102539
-9.613078117370605
-9.549416542053223
-9.626206398010254
-9.647591590881348
-9.648550987243652
-9.597594261169434
-9.55884838104248
-9.563970565795898
-9.632009506225586
-9.647520065307617
-9.595633506774902
-9.683396339416504
-9.605914115905762
-9.698397636413574
-9.659527778625488
-9.672348976135254
-9.633373260498047
-9.483026504516602
-9.504393577575684
-9.673211097717285
-9.700957298278809
-9.7400484085083
-9.745949745178223
-9.628098487854004
-9.533684730529785
-9.492213249206543
-9.652098655700684
-9.703180313110352
-9.685503005981445
-9.666751861572266
-9.65767765045166
-9.547308921813965
-9.5254545211792
-9.57763957977295
-9.666152954101562
-9.67856216430664
-9.636800765991211
-9.57300853729248
-9.578417778015137
-9.614603996276855
-9.69686508178711
-9.678548812866211
-9.697577476501465
-9.736164093017578
-9.718927383422852
-9.580564498901367
-9.491039276123047
-9.563202857971191
-9.693693161010742
-9.732840538024902
-9.695514678955078
-9.482486724853516
-9.383647918701172
-9.69379711151123
-9.763420104980469
-9.620224952697754
-9.501425743103027
-9.51073169708252
-9.705323219299316
-9.68288803100586
-9.472146987915039
-9.495463371276855
-9.626286506652832
-9.710946083068848
-9.720780372619629
-9.725362777709961
-9.764928817749023
-9.757661819458008
-9.697315216064453
-9.63347053527832
-9.495752334594727
-9.587099075317383
-9.632579803466797
-9.678016662597656
-9.642260551452637
-9.712329864501953
-9.716833114624023
-9.650774955749512
-9.569299697875977
-9.59321403503418
-9.568399429321289
-9.640195846557617
-9.704636573791504
-9.685521125793457
-9.614940643310547
-9.60677719116211
-9.592683792114258
-9.679424285888672
-9.69478702545166
-9.653765678405762
-9.597818374633789
-9.499415397644043
-9.52638053894043
-9.613149642944336
-9.708658218383789
-9.696407318115234
-9.6632661819458
-9.663238525390625
-9.692115783691406
-9.66718578338623
-9.70352840423584
-9.629770278930664
-9.587353706359863
-9.604243278503418
-9.691919326782227
-9.721911430358887
-9.653697967529297
-9.595389366149902
-9.588055610656738
-9.610583305358887
-9.700920104980469
-9.755847930908203
-9.717360496520996
-9.780244827270508
-9.716618537902832
-9.71256160736084
-9.723326683044434
-9.730164527893066
-9.77452564239502
-9.735040664672852
-9.693565368652344
-9.541621208190918
-9.424823760986328
-9.584718704223633
-9.714176177978516
-9.744795799255371
-9.69846248626709
-9.646890640258789
-9.46084213256836
-9.555636405944824
-9.676743507385254
-9.739203453063965
-9.638423919677734
-9.29527759552002
-9.579588890075684
-9.73503303527832
-9.696943283081055
-9.531729698181152
-9.527436256408691
-9.660930633544922
-9.720203399658203
-9.785391807556152
-9.741143226623535
-9.696784973144531
-9.62745189666748
-9.61466121673584
-9.576627731323242
-9.616410255432129
-9.604071617126465
-9.696131706237793
-9.740036964416504
-9.76860237121582
-9.715849876403809
-9.720942497253418
-9.54273509979248
-9.548663139343262
-9.618961334228516
-9.622349739074707
-9.518899917602539
-9.619285583496094
-9.664017677307129
-9.709400177001953
-9.627986907958984
-9.625316619873047
-9.55461597442627
-9.63851547241211
-9.681934356689453
-9.745137214660645
-9.754853248596191
-9.771077156066895
-9.730040550231934
-9.713025093078613
-9.692821502685547
-9.681341171264648
-9.508661270141602
-9.481877326965332
-9.644001007080078
-9.7506742477417
-9.733699798583984
-9.73441219329834
-9.723531723022461
-9.614413261413574
-9.487547874450684
-9.742786407470703
-9.774382591247559
-9.674505233764648
-9.395161628723145
-9.566822052001953
-9.724475860595703
-9.746437072753906
-9.626117706298828
-9.447187423706055
-9.564654350280762
-9.744058609008789
-9.7723388671875
-9.726497650146484
-9.754514694213867
-9.760132789611816
-9.752400398254395
-9.664093017578125
-9.478124618530273
-9.587599754333496
-9.703191757202148
-9.694686889648438
-9.699576377868652
-9.667255401611328
-9.57787799835205
-9.546372413635254
-9.640334129333496
-9.70178508758545
-9.693981170654297
-9.684691429138184
-9.71427059173584
-9.57705307006836
-9.466330528259277
-9.621001243591309
-9.735599517822266
-9.74916934967041
-9.642754554748535
-9.50290584564209
-9.614675521850586
-9.703883171081543
-9.76941204071045
-9.779130935668945
-9.766486167907715
-9.734527587890625
-9.615713119506836
-9.556059837341309
-9.620906829833984
-9.695741653442383
-9.768295288085938
-9.692845344543457
-9.490876197814941
-9.571735382080078
-9.703410148620605
-9.784814834594727
-9.737802505493164
-9.760087966918945
-9.782424926757812
-9.770988464355469
-9.752735137939453
-9.672978401184082
-9.538660049438477
-9.54540729522705
-9.740142822265625
-9.749839782714844
-9.713930130004883
-9.553054809570312
-9.429086685180664
-9.732141494750977
-9.75794506072998
-9.586041450500488
-9.346851348876953
-9.657681465148926
-9.778528213500977
-9.758557319641113
-9.563477516174316
-9.5098295211792
-9.618578910827637
-9.725635528564453
-9.7667818069458
-9.753228187561035
-9.769291877746582
-9.77890682220459
-9.737292289733887
-9.650721549987793
-9.558887481689453
-9.578263282775879
-9.640852928161621
-9.659140586853027
-9.715033531188965
-9.750911712646484
-9.765088081359863
-9.717537879943848
-9.723298072814941
-9.619613647460938
-9.62026596069336
-9.625741004943848
-9.600760459899902
-9.6391019821167
-9.705962181091309
-9.716236114501953
-9.755203247070312
-9.760611534118652
-9.680962562561035
-9.653223037719727
-9.585344314575195
-9.563547134399414
-9.723617553710938
-9.797370910644531
-9.788628578186035
-9.719696044921875
-9.508627891540527
-9.50820541381836
-9.728069305419922
-9.773372650146484
-9.750968933105469
-9.647126197814941
-9.530169486999512
-9.61618709564209
-9.732571601867676
-9.799674987792969
-9.761907577514648
-9.74185848236084
-9.800929069519043
-9.763617515563965
-9.75973129272461
-9.501977920532227
-9.377803802490234
-9.72095012664795
-9.73476505279541
-9.406280517578125
-9.54396915435791
-9.781776428222656
-9.793726921081543
-9.733733177185059
-9.576128959655762
-9.631269454956055
-9.706490516662598
-9.714803695678711
-9.692577362060547
-9.681879997253418
-9.651066780090332
-9.644083023071289
-9.688939094543457
-9.602958679199219
-9.607890129089355
-9.721939086914062
-9.774096488952637
-9.79478645324707
-9.677552223205566
-9.446895599365234
-9.716976165771484
-9.7868070602417
-9.77595043182373
-9.76187801361084
-9.69655990600586
-9.69896411895752
-9.685565948486328
-9.6307954788208
-9.610645294189453
-9.645763397216797
-9.70560073852539
-9.766813278198242
-9.74544906616211
-9.717679023742676
-9.690126419067383
-9.663657188415527
-9.59099006652832
-9.70665168762207
-9.681754112243652
-9.753805160522461
-9.706607818603516
-9.75819206237793
-9.697089195251465
-9.758124351501465
-9.69482135772705
-9.675540924072266
-9.5952730178833
-9.664542198181152
-9.69240951538086
-9.757068634033203
-9.7769775390625
-9.747110366821289
