loss_v
-4.544946670532227
-4.706833839416504
-4.572625637054443
-4.587631702423096
-4.683067798614502
-4.604197025299072
-4.679660797119141
-4.652500152587891
-4.577240943908691
-4.611456871032715
-4.65930700302124
-4.642873764038086
-4.716358184814453
-4.79123592376709
-4.817121505737305
-4.624729633331299
-4.745969295501709
-4.726287364959717
-4.574023246765137
-4.763451099395752
-4.735143661499023
-4.834807395935059
-4.895086288452148
-4.818399906158447
-4.796921730041504
-4.799039840698242
-4.833083629608154
-4.902851581573486
-4.872002601623535
-5.005045413970947
-5.01190185546875
-5.020332336425781
-5.101215362548828
-5.087500095367432
-5.162827968597412
-5.1400017738342285
-5.376419544219971
-5.526562690734863
-5.527009963989258
-5.641765117645264
-5.635787010192871
-5.7910566329956055
-6.022482395172119
-6.29916524887085
-6.245909690856934
-6.900076866149902
-6.913641452789307
-7.12538480758667
-6.961616039276123
-6.825403690338135
-6.96069860458374
-6.9875359535217285
-7.058204650878906
-7.115756988525391
-7.406172752380371
-7.355438232421875
-7.6253342628479
-7.605781078338623
-7.503135681152344
-7.4534454345703125
-7.620000839233398
-7.893606185913086
-7.7192583084106445
-7.819186210632324
-7.933219909667969
-7.847405433654785
-8.022923469543457
-8.050223350524902
-7.954230308532715
-7.968323230743408
-8.073118209838867
-8.021976470947266
-8.15935230255127
-8.069247245788574
-8.121232032775879
-8.158370018005371
-8.239826202392578
-8.255444526672363
-8.264471054077148
-8.21403980255127
-8.232483863830566
-8.268843650817871
-8.277006149291992
-8.252275466918945
-8.28775691986084
-8.283931732177734
-8.265495300292969
-8.29907512664795
-8.295348167419434
-8.213095664978027
-8.305281639099121
-8.351765632629395
-8.338433265686035
-8.333109855651855
-8.338473320007324
-8.328415870666504
-8.37557315826416
-8.363390922546387
-8.347223281860352
-8.390871047973633
-8.339524269104004
-8.378807067871094
-8.343165397644043
-8.419528007507324
-8.396272659301758
-8.370469093322754
-8.396309852600098
-8.404739379882812
-8.423161506652832
-8.435436248779297
-8.444032669067383
-8.423213958740234
-8.407113075256348
-8.434419631958008
-8.468513488769531
-8.453617095947266
-8.44027042388916
-8.46832275390625
-8.43818473815918
-8.488078117370605
-8.418834686279297
-8.434157371520996
-8.477846145629883
-8.477839469909668
-8.409501075744629
-8.48995304107666
-8.475537300109863
-8.433808326721191
-8.495847702026367
-8.488639831542969
-8.564922332763672
-8.470436096191406
-8.479310035705566
-8.53296184539795
-8.524267196655273
-8.53504467010498
-8.503040313720703
-8.55093765258789
-8.5004243850708
-8.518335342407227
-8.560011863708496
-8.518168449401855
-8.553230285644531
-8.563551902770996
-8.555883407592773
-8.569562911987305
-8.590763092041016
-8.59375
-8.539470672607422
-8.622915267944336
-8.575406074523926
-8.583629608154297
-8.565869331359863
-8.588298797607422
-8.571207046508789
-8.576604843139648
-8.6063871383667
-8.647191047668457
-8.587767601013184
-8.60787582397461
-8.609352111816406
-8.61974048614502
-8.645552635192871
-8.655272483825684
-8.6124849319458
-8.61691951751709
-8.654760360717773
-8.610655784606934
-8.67247486114502
-8.643938064575195
-8.652202606201172
-8.664969444274902
-8.641386032104492
-8.680041313171387
-8.667842864990234
-8.669354438781738
-8.69049072265625
-8.68486499786377
-8.699831008911133
-8.710103034973145
-8.715047836303711
-8.70301628112793
-8.709639549255371
-8.739981651306152
-8.747522354125977
-8.791098594665527
-8.719048500061035
-8.710747718811035
-8.81452465057373
-8.817519187927246
-8.755205154418945
-8.762794494628906
-8.77214241027832
-8.751182556152344
-8.797439575195312
-8.784018516540527
-8.807119369506836
-8.841238021850586
-8.821793556213379
-8.775525093078613
-8.837700843811035
-8.843891143798828
-8.88541316986084
-8.844133377075195
-8.891756057739258
-8.866704940795898
-8.916393280029297
-8.922849655151367
-8.844121932983398
-8.982856750488281
-8.94768238067627
-8.91739559173584
-8.976866722106934
-8.985602378845215
-9.040177345275879
-9.022275924682617
-8.992965698242188
-8.980724334716797
-9.04443073272705
-9.004556655883789
-9.10297679901123
-9.107701301574707
-9.067973136901855
-9.073043823242188
-9.169304847717285
-9.096752166748047
-9.20523738861084
-9.164406776428223
-9.233546257019043
-9.286271095275879
-9.30422306060791
-9.346463203430176
-9.36971378326416
-9.330851554870605
-9.328561782836914
-9.407763481140137
-9.406633377075195
-9.43852710723877
-9.339406967163086
-9.498981475830078
-9.467745780944824
-9.424277305603027
-9.531173706054688
-9.506969451904297
-9.51208209991455
-9.356363296508789
-9.604948043823242
-9.569070816040039
-9.515382766723633
-9.58414077758789
-9.492769241333008
-9.519164085388184
-9.622098922729492
-9.583720207214355
-9.689305305480957
-9.617854118347168
-9.672477722167969
-9.609071731567383
-9.664063453674316
-9.64966106414795
-9.618232727050781
-9.660479545593262
-9.676690101623535
-9.743380546569824
-9.603517532348633
-9.663787841796875
-9.666159629821777
-9.69516658782959
-9.733715057373047
-9.773659706115723
-9.7555570602417
-9.733392715454102
-9.749692916870117
-9.719003677368164
-9.710526466369629
-9.716606140136719
-9.759050369262695
-9.794134140014648
-9.781786918640137
-9.777425765991211
-9.802945137023926
-9.821877479553223
-9.783222198486328
-9.782795906066895
-9.786526679992676
-9.785772323608398
-9.818893432617188
-9.779786109924316
-9.840740203857422
-9.832013130187988
-9.836531639099121
-9.860486030578613
-9.736825942993164
-9.882124900817871
-9.804288864135742
-9.856741905212402
-9.928351402282715
-9.921664237976074
-9.915058135986328
-9.841394424438477
-9.875996589660645
-9.88697338104248
-9.873405456542969
-9.8860445022583
-9.863715171813965
-9.932501792907715
-9.848444938659668
-9.90607738494873
-9.90270709991455
-9.898362159729004
-9.870922088623047
-9.907018661499023
-9.946268081665039
-9.908434867858887
-9.966747283935547
-9.942706108093262
-9.940223693847656
-9.946136474609375
-9.987456321716309
-10.018747329711914
-9.946664810180664
-9.949594497680664
-9.95197582244873
-9.957582473754883
-9.971081733703613
-10.002429008483887
-10.033637046813965
-9.996976852416992
-10.061698913574219
-9.98498821258545
-10.023429870605469
-10.025680541992188
-10.010438919067383
-10.000936508178711
-10.026853561401367
-10.04332447052002
-10.021684646606445
-10.047379493713379
-10.081829071044922
-10.08248519897461
-10.06089973449707
-10.044795036315918
-10.071666717529297
-10.075742721557617
-10.091008186340332
-10.089536666870117
-10.070659637451172
-10.074197769165039
-10.130311012268066
-10.083915710449219
-10.030302047729492
-10.076154708862305
-10.069982528686523
-10.091034889221191
-10.063366889953613
-10.081363677978516
-10.138087272644043
-10.154847145080566
-10.201312065124512
-10.140082359313965
-10.166980743408203
-10.177644729614258
-10.150771141052246
-10.163360595703125
-10.157261848449707
-10.178852081298828
-10.163028717041016
-10.15629768371582
-10.170787811279297
-10.195395469665527
-10.183344841003418
-10.172548294067383
-10.22883129119873
-10.22363567352295
-10.214027404785156
-10.241959571838379
-10.180503845214844
-10.22215461730957
-10.192733764648438
-10.259371757507324
-10.245420455932617
-10.277018547058105
-10.233491897583008
-10.26949405670166
-10.253511428833008
-10.292625427246094
-10.283812522888184
-10.303468704223633
-10.279823303222656
-10.32852554321289
-10.334131240844727
-10.336050033569336
-10.38358211517334
-10.315653800964355
-10.355114936828613
-10.349129676818848
-10.377907752990723
-10.332390785217285
-10.318290710449219
-10.366524696350098
-10.407793998718262
-10.357004165649414
-10.342506408691406
-10.358614921569824
-10.409590721130371
-10.418072700500488
-10.411842346191406
-10.462841987609863
-10.422046661376953
-10.457707405090332
-10.434123039245605
-10.491837501525879
-10.37532901763916
-10.522465705871582
-10.405182838439941
-10.411405563354492
-10.41772747039795
-10.474931716918945
-10.457188606262207
-10.420208930969238
-10.40170669555664
-10.473185539245605
-10.496459007263184
-10.51980209350586
-10.470061302185059
-10.51482105255127
-10.486570358276367
-10.495499610900879
-10.537164688110352
-10.542184829711914
-10.520270347595215
-10.55740737915039
-10.50259780883789
-10.521745681762695
-10.565406799316406
-10.493852615356445
-10.490311622619629
-10.506757736206055
-10.556273460388184
-10.513764381408691
-10.542855262756348
-10.56739330291748
-10.508294105529785
-10.538905143737793
-10.576569557189941
-10.592609405517578
-10.593466758728027
-10.624361038208008
-10.55994701385498
-10.576057434082031
-10.548728942871094
-10.583877563476562
-10.564034461975098
-10.592917442321777
-10.549650192260742
-10.626302719116211
-10.570427894592285
-10.469271659851074
-10.600312232971191
-10.552568435668945
-10.54492473602295
-10.601896286010742
-10.636468887329102
-10.55712604522705
-10.573774337768555
-10.671814918518066
-10.584967613220215
-10.575340270996094
-10.671308517456055
-10.591954231262207
-10.496423721313477
-10.688547134399414
-10.639381408691406
-10.604658126831055
-10.68759536743164
-10.660604476928711
-10.629010200500488
-10.668764114379883
-10.694967269897461
-10.639548301696777
-10.702149391174316
-10.739394187927246
-10.683069229125977
-10.691123008728027
-10.708311080932617
-10.652313232421875
-10.687073707580566
-10.699056625366211
-10.698627471923828
-10.687084197998047
-10.70667839050293
-10.694238662719727
-10.706321716308594
-10.74100112915039
-10.737457275390625
-10.702787399291992
-10.699934005737305
-10.738791465759277
-10.731124877929688
-10.699158668518066
-10.727713584899902
-10.737357139587402
-10.696122169494629
-10.752007484436035
-10.74687671661377
-10.71534538269043
-10.72208023071289
-10.779956817626953
-10.733644485473633
-10.732168197631836
-10.74018669128418
-10.744471549987793
-10.760787963867188
-10.794670104980469
-10.78551197052002
-10.791419982910156
-10.761191368103027
-10.792135238647461
-10.779181480407715
-10.812248229980469
-10.785860061645508
-10.778162002563477
-10.806699752807617
-10.809886932373047
-10.825060844421387
-10.813010215759277
-10.844226837158203
-10.823745727539062
-10.821073532104492
-10.815478324890137
-10.811086654663086
-10.804219245910645
-10.836296081542969
-10.835320472717285
-10.858457565307617
-10.815698623657227
-10.838457107543945
-10.84099006652832
-10.864299774169922
-10.808998107910156
-10.858948707580566
-10.828160285949707
-10.855416297912598
-10.796761512756348
-10.84212875366211
-10.841710090637207
-10.880633354187012
-10.850614547729492
-10.840909957885742
-10.862119674682617
-10.849359512329102
-10.870075225830078
-10.870092391967773
-10.830597877502441
-10.876172065734863
-10.860610008239746
-10.843719482421875
-10.881624221801758
-10.86795425415039
-10.855643272399902
-10.87475299835205
-10.87481689453125
-10.901846885681152
-10.851451873779297
-10.878100395202637
-10.86495304107666
-10.878005981445312
-10.916386604309082
-10.860003471374512
-10.86374282836914
-10.906668663024902
-10.878198623657227
-10.90754508972168
-10.8810396194458
-10.884744644165039
-10.896079063415527
-10.850187301635742
-10.886046409606934
-10.894466400146484
-10.895413398742676
-10.915891647338867
-10.895051002502441
-10.922320365905762
-10.944336891174316
-10.888680458068848
-10.911231994628906
-10.921004295349121
-10.919215202331543
-10.90638542175293
-10.91918659210205
-10.912880897521973
-10.872482299804688
-10.894756317138672
-10.888063430786133
-10.936311721801758
-10.942931175231934
-10.903631210327148
-10.90881633758545
-10.920372009277344
-10.897134780883789
-10.899293899536133
-10.852395057678223
-10.893411636352539
-10.926968574523926
-10.8934326171875
-10.880249977111816
-10.901004791259766
-10.926159858703613
-10.948175430297852
-10.910449981689453
-10.907720565795898
-10.906646728515625
-10.922203063964844
-10.962169647216797
-10.931069374084473
-10.878592491149902
-10.918573379516602
-10.940572738647461
-10.948712348937988
-10.927962303161621
-10.966525077819824
-10.945599555969238
-10.988272666931152
-10.951386451721191
-10.961044311523438
-10.960677146911621
-10.957777976989746
-10.969037055969238
-10.961843490600586
-10.955745697021484
-10.966011047363281
-10.975724220275879
-10.968316078186035
-10.953190803527832
-10.971769332885742
-10.957968711853027
-10.97298812866211
-10.984956741333008
-10.962291717529297
-10.973947525024414
-10.977848052978516
-10.987203598022461
-10.945950508117676
-10.95511245727539
-10.948172569274902
-10.958647727966309
-10.978373527526855
-10.982967376708984
-10.979543685913086
-10.956183433532715
-10.965704917907715
-11.003384590148926
-10.989692687988281
-10.982548713684082
-10.99402904510498
-10.99228286743164
-11.004122734069824
-10.9769926071167
-10.997663497924805
-11.009417533874512
-10.997489929199219
-10.993470191955566
-11.001197814941406
-10.986201286315918
-11.011801719665527
-10.997867584228516
-10.996593475341797
-11.003002166748047
-11.009673118591309
-11.002007484436035
-11.00855827331543
-11.004961013793945
-10.988687515258789
-11.017661094665527
-11.00890064239502
-11.022136688232422
-11.009342193603516
-11.012580871582031
-11.013257026672363
-11.012741088867188
-11.0256986618042
-11.01142692565918
-11.020147323608398
-11.027009010314941
-11.033599853515625
-11.015486717224121
-11.015792846679688
-11.007974624633789
-11.030416488647461
-11.023687362670898
-11.02353572845459
-11.023443222045898
-11.036447525024414
-11.038548469543457
-11.028550148010254
-11.02365493774414
-11.040508270263672
-11.032949447631836
-11.035565376281738
-11.034653663635254
-11.02490520477295
-11.022876739501953
-11.043822288513184
-11.013671875
-11.030116081237793
-11.033609390258789
-11.04205322265625
-11.04030704498291
-11.05097770690918
-11.04494857788086
-11.048117637634277
-11.042057991027832
-11.03127384185791
-11.027363777160645
-11.048027992248535
-11.040688514709473
-11.05409049987793
-11.036846160888672
-11.0411958694458
-11.046884536743164
-11.059638023376465
-11.053618431091309
-11.044425964355469
-11.058823585510254
-11.058530807495117
-11.06647777557373
-11.053455352783203
-11.072601318359375
-11.04887580871582
-11.027571678161621
-10.998688697814941
-10.996583938598633
-11.03705883026123
-11.048748970031738
-11.062860488891602
-11.033346176147461
-10.994884490966797
-10.981937408447266
-11.040898323059082
-11.069024085998535
-11.054414749145508
-11.062827110290527
-11.064828872680664
-11.057276725769043
-11.061518669128418
-11.07668685913086
-11.076764106750488
-11.063179969787598
-11.07104778289795
-11.065539360046387
-11.071029663085938
-11.075240135192871
-11.074952125549316
-11.068805694580078
-11.068280220031738
-11.07552433013916
-11.072382926940918
-11.08713150024414
-11.07730484008789
-11.073738098144531
-11.08216667175293
-11.093185424804688
-11.071260452270508
-11.069709777832031
-11.072190284729004
-11.058990478515625
-11.065428733825684
-11.057459831237793
-11.071383476257324
-11.091042518615723
-11.083277702331543
-11.071870803833008
-11.058988571166992
-11.033638954162598
-11.017257690429688
-11.043755531311035
-11.06194019317627
-11.087238311767578
-11.08607006072998
-11.065465927124023
-11.04884147644043
-11.023608207702637
-11.035712242126465
-11.071468353271484
-11.088820457458496
-11.069887161254883
-11.048689842224121
-11.027400970458984
-11.021892547607422
-11.064233779907227
-11.078210830688477
-11.087686538696289
-11.061492919921875
-11.057272911071777
-11.071086883544922
-11.084288597106934
-11.085410118103027
-11.06391429901123
-11.049717903137207
-11.074698448181152
-11.09854793548584
-11.094855308532715
-11.075187683105469
-11.076143264770508
-11.091565132141113
-11.102967262268066
-11.104829788208008
-11.10073471069336
-11.099602699279785
-11.096184730529785
-11.094476699829102
-11.109143257141113
-11.108710289001465
-11.082650184631348
-11.0947265625
-11.098308563232422
-11.110052108764648
-11.107233047485352
-11.110831260681152
-11.119866371154785
-11.103120803833008
-11.104439735412598
-11.120070457458496
-11.102801322937012
-11.091832160949707
-11.094463348388672
-11.09891128540039
-11.095659255981445
-11.098538398742676
-11.106857299804688
-11.112351417541504
-11.105609893798828
-11.11141586303711
-11.116601943969727
-11.105594635009766
-11.103130340576172
-11.07565975189209
-11.049819946289062
-11.04526138305664
-11.059666633605957
-11.108245849609375
-11.115094184875488
-11.105896949768066
-11.092667579650879
-11.09643268585205
-11.110897064208984
-11.118016242980957
-11.111218452453613
-11.108803749084473
-11.10982608795166
-11.108708381652832
-11.112603187561035
-11.117557525634766
-11.108741760253906
-11.104761123657227
-11.111577987670898
-11.114624977111816
-11.118776321411133
-11.112958908081055
-11.109161376953125
-11.124794006347656
-11.11923599243164
-11.112417221069336
-11.108059883117676
-11.12423038482666
-11.126492500305176
-11.122867584228516
-11.121026039123535
-11.116411209106445
-11.128604888916016
-11.111669540405273
-11.13356876373291
-11.12936782836914
-11.123251914978027
-11.125234603881836
-11.12075424194336
-11.115797996520996
-11.126130104064941
-11.135321617126465
-11.128466606140137
-11.110076904296875
-11.102270126342773
-11.115921020507812
-11.120305061340332
-11.112465858459473
-11.129648208618164
-11.13037109375
-11.103148460388184
-11.05590534210205
-11.043747901916504
-11.085864067077637
-11.113582611083984
-11.12826156616211
-11.137341499328613
-11.113580703735352
-11.0932035446167
-11.08366870880127
-11.099401473999023
-11.110529899597168
-11.131851196289062
-11.13951301574707
-11.11232852935791
-11.072136878967285
-11.037026405334473
-11.046916961669922
-11.112264633178711
-11.127365112304688
-11.070647239685059
-11.00206470489502
-11.084461212158203
-11.095152854919434
-11.050124168395996
-11.07233715057373
-11.120267868041992
-11.105850219726562
-11.067392349243164
-11.056619644165039
-11.124884605407715
-11.117209434509277
-11.065874099731445
-11.058216094970703
-11.124741554260254
-11.102472305297852
-11.083149909973145
-11.124842643737793
-11.134514808654785
-11.107842445373535
-11.108951568603516
-11.137460708618164
-11.13838005065918
-11.136855125427246
-11.135503768920898
-11.144261360168457
-11.148802757263184
-11.142136573791504
-11.14666748046875
-11.139387130737305
-11.135488510131836
-11.138601303100586
-11.150347709655762
-11.1320219039917
-11.139399528503418
-11.144464492797852
-11.144230842590332
-11.141130447387695
-11.124616622924805
-11.115952491760254
-11.143170356750488
-11.1445951461792
-11.127936363220215
-11.115081787109375
-11.145831108093262
-11.149969100952148
-11.122127532958984
-11.117775917053223
-11.135869026184082
-11.153213500976562
-11.129510879516602
-11.114053726196289
-11.139786720275879
-11.155160903930664
-11.106956481933594
-11.104198455810547
-11.122965812683105
-11.152560234069824
-11.11828899383545
-11.112885475158691
-11.119348526000977
-11.141374588012695
-11.100736618041992
-11.07380485534668
-11.111659049987793
-11.138463020324707
-11.123014450073242
-11.147643089294434
-11.158492088317871
-11.142840385437012
-11.149282455444336
-11.14638614654541
-11.170220375061035
-11.162165641784668
-11.168891906738281
-11.163640022277832
-11.160658836364746
-11.162671089172363
-11.154940605163574
-11.164915084838867
-11.154385566711426
-11.148926734924316
-11.142755508422852
-11.151208877563477
-11.154691696166992
-11.166654586791992
-11.169132232666016
-11.16540813446045
-11.163183212280273
-11.159332275390625
-11.162635803222656
-11.156493186950684
-11.177949905395508
-11.161914825439453
-11.136526107788086
-11.086297988891602
-11.105612754821777
-11.15830135345459
-11.167293548583984
-11.120133399963379
-11.130729675292969
-11.152497291564941
-11.165616989135742
-11.149466514587402
-11.155603408813477
-11.15689754486084
-11.163684844970703
-11.157209396362305
-11.161144256591797
-11.152045249938965
-11.157475471496582
-11.168607711791992
-11.157914161682129
-11.172284126281738
-11.168277740478516
-11.167323112487793
-11.165499687194824
-11.17877197265625
-11.17107105255127
-11.174174308776855
-11.165217399597168
-11.171647071838379
-11.169636726379395
-11.182132720947266
-11.181514739990234
-11.167827606201172
-11.170827865600586
-11.176310539245605
-11.178296089172363
-11.175419807434082
-11.1633882522583
-11.171449661254883
-11.18404483795166
-11.177669525146484
-11.172000885009766
-11.17844295501709
-11.182363510131836
-11.17611026763916
-11.16276741027832
-11.167563438415527
-11.166668891906738
-11.16490650177002
-11.172039985656738
-11.178680419921875
-11.179679870605469
-11.17236614227295
-11.164496421813965
-11.156316757202148
-11.16865062713623
-11.182500839233398
-11.167840957641602
-11.138075828552246
-11.135013580322266
-11.158614158630371
-11.178934097290039
-11.1664457321167
-11.13857364654541
-11.142407417297363
-11.180527687072754
-11.175809860229492
-11.16069507598877
-11.160924911499023
-11.165603637695312
-11.176125526428223
-11.182476043701172
-11.17454719543457
-11.183805465698242
-11.16454792022705
-11.162818908691406
-11.1832275390625
-11.181557655334473
-11.179722785949707
-11.156200408935547
-11.15662956237793
-11.166282653808594
-11.189615249633789
-11.181849479675293
-11.171360969543457
-11.178197860717773
-11.172325134277344
-11.190553665161133
-11.189360618591309
-11.18836498260498
-11.184603691101074
-11.186119079589844
-11.182846069335938
-11.184410095214844
-11.192427635192871
-11.18371868133545
-11.182798385620117
-11.190258026123047
-11.179343223571777
-11.183446884155273
-11.186322212219238
-11.193748474121094
-11.187467575073242
-11.194812774658203
-11.169896125793457
-11.18010139465332
-11.185405731201172
-11.186314582824707
-11.186060905456543
-11.201354026794434
-11.18742847442627
-11.200377464294434
-11.185752868652344
-11.18359088897705
-11.175894737243652
-11.18689250946045
-11.190009117126465
-11.197881698608398
-11.196961402893066
-11.190418243408203
-11.189068794250488
-11.180769920349121
-11.181917190551758
-11.189498901367188
-11.198193550109863
-11.198073387145996
-11.181769371032715
-11.185574531555176
-11.171653747558594
-11.15447998046875
-11.173844337463379
-11.184983253479004
-11.194583892822266
-11.198161125183105
-11.184855461120605
-11.16879653930664
-11.165698051452637
-11.1768217086792
-11.19188404083252
-11.197735786437988
-11.175507545471191
-11.149239540100098
-11.144173622131348
-11.166876792907715
-11.191202163696289
-11.194445610046387
-11.192214012145996
-11.171794891357422
-11.169692993164062
-11.203349113464355
-11.188581466674805
-11.193741798400879
-11.205314636230469
-11.197797775268555
-11.201549530029297
-11.199783325195312
-11.202972412109375
-11.190494537353516
-11.194826126098633
-11.189573287963867
-11.196495056152344
-11.199315071105957
-11.199549674987793
-11.201821327209473
-11.209094047546387
-11.202032089233398
-11.1953125
-11.17883586883545
-11.158692359924316
-11.175183296203613
-11.18783187866211
-11.202319145202637
-11.200860977172852
-11.201750755310059
-11.197352409362793
-11.193462371826172
-11.189326286315918
-11.199423789978027
-11.206857681274414
-11.20256519317627
-11.20706844329834
-11.197297096252441
-11.200084686279297
-11.192230224609375
-11.186447143554688
-11.191763877868652
-11.194053649902344
-11.199627876281738
-11.212226867675781
-11.209956169128418
-11.203261375427246
-11.199783325195312
-11.201896667480469
-11.207649230957031
-11.207165718078613
-11.200987815856934
-11.218730926513672
-11.21500015258789
-11.201082229614258
-11.208137512207031
-11.208433151245117
-11.19887638092041
-11.20429801940918
-11.207008361816406
-11.207385063171387
-11.211967468261719
-11.217973709106445
-11.21710205078125
-11.21399211883545
-11.205459594726562
-11.208605766296387
-11.21163558959961
-11.211146354675293
-11.213761329650879
-11.206343650817871
-11.198631286621094
-11.209552764892578
-11.209970474243164
-11.202247619628906
-11.210029602050781
-11.214357376098633
-11.201312065124512
-11.20923900604248
-11.213431358337402
-11.217960357666016
-11.221131324768066
-11.209108352661133
-11.21030330657959
-11.207024574279785
-11.20206069946289
-11.202649116516113
-11.20771312713623
-11.215492248535156
-11.211825370788574
-11.21403694152832
-11.211063385009766
-11.215538024902344
-11.21409797668457
-11.223301887512207
-11.214238166809082
-11.209789276123047
-11.214252471923828
-11.214690208435059
-11.206831932067871
-11.210176467895508
-11.223915100097656
-11.210441589355469
-11.207898139953613
-11.21716594696045
-11.226163864135742
-11.221532821655273
-11.211824417114258
-11.217191696166992
-11.219505310058594
-11.219464302062988
-11.212601661682129
-11.22354793548584
-11.216445922851562
-11.212516784667969
-11.219192504882812
-11.21910572052002
-11.219560623168945
-11.223810195922852
-11.213653564453125
-11.214466094970703
-11.217463493347168
-11.208349227905273
-11.207834243774414
-11.216363906860352
-11.204665184020996
-11.198798179626465
-11.180912971496582
-11.161844253540039
-11.168756484985352
-11.157649993896484
-11.180597305297852
-11.203453063964844
-11.216141700744629
-11.209999084472656
-11.196486473083496
-11.167461395263672
-11.167917251586914
-11.172249794006348
-11.174689292907715
-11.17798137664795
-11.208508491516113
-11.210147857666016
-11.175495147705078
-11.154912948608398
-11.17475700378418
-11.200030326843262
-11.192953109741211
-11.204821586608887
-11.214431762695312
-11.209102630615234
-11.194925308227539
-11.20875358581543
-11.189844131469727
-11.152181625366211
-11.147311210632324
-11.173328399658203
-11.203097343444824
-11.215092658996582
-11.210830688476562
-11.210068702697754
-11.21262264251709
-11.219882011413574
-11.185250282287598
-11.119793891906738
-11.163788795471191
-11.213740348815918
-11.202557563781738
-11.160809516906738
-11.159582138061523
-11.199666976928711
-11.211963653564453
-11.176026344299316
-11.149310111999512
-11.173457145690918
-11.20602035522461
-11.20396614074707
-11.196892738342285
-11.205520629882812
-11.218689918518066
-11.215100288391113
-11.216240882873535
-11.217761993408203
-11.22965145111084
-11.221611022949219
-11.219618797302246
-11.223038673400879
-11.22050666809082
-11.221904754638672
-11.218250274658203
-11.223187446594238
-11.220312118530273
-11.218262672424316
-11.230114936828613
-11.225419044494629
-11.206501007080078
-11.210073471069336
-11.223540306091309
-11.224944114685059
-11.222107887268066
-11.217772483825684
-11.2199068069458
-11.22341537475586
-11.230987548828125
-11.226471900939941
-11.225759506225586
-11.224278450012207
-11.225471496582031
-11.21987247467041
-11.22106647491455
-11.23157024383545
-11.230254173278809
-11.222501754760742
-11.205464363098145
-11.197111129760742
-11.223553657531738
-11.225354194641113
-11.227655410766602
-11.218303680419922
-11.199531555175781
-11.196531295776367
-11.216792106628418
-11.223128318786621
-11.2380952835083
-11.233208656311035
-11.219722747802734
-11.211277961730957
-11.21493911743164
-11.214136123657227
-11.218268394470215
-11.221117973327637
-11.22453498840332
-11.224153518676758
-11.226470947265625
-11.227763175964355
-11.208518028259277
-11.181550979614258
-11.17862319946289
-11.215066909790039
-11.230738639831543
-11.197161674499512
-11.192378997802734
-11.190991401672363
-11.203943252563477
-11.222999572753906
-11.228432655334473
-11.202179908752441
-11.204048156738281
-11.225231170654297
-11.229304313659668
-11.223618507385254
-11.218635559082031
-11.235859870910645
-11.232512474060059
-11.228133201599121
-11.223196983337402
-11.229745864868164
-11.225349426269531
-11.232161521911621
-11.211175918579102
-11.21540355682373
-11.220410346984863
-11.221363067626953
-11.225809097290039
-11.219877243041992
-11.208362579345703
-11.16843318939209
-11.17416763305664
-11.215230941772461
-11.198131561279297
-11.117246627807617
-11.144000053405762
-11.222278594970703
-11.189685821533203
-11.156752586364746
-11.215584754943848
-11.230032920837402
-11.20064926147461
-11.195924758911133
-11.224796295166016
-11.236909866333008
-11.223586082458496
-11.206443786621094
-11.220287322998047
-11.230481147766113
-11.23255443572998
-11.237403869628906
-11.240267753601074
-11.216617584228516
-11.227563858032227
-11.223343849182129
-11.238981246948242
-11.226897239685059
-11.21970272064209
-11.217068672180176
-11.235145568847656
-11.24291706085205
-11.230536460876465
-11.21555233001709
-11.19717025756836
-11.218816757202148
-11.231148719787598
-11.236593246459961
-11.224513053894043
-11.2247896194458
-11.223231315612793
-11.227181434631348
-11.236800193786621
-11.228001594543457
-11.223993301391602
-11.236762046813965
-11.230875968933105
-11.234599113464355
-11.226283073425293
-11.225980758666992
-11.221367835998535
-11.227673530578613
-11.23089599609375
-11.23712158203125
-11.24024772644043
-11.236641883850098
-11.228730201721191
-11.220839500427246
-11.215475082397461
-11.227099418640137
-11.239702224731445
-11.235952377319336
-11.224202156066895
-11.206158638000488
-11.225571632385254
-11.237874031066895
-11.218461036682129
-11.217055320739746
-11.20433235168457
-11.222399711608887
-11.244754791259766
-11.236090660095215
-11.229711532592773
-11.213220596313477
-11.231255531311035
-11.235361099243164
-11.242544174194336
-11.236898422241211
-11.229804992675781
-11.225358963012695
-11.23985481262207
-11.231741905212402
-11.209726333618164
-11.210275650024414
-11.237215042114258
-11.232255935668945
-11.228321075439453
-11.217022895812988
-11.222426414489746
-11.227108001708984
-11.24534797668457
-11.233280181884766
-11.21288013458252
-11.18602466583252
-11.199031829833984
-11.224995613098145
-11.224727630615234
-11.138551712036133
-11.150262832641602
-11.23226261138916
-11.199319839477539
-11.108794212341309
-11.165364265441895
-11.245491027832031
-11.186368942260742
-11.138993263244629
-11.217228889465332
-11.236396789550781
-11.176380157470703
-11.16629695892334
-11.233917236328125
-11.231314659118652
-11.198216438293457
-11.22458553314209
-11.234575271606445
-11.228501319885254
-11.208237648010254
-11.220685958862305
-11.242390632629395
-11.239347457885742
-11.227682113647461
-11.227218627929688
-11.237147331237793
-11.238578796386719
-11.229286193847656
-11.243619918823242
-11.249749183654785
-11.241400718688965
-11.226603507995605
-11.230435371398926
-11.249829292297363
-11.2344331741333
-11.235559463500977
-11.240316390991211
-11.245311737060547
-11.244991302490234
-11.24113941192627
-11.236577987670898
-11.246713638305664
-11.249431610107422
-11.248257637023926
-11.247391700744629
-11.244516372680664
-11.241031646728516
-11.246702194213867
-11.244002342224121
-11.241501808166504
-11.239970207214355
-11.252386093139648
-11.245229721069336
-11.247618675231934
-11.246113777160645
-11.244041442871094
-11.249733924865723
-11.245506286621094
-11.24854564666748
-11.243864059448242
-11.248763084411621
-11.251981735229492
-11.247875213623047
-11.250930786132812
-11.243378639221191
-11.252026557922363
-11.247574806213379
-11.23896598815918
-11.244916915893555
-11.246238708496094
-11.249363899230957
-11.252367973327637
-11.2467679977417
-11.248702049255371
-11.245506286621094
-11.246281623840332
-11.244319915771484
-11.248079299926758
-11.252232551574707
-11.255199432373047
-11.249606132507324
-11.250102996826172
-11.249654769897461
-11.250386238098145
-11.256877899169922
-11.251591682434082
-11.261610984802246
-11.250154495239258
-11.255194664001465
-11.247818946838379
-11.251385688781738
-11.24318790435791
-11.256284713745117
-11.257152557373047
-11.26140022277832
-11.250807762145996
-11.24515151977539
-11.253654479980469
-11.251107215881348
-11.246583938598633
-11.249268531799316
-11.256035804748535
-11.2488374710083
-11.258256912231445
-11.246648788452148
-11.251335144042969
-11.244441986083984
-11.250643730163574
-11.254981994628906
-11.244512557983398
-11.252270698547363
-11.249184608459473
-11.255446434020996
-11.25312328338623
-11.254178047180176
-11.258834838867188
-11.25140380859375
-11.249659538269043
-11.248600006103516
-11.250417709350586
-11.252250671386719
-11.247899055480957
-11.245949745178223
-11.262007713317871
-11.24487590789795
-11.25351619720459
-11.24606704711914
-11.256274223327637
-11.247270584106445
-11.253875732421875
-11.252720832824707
-11.25931453704834
-11.254414558410645
-11.250784873962402
-11.257732391357422
-11.255188941955566
-11.257615089416504
-11.250382423400879
-11.255491256713867
-11.256967544555664
-11.2598876953125
-11.258932113647461
-11.257526397705078
-11.252498626708984
-11.251185417175293
-11.25579833984375
-11.250550270080566
-11.25021743774414
-11.263606071472168
-11.252161026000977
-11.250843048095703
-11.253233909606934
-11.25606918334961
-11.253543853759766
-11.258710861206055
-11.255857467651367
-11.258711814880371
-11.256856918334961
-11.253619194030762
-11.257590293884277
-11.255814552307129
-11.260655403137207
-11.263297080993652
-11.260868072509766
-11.258016586303711
-11.253847122192383
-11.263400077819824
-11.247642517089844
-11.250218391418457
-11.257579803466797
-11.25612735748291
-11.260485649108887
-11.250107765197754
-11.261541366577148
-11.260306358337402
-11.258639335632324
-11.259736061096191
-11.258959770202637
-11.255613327026367
-11.2504243850708
-11.257670402526855
-11.263717651367188
-11.261743545532227
-11.26108455657959
-11.251620292663574
-11.259888648986816
-11.252973556518555
-11.255109786987305
-11.256977081298828
-11.264432907104492
-11.258868217468262
-11.262908935546875
-11.260310173034668
-11.257499694824219
-11.26042366027832
-11.263894081115723
-11.253386497497559
-11.259758949279785
-11.255585670471191
-11.253486633300781
-11.24964714050293
-11.250736236572266
-11.249082565307617
-11.253405570983887
-11.254753112792969
-11.252729415893555
-11.249566078186035
-11.244331359863281
-11.247784614562988
-11.243526458740234
-11.249783515930176
-11.244828224182129
-11.241165161132812
-11.254127502441406
-11.256698608398438
-11.26025104522705
-11.252845764160156
-11.23546028137207
-11.199384689331055
-11.210598945617676
-11.228562355041504
-11.24378776550293
-11.251729011535645
-11.254556655883789
-11.250173568725586
-11.227725982666016
-11.214282989501953
-11.2233304977417
-11.244365692138672
-11.257113456726074
-11.2596435546875
-11.247467041015625
-11.230026245117188
-11.21816635131836
-11.234682083129883
-11.247916221618652
-11.252467155456543
-11.265545845031738
-11.254517555236816
-11.247843742370605
-11.237961769104004
-11.224672317504883
-11.240222930908203
-11.251113891601562
-11.263056755065918
-11.260553359985352
-11.25093936920166
-11.245095252990723
-11.22977352142334
-11.2379789352417
-11.237262725830078
-11.256485939025879
-11.251163482666016
-11.26082706451416
-11.258293151855469
-11.267813682556152
-11.255107879638672
-11.25955581665039
-11.264394760131836
-11.26168441772461
-11.260648727416992
-11.263425827026367
-11.263792037963867
-11.261154174804688
-11.255573272705078
-11.257919311523438
-11.26310920715332
-11.261343955993652
-11.261242866516113
-11.258913040161133
-11.263507843017578
-11.270119667053223
-11.2632417678833
-11.258868217468262
-11.26222038269043
-11.265422821044922
-11.259117126464844
-11.26585865020752
-11.254681587219238
-11.247875213623047
-11.23910140991211
-11.239801406860352
-11.241944313049316
-11.253941535949707
-11.261381149291992
-11.258101463317871
-11.260943412780762
-11.263667106628418
-11.257759094238281
-11.254244804382324
-11.248591423034668
-11.236689567565918
-11.22608470916748
-11.22859001159668
-11.24154281616211
-11.257490158081055
-11.26347541809082
-11.25012493133545
-11.230494499206543
-11.229267120361328
-11.239278793334961
-11.242328643798828
-11.262548446655273
-11.26461124420166
-11.247111320495605
-11.22368335723877
-11.210134506225586
-11.22556209564209
-11.243141174316406
-11.24686050415039
-11.22217082977295
-11.195858001708984
-11.209238052368164
-11.253630638122559
-11.261351585388184
-11.272127151489258
-11.259099960327148
-11.25809383392334
-11.258147239685059
-11.262012481689453
-11.250774383544922
-11.235944747924805
-11.205936431884766
-11.209137916564941
-11.237103462219238
-11.263412475585938
-11.269293785095215
-11.25272274017334
-11.235138893127441
-11.24151611328125
-11.24474811553955
-11.258591651916504
-11.25731372833252
-11.258060455322266
-11.236653327941895
-11.231365203857422
-11.257755279541016
-11.259754180908203
-11.259011268615723
-11.24585247039795
-11.243229866027832
-11.260526657104492
-11.271594047546387
-11.262325286865234
-11.253010749816895
-11.259634971618652
-11.260749816894531
-11.261941909790039
-11.262978553771973
-11.25326919555664
-11.244515419006348
-11.238310813903809
-11.234807014465332
-11.258859634399414
-11.26225757598877
-11.25833797454834
-11.255120277404785
-11.248779296875
-11.255351066589355
-11.247029304504395
-11.261631965637207
-11.267950057983398
-11.26794719696045
-11.263203620910645
-11.25950813293457
-11.25062370300293
-11.254467964172363
-11.270308494567871
-11.256609916687012
-11.250452995300293
-11.239644050598145
-11.243010520935059
-11.25308895111084
-11.26616096496582
-11.263666152954102
-11.267769813537598
-11.261698722839355
-11.265360832214355
-11.261707305908203
-11.262843132019043
-11.270567893981934
-11.266251564025879
-11.269543647766113
-11.260927200317383
-11.272445678710938
-11.264032363891602
-11.270092010498047
-11.27352237701416
-11.27212142944336
-11.273566246032715
-11.267128944396973
-11.261242866516113
-11.270691871643066
-11.270476341247559
-11.266754150390625
-11.264273643493652
-11.270034790039062
-11.268409729003906
-11.265839576721191
-11.260920524597168
-11.261956214904785
-11.264737129211426
-11.265693664550781
-11.268994331359863
-11.27002239227295
-11.270174980163574
-11.274690628051758
-11.259737014770508
-11.27241039276123
-11.270689010620117
-11.266251564025879
-11.268389701843262
-11.26782512664795
-11.267895698547363
-11.267328262329102
-11.277972221374512
-11.271295547485352
-11.265705108642578
-11.267446517944336
-11.256721496582031
-11.262160301208496
-11.250565528869629
-11.252580642700195
-11.267753601074219
-11.268593788146973
-11.268821716308594
-11.273433685302734
-11.267964363098145
-11.261235237121582
-11.259756088256836
-11.264816284179688
-11.269327163696289
-11.270442962646484
-11.268465042114258
-11.26830005645752
-11.270271301269531
-11.273357391357422
-11.27957534790039
-11.268848419189453
-11.277559280395508
-11.26961898803711
-11.277053833007812
-11.270792007446289
-11.268707275390625
-11.2735013961792
-11.276914596557617
-11.271926879882812
-11.267528533935547
-11.263701438903809
-11.260554313659668
-11.261037826538086
-11.250144004821777
-11.252155303955078
-11.249406814575195
-11.253775596618652
-11.266282081604004
-11.27328872680664
-11.261462211608887
-11.252001762390137
-11.248344421386719
-11.243769645690918
-11.252737045288086
-11.266915321350098
-11.268427848815918
-11.271055221557617
-11.268851280212402
-11.267330169677734
-11.275093078613281
-11.26335620880127
-11.252856254577637
-11.241495132446289
-11.245471954345703
-11.243842124938965
-11.256800651550293
-11.238443374633789
-11.241889953613281
-11.257067680358887
-11.263813972473145
-11.270530700683594
-11.26834487915039
-11.274188995361328
-11.270838737487793
-11.268960952758789
-11.27064037322998
-11.27125358581543
-11.268048286437988
-11.26412296295166
-11.268674850463867
-11.27607536315918
-11.275114059448242
-11.26546573638916
-11.251240730285645
-11.254854202270508
-11.264655113220215
-11.27402400970459
-11.270831108093262
-11.262113571166992
-11.26551342010498
-11.257373809814453
-11.24946117401123
-11.255973815917969
-11.27227783203125
-11.269639015197754
-11.27416706085205
-11.267437934875488
-11.263240814208984
-11.259224891662598
-11.265713691711426
-11.270672798156738
-11.274835586547852
-11.276813507080078
-11.262160301208496
-11.228421211242676
-11.236621856689453
-11.255269050598145
-11.275270462036133
-11.280765533447266
-11.263628959655762
-11.268051147460938
-11.265766143798828
-11.271822929382324
-11.275812149047852
-11.277191162109375
-11.271191596984863
-11.265359878540039
-11.27640438079834
-11.27187728881836
-11.267827033996582
-11.245514869689941
-11.238492965698242
-11.252212524414062
-11.267108917236328
-11.277928352355957
-11.279708862304688
-11.272139549255371
-11.275518417358398
-11.276479721069336
-11.270805358886719
-11.274413108825684
-11.277078628540039
-11.270707130432129
-11.274770736694336
-11.275903701782227
-11.27872371673584
-11.268680572509766
-11.267960548400879
-11.27041244506836
-11.272042274475098
-11.268834114074707
-11.275541305541992
-11.278828620910645
-11.268119812011719
-11.281990051269531
-11.277440071105957
-11.27718734741211
-11.274972915649414
-11.273812294006348
-11.277711868286133
-11.274859428405762
-11.280610084533691
-11.281716346740723
-11.273938179016113
-11.28576946258545
-11.27690315246582
-11.279010772705078
-11.277665138244629
-11.27958869934082
-11.279006004333496
-11.284242630004883
-11.277766227722168
-11.281134605407715
-11.279494285583496
-11.276832580566406
-11.280508041381836
-11.27803897857666
-11.272452354431152
-11.273466110229492
-11.280882835388184
-11.279029846191406
-11.275796890258789
-11.275508880615234
-11.27452564239502
-11.269600868225098
-11.26137924194336
-11.267146110534668
-11.264267921447754
-11.275053977966309
-11.275749206542969
-11.276623725891113
-11.275217056274414
-11.266828536987305
-11.258292198181152
-11.258096694946289
-11.2590970993042
-11.272064208984375
-11.281299591064453
-11.282800674438477
-11.282989501953125
-11.270752906799316
-11.259590148925781
-11.255051612854004
-11.252707481384277
-11.265534400939941
-11.26080322265625
-11.27319622039795
-11.274888038635254
-11.28368854522705
-11.277167320251465
-11.2630615234375
-11.254899024963379
-11.2535982131958
-11.263394355773926
-11.28007698059082
-11.272679328918457
-11.280755043029785
-11.283920288085938
-11.278867721557617
-11.271145820617676
-11.262544631958008
-11.248044967651367
-11.254030227661133
-11.268896102905273
-11.280747413635254
-11.280882835388184
-11.272614479064941
-11.252571105957031
-11.246563911437988
-11.261079788208008
-11.278261184692383
-11.279468536376953
-11.276738166809082
-11.267072677612305
-11.258721351623535
-11.26375675201416
-11.268560409545898
-11.275967597961426
-11.285094261169434
-11.28405475616455
-11.27037525177002
-11.260830879211426
-11.270832061767578
-11.271346092224121
-11.257707595825195
-11.207735061645508
-11.17959976196289
-11.23222827911377
-11.26931095123291
-11.196271896362305
-11.093536376953125
-11.226984977722168
-11.263176918029785
-11.155620574951172
-11.12016487121582
-11.254364013671875
-11.270257949829102
-11.181357383728027
-11.161043167114258
-11.260236740112305
-11.259041786193848
-11.154718399047852
-11.188316345214844
-11.266016960144043
-11.279970169067383
-11.235310554504395
-11.225044250488281
-11.2709379196167
-11.273660659790039
-11.246185302734375
-11.255620002746582
-11.270326614379883
-11.290621757507324
-11.27853012084961
-11.276287078857422
-11.268722534179688
-11.276132583618164
-11.281627655029297
-11.288971900939941
-11.27973747253418
-11.280771255493164
-11.28469181060791
-11.282779693603516
-11.280435562133789
-11.275921821594238
-11.288506507873535
-11.283313751220703
-11.270934104919434
-11.26806926727295
-11.269732475280762
-11.282093048095703
-11.285238265991211
-11.276061058044434
-11.269862174987793
-11.267149925231934
-11.28200912475586
-11.282561302185059
-11.291500091552734
-11.279948234558105
-11.283690452575684
-11.288267135620117
-11.287269592285156
-11.278482437133789
-11.275078773498535
-11.283669471740723
-11.288163185119629
-11.27879810333252
-11.267426490783691
-11.273103713989258
-11.274858474731445
-11.283991813659668
-11.277876853942871
-11.279572486877441
-11.28519344329834
-11.269418716430664
-11.270807266235352
-11.285343170166016
-11.285794258117676
-11.277356147766113
-11.26928424835205
-11.280071258544922
-11.276153564453125
-11.259644508361816
-11.212438583374023
-11.218929290771484
-11.272884368896484
-11.258880615234375
-11.20674991607666
-11.1968355178833
-11.25666332244873
-11.282828330993652
-11.239603042602539
-11.209343910217285
-11.248865127563477
-11.280835151672363
-11.243339538574219
-11.20213794708252
-11.257209777832031
-11.276806831359863
-11.231679916381836
-11.209619522094727
-11.252817153930664
-11.283571243286133
-11.265863418579102
-11.262777328491211
-11.27871322631836
-11.282331466674805
-11.281929016113281
-11.278434753417969
-11.277503967285156
-11.283397674560547
-11.286553382873535
-11.283186912536621
-11.283000946044922
-11.284754753112793
-11.277809143066406
-11.283979415893555
-11.280545234680176
-11.2874755859375
-11.291707038879395
-11.279764175415039
-11.282331466674805
-11.286361694335938
-11.284634590148926
-11.288559913635254
-11.277907371520996
-11.29454517364502
-11.284390449523926
-11.278912544250488
-11.27397632598877
-11.285887718200684
-11.289020538330078
-11.286299705505371
-11.279717445373535
-11.275551795959473
-11.28364086151123
-11.292703628540039
-11.284765243530273
-11.28835678100586
-11.287378311157227
-11.291316032409668
-11.280818939208984
-11.285876274108887
-11.288168907165527
-11.283672332763672
-11.28816032409668
-11.288507461547852
-11.283181190490723
-11.2901029586792
-11.28662395477295
-11.290656089782715
-11.280749320983887
-11.282760620117188
-11.286149024963379
-11.28980827331543
-11.28387451171875
-11.284021377563477
-11.28458309173584
-11.285579681396484
-11.290176391601562
-11.285831451416016
-11.2845458984375
-11.287285804748535
-11.285828590393066
-11.288394927978516
-11.289005279541016
-11.293286323547363
-11.287914276123047
-11.290705680847168
-11.291339874267578
-11.285825729370117
-11.291571617126465
-11.291763305664062
-11.287490844726562
-11.292709350585938
-11.294021606445312
-11.289226531982422
-11.287393569946289
-11.298393249511719
-11.287184715270996
-11.291531562805176
-11.292027473449707
-11.294197082519531
-11.288309097290039
-11.292362213134766
-11.285725593566895
-11.287335395812988
-11.288775444030762
-11.289240837097168
-11.2919921875
-11.290514945983887
-11.29153823852539
-11.290709495544434
-11.292489051818848
-11.292069435119629
-11.287967681884766
-11.28831672668457
-11.289694786071777
-11.297165870666504
-11.293187141418457
-11.29249382019043
-11.287935256958008
-11.28785514831543
-11.294657707214355
-11.287970542907715
-11.2886323928833
-11.291815757751465
-11.292354583740234
-11.296089172363281
-11.294647216796875
-11.287665367126465
-11.290719032287598
-11.288002967834473
-11.295697212219238
-11.28603744506836
-11.291431427001953
-11.29638957977295
-11.29081916809082
-11.290380477905273
-11.28839111328125
-11.28969669342041
-11.293524742126465
-11.286834716796875
-11.293014526367188
-11.292567253112793
-11.287949562072754
-11.292400360107422
-11.290776252746582
-11.297289848327637
-11.294472694396973
-11.29591178894043
-11.294538497924805
-11.297715187072754
-11.28927230834961
-11.290651321411133
-11.292824745178223
-11.297002792358398
-11.295028686523438
-11.288274765014648
-11.28351879119873
-11.281235694885254
-11.280882835388184
-11.287107467651367
-11.291326522827148
-11.290762901306152
-11.286020278930664
-11.283692359924316
-11.28735065460205
-11.291089057922363
-11.292996406555176
-11.296626091003418
-11.298593521118164
-11.294093132019043
-11.288427352905273
-11.294681549072266
-11.290793418884277
-11.285354614257812
-11.292348861694336
-11.287253379821777
-11.2952241897583
-11.296030044555664
-11.286944389343262
-11.297979354858398
-11.288427352905273
-11.29471492767334
-11.2927827835083
-11.297131538391113
-11.285012245178223
-11.289812088012695
-11.29089641571045
-11.296721458435059
-11.296706199645996
-11.298348426818848
-11.291091918945312
-11.294296264648438
-11.302285194396973
-11.290907859802246
-11.290515899658203
-11.290240287780762
-11.288893699645996
-11.298657417297363
-11.297922134399414
-11.294166564941406
-11.291173934936523
-11.291865348815918
-11.287585258483887
-11.29381275177002
-11.293716430664062
-11.291465759277344
-11.292224884033203
-11.29249382019043
-11.290212631225586
-11.298830032348633
-11.29443359375
-11.288070678710938
-11.280388832092285
-11.285310745239258
-11.287941932678223
-11.294301986694336
-11.293505668640137
-11.291685104370117
-11.281241416931152
-11.285781860351562
-11.291217803955078
-11.28674602508545
-11.287975311279297
-11.29486083984375
-11.29885482788086
-11.287881851196289
-11.29174518585205
-11.294367790222168
-11.292503356933594
-11.285189628601074
-11.282671928405762
-11.265401840209961
-11.256608963012695
-11.279544830322266
-11.280583381652832
-11.295798301696777
-11.293625831604004
-11.281525611877441
-11.264787673950195
-11.232061386108398
-11.23428726196289
-11.2693510055542
-11.288240432739258
-11.287230491638184
-11.293952941894531
-11.296721458435059
-11.29062557220459
-11.290237426757812
-11.277413368225098
-11.279748916625977
-11.27383041381836
-11.269763946533203
-11.282700538635254
-11.288576126098633
-11.292924880981445
-11.294751167297363
-11.28946590423584
-11.290907859802246
-11.29399585723877
-11.298656463623047
-11.292950630187988
-11.295793533325195
-11.295928955078125
-11.297082901000977
-11.29605770111084
-11.294439315795898
-11.291705131530762
-11.29576587677002
-11.30126953125
-11.295016288757324
-11.29918098449707
-11.291084289550781
-11.298354148864746
-11.29078483581543
-11.297027587890625
-11.293817520141602
-11.293069839477539
-11.289302825927734
-11.299431800842285
-11.297780990600586
-11.296708106994629
-11.300851821899414
-11.292797088623047
-11.294618606567383
-11.29220199584961
-11.293275833129883
-11.292828559875488
-11.298540115356445
-11.300027847290039
-11.289018630981445
-11.296674728393555
-11.29317569732666
-11.29955005645752
-11.295623779296875
-11.293594360351562
-11.29599380493164
-11.297568321228027
-11.288759231567383
-11.295309066772461
-11.289814949035645
-11.29135799407959
-11.29115104675293
-11.290719032287598
-11.297323226928711
-11.295010566711426
-11.289416313171387
-11.293781280517578
-11.290850639343262
-11.296321868896484
-11.29061508178711
-11.290491104125977
-11.280862808227539
-11.283136367797852
-11.277766227722168
-11.27346134185791
-11.272032737731934
-11.270753860473633
-11.273565292358398
-11.274317741394043
-11.281978607177734
-11.290583610534668
-11.296064376831055
-11.29533576965332
-11.290675163269043
-11.262934684753418
-11.228920936584473
-11.226661682128906
-11.25402545928955
-11.273998260498047
-11.29764461517334
-11.275107383728027
-11.214571952819824
-11.222681999206543
-11.272381782531738
-11.292783737182617
-11.2731351852417
-11.22195053100586
-11.195068359375
-11.257394790649414
-11.291661262512207
-11.279253005981445
-11.257790565490723
-11.260722160339355
-11.275060653686523
-11.290478706359863
-11.299871444702148
-11.295000076293945
-11.293973922729492
-11.290142059326172
-11.294441223144531
-11.29726791381836
-11.286494255065918
-11.287885665893555
-11.286103248596191
-11.293651580810547
-11.294912338256836
-11.282450675964355
-11.279365539550781
-11.277809143066406
-11.288396835327148
-11.290221214294434
-11.28669261932373
-11.242307662963867
-11.218795776367188
-11.248432159423828
-11.291565895080566
-11.266130447387695
-11.208939552307129
-11.230552673339844
-11.280328750610352
-11.231799125671387
-11.183606147766113
-11.257736206054688
-11.295820236206055
-11.254402160644531
-11.24187183380127
-11.269760131835938
-11.288565635681152
-11.292705535888672
-11.286652565002441
-11.294392585754395
-11.294880867004395
-11.292991638183594
-11.295720100402832
-11.297894477844238
-11.285690307617188
-11.278411865234375
-11.288440704345703
-11.297516822814941
-11.295144081115723
-11.279826164245605
-11.27807903289795
-11.27910041809082
-11.283182144165039
-11.298184394836426
-11.296382904052734
-11.297642707824707
-11.292954444885254
-11.297064781188965
-11.301573753356934
-11.304437637329102
-11.29147720336914
-11.294124603271484
-11.297950744628906
-11.298957824707031
-11.302375793457031
-11.301241874694824
-11.298604965209961
-11.299405097961426
-11.301994323730469
-11.297746658325195
-11.30132007598877
-11.29934024810791
-11.302306175231934
-11.298133850097656
-11.302911758422852
-11.296004295349121
-11.300497055053711
-11.300593376159668
-11.297953605651855
-11.299090385437012
-11.30201244354248
-11.29946517944336
-11.296385765075684
-11.302362442016602
-11.29611587524414
-11.304327011108398
-11.300910949707031
-11.29826545715332
-11.298541069030762
-11.303816795349121
-11.303775787353516
-11.304829597473145
-11.303655624389648
-11.29931640625
-11.298858642578125
-11.300955772399902
-11.302362442016602
-11.301350593566895
-11.298455238342285
-11.302530288696289
-11.300732612609863
-11.303433418273926
-11.301798820495605
-11.303522109985352
-11.303524017333984
-11.300680160522461
-11.30106258392334
-11.30376148223877
-11.30016040802002
-11.300028800964355
-11.29832649230957
-11.301497459411621
-11.30240249633789
-11.297554016113281
-11.30416202545166
-11.303085327148438
-11.305965423583984
-11.308441162109375
-11.306122779846191
-11.30636215209961
-11.304842948913574
-11.304567337036133
-11.301944732666016
-11.304954528808594
-11.307467460632324
-11.297272682189941
-11.303423881530762
-11.304235458374023
-11.296246528625488
-11.305418014526367
-11.305506706237793
-11.30335807800293
-11.298792839050293
-11.303533554077148
-11.302398681640625
-11.300514221191406
-11.303336143493652
-11.30441665649414
-11.307584762573242
-11.301909446716309
-11.304781913757324
-11.301411628723145
-11.30659294128418
-11.304699897766113
-11.301491737365723
-11.304269790649414
-11.304232597351074
-11.305418968200684
-11.303451538085938
-11.303727149963379
-11.30453872680664
-11.30213737487793
-11.302396774291992
-11.304365158081055
-11.302525520324707
-11.300999641418457
-11.306930541992188
-11.30444049835205
-11.303742408752441
-11.306114196777344
-11.303664207458496
-11.30504035949707
-11.305432319641113
-11.300883293151855
-11.307388305664062
-11.303789138793945
-11.303956031799316
-11.302910804748535
-11.30079174041748
-11.29997730255127
-11.298665046691895
-11.291729927062988
-11.274088859558105
-11.267227172851562
-11.271657943725586
-11.26456069946289
-11.282655715942383
-11.2938232421875
-11.297856330871582
-11.299056053161621
-11.301093101501465
-11.299894332885742
-11.293545722961426
-11.292888641357422
-11.295500755310059
-11.298300743103027
-11.2979097366333
-11.306835174560547
-11.30699348449707
-11.298103332519531
-11.287076950073242
-11.272903442382812
-11.277212142944336
-11.28246784210205
-11.290757179260254
-11.305021286010742
-11.303263664245605
-11.302056312561035
-11.286003112792969
-11.258724212646484
-11.244844436645508
-11.281482696533203
-11.299809455871582
-11.30805492401123
-11.306431770324707
-11.285967826843262
-11.274229049682617
-11.287759780883789
-11.297364234924316
-11.285157203674316
-11.257367134094238
-11.258803367614746
-11.279533386230469
-11.306031227111816
-11.301345825195312
-11.289108276367188
-11.275918006896973
-11.276033401489258
-11.282459259033203
-11.289447784423828
-11.301140785217285
-11.29879093170166
-11.297656059265137
-11.275917053222656
-11.273569107055664
-11.279019355773926
-11.289429664611816
-11.2931489944458
-11.301045417785645
-11.283207893371582
-11.281044960021973
-11.293509483337402
-11.291804313659668
-11.303125381469727
-11.294052124023438
-11.279242515563965
-11.280841827392578
-11.294431686401367
-11.305368423461914
-11.30092716217041
-11.276715278625488
-11.2449951171875
-11.248388290405273
-11.284507751464844
-11.298223495483398
-11.27161979675293
-11.234519004821777
-11.262534141540527
-11.295700073242188
-11.298672676086426
-11.26030158996582
-11.243255615234375
-11.288895606994629
-11.311062812805176
-11.29836368560791
-11.283478736877441
-11.281179428100586
-11.294435501098633
-11.29857349395752
-11.289257049560547
-11.272536277770996
-11.278706550598145
-11.29556941986084
-11.301422119140625
-11.300643920898438
-11.304433822631836
-11.307622909545898
-11.305418968200684
-11.306035041809082
-11.299276351928711
-11.301880836486816
-11.301941871643066
-11.299890518188477
-11.298151969909668
-11.300506591796875
-11.305973052978516
-11.301589012145996
-11.298859596252441
-11.291784286499023
-11.288034439086914
-11.292038917541504
-11.297820091247559
-11.30063247680664
-11.297224998474121
-11.293660163879395
-11.29200553894043
-11.294466018676758
-11.303287506103516
-11.310742378234863
-11.302436828613281
-11.292278289794922
-11.297148704528809
-11.296794891357422
-11.306611061096191
-11.306041717529297
-11.304551124572754
-11.301229476928711
-11.295967102050781
-11.298917770385742
-11.298910140991211
-11.302054405212402
-11.305971145629883
-11.302247047424316
-11.301813125610352
-11.300070762634277
-11.303092956542969
-11.30667781829834
-11.30363655090332
-11.304096221923828
-11.313522338867188
-11.301247596740723
-11.30832576751709
-11.306732177734375
-11.308549880981445
-11.310379981994629
-11.305656433105469
-11.304922103881836
-11.307601928710938
-11.302967071533203
-11.30579948425293
-11.307378768920898
-11.306821823120117
-11.305716514587402
-11.303900718688965
-11.30768871307373
-11.3026123046875
-11.3056058883667
-11.30659008026123
-11.309114456176758
-11.305675506591797
-11.305028915405273
-11.307536125183105
-11.307844161987305
-11.306639671325684
-11.30640697479248
-11.308039665222168
-11.307487487792969
-11.31076431274414
-11.308000564575195
-11.307621002197266
-11.304984092712402
-11.307313919067383
-11.30852222442627
-11.310492515563965
-11.308520317077637
-11.30792236328125
-11.306450843811035
-11.305668830871582
-11.30577278137207
-11.306671142578125
-11.305910110473633
-11.306622505187988
-11.309770584106445
-11.310962677001953
-11.304759979248047
-11.299205780029297
-11.299759864807129
-11.308700561523438
-11.308216094970703
-11.301655769348145
-11.301051139831543
-11.293490409851074
-11.291990280151367
-11.301255226135254
-11.30063247680664
-11.303628921508789
-11.305269241333008
-11.307401657104492
-11.300077438354492
-11.293776512145996
-11.294940948486328
-11.306907653808594
-11.305262565612793
-11.308069229125977
-11.290460586547852
-11.273151397705078
-11.270190238952637
-11.288125038146973
-11.306708335876465
-11.299226760864258
-11.273180961608887
-11.263765335083008
-11.276476860046387
-11.294389724731445
-11.308492660522461
-11.30226993560791
-11.277554512023926
-11.245340347290039
-11.253816604614258
-11.295123100280762
-11.312374114990234
-11.281813621520996
-11.241429328918457
-11.254988670349121
-11.292905807495117
-11.305688858032227
-11.290669441223145
-11.270265579223633
-11.281959533691406
-11.301505088806152
-11.310722351074219
-11.286303520202637
-11.271388053894043
-11.287378311157227
-11.308777809143066
-11.30012035369873
-11.291311264038086
-11.292129516601562
-11.299569129943848
-11.308259963989258
-11.30666446685791
-11.29238510131836
-11.297883987426758
-11.30507755279541
-11.303080558776855
-11.30662727355957
-11.305100440979004
-11.289173126220703
-11.288273811340332
-11.297567367553711
-11.30822467803955
-11.307910919189453
-11.305723190307617
-11.306744575500488
-11.30239486694336
-11.304393768310547
-11.310198783874512
-11.303070068359375
-11.295731544494629
-11.2975492477417
-11.30439567565918
-11.307649612426758
