loss_s
-3.237835645675659
-3.231269598007202
-3.2345759868621826
-3.3201239109039307
-3.2826550006866455
-3.324453115463257
-3.3644349575042725
-3.264726161956787
-3.329892635345459
-3.3000636100769043
-3.280076026916504
-3.3468832969665527
-3.362192392349243
-3.355681896209717
-3.3733620643615723
-3.3818821907043457
-3.4403703212738037
-3.437798261642456
-3.4736757278442383
-3.4654111862182617
-3.5185964107513428
-3.482901096343994
-3.4534454345703125
-3.508744239807129
-3.5866777896881104
-3.5496270656585693
-3.571742296218872
-3.5739707946777344
-3.5926077365875244
-3.6172659397125244
-3.638254404067993
-3.6365041732788086
-3.6962318420410156
-3.7720675468444824
-3.784501791000366
-3.9559309482574463
-3.9773895740509033
-3.8756353855133057
-4.060491561889648
-4.221789836883545
-4.115555763244629
-4.233642101287842
-4.607741832733154
-4.5327229499816895
-4.796377658843994
-4.8141889572143555
-4.830353736877441
-4.705664157867432
-4.825966835021973
-4.975469589233398
-5.009462356567383
-4.845480918884277
-4.8943963050842285
-4.833263874053955
-5.135232448577881
-5.015605449676514
-5.0135698318481445
-5.244548797607422
-5.405034065246582
-4.9905595779418945
-5.133403778076172
-5.195784091949463
-5.258626937866211
-5.318886756896973
-5.222017765045166
-5.423912048339844
-5.4282073974609375
-5.3552751541137695
-5.319702625274658
-5.295174598693848
-5.570169448852539
-5.413358211517334
-5.439481258392334
-5.641341209411621
-5.577763080596924
-5.502272129058838
-5.553287029266357
-5.6124186515808105
-5.72493839263916
-5.575976371765137
-5.803226470947266
-5.973421096801758
-5.763755798339844
-5.790985584259033
-5.908796310424805
-5.881198406219482
-5.890842914581299
-5.939820289611816
-5.893635272979736
-6.066708087921143
-6.040680885314941
-6.103251934051514
-6.238703727722168
-6.103036403656006
-6.2316813468933105
-6.362771034240723
-6.3518853187561035
-6.423273086547852
-6.410867691040039
-6.600399494171143
-6.527276992797852
-6.583629608154297
-6.743790149688721
-6.836911678314209
-6.744195461273193
-6.919496536254883
-6.867580413818359
-6.9833292961120605
-6.903192520141602
-7.07847785949707
-7.2629714012146
-7.445708751678467
-7.419765949249268
-7.393069267272949
-7.358489990234375
-7.490143299102783
-7.354015350341797
-7.4301605224609375
-7.4519853591918945
-7.4684672355651855
-7.438127517700195
-7.407687187194824
-7.397833824157715
-7.519095420837402
-7.5633440017700195
-7.6423773765563965
-7.588635444641113
-7.656668663024902
-7.618614673614502
-7.723466396331787
-7.66951847076416
-7.721145153045654
-7.678475856781006
-7.719780445098877
-7.71131706237793
-7.745199680328369
-7.812730312347412
-7.734765529632568
-7.666166305541992
-7.811553001403809
-7.760529518127441
-7.857480525970459
-7.814901351928711
-7.818872451782227
-7.885794162750244
-7.822793960571289
-7.893174648284912
-7.990931987762451
-7.914361000061035
-7.867578506469727
-7.966248035430908
-7.939303874969482
-7.965728759765625
-8.027647018432617
-8.00258731842041
-8.012758255004883
-7.908084869384766
-7.965185642242432
-8.0559720993042
-7.978654384613037
-8.067584037780762
-7.993797779083252
-8.04878044128418
-8.087568283081055
-8.117073059082031
-8.038782119750977
-8.094125747680664
-7.974037170410156
-8.075160026550293
-8.054312705993652
-8.147855758666992
-8.106657028198242
-8.033928871154785
-8.12476921081543
-8.025936126708984
-8.067841529846191
-8.042681694030762
-8.10012435913086
-8.133111953735352
-8.079728126525879
-8.186222076416016
-8.08935260772705
-8.119446754455566
-8.165270805358887
-8.200983047485352
-8.170458793640137
-8.125418663024902
-8.14615535736084
-8.151335716247559
-8.212713241577148
-8.215563774108887
-8.179900169372559
-8.200236320495605
-8.225151062011719
-8.1797456741333
-8.231329917907715
-8.165822982788086
-8.191617012023926
-8.26174259185791
-8.241500854492188
-8.20004940032959
-8.262096405029297
-8.26661205291748
-8.269883155822754
-8.258231163024902
-8.26669979095459
-8.234135627746582
-8.210823059082031
-8.268231391906738
-8.2868013381958
-8.275643348693848
-8.261768341064453
-8.28902530670166
-8.343006134033203
-8.282292366027832
-8.300366401672363
-8.319249153137207
-8.236949920654297
-8.304368019104004
-8.35779857635498
-8.302451133728027
-8.326518058776855
-8.336570739746094
-8.30029582977295
-8.293906211853027
-8.330465316772461
-8.303186416625977
-8.348759651184082
-8.178866386413574
-8.342132568359375
-8.343026161193848
-8.328624725341797
-8.34107780456543
-8.353811264038086
-8.350956916809082
-8.345956802368164
-8.355323791503906
-8.338752746582031
-8.318151473999023
-8.320953369140625
-8.334636688232422
-8.307121276855469
-8.357564926147461
-8.36362075805664
-8.374378204345703
-8.376214027404785
-8.35663890838623
-8.374955177307129
-8.387063026428223
-8.370856285095215
-8.376541137695312
-8.39210033416748
-8.385332107543945
-8.434569358825684
-8.360881805419922
-8.35226821899414
-8.404029846191406
-8.397431373596191
-8.364806175231934
-8.31660270690918
-8.380814552307129
-8.40988826751709
-8.233941078186035
-8.444378852844238
-8.258462905883789
-8.406855583190918
-8.43890380859375
-8.348271369934082
-8.40454387664795
-8.330733299255371
-8.428997993469238
-8.352409362792969
-8.3936128616333
-8.372669219970703
-8.300679206848145
-8.416418075561523
-8.275753021240234
-8.39715576171875
-8.24339771270752
-8.413385391235352
-8.472321510314941
-8.242718696594238
-8.42844295501709
-8.33168888092041
-8.351066589355469
-8.442975044250488
-8.312590599060059
-8.437737464904785
-8.377723693847656
-8.391530990600586
-8.474202156066895
-8.405611991882324
-8.400460243225098
-8.416014671325684
-8.386720657348633
-8.458000183105469
-8.42177963256836
-8.43002986907959
-8.473136901855469
-8.475993156433105
-8.428300857543945
-8.487649917602539
-8.420209884643555
-8.423465728759766
-8.482651710510254
-8.37787914276123
-8.479582786560059
-8.443643569946289
-8.488932609558105
-8.48858642578125
-8.501531600952148
-8.458536148071289
-8.488311767578125
-8.502311706542969
-8.489294052124023
-8.499285697937012
-8.473572731018066
-8.475360870361328
-8.495753288269043
-8.464166641235352
-8.459131240844727
-8.426484107971191
-8.453248023986816
-8.507822036743164
-8.420985221862793
-8.466495513916016
-8.435619354248047
-8.471113204956055
-8.462644577026367
-8.437751770019531
-8.49836254119873
-8.46928596496582
-8.469891548156738
-8.44157600402832
-8.481094360351562
-8.454681396484375
-8.499770164489746
-8.504497528076172
-8.527887344360352
-8.50383472442627
-8.511702537536621
-8.473101615905762
-8.529609680175781
-8.434767723083496
-8.523533821105957
-8.514848709106445
-8.45492935180664
-8.503213882446289
-8.443398475646973
-8.532567977905273
-8.500944137573242
-8.516605377197266
-8.490848541259766
-8.464116096496582
-8.491536140441895
-8.395691871643066
-8.48212718963623
-8.475682258605957
-8.506063461303711
-8.481925010681152
-8.51620101928711
-8.537208557128906
-8.44445514678955
-8.527928352355957
-8.529129028320312
-8.476494789123535
-8.543057441711426
-8.51685619354248
-8.519150733947754
-8.522381782531738
-8.537458419799805
-8.531184196472168
-8.541064262390137
-8.489947319030762
-8.560323715209961
-8.530962944030762
-8.51838207244873
-8.523286819458008
-8.50002384185791
-8.5237398147583
-8.53488826751709
-8.558602333068848
-8.542304992675781
-8.522642135620117
-8.537885665893555
-8.493082046508789
-8.533439636230469
-8.553821563720703
-8.483439445495605
-8.540432929992676
-8.549603462219238
-8.559967041015625
-8.512221336364746
-8.558509826660156
-8.498723030090332
-8.503449440002441
-8.554381370544434
-8.545330047607422
-8.52393627166748
-8.520254135131836
-8.492399215698242
-8.516438484191895
-8.481730461120605
-8.41904354095459
-8.555699348449707
-8.47957706451416
-8.489974021911621
-8.560816764831543
-8.479507446289062
-8.363370895385742
-8.552289962768555
-8.444303512573242
-8.412841796875
-8.548205375671387
-8.40994930267334
-8.491704940795898
-8.507979393005371
-8.463974952697754
-8.552756309509277
-8.462779998779297
-8.535719871520996
-8.536444664001465
-8.488269805908203
-8.589841842651367
-8.57361125946045
-8.535557746887207
-8.592192649841309
-8.573678016662598
-8.568624496459961
-8.571409225463867
-8.574355125427246
-8.565528869628906
-8.581363677978516
-8.571152687072754
-8.560794830322266
-8.584146499633789
-8.576859474182129
-8.56478500366211
-8.59285831451416
-8.508699417114258
-8.580724716186523
-8.544922828674316
-8.55821704864502
-8.58192253112793
-8.566146850585938
-8.571843147277832
-8.582185745239258
-8.593762397766113
-8.575441360473633
-8.570274353027344
-8.56628131866455
-8.577885627746582
-8.567046165466309
-8.594511032104492
-8.603522300720215
-8.547794342041016
-8.59244155883789
-8.548222541809082
-8.58642292022705
-8.583551406860352
-8.573427200317383
-8.573954582214355
-8.599571228027344
-8.590206146240234
-8.576799392700195
-8.583698272705078
-8.596314430236816
-8.56793212890625
-8.589921951293945
-8.581413269042969
-8.597661972045898
-8.587763786315918
-8.567732810974121
-8.59179401397705
-8.590399742126465
-8.584280014038086
-8.595754623413086
-8.590682029724121
-8.598374366760254
-8.619178771972656
-8.597090721130371
-8.595179557800293
-8.576908111572266
-8.611970901489258
-8.618476867675781
-8.497313499450684
-8.596461296081543
-8.54432487487793
-8.598128318786621
-8.543464660644531
-8.61009407043457
-8.605246543884277
-8.570270538330078
-8.59562873840332
-8.534744262695312
-8.547582626342773
-8.5963716506958
-8.524538040161133
-8.61030101776123
-8.598532676696777
-8.588998794555664
-8.585492134094238
-8.600740432739258
-8.589195251464844
-8.613597869873047
-8.600725173950195
-8.600946426391602
-8.602794647216797
-8.607278823852539
-8.577643394470215
-8.627748489379883
-8.598335266113281
-8.62702465057373
-8.599102973937988
-8.60108470916748
-8.606711387634277
-8.597697257995605
-8.605473518371582
-8.60243034362793
-8.602158546447754
-8.592484474182129
-8.609843254089355
-8.607439041137695
-8.621572494506836
-8.587238311767578
-8.58763313293457
-8.608757019042969
-8.589866638183594
-8.594964981079102
-8.584280967712402
-8.612239837646484
-8.610530853271484
-8.60655689239502
-8.621989250183105
-8.607311248779297
-8.59921932220459
-8.587504386901855
-8.606173515319824
-8.553984642028809
-8.567184448242188
-8.60669994354248
-8.591286659240723
-8.631500244140625
-8.612154960632324
-8.627837181091309
-8.561131477355957
-8.636180877685547
-8.572991371154785
-8.61607837677002
-8.619664192199707
-8.627388954162598
-8.575113296508789
-8.604057312011719
-8.611123085021973
-8.61269474029541
-8.596193313598633
-8.618630409240723
-8.569291114807129
-8.64004135131836
-8.4900541305542
-8.624820709228516
-8.590840339660645
-8.60307788848877
-8.597817420959473
-8.551840782165527
-8.614019393920898
-8.555231094360352
-8.616097450256348
-8.629571914672852
-8.577103614807129
-8.619088172912598
-8.637351036071777
-8.601783752441406
-8.615013122558594
-8.598403930664062
-8.607331275939941
-8.623547554016113
-8.625101089477539
-8.633872032165527
-8.596660614013672
-8.586580276489258
-8.623086929321289
-8.58312702178955
-8.628593444824219
-8.641096115112305
-8.627517700195312
-8.64401912689209
-8.613625526428223
-8.607043266296387
-8.604535102844238
-8.629900932312012
-8.643805503845215
-8.623319625854492
-8.628253936767578
-8.61096477508545
-8.606674194335938
-8.619575500488281
-8.617478370666504
-8.614114761352539
-8.619256019592285
-8.595575332641602
-8.634791374206543
-8.5425386428833
-8.641823768615723
-8.626176834106445
-8.602680206298828
-8.616902351379395
-8.649291038513184
-8.600356101989746
-8.659340858459473
-8.637012481689453
-8.634130477905273
-8.620145797729492
-8.633554458618164
-8.6488676071167
-8.629631042480469
-8.61452865600586
-8.607294082641602
-8.625950813293457
-8.561676025390625
-8.584495544433594
-8.603963851928711
-8.528191566467285
-8.634984970092773
-8.39072036743164
-8.614188194274902
-8.486837387084961
-8.596639633178711
-8.595232009887695
-8.557876586914062
-8.630768775939941
-8.530261993408203
-8.60262680053711
-8.609612464904785
-8.55174446105957
-8.621910095214844
-8.573637962341309
-8.539240837097168
-8.604097366333008
-8.52385425567627
-8.632308959960938
-8.636080741882324
-8.601208686828613
-8.620633125305176
-8.621687889099121
-8.602435111999512
-8.629191398620605
-8.629792213439941
-8.612531661987305
-8.636574745178223
-8.60621452331543
-8.622664451599121
-8.613139152526855
-8.60432243347168
-8.643720626831055
-8.570191383361816
-8.648510932922363
-8.622304916381836
-8.556264877319336
-8.616981506347656
-8.584091186523438
-8.620268821716309
-8.60301399230957
-8.64108657836914
-8.642350196838379
-8.630877494812012
-8.639474868774414
-8.638500213623047
-8.622740745544434
-8.640228271484375
-8.572343826293945
-8.617547988891602
-8.659770965576172
-8.465601921081543
-8.630460739135742
-8.558661460876465
-8.606317520141602
-8.635841369628906
-8.604951858520508
-8.61166763305664
-8.641951560974121
-8.550180435180664
-8.589533805847168
-8.58200454711914
-8.551548957824707
-8.645357131958008
-8.567146301269531
-8.595534324645996
-8.643823623657227
-8.52592658996582
-8.629406929016113
-8.657829284667969
-8.515287399291992
-8.637861251831055
-8.618898391723633
-8.605531692504883
-8.66650104522705
-8.629191398620605
-8.646618843078613
-8.623144149780273
-8.64854621887207
-8.638717651367188
-8.638959884643555
-8.639559745788574
-8.63249397277832
-8.639547348022461
-8.652297019958496
-8.632918357849121
-8.63914966583252
-8.637887001037598
-8.630533218383789
-8.626344680786133
-8.645479202270508
-8.62873363494873
-8.64095401763916
-8.636320114135742
-8.621829986572266
-8.630120277404785
-8.668854713439941
-8.623597145080566
-8.622513771057129
-8.640122413635254
-8.634843826293945
-8.649474143981934
-8.61925983428955
-8.637475967407227
-8.60690689086914
-8.625216484069824
-8.652501106262207
-8.650699615478516
-8.647315979003906
-8.647369384765625
-8.66122055053711
-8.642107009887695
-8.624364852905273
-8.62876033782959
-8.636550903320312
-8.643250465393066
-8.644265174865723
-8.649892807006836
-8.629188537597656
-8.623030662536621
-8.65027904510498
-8.638360977172852
-8.639928817749023
-8.6475830078125
-8.628360748291016
-8.640666007995605
-8.644621849060059
-8.629758834838867
-8.66836166381836
-8.6483154296875
-8.616559982299805
-8.61685562133789
-8.620325088500977
-8.633402824401855
-8.647247314453125
-8.631628036499023
-8.632648468017578
-8.628171920776367
-8.59289836883545
-8.625787734985352
-8.638370513916016
-8.613730430603027
-8.654861450195312
-8.552937507629395
-8.607629776000977
-8.598572731018066
-8.581873893737793
-8.66828441619873
-8.559972763061523
-8.599552154541016
-8.629532814025879
-8.593260765075684
-8.623787879943848
-8.562171936035156
-8.590702056884766
-8.61449909210205
-8.593179702758789
-8.641048431396484
-8.647077560424805
-8.6337890625
-8.650522232055664
-8.596253395080566
-8.633992195129395
-8.635753631591797
-8.561590194702148
-8.620288848876953
-8.560873031616211
-8.602781295776367
-8.651315689086914
-8.62527847290039
-8.6282958984375
-8.64142894744873
-8.560898780822754
-8.627336502075195
-8.657708168029785
-8.573722839355469
-8.677275657653809
-8.623448371887207
-8.613998413085938
-8.641518592834473
-8.644999504089355
-8.629300117492676
-8.631263732910156
-8.636001586914062
-8.64250373840332
-8.656625747680664
-8.66024398803711
-8.641200065612793
-8.613250732421875
-8.642813682556152
-8.634260177612305
-8.644501686096191
-8.649561882019043
-8.644258499145508
-8.660566329956055
-8.652349472045898
-8.646656036376953
-8.64096450805664
-8.635394096374512
-8.640227317810059
-8.656549453735352
-8.59441089630127
-8.626507759094238
-8.625603675842285
-8.620506286621094
-8.654900550842285
-8.637256622314453
-8.655134201049805
-8.635226249694824
-8.62796401977539
-8.633176803588867
-8.65628433227539
-8.633809089660645
-8.651308059692383
-8.652996063232422
-8.624741554260254
-8.585293769836426
-8.615139961242676
-8.635140419006348
-8.65495491027832
-8.663042068481445
-8.61294174194336
-8.6328763961792
-8.653410911560059
-8.633757591247559
-8.606419563293457
-8.651237487792969
-8.5813627243042
-8.671985626220703
-8.642232894897461
-8.566758155822754
-8.584944725036621
-8.577768325805664
-8.60548210144043
-8.619548797607422
-8.622224807739258
-8.591106414794922
-8.6318941116333
-8.630646705627441
-8.675446510314941
-8.59687328338623
-8.556640625
-8.553288459777832
-8.620436668395996
-8.540266036987305
-8.668673515319824
-8.649682998657227
-8.61351490020752
-8.654541969299316
-8.631053924560547
-8.606908798217773
-8.657236099243164
-8.606229782104492
-8.63490104675293
-8.614656448364258
-8.627521514892578
-8.666699409484863
-8.65792465209961
-8.617295265197754
-8.654241561889648
-8.614556312561035
-8.669551849365234
-8.633419036865234
-8.613563537597656
-8.624469757080078
-8.637945175170898
-8.637886047363281
-8.664798736572266
-8.635991096496582
-8.636232376098633
-8.663679122924805
-8.651122093200684
-8.638160705566406
-8.662590980529785
-8.633896827697754
-8.623950004577637
-8.613686561584473
-8.63726806640625
-8.670234680175781
-8.643282890319824
-8.607123374938965
-8.676342964172363
-8.613561630249023
-8.597304344177246
-8.560821533203125
-8.575672149658203
-8.63459300994873
-8.597001075744629
-8.638418197631836
-8.637777328491211
-8.641572952270508
-8.653579711914062
-8.657083511352539
-8.638657569885254
-8.632139205932617
-8.654693603515625
-8.63355827331543
-8.645419120788574
-8.640317916870117
-8.623313903808594
-8.656082153320312
-8.66312026977539
-8.5454740524292
-8.637163162231445
-8.559077262878418
-8.595138549804688
-8.659695625305176
-8.641364097595215
-8.60145378112793
-8.657777786254883
-8.568111419677734
-8.543073654174805
-8.651564598083496
-8.551628112792969
-8.604172706604004
-8.63648509979248
-8.58854866027832
-8.677837371826172
-8.65722942352295
-8.62362003326416
-8.664973258972168
-8.657045364379883
-8.657954216003418
-8.654454231262207
-8.652195930480957
-8.65752124786377
-8.648066520690918
-8.642879486083984
-8.661087989807129
-8.646284103393555
-8.661237716674805
-8.571538925170898
-8.66472053527832
-8.635197639465332
-8.644721031188965
-8.65221881866455
-8.671550750732422
-8.67516040802002
-8.674001693725586
-8.627243041992188
-8.638745307922363
-8.601872444152832
-8.658445358276367
-8.567086219787598
-8.648681640625
-8.625890731811523
-8.610912322998047
-8.644632339477539
-8.64241886138916
-8.602385520935059
-8.643599510192871
-8.621091842651367
-8.649394035339355
-8.663532257080078
-8.624955177307129
-8.656453132629395
-8.650094032287598
-8.643693923950195
-8.637328147888184
-8.685630798339844
-8.649500846862793
-8.634536743164062
-8.660840034484863
-8.640999794006348
-8.662731170654297
-8.660492897033691
-8.644914627075195
-8.660492897033691
-8.675297737121582
-8.618890762329102
-8.593744277954102
-8.633004188537598
-8.51397705078125
-8.632749557495117
-8.565478324890137
-8.535257339477539
-8.622054100036621
-8.531171798706055
-8.566923141479492
-8.649007797241211
-8.620807647705078
-8.617558479309082
-8.665328979492188
-8.632025718688965
-8.611807823181152
-8.639761924743652
-8.648930549621582
-8.589166641235352
-8.667941093444824
-8.658339500427246
-8.595691680908203
-8.651468276977539
-8.642287254333496
-8.560903549194336
-8.633819580078125
-8.612034797668457
-8.63494873046875
-8.659775733947754
-8.606473922729492
-8.680960655212402
-8.649474143981934
-8.650687217712402
-8.656560897827148
-8.650891304016113
-8.649624824523926
-8.62617015838623
-8.643416404724121
-8.666277885437012
-8.662701606750488
-8.660057067871094
-8.651067733764648
-8.62523078918457
-8.644306182861328
-8.643741607666016
-8.577777862548828
-8.668254852294922
-8.661465644836426
-8.62158203125
-8.636702537536621
-8.664246559143066
-8.604391098022461
-8.662291526794434
-8.583547592163086
-8.605925559997559
-8.638026237487793
-8.643985748291016
-8.673768043518066
-8.655601501464844
-8.657849311828613
-8.651142120361328
-8.660272598266602
-8.662816047668457
-8.652120590209961
-8.659150123596191
-8.64646053314209
-8.670584678649902
-8.669190406799316
-8.68006420135498
-8.661633491516113
-8.642094612121582
-8.626357078552246
-8.654208183288574
-8.647093772888184
-8.66016674041748
-8.646087646484375
-8.643136978149414
-8.661209106445312
-8.641181945800781
-8.649938583374023
-8.664105415344238
-8.601607322692871
-8.665250778198242
-8.683740615844727
-8.62887954711914
-8.651914596557617
-8.66911792755127
-8.63883113861084
-8.636497497558594
-8.658289909362793
-8.54761791229248
-8.677651405334473
-8.648813247680664
-8.627323150634766
-8.657958030700684
-8.593154907226562
-8.61637020111084
-8.664660453796387
-8.628835678100586
-8.526822090148926
-8.665162086486816
-8.59370231628418
-8.595992088317871
-8.669963836669922
-8.640481948852539
-8.589944839477539
-8.655866622924805
-8.651071548461914
-8.639988899230957
-8.664182662963867
-8.678627014160156
-8.665242195129395
-8.662304878234863
-8.649147033691406
-8.660181999206543
-8.674046516418457
-8.659430503845215
-8.657784461975098
-8.628302574157715
-8.665154457092285
-8.643758773803711
-8.636367797851562
-8.649619102478027
-8.595003128051758
-8.674405097961426
-8.648954391479492
-8.606071472167969
-8.671584129333496
-8.644535064697266
-8.640497207641602
-8.662677764892578
-8.649885177612305
-8.643385887145996
-8.650312423706055
-8.65892219543457
-8.664480209350586
-8.65170955657959
-8.614175796508789
-8.671274185180664
-8.659358024597168
-8.657431602478027
-8.683039665222168
-8.666949272155762
-8.678763389587402
-8.58663558959961
-8.628666877746582
-8.629981994628906
-8.617599487304688
-8.65395736694336
-8.60738754272461
-8.576531410217285
-8.659165382385254
-8.480908393859863
-8.521751403808594
-8.608551025390625
-8.501893997192383
-8.642204284667969
-8.574959754943848
-8.52497386932373
-8.659442901611328
-8.539386749267578
-8.623873710632324
-8.669007301330566
-8.612333297729492
-8.636463165283203
-8.656521797180176
-8.556503295898438
-8.659433364868164
-8.683178901672363
-8.626769065856934
-8.619677543640137
-8.633681297302246
-8.649582862854004
-8.662653923034668
-8.639876365661621
-8.673208236694336
-8.638532638549805
-8.64333438873291
-8.603731155395508
-8.656336784362793
-8.672914505004883
-8.642806053161621
-8.664811134338379
-8.664666175842285
-8.643832206726074
-8.647186279296875
-8.665562629699707
-8.654035568237305
-8.64448070526123
-8.645132064819336
-8.65224552154541
-8.658105850219727
-8.675665855407715
-8.65674877166748
-8.661911964416504
-8.656270980834961
-8.667656898498535
-8.65647029876709
-8.66169548034668
-8.630745887756348
-8.674910545349121
-8.668120384216309
-8.649206161499023
-8.664740562438965
-8.636691093444824
-8.615433692932129
-8.6422758102417
-8.607577323913574
-8.638994216918945
-8.64464282989502
-8.641707420349121
-8.657495498657227
-8.664571762084961
-8.646295547485352
-8.652591705322266
-8.630144119262695
-8.673799514770508
-8.657247543334961
-8.655685424804688
-8.682953834533691
-8.641940116882324
-8.636300086975098
-8.633302688598633
-8.681835174560547
-8.627050399780273
-8.646568298339844
-8.656540870666504
-8.626883506774902
-8.670771598815918
-8.665623664855957
-8.664056777954102
-8.655411720275879
-8.667028427124023
-8.650500297546387
-8.654356956481934
-8.663607597351074
-8.653982162475586
-8.663174629211426
-8.654640197753906
-8.646709442138672
-8.666902542114258
-8.67532730102539
-8.672113418579102
-8.64787769317627
-8.646923065185547
-8.655500411987305
-8.67452621459961
-8.641131401062012
-8.672073364257812
-8.677586555480957
-8.660266876220703
-8.657692909240723
-8.660958290100098
-8.685291290283203
-8.685303688049316
-8.626452445983887
-8.620415687561035
-8.665507316589355
-8.580184936523438
-8.656271934509277
-8.611583709716797
-8.604387283325195
-8.636870384216309
-8.663783073425293
-8.678740501403809
-8.665002822875977
-8.64239501953125
-8.645305633544922
-8.675119400024414
-8.659319877624512
-8.645502090454102
-8.666152954101562
-8.667356491088867
-8.661593437194824
-8.661107063293457
-8.662198066711426
-8.647015571594238
-8.655771255493164
-8.65101432800293
-8.667427062988281
-8.64148235321045
-8.630964279174805
-8.662522315979004
-8.65953254699707
-8.674572944641113
-8.632615089416504
-8.675317764282227
-8.661726951599121
-8.635167121887207
-8.659958839416504
-8.602299690246582
-8.638566017150879
-8.6349515914917
-8.661224365234375
-8.664018630981445
-8.678237915039062
-8.645423889160156
-8.676008224487305
-8.641073226928711
-8.597579002380371
-8.675129890441895
-8.66679573059082
-8.555412292480469
-8.657301902770996
-8.662569046020508
-8.620887756347656
-8.664937973022461
-8.625517845153809
-8.600663185119629
-8.64616584777832
-8.582358360290527
-8.628339767456055
-8.669705390930176
-8.674386978149414
-8.652384757995605
-8.6652250289917
-8.68126106262207
-8.63187313079834
-8.655472755432129
-8.671542167663574
-8.647116661071777
-8.616795539855957
-8.651405334472656
-8.61701488494873
-8.647198677062988
-8.658602714538574
-8.602496147155762
-8.679442405700684
-8.682730674743652
-8.64523696899414
-8.65665054321289
-8.649276733398438
-8.651799201965332
-8.65120792388916
-8.641928672790527
-8.664467811584473
-8.657279968261719
-8.620607376098633
-8.662331581115723
-8.659159660339355
-8.656142234802246
-8.674731254577637
-8.639870643615723
-8.653517723083496
-8.648629188537598
-8.619194030761719
-8.656730651855469
-8.64532470703125
-8.664247512817383
-8.677752494812012
-8.653698921203613
-8.634693145751953
-8.656630516052246
-8.680081367492676
-8.642782211303711
-8.65526008605957
-8.636810302734375
-8.670472145080566
-8.663980484008789
-8.63332462310791
-8.676559448242188
-8.653434753417969
-8.635170936584473
-8.69156265258789
-8.624473571777344
-8.603863716125488
-8.660260200500488
-8.593195915222168
-8.645792961120605
-8.61874771118164
-8.678502082824707
-8.670130729675293
-8.66201400756836
-8.661741256713867
-8.659560203552246
-8.6451997756958
-8.61029052734375
-8.655369758605957
-8.639959335327148
-8.652292251586914
-8.673752784729004
-8.597051620483398
-8.659375190734863
-8.644145965576172
-8.657879829406738
-8.624545097351074
-8.660953521728516
-8.626827239990234
-8.676526069641113
-8.645761489868164
-8.656645774841309
-8.654915809631348
-8.660198211669922
-8.616674423217773
-8.671795845031738
-8.65119743347168
-8.644372940063477
-8.668917655944824
-8.593857765197754
-8.67888355255127
-8.66171932220459
-8.668237686157227
-8.64962100982666
-8.6749849319458
-8.630186080932617
-8.650557518005371
-8.638265609741211
-8.66760540008545
-8.664190292358398
-8.656312942504883
-8.650063514709473
-8.674717903137207
-8.673815727233887
-8.681806564331055
-8.65930461883545
-8.680682182312012
-8.653219223022461
-8.652405738830566
-8.694345474243164
-8.597414016723633
-8.67332935333252
-8.659098625183105
-8.656106948852539
-8.654097557067871
-8.649930953979492
-8.66929817199707
-8.68482494354248
-8.654133796691895
-8.679648399353027
-8.659517288208008
-8.663928031921387
-8.679861068725586
-8.626057624816895
-8.698504447937012
-8.661718368530273
-8.655717849731445
-8.66134262084961
-8.649266242980957
-8.660301208496094
-8.653778076171875
-8.663636207580566
-8.669550895690918
-8.672111511230469
-8.659749031066895
-8.634546279907227
-8.672388076782227
-8.620829582214355
-8.663199424743652
-8.69459342956543
-8.60461711883545
-8.640731811523438
-8.679525375366211
-8.591836929321289
-8.672911643981934
-8.664652824401855
-8.614315032958984
-8.685546875
-8.668313980102539
-8.674954414367676
-8.66711711883545
-8.674821853637695
-8.649864196777344
-8.66248607635498
-8.675530433654785
-8.623418807983398
-8.685684204101562
-8.69389820098877
-8.569365501403809
-8.691694259643555
-8.63395881652832
-8.6222562789917
-8.662700653076172
-8.626731872558594
-8.672223091125488
-8.650146484375
-8.647682189941406
-8.667908668518066
-8.666949272155762
-8.672530174255371
-8.653883934020996
-8.675934791564941
-8.630205154418945
-8.675924301147461
-8.667088508605957
-8.66277027130127
-8.665410041809082
-8.670347213745117
-8.659515380859375
-8.673809051513672
-8.673185348510742
-8.65732192993164
-8.645893096923828
-8.655025482177734
-8.669740676879883
-8.65449047088623
-8.675413131713867
-8.675257682800293
-8.671690940856934
-8.666097640991211
-8.66259765625
-8.673255920410156
-8.633715629577637
-8.659998893737793
-8.608816146850586
-8.647391319274902
-8.664641380310059
-8.596506118774414
-8.67902946472168
-8.646296501159668
-8.678333282470703
-8.676928520202637
-8.661311149597168
-8.67090892791748
-8.647187232971191
-8.6560640335083
-8.672137260437012
-8.65283489227295
-8.675578117370605
-8.662004470825195
-8.660567283630371
-8.603525161743164
-8.670856475830078
-8.66086483001709
-8.668136596679688
-8.655879974365234
-8.659043312072754
-8.67243766784668
-8.64869499206543
-8.675138473510742
-8.677135467529297
-8.672270774841309
-8.68017292022705
-8.682743072509766
-8.629681587219238
-8.636605262756348
-8.63818645477295
-8.588311195373535
-8.685806274414062
-8.653397560119629
-8.659180641174316
-8.674025535583496
-8.612242698669434
-8.698055267333984
-8.681099891662598
-8.671884536743164
-8.65820598602295
-8.671040534973145
-8.671552658081055
-8.651062965393066
-8.63386344909668
-8.663333892822266
-8.672293663024902
-8.643364906311035
-8.679963111877441
-8.642040252685547
-8.686904907226562
-8.658892631530762
-8.606757164001465
-8.657819747924805
-8.66928482055664
-8.648792266845703
-8.684969902038574
-8.670791625976562
-8.655479431152344
-8.672924041748047
-8.665231704711914
-8.646321296691895
-8.672060012817383
-8.58780574798584
-8.610392570495605
-8.661574363708496
-8.568487167358398
-8.659337997436523
-8.6403226852417
-8.59040641784668
-8.676159858703613
-8.591676712036133
-8.583471298217773
-8.668013572692871
-8.629447937011719
-8.647948265075684
-8.646531105041504
-8.673238754272461
-8.667906761169434
-8.678730964660645
-8.685158729553223
-8.611644744873047
-8.67158317565918
-8.662002563476562
-8.58278751373291
-8.667181015014648
-8.618278503417969
-8.651583671569824
-8.666897773742676
-8.650949478149414
-8.67489242553711
-8.670805931091309
-8.676567077636719
-8.67897891998291
-8.670171737670898
-8.691240310668945
-8.654712677001953
-8.686084747314453
-8.665547370910645
-8.701757431030273
-8.672514915466309
-8.654500961303711
-8.661516189575195
-8.641862869262695
-8.658347129821777
-8.604991912841797
-8.666755676269531
-8.623429298400879
-8.652259826660156
-8.695574760437012
-8.63502311706543
-8.619778633117676
-8.670153617858887
-8.622428894042969
-8.681721687316895
-8.650294303894043
-8.631080627441406
-8.67688274383545
-8.660896301269531
-8.669407844543457
-8.67007064819336
-8.636761665344238
-8.671784400939941
-8.644694328308105
-8.677611351013184
-8.68404769897461
-8.667728424072266
-8.667876243591309
-8.609478950500488
-8.67824649810791
-8.637831687927246
-8.628264427185059
-8.68806266784668
-8.598394393920898
-8.633959770202637
-8.649065971374512
-8.554401397705078
-8.612161636352539
-8.656378746032715
-8.63046646118164
-8.680787086486816
-8.676350593566895
-8.668207168579102
-8.661652565002441
-8.664999008178711
-8.663299560546875
-8.671987533569336
-8.668455123901367
-8.678227424621582
-8.681575775146484
-8.6832275390625
-8.6651029586792
-8.670488357543945
-8.687870025634766
-8.631104469299316
-8.675732612609863
-8.6865816116333
-8.599411964416504
-8.677934646606445
-8.630261421203613
-8.640811920166016
-8.670969009399414
-8.61672592163086
-8.611686706542969
-8.660024642944336
-8.598309516906738
-8.670036315917969
-8.648444175720215
-8.600214004516602
-8.674376487731934
-8.61228084564209
-8.625519752502441
-8.68110179901123
-8.610838890075684
-8.61738109588623
-8.664987564086914
-8.656785011291504
-8.676913261413574
-8.643896102905273
-8.610440254211426
-8.687542915344238
-8.649758338928223
-8.645679473876953
-8.672882080078125
-8.623247146606445
-8.64845085144043
-8.63319206237793
-8.666041374206543
-8.697427749633789
-8.670673370361328
-8.670788764953613
-8.697265625
-8.655465126037598
-8.643380165100098
-8.686863899230957
-8.659339904785156
-8.680659294128418
-8.668567657470703
-8.686805725097656
-8.696199417114258
-8.661465644836426
-8.673463821411133
-8.68033218383789
-8.674695014953613
-8.67370319366455
-8.67237377166748
-8.661872863769531
-8.665541648864746
-8.685068130493164
-8.652711868286133
-8.671427726745605
-8.683014869689941
-8.64580249786377
-8.676933288574219
-8.674907684326172
-8.673199653625488
-8.656532287597656
-8.665000915527344
-8.65772533416748
-8.671252250671387
-8.678494453430176
-8.669808387756348
-8.656044006347656
-8.674062728881836
-8.670248031616211
-8.662273406982422
-8.674392700195312
-8.6620512008667
-8.6914701461792
-8.672385215759277
-8.60438060760498
-8.665879249572754
-8.689898490905762
-8.624253273010254
-8.66630744934082
-8.602217674255371
-8.61668586730957
-8.673827171325684
-8.639189720153809
-8.54451847076416
-8.67296314239502
-8.538512229919434
-8.679465293884277
-8.681501388549805
-8.673497200012207
-8.692646026611328
-8.619144439697266
-8.681816101074219
-8.67044448852539
-8.554598808288574
-8.673513412475586
-8.643945693969727
-8.6244535446167
-8.6580228805542
-8.64338207244873
-8.604889869689941
-8.693958282470703
-8.675804138183594
-8.641924858093262
-8.63945198059082
-8.648127555847168
-8.615636825561523
-8.65717887878418
-8.602371215820312
-8.605657577514648
-8.643648147583008
-8.591864585876465
-8.63950252532959
-8.677702903747559
-8.589698791503906
-8.680108070373535
-8.660475730895996
-8.643397331237793
-8.666218757629395
-8.633448600769043
-8.661762237548828
-8.670571327209473
-8.657635688781738
-8.654790878295898
-8.684449195861816
-8.655755043029785
-8.628325462341309
-8.66908073425293
-8.67453670501709
-8.628225326538086
-8.660223960876465
-8.643502235412598
-8.677839279174805
-8.667648315429688
-8.63093090057373
-8.66834545135498
-8.637256622314453
-8.638178825378418
-8.673199653625488
-8.632306098937988
-8.633935928344727
-8.653732299804688
-8.634483337402344
-8.626076698303223
-8.704506874084473
-8.65306568145752
-8.700758934020996
-8.649291038513184
-8.629769325256348
-8.649616241455078
-8.6656494140625
-8.637791633605957
-8.673669815063477
-8.665717124938965
-8.648645401000977
-8.668230056762695
-8.648127555847168
-8.65256118774414
-8.673328399658203
-8.645967483520508
-8.683268547058105
-8.678532600402832
-8.687444686889648
-8.668190002441406
-8.665984153747559
-8.689532279968262
-8.65308952331543
-8.699462890625
-8.608020782470703
-8.63589096069336
-8.6997652053833
-8.679922103881836
-8.667427062988281
-8.675869941711426
-8.652811050415039
-8.634769439697266
-8.642999649047852
-8.655789375305176
-8.657106399536133
-8.688553810119629
-8.550042152404785
-8.647568702697754
-8.669461250305176
-8.603151321411133
-8.658510208129883
-8.665225982666016
-8.6416597366333
-8.616188049316406
-8.677125930786133
-8.594686508178711
-8.593986511230469
-8.690898895263672
-8.562738418579102
-8.634191513061523
-8.672921180725098
-8.609704971313477
-8.52529239654541
-8.646267890930176
-8.632285118103027
-8.49484634399414
-8.643512725830078
-8.607735633850098
-8.581084251403809
-8.685408592224121
-8.688631057739258
-8.605317115783691
-8.636762619018555
-8.667011260986328
-8.650040626525879
-8.642783164978027
-8.687917709350586
-8.639734268188477
-8.68440055847168
-8.685670852661133
-8.672607421875
-8.676133155822754
-8.684476852416992
-8.677982330322266
-8.679280281066895
-8.67920207977295
-8.679743766784668
-8.677715301513672
-8.646347045898438
-8.667391777038574
-8.67956256866455
-8.66624927520752
-8.68271541595459
-8.680279731750488
-8.627778053283691
-8.69015884399414
-8.60795783996582
-8.62358283996582
-8.680373191833496
-8.66157054901123
-8.677099227905273
-8.67967700958252
-8.653434753417969
-8.649765968322754
-8.677268981933594
-8.623379707336426
-8.673269271850586
-8.674854278564453
-8.658445358276367
-8.66639518737793
-8.668294906616211
-8.678140640258789
-8.685097694396973
-8.684914588928223
-8.669103622436523
-8.672550201416016
-8.675483703613281
-8.679370880126953
-8.666219711303711
-8.651876449584961
-8.617172241210938
-8.634498596191406
-8.64394760131836
-8.606735229492188
-8.671055793762207
-8.657929420471191
-8.594205856323242
-8.664666175842285
-8.666154861450195
-8.664828300476074
-8.662785530090332
-8.66672420501709
-8.660067558288574
-8.678370475769043
-8.6869535446167
-8.65593433380127
-8.673060417175293
-8.67162799835205
-8.652430534362793
-8.663975715637207
-8.653244018554688
-8.688338279724121
-8.666352272033691
-8.675248146057129
-8.672825813293457
-8.65265941619873
-8.668684005737305
-8.629618644714355
-8.650823593139648
-8.666592597961426
-8.655790328979492
-8.638707160949707
-8.680184364318848
-8.662299156188965
-8.667469024658203
-8.682215690612793
-8.659382820129395
-8.702874183654785
-8.687071800231934
-8.676424026489258
-8.665263175964355
-8.697054862976074
-8.672539710998535
-8.66710090637207
-8.667461395263672
-8.672290802001953
-8.630744934082031
-8.618443489074707
-8.6821928024292
-8.652143478393555
-8.695455551147461
-8.658289909362793
-8.683060646057129
-8.545130729675293
-8.672160148620605
-8.675555229187012
-8.639595031738281
-8.611770629882812
-8.68188190460205
-8.649489402770996
-8.664313316345215
-8.6777925491333
-8.602005958557129
-8.535945892333984
-8.689424514770508
-8.481673240661621
-8.55630111694336
-8.675738334655762
-8.600114822387695
-8.513280868530273
-8.655279159545898
-8.665127754211426
-8.583070755004883
-8.570154190063477
-8.686712265014648
-8.596708297729492
-8.607154846191406
-8.649686813354492
-8.59509563446045
-8.579854965209961
-8.66933536529541
-8.661498069763184
-8.648783683776855
-8.653419494628906
-8.681685447692871
-8.643827438354492
-8.657331466674805
-8.672557830810547
-8.701179504394531
-8.643488883972168
-8.690360069274902
-8.659159660339355
-8.691149711608887
-8.673629760742188
-8.663504600524902
-8.68508529663086
-8.65660285949707
-8.680737495422363
-8.666638374328613
-8.65613079071045
-8.689531326293945
-8.680974006652832
-8.690855026245117
-8.665719985961914
-8.681275367736816
-8.678811073303223
-8.68333911895752
-8.67125129699707
-8.673501014709473
-8.67342758178711
-8.658513069152832
-8.658822059631348
-8.668002128601074
-8.671218872070312
-8.679342269897461
-8.675165176391602
-8.672846794128418
-8.694003105163574
-8.689922332763672
-8.651644706726074
-8.680035591125488
-8.678291320800781
-8.67712116241455
-8.692625045776367
-8.697382926940918
-8.698357582092285
-8.621749877929688
-8.674859046936035
-8.679376602172852
-8.640588760375977
-8.68177318572998
-8.660604476928711
-8.656359672546387
-8.6602201461792
-8.678030967712402
-8.678743362426758
-8.644896507263184
-8.6626558303833
-8.660736083984375
-8.63016414642334
-8.676135063171387
-8.689550399780273
-8.554411888122559
-8.636441230773926
-8.618087768554688
-8.573653221130371
-8.598450660705566
-8.656413078308105
-8.5427827835083
-8.659965515136719
-8.667584419250488
-8.566441535949707
-8.67160415649414
-8.66772174835205
-8.541757583618164
-8.684060096740723
-8.67943000793457
-8.659573554992676
-8.689085960388184
-8.677745819091797
-8.6500825881958
-8.6813325881958
-8.675211906433105
-8.680620193481445
-8.644513130187988
-8.699108123779297
-8.683394432067871
-8.677022933959961
-8.686761856079102
-8.671347618103027
-8.664441108703613
-8.661370277404785
-8.66133975982666
-8.603797912597656
-8.703422546386719
-8.695363998413086
-8.622542381286621
-8.601080894470215
-8.639389038085938
-8.595673561096191
-8.658620834350586
-8.652961730957031
-8.591073989868164
-8.683614730834961
-8.681087493896484
-8.605131149291992
-8.640922546386719
-8.655688285827637
-8.615546226501465
-8.642169952392578
-8.658586502075195
-8.640510559082031
-8.684885025024414
-8.667593955993652
-8.64914321899414
-8.677865028381348
-8.65996265411377
-8.680755615234375
-8.675372123718262
-8.675312042236328
-8.691656112670898
-8.685518264770508
-8.67979621887207
-8.640172004699707
-8.687261581420898
-8.617488861083984
-8.639298439025879
-8.678536415100098
-8.684317588806152
-8.676582336425781
-8.674859046936035
-8.686178207397461
-8.674050331115723
-8.671896934509277
-8.674863815307617
-8.679730415344238
-8.679033279418945
-8.688796997070312
-8.687684059143066
-8.690361022949219
-8.660738945007324
-8.65573501586914
-8.671223640441895
-8.671792030334473
-8.685811996459961
-8.662349700927734
-8.6934814453125
-8.640724182128906
-8.670470237731934
-8.674114227294922
-8.684682846069336
-8.679173469543457
-8.676520347595215
-8.674708366394043
-8.679485321044922
-8.692204475402832
-8.688807487487793
-8.654868125915527
-8.683135032653809
-8.64083194732666
-8.671667098999023
-8.661359786987305
-8.688065528869629
-8.688080787658691
-8.691883087158203
-8.640608787536621
-8.681439399719238
-8.677547454833984
-8.674813270568848
-8.688861846923828
-8.702973365783691
-8.671662330627441
-8.68736743927002
-8.672780990600586
-8.654611587524414
-8.696357727050781
-8.683978080749512
-8.629278182983398
-8.659311294555664
-8.661209106445312
-8.671096801757812
-8.697803497314453
-8.674530029296875
-8.67667293548584
-8.656837463378906
-8.67874813079834
-8.681395530700684
-8.633633613586426
-8.681817054748535
-8.689305305480957
-8.695322036743164
-8.620889663696289
-8.662667274475098
-8.702173233032227
-8.578173637390137
-8.669256210327148
-8.684255599975586
-8.6175537109375
-8.634012222290039
-8.676490783691406
-8.65357494354248
-8.65488052368164
-8.695015907287598
-8.646087646484375
-8.633127212524414
-8.676809310913086
-8.605742454528809
-8.669999122619629
-8.695544242858887
-8.604514122009277
-8.65114974975586
-8.67406940460205
-8.564473152160645
-8.52795124053955
-8.667139053344727
-8.571681022644043
-8.631636619567871
-8.682029724121094
-8.683279991149902
-8.616218566894531
-8.695093154907227
-8.688166618347168
-8.601347923278809
-8.65510368347168
-8.666115760803223
-8.695149421691895
-8.649852752685547
-8.676262855529785
-8.648041725158691
-8.64953899383545
-8.678628921508789
-8.660079956054688
-8.66747760772705
-8.6903715133667
-8.69502067565918
-8.65836238861084
-8.6783447265625
-8.679983139038086
-8.679424285888672
-8.667126655578613
-8.692378997802734
-8.681293487548828
-8.690512657165527
-8.673377990722656
-8.686260223388672
-8.660178184509277
-8.676730155944824
-8.699174880981445
-8.6865816116333
-8.699472427368164
-8.683959007263184
-8.683160781860352
-8.701313018798828
-8.687994956970215
-8.676438331604004
-8.678558349609375
-8.6747465133667
-8.660089492797852
-8.693902969360352
-8.692851066589355
-8.684052467346191
-8.67553424835205
-8.676685333251953
-8.660284042358398
-8.681120872497559
-8.683183670043945
-8.684049606323242
-8.683542251586914
-8.68587589263916
-8.7058687210083
-8.682846069335938
-8.60931396484375
-8.64310359954834
-8.635403633117676
-8.643534660339355
-8.672195434570312
-8.642800331115723
-8.601468086242676
-8.672067642211914
-8.57784652709961
-8.69274616241455
-8.670623779296875
-8.661194801330566
-8.644556045532227
-8.6747407913208
-8.668046951293945
-8.678454399108887
-8.671975135803223
-8.685866355895996
-8.692009925842285
-8.685245513916016
-8.686319351196289
-8.653434753417969
-8.679218292236328
-8.678014755249023
-8.63733196258545
-8.661381721496582
-8.634318351745605
-8.680198669433594
-8.679283142089844
-8.628653526306152
-8.657979965209961
-8.636914253234863
-8.615203857421875
-8.667160034179688
-8.646812438964844
-8.655386924743652
-8.668142318725586
-8.66500473022461
-8.662015914916992
-8.681121826171875
-8.703683853149414
-8.633735656738281
-8.687055587768555
-8.676850318908691
-8.668841361999512
-8.666253089904785
-8.68775463104248
-8.679484367370605
-8.67044448852539
-8.67637825012207
-8.683828353881836
-8.6846342086792
-8.659764289855957
-8.669629096984863
-8.6373872756958
-8.682700157165527
-8.68831729888916
-8.65676498413086
-8.7039213180542
-8.696895599365234
-8.677474021911621
-8.677167892456055
-8.676226615905762
-8.656188011169434
-8.697568893432617
-8.66960620880127
-8.693405151367188
-8.671286582946777
-8.668485641479492
-8.670450210571289
-8.684439659118652
-8.67626667022705
-8.686244010925293
-8.686442375183105
-8.693178176879883
-8.600893020629883
-8.692160606384277
-8.666961669921875
-8.646885871887207
-8.676420211791992
-8.67331314086914
-8.58403491973877
-8.669384956359863
-8.628632545471191
-8.660032272338867
-8.66140365600586
-8.627874374389648
-8.652631759643555
-8.645620346069336
-8.66287612915039
-8.612292289733887
-8.682679176330566
-8.674567222595215
-8.624534606933594
-8.689909934997559
-8.695717811584473
-8.623600959777832
-8.687536239624023
-8.680683135986328
-8.683466911315918
-8.678755760192871
-8.675823211669922
-8.663097381591797
-8.667961120605469
-8.69727611541748
-8.62648868560791
-8.667231559753418
-8.685619354248047
-8.614304542541504
-8.688979148864746
-8.651128768920898
-8.705239295959473
-8.689064025878906
-8.675846099853516
-8.68049430847168
-8.673277854919434
-8.683965682983398
-8.698817253112793
-8.644120216369629
-8.687518119812012
-8.686087608337402
-8.674591064453125
-8.688210487365723
-8.678234100341797
-8.678425788879395
-8.676460266113281
-8.66401195526123
-8.669705390930176
-8.682132720947266
-8.685959815979004
-8.675582885742188
-8.683483123779297
-8.699932098388672
-8.647626876831055
-8.679717063903809
-8.686783790588379
-8.663434982299805
-8.671347618103027
-8.684168815612793
-8.684371948242188
-8.637031555175781
-8.67385482788086
-8.657469749450684
-8.656407356262207
-8.691927909851074
-8.678537368774414
-8.688352584838867
-8.690683364868164
-8.700445175170898
-8.674545288085938
-8.693964004516602
-8.70378303527832
-8.697644233703613
-8.657907485961914
-8.647838592529297
-8.684296607971191
-8.691502571105957
-8.661463737487793
-8.68942928314209
-8.68377685546875
-8.654674530029297
-8.678698539733887
-8.689884185791016
-8.691352844238281
-8.679344177246094
-8.698918342590332
-8.682424545288086
-8.664292335510254
-8.681344032287598
-8.688803672790527
-8.692789077758789
-8.665496826171875
-8.695693969726562
-8.675610542297363
-8.680601119995117
-8.696423530578613
-8.68289566040039
-8.664738655090332
-8.683307647705078
-8.653696060180664
-8.684599876403809
-8.688838005065918
-8.645421028137207
-8.687858581542969
-8.67119026184082
-8.673969268798828
-8.669973373413086
-8.68096923828125
-8.663103103637695
-8.658411026000977
-8.670831680297852
-8.683592796325684
-8.690330505371094
-8.61503791809082
-8.687597274780273
-8.668012619018555
-8.58687973022461
-8.661382675170898
-8.632810592651367
-8.608681678771973
-8.687583923339844
-8.637189865112305
-8.64826488494873
-8.663429260253906
-8.621161460876465
-8.650550842285156
-8.634746551513672
-8.677358627319336
-8.665338516235352
-8.639123916625977
-8.682352066040039
-8.666449546813965
-8.692657470703125
-8.606094360351562
-8.647257804870605
-8.678897857666016
-8.667390823364258
-8.686834335327148
-8.682559967041016
-8.68014144897461
-8.683176040649414
-8.690929412841797
-8.669508934020996
-8.670098304748535
-8.684314727783203
-8.684250831604004
-8.679170608520508
-8.667515754699707
-8.694757461547852
-8.647631645202637
-8.662129402160645
-8.67382526397705
-8.721885681152344
-8.619132041931152
-8.668310165405273
-8.658868789672852
-8.653542518615723
-8.689648628234863
-8.703699111938477
-8.648155212402344
-8.645953178405762
-8.660914421081543
-8.628238677978516
-8.591403007507324
-8.655191421508789
-8.699783325195312
-8.495831489562988
-8.554485321044922
-8.665242195129395
-8.509931564331055
-8.658628463745117
-8.661177635192871
-8.605380058288574
-8.575416564941406
-8.663450241088867
-8.597476959228516
-8.635171890258789
-8.655130386352539
-8.579787254333496
-8.54181957244873
-8.689957618713379
-8.677664756774902
-8.402255058288574
-8.630435943603516
-8.621429443359375
-8.581788063049316
-8.578436851501465
-8.634187698364258
-8.589668273925781
-8.649459838867188
-8.687198638916016
-8.679428100585938
-8.664355278015137
-8.661392211914062
-8.669296264648438
-8.634724617004395
-8.678814888000488
-8.675139427185059
-8.657209396362305
-8.673994064331055
-8.693428993225098
-8.689188003540039
-8.685064315795898
-8.684059143066406
-8.686020851135254
-8.685481071472168
-8.679835319519043
-8.684871673583984
-8.667834281921387
-8.680636405944824
-8.68499755859375
-8.661230087280273
-8.686842918395996
-8.636370658874512
-8.685081481933594
-8.65001392364502
-8.673070907592773
-8.685262680053711
-8.662397384643555
-8.617961883544922
-8.69405746459961
-8.64141845703125
-8.688281059265137
-8.671080589294434
-8.700278282165527
-8.67343521118164
-8.682787895202637
-8.66523265838623
-8.68614673614502
-8.69961166381836
-8.685606956481934
-8.69194507598877
-8.66611385345459
-8.676240921020508
-8.674241065979004
-8.674619674682617
-8.633882522583008
-8.681448936462402
-8.672384262084961
-8.642606735229492
-8.671248435974121
-8.695155143737793
-8.6912202835083
-8.707676887512207
-8.646524429321289
-8.667328834533691
-8.692956924438477
-8.661036491394043
-8.684930801391602
-8.69350528717041
-8.691311836242676
-8.69369125366211
-8.673317909240723
-8.69234561920166
-8.651376724243164
-8.703145980834961
-8.670857429504395
-8.66124439239502
-8.694316864013672
-8.619945526123047
-8.624691009521484
-8.653697967529297
-8.657302856445312
-8.631708145141602
-8.669098854064941
-8.627398490905762
-8.685343742370605
-8.669262886047363
-8.630026817321777
-8.66019344329834
-8.680468559265137
-8.683382987976074
-8.66540241241455
-8.694173812866211
-8.668684959411621
-8.670085906982422
-8.6915283203125
-8.684613227844238
-8.683269500732422
-8.697897911071777
-8.685050010681152
-8.693674087524414
-8.70185661315918
-8.661648750305176
-8.676570892333984
-8.672224044799805
-8.659123420715332
-8.664512634277344
-8.652786254882812
-8.664594650268555
-8.685873985290527
-8.67599868774414
-8.666571617126465
-8.697967529296875
-8.70305347442627
-8.675437927246094
-8.68543529510498
-8.705187797546387
-8.703580856323242
-8.67372989654541
-8.640929222106934
-8.671929359436035
-8.640288352966309
-8.662115097045898
-8.645155906677246
-8.640467643737793
-8.682491302490234
-8.68217945098877
-8.631420135498047
-8.687274932861328
-8.659574508666992
-8.708710670471191
-8.700945854187012
-8.69406795501709
-8.683833122253418
-8.676309585571289
-8.673704147338867
-8.676795959472656
-8.681057929992676
-8.689087867736816
-8.692398071289062
-8.679987907409668
-8.669825553894043
-8.67851734161377
-8.657097816467285
-8.679484367370605
-8.683631896972656
-8.648058891296387
-8.689257621765137
-8.677108764648438
-8.650261878967285
-8.70071792602539
-8.700332641601562
-8.685818672180176
-8.687289237976074
-8.684008598327637
-8.694487571716309
-8.68185043334961
-8.683008193969727
-8.685752868652344
-8.682341575622559
-8.680129051208496
-8.69471263885498
-8.697203636169434
-8.675592422485352
-8.664856910705566
-8.679247856140137
-8.692028999328613
-8.661873817443848
-8.673163414001465
-8.695399284362793
-8.671430587768555
-8.7199068069458
-8.64360523223877
-8.648372650146484
-8.663043022155762
-8.669970512390137
-8.674979209899902
-8.693516731262207
-8.668804168701172
-8.667732238769531
-8.683798789978027
-8.664266586303711
-8.661286354064941
-8.660863876342773
-8.690289497375488
-8.691191673278809
-8.67175579071045
-8.7072114944458
-8.687296867370605
-8.645641326904297
-8.67141342163086
-8.650262832641602
-8.674389839172363
-8.661620140075684
-8.681065559387207
-8.682272911071777
-8.688507080078125
-8.669629096984863
-8.669110298156738
-8.661248207092285
-8.678465843200684
-8.67322826385498
-8.657243728637695
-8.691023826599121
-8.639612197875977
-8.693275451660156
-8.692117691040039
-8.670469284057617
-8.651887893676758
-8.683645248413086
-8.665464401245117
-8.687826156616211
-8.685473442077637
-8.696556091308594
-8.700379371643066
-8.671550750732422
-8.703926086425781
-8.684370994567871
-8.661283493041992
-8.68107795715332
-8.680767059326172
-8.66394329071045
-8.682520866394043
-8.668115615844727
-8.679096221923828
-8.674944877624512
-8.691583633422852
-8.656880378723145
-8.66161060333252
-8.696846961975098
-8.655972480773926
-8.635244369506836
-8.69355297088623
-8.683156967163086
-8.660712242126465
-8.695806503295898
-8.666670799255371
-8.622962951660156
-8.694064140319824
-8.671402931213379
-8.592239379882812
-8.65130615234375
-8.66065502166748
-8.568140029907227
-8.575176239013672
-8.665511131286621
-8.667452812194824
-8.654186248779297
-8.651673316955566
-8.64574146270752
-8.66197681427002
-8.6781644821167
-8.676309585571289
-8.675347328186035
-8.69008731842041
-8.672550201416016
-8.690133094787598
-8.684457778930664
-8.659207344055176
-8.700969696044922
-8.604215621948242
-8.661981582641602
-8.695235252380371
-8.63107967376709
-8.581514358520508
-8.691072463989258
-8.620146751403809
-8.63867473602295
-8.687249183654785
-8.68370246887207
-8.604246139526367
-8.689340591430664
-8.661133766174316
-8.701364517211914
-8.696476936340332
-8.681735038757324
-8.687299728393555
-8.661262512207031
-8.649235725402832
-8.671956062316895
-8.700590133666992
-8.712153434753418
-8.635045051574707
-8.662184715270996
-8.679754257202148
-8.673178672790527
-8.63370418548584
-8.689492225646973
-8.646622657775879
-8.591301918029785
-8.655069351196289
-8.609588623046875
-8.568456649780273
-8.691102027893066
-8.707079887390137
-8.577600479125977
-8.669873237609863
-8.688239097595215
-8.679400444030762
-8.632111549377441
-8.653755187988281
-8.628120422363281
-8.658529281616211
-8.681351661682129
-8.681748390197754
-8.647260665893555
-8.65945053100586
-8.695371627807617
-8.64913558959961
-8.581817626953125
-8.663032531738281
-8.5790376663208
-8.578627586364746
-8.683938026428223
-8.65878677368164
-8.63121509552002
-8.676151275634766
-8.611454963684082
-8.69817066192627
-8.679322242736816
-8.644062995910645
-8.683348655700684
-8.708012580871582
-8.693829536437988
-8.697697639465332
-8.667824745178223
-8.68102741241455
-8.692106246948242
-8.656397819519043
-8.690468788146973
-8.652488708496094
-8.67534351348877
-8.695265769958496
-8.6221284866333
-8.67166519165039
-8.67162036895752
-8.664377212524414
-8.671687126159668
-8.659675598144531
-8.691486358642578
-8.677571296691895
-8.689208984375
-8.668719291687012
-8.693922996520996
-8.678168296813965
-8.689811706542969
-8.685101509094238
-8.685638427734375
-8.687935829162598
-8.69233512878418
-8.68997573852539
-8.67109489440918
-8.701682090759277
-8.679251670837402
-8.66566276550293
-8.676704406738281
-8.651520729064941
-8.656401634216309
-8.677229881286621
-8.665788650512695
-8.645268440246582
-8.671167373657227
-8.692103385925293
-8.555737495422363
-8.672445297241211
-8.681490898132324
-8.689682006835938
-8.633319854736328
-8.698774337768555
-8.67584228515625
-8.675228118896484
-8.689608573913574
-8.68283748626709
-8.701632499694824
-8.644338607788086
-8.690512657165527
-8.643404960632324
-8.677589416503906
-8.677298545837402
-8.671327590942383
-8.68088150024414
-8.692632675170898
-8.688926696777344
-8.67727279663086
-8.701577186584473
-8.695413589477539
-8.70593547821045
-8.682146072387695
-8.686086654663086
-8.68881893157959
-8.665611267089844
-8.692136764526367
-8.68364429473877
-8.668550491333008
-8.696617126464844
-8.687463760375977
-8.651143074035645
-8.654948234558105
-8.682355880737305
-8.686281204223633
-8.674283981323242
-8.693294525146484
-8.689008712768555
-8.682592391967773
-8.688389778137207
-8.705092430114746
-8.683934211730957
-8.694178581237793
-8.671388626098633
-8.666522026062012
-8.683963775634766
-8.644271850585938
-8.691597938537598
-8.697067260742188
-8.66186809539795
-8.70072078704834
-8.67088794708252
-8.677918434143066
-8.683387756347656
-8.686328887939453
-8.68696403503418
-8.689376831054688
-8.691896438598633
-8.682156562805176
-8.679594993591309
-8.673691749572754
-8.674321174621582
-8.685264587402344
-8.653129577636719
-8.683074951171875
-8.678295135498047
-8.687493324279785
-8.69495964050293
-8.683388710021973
-8.685564994812012
-8.680782318115234
-8.703083038330078
-8.657613754272461
-8.680137634277344
-8.66550350189209
-8.67417049407959
-8.69333267211914
-8.685750007629395
-8.652792930603027
-8.68826961517334
-8.692946434020996
-8.619455337524414
-8.68175220489502
-8.67596435546875
-8.64853286743164
-8.675721168518066
-8.678359985351562
-8.684826850891113
-8.693827629089355
-8.69134521484375
-8.671664237976074
-8.69787311553955
-8.708623886108398
-8.691323280334473
-8.688436508178711
-8.691883087158203
-8.67940616607666
-8.680402755737305
-8.702940940856934
-8.69115924835205
-8.661632537841797
-8.68042278289795
-8.65811538696289
-8.709572792053223
-8.690457344055176
-8.693273544311523
-8.656340599060059
-8.6806640625
-8.688255310058594
-8.677536964416504
-8.686331748962402
-8.655296325683594
-8.693634986877441
-8.699051856994629
-8.680530548095703
-8.682589530944824
-8.695314407348633
-8.69011402130127
