loss_v
-7.880684852600098
-8.01742172241211
-7.978545188903809
-7.995656490325928
-8.044804573059082
-8.2553129196167
-8.158337593078613
-8.20170783996582
-7.986217021942139
-8.048510551452637
-8.225724220275879
-8.240166664123535
-8.21830940246582
-8.164346694946289
-8.101078033447266
-8.095312118530273
-8.08614730834961
-8.136795997619629
-8.260252952575684
-8.270543098449707
-8.238518714904785
-8.092901229858398
-8.263208389282227
-8.201169967651367
-8.43131160736084
-8.18435001373291
-8.325756072998047
-8.328269958496094
-8.373695373535156
-8.366962432861328
-8.414505958557129
-8.438607215881348
-8.408854484558105
-8.404199600219727
-8.266029357910156
-8.480993270874023
-8.38427448272705
-8.421669006347656
-8.445955276489258
-8.448661804199219
-8.417285919189453
-8.472240447998047
-8.495471000671387
-8.489412307739258
-8.55937671661377
-8.562503814697266
-8.53682804107666
-8.433894157409668
-8.532322883605957
-8.510897636413574
-8.549230575561523
-8.574013710021973
-8.577359199523926
-8.592035293579102
-8.60283374786377
-8.62038803100586
-8.636690139770508
-8.643720626831055
-8.642205238342285
-8.661051750183105
-8.643704414367676
-8.614141464233398
-8.673596382141113
-8.670527458190918
-8.643465995788574
-8.653196334838867
-8.696351051330566
-8.628212928771973
-8.714909553527832
-8.657035827636719
-8.727330207824707
-8.717559814453125
-8.700169563293457
-8.768621444702148
-8.7509126663208
-8.73533821105957
-8.737314224243164
-8.787731170654297
-8.784524917602539
-8.741211891174316
-8.788908958435059
-8.761669158935547
-8.776058197021484
-8.791275024414062
-8.759415626525879
-8.778736114501953
-8.784271240234375
-8.75362491607666
-8.792210578918457
-8.817801475524902
-8.836061477661133
-8.826947212219238
-8.837540626525879
-8.82358455657959
-8.797203063964844
-8.773887634277344
-8.810431480407715
-8.801749229431152
-8.825965881347656
-8.799278259277344
-8.799874305725098
-8.857297897338867
-8.823258399963379
-8.827164649963379
-8.847953796386719
-8.870311737060547
-8.844621658325195
-8.847061157226562
-8.857993125915527
-8.850165367126465
-8.829922676086426
-8.840267181396484
-8.832781791687012
-8.85246753692627
-8.857940673828125
-8.85605239868164
-8.85766887664795
-8.85539436340332
-8.87106990814209
-8.865533828735352
-8.873799324035645
-8.861083030700684
-8.880380630493164
-8.901114463806152
-8.883108139038086
-8.892333030700684
-8.900634765625
-8.923337936401367
-8.946065902709961
-8.911787033081055
-8.930320739746094
-8.931234359741211
-8.926301002502441
-8.921506881713867
-8.972635269165039
-8.967986106872559
-8.985147476196289
-8.970002174377441
-9.01159381866455
-9.019360542297363
-9.0287504196167
-9.044032096862793
-9.05815315246582
-9.091978073120117
-9.117201805114746
-9.128512382507324
-9.145320892333984
-9.171140670776367
-9.212163925170898
-9.234025955200195
-9.265301704406738
-9.325653076171875
-9.338508605957031
-9.398063659667969
-9.439650535583496
-9.489444732666016
-9.50901985168457
-9.5485258102417
-9.57906436920166
-9.709742546081543
-9.759383201599121
-9.78512191772461
-9.715192794799805
-9.839359283447266
-9.839674949645996
-9.725385665893555
-9.985838890075684
-9.804292678833008
-9.921943664550781
-9.898138999938965
-9.939987182617188
-9.928934097290039
-9.942225456237793
-10.04882526397705
-10.042743682861328
-10.11628532409668
-10.020063400268555
-10.081298828125
-9.973703384399414
-10.010993957519531
-10.05976676940918
-10.062713623046875
-10.191226959228516
-10.009038925170898
-10.180084228515625
-10.029067993164062
-10.190186500549316
-10.2545804977417
-10.101548194885254
-10.23034954071045
-10.133191108703613
-10.255898475646973
-10.221172332763672
-10.28273868560791
-10.267066955566406
-10.307260513305664
-10.300629615783691
-10.290587425231934
-10.3190279006958
-10.297622680664062
-10.346752166748047
-10.327310562133789
-10.330362319946289
-10.334945678710938
-10.333226203918457
-10.376442909240723
-10.365557670593262
-10.381316184997559
-10.379179000854492
-10.378002166748047
-10.373442649841309
-10.3870267868042
-10.404178619384766
-10.41540241241455
-10.40676212310791
-10.421977996826172
-10.420883178710938
-10.415146827697754
-10.440808296203613
-10.448406219482422
-10.450430870056152
-10.451362609863281
-10.436552047729492
-10.478171348571777
-10.469197273254395
-10.472957611083984
-10.465764999389648
-10.469658851623535
-10.502608299255371
-10.48558235168457
-10.483263969421387
-10.484964370727539
-10.514749526977539
-10.526890754699707
-10.528664588928223
-10.532092094421387
-10.514691352844238
-10.547462463378906
-10.528219223022461
-10.542936325073242
-10.586477279663086
-10.573415756225586
-10.594985008239746
-10.567816734313965
-10.59197998046875
-10.584853172302246
-10.576193809509277
-10.600691795349121
-10.598005294799805
-10.618057250976562
-10.589372634887695
-10.625890731811523
-10.633208274841309
-10.633909225463867
-10.645028114318848
-10.633705139160156
-10.659825325012207
-10.648530006408691
-10.671013832092285
-10.660008430480957
-10.665986061096191
-10.6725492477417
-10.670433044433594
-10.694132804870605
-10.67464542388916
-10.682648658752441
-10.69946575164795
-10.711286544799805
-10.722184181213379
-10.717426300048828
-10.733776092529297
-10.720879554748535
-10.743799209594727
-10.73025894165039
-10.751206398010254
-10.760516166687012
-10.76805591583252
-10.741827964782715
-10.76939868927002
-10.794776916503906
-10.803885459899902
-10.763914108276367
-10.792367935180664
-10.787345886230469
-10.826858520507812
-10.798232078552246
-10.80485725402832
-10.79368782043457
-10.784058570861816
-10.741127014160156
-10.76855182647705
-10.828927040100098
-10.801395416259766
-10.7845458984375
-10.853082656860352
-10.841938972473145
-10.81949520111084
-10.822630882263184
-10.86580753326416
-10.849334716796875
-10.827186584472656
-10.855945587158203
-10.83984375
-10.860318183898926
-10.841470718383789
-10.830280303955078
-10.868748664855957
-10.85657787322998
-10.872119903564453
-10.842698097229004
-10.869996070861816
-10.885971069335938
-10.890030860900879
-10.905815124511719
-10.895179748535156
-10.89635181427002
-10.910843849182129
-10.912233352661133
-10.909740447998047
-10.931076049804688
-10.93174934387207
-10.90379810333252
-10.898305892944336
-10.882913589477539
-10.872626304626465
-10.923733711242676
-10.933014869689941
-10.921795845031738
-10.85257339477539
-10.892561912536621
-10.930150985717773
-10.953095436096191
-10.90189266204834
-10.94372272491455
-10.940112113952637
-10.920990943908691
-10.93868637084961
-10.923673629760742
-10.91489028930664
-10.947874069213867
-10.969395637512207
-10.960618019104004
-10.943023681640625
-10.961853981018066
-10.957283973693848
-10.97474193572998
-10.973396301269531
-10.988021850585938
-10.954889297485352
-10.932971000671387
-10.971564292907715
-10.969229698181152
-10.962177276611328
-10.911745071411133
-10.942619323730469
-10.986005783081055
-10.99125862121582
-10.955594062805176
-10.972673416137695
-10.998577117919922
-10.97544002532959
-10.958168983459473
-10.959175109863281
-10.986254692077637
-10.972005844116211
-10.966400146484375
-10.969706535339355
-10.989287376403809
-10.976594924926758
-10.965692520141602
-11.015177726745605
-10.970850944519043
-10.999776840209961
-11.011251449584961
-11.009387016296387
-11.022428512573242
-10.998974800109863
-11.006880760192871
-10.988921165466309
-11.010592460632324
-10.999650955200195
-11.008793830871582
-11.014863967895508
-11.012444496154785
-11.00809383392334
-11.018888473510742
-11.020511627197266
-11.030147552490234
-11.048114776611328
-11.004253387451172
-11.018681526184082
-11.049208641052246
-11.017210006713867
-11.014107704162598
-11.008645057678223
-11.031951904296875
-11.038715362548828
-11.014328002929688
-11.035765647888184
-11.047082901000977
-11.045934677124023
-11.044352531433105
-11.0176420211792
-11.041816711425781
-11.056197166442871
-11.029897689819336
-11.034151077270508
-11.058424949645996
-11.051835060119629
-11.042978286743164
-11.044099807739258
-11.026229858398438
-11.043490409851074
-11.039963722229004
-11.040839195251465
-11.051645278930664
-11.038721084594727
-11.037145614624023
-11.024900436401367
-11.061990737915039
-11.041657447814941
-11.045552253723145
-11.026939392089844
-11.03573226928711
-11.039201736450195
-11.047602653503418
-11.021780014038086
-11.05335807800293
-11.048999786376953
-11.073988914489746
-11.05052375793457
-11.066113471984863
-11.064576148986816
-11.035918235778809
-11.066269874572754
-11.065557479858398
-11.0775146484375
-11.061332702636719
-11.06978988647461
-11.047940254211426
-11.0523681640625
-11.078834533691406
-11.046552658081055
-11.044450759887695
-11.05480670928955
-11.068052291870117
-11.064509391784668
-11.047784805297852
-11.04606819152832
-11.037872314453125
-11.076271057128906
-11.056147575378418
-11.06684398651123
-11.071849822998047
-11.075902938842773
-11.084895133972168
-11.063596725463867
-11.048609733581543
-11.072373390197754
-11.069890022277832
-11.07824420928955
-11.083481788635254
-11.068489074707031
-11.071603775024414
-11.079023361206055
-11.080374717712402
-11.093600273132324
-11.071091651916504
-11.080035209655762
-11.099802017211914
-11.093517303466797
-11.08193588256836
-11.080827713012695
-11.075181007385254
-11.082466125488281
-11.09648609161377
-11.085294723510742
-11.07991886138916
-11.08145809173584
-11.094865798950195
-11.093589782714844
-11.080981254577637
-11.082939147949219
-11.083337783813477
-11.0916166305542
-11.095576286315918
-11.098459243774414
-11.101255416870117
-11.083124160766602
-11.093605995178223
-11.104378700256348
-11.081033706665039
-11.080046653747559
-11.101408958435059
-11.102779388427734
-11.096960067749023
-11.096578598022461
-11.091240882873535
-11.1005220413208
-11.0923433303833
-11.099678993225098
-11.114507675170898
-11.111146926879883
-11.078533172607422
-11.088346481323242
-11.10592269897461
-11.10579776763916
-11.102259635925293
-11.113651275634766
-11.10191535949707
-11.10108757019043
-11.104893684387207
-11.095382690429688
-11.108627319335938
-11.118980407714844
-11.112015724182129
-11.108747482299805
-11.101617813110352
-11.105807304382324
-11.103350639343262
-11.103622436523438
-11.119318008422852
-11.109098434448242
-11.119566917419434
-11.112448692321777
-11.114278793334961
-11.089795112609863
-11.106090545654297
-11.10207462310791
-11.118298530578613
-11.12749195098877
-11.104275703430176
-11.10871410369873
-11.109675407409668
-11.113646507263184
-11.118063926696777
-11.107400894165039
-11.120611190795898
-11.113496780395508
-11.128361701965332
-11.113704681396484
-11.121624946594238
-11.112177848815918
-11.126428604125977
-11.122420310974121
-11.119987487792969
-11.127679824829102
-11.11959457397461
-11.133933067321777
-11.124966621398926
-11.131979942321777
-11.125250816345215
-11.132689476013184
-11.118535995483398
-11.120560646057129
-11.124933242797852
-11.113319396972656
-11.129487991333008
-11.136146545410156
-11.12304401397705
-11.128692626953125
-11.1172513961792
-11.119256973266602
-11.12691593170166
-11.1278715133667
-11.122411727905273
-11.132842063903809
-11.13355541229248
-11.126133918762207
-11.127389907836914
-11.136857986450195
-11.13490104675293
-11.133904457092285
-11.140499114990234
-11.13706111907959
-11.126855850219727
-11.116561889648438
-11.139686584472656
-11.135086059570312
-11.132767677307129
-11.137129783630371
-11.129355430603027
-11.128961563110352
-11.134055137634277
-11.1409912109375
-11.133062362670898
-11.139148712158203
-11.143417358398438
-11.142269134521484
-11.134187698364258
-11.142559051513672
-11.119954109191895
-11.124839782714844
-11.133219718933105
-11.13117504119873
-11.139840126037598
-11.143610954284668
-11.143834114074707
-11.142729759216309
-11.129731178283691
-11.142549514770508
-11.1451997756958
-11.149288177490234
-11.144389152526855
-11.137965202331543
-11.153019905090332
-11.136935234069824
-11.1433744430542
-11.134068489074707
-11.148917198181152
-11.142605781555176
-11.143251419067383
-11.135082244873047
-11.144352912902832
-11.155221939086914
-11.155778884887695
-11.143003463745117
-11.146529197692871
-11.138090133666992
-11.157904624938965
-11.149576187133789
-11.157544136047363
-11.133445739746094
-11.160207748413086
-11.127891540527344
-11.118083953857422
-11.121676445007324
-11.139914512634277
-11.152750015258789
-11.137063026428223
-11.123133659362793
-11.096311569213867
-11.124281883239746
-11.155957221984863
-11.153223037719727
-11.144929885864258
-11.109374046325684
-11.125017166137695
-11.137075424194336
-11.150718688964844
-11.165375709533691
-11.139116287231445
-11.142106056213379
-11.149016380310059
-11.159584999084473
-11.150887489318848
-11.1592435836792
-11.15078353881836
-11.146743774414062
-11.151325225830078
-11.169644355773926
-11.154900550842285
-11.159878730773926
-11.157663345336914
-11.151679039001465
-11.172886848449707
-11.15617847442627
-11.142446517944336
-11.14065170288086
-11.15937328338623
-11.147709846496582
-11.158831596374512
-11.134378433227539
-11.144389152526855
-11.162766456604004
-11.159070014953613
-11.149118423461914
-11.137084007263184
-11.15049934387207
-11.16154956817627
-11.171102523803711
-11.154203414916992
-11.147538185119629
-11.150840759277344
-11.170172691345215
-11.166025161743164
-11.16067886352539
-11.167351722717285
-11.166773796081543
-11.170226097106934
-11.16061782836914
-11.168198585510254
-11.170632362365723
-11.163628578186035
-11.157023429870605
-11.167410850524902
-11.182133674621582
-11.173027992248535
-11.16840648651123
-11.168330192565918
-11.170937538146973
-11.173184394836426
-11.168694496154785
-11.170477867126465
-11.171393394470215
-11.171448707580566
-11.16594409942627
-11.16761302947998
-11.179848670959473
-11.167223930358887
-11.157441139221191
-11.163801193237305
-11.173734664916992
-11.176258087158203
-11.176170349121094
-11.15719985961914
-11.174040794372559
-11.172150611877441
-11.177080154418945
-11.174683570861816
-11.170845031738281
-11.166143417358398
-11.172409057617188
-11.168756484985352
-11.180877685546875
-11.17476749420166
-11.176353454589844
-11.172633171081543
-11.181574821472168
-11.178047180175781
-11.180596351623535
-11.179926872253418
-11.187666893005371
-11.175638198852539
-11.17419147491455
-11.183582305908203
-11.174108505249023
-11.183460235595703
-11.178187370300293
-11.192323684692383
-11.172039985656738
-11.184993743896484
-11.169157028198242
-11.171896934509277
-11.177013397216797
-11.186820030212402
-11.182284355163574
-11.169001579284668
-11.18174934387207
-11.169816017150879
-11.182958602905273
-11.184518814086914
-11.194260597229004
-11.18416976928711
-11.18855094909668
-11.18652057647705
-11.183998107910156
-11.179447174072266
-11.186042785644531
-11.173348426818848
-11.157305717468262
-11.156956672668457
-11.18695068359375
-11.175084114074707
-11.181427955627441
-11.186653137207031
-11.189461708068848
-11.18546199798584
-11.190876960754395
-11.188334465026855
-11.185934066772461
-11.185157775878906
-11.189398765563965
-11.182870864868164
-11.179752349853516
-11.177212715148926
-11.180758476257324
-11.199088096618652
-11.195077896118164
-11.19326400756836
-11.180659294128418
-11.188741683959961
-11.18627643585205
-11.178323745727539
-11.172764778137207
-11.173860549926758
-11.186922073364258
-11.191396713256836
-11.190123558044434
-11.195149421691895
-11.19191837310791
-11.197366714477539
-11.192139625549316
-11.190251350402832
-11.197757720947266
-11.186424255371094
-11.185956001281738
-11.182517051696777
-11.180253982543945
-11.19218635559082
-11.192337036132812
-11.194091796875
-11.202008247375488
-11.196510314941406
-11.201090812683105
-11.199606895446777
-11.198687553405762
-11.196405410766602
-11.189362525939941
-11.18700885772705
-11.188761711120605
-11.19095230102539
-11.186676025390625
-11.202165603637695
-11.202356338500977
-11.191810607910156
-11.196167945861816
-11.188952445983887
-11.185954093933105
-11.192544937133789
-11.192055702209473
-11.187176704406738
-11.197731018066406
-11.199861526489258
-11.199779510498047
-11.197656631469727
-11.181195259094238
-11.194817543029785
-11.19347095489502
-11.19375991821289
-11.19700813293457
-11.20850658416748
-11.201895713806152
-11.198485374450684
-11.189817428588867
-11.177030563354492
-11.172430992126465
-11.179933547973633
-11.195867538452148
-11.193922996520996
-11.192845344543457
-11.18950080871582
-11.199806213378906
-11.194178581237793
-11.194317817687988
-11.16518783569336
-11.132573127746582
-11.143698692321777
-11.180631637573242
-11.201618194580078
-11.198013305664062
-11.177173614501953
-11.16829776763916
-11.169862747192383
-11.196563720703125
-11.194875717163086
-11.192927360534668
-11.187149047851562
-11.189799308776855
-11.185195922851562
-11.205971717834473
-11.192407608032227
-11.16069221496582
-11.164957046508789
-11.189668655395508
-11.203568458557129
-11.197251319885254
-11.159639358520508
-11.159601211547852
-11.190564155578613
-11.209467887878418
-11.190078735351562
-11.174360275268555
-11.180831909179688
-11.204874038696289
-11.187596321105957
-11.162885665893555
-11.161643981933594
-11.203313827514648
-11.201193809509277
-11.180449485778809
-11.181960105895996
-11.20938777923584
-11.195756912231445
-11.179291725158691
-11.185346603393555
-11.202278137207031
-11.204297065734863
-11.183131217956543
-11.189109802246094
-11.209362983703613
-11.216297149658203
-11.200547218322754
-11.199726104736328
-11.209211349487305
-11.202412605285645
-11.203428268432617
-11.213438034057617
-11.20787239074707
-11.204813957214355
-11.214021682739258
-11.20548152923584
-11.2119779586792
-11.210576057434082
-11.196996688842773
-11.197821617126465
-11.212496757507324
-11.217748641967773
-11.19903564453125
-11.204922676086426
-11.20776653289795
-11.211066246032715
-11.20877742767334
-11.206743240356445
-11.212080955505371
-11.208312034606934
-11.209169387817383
-11.213006973266602
-11.208574295043945
-11.203376770019531
-11.2107515335083
-11.213579177856445
-11.22067928314209
-11.214221000671387
-11.21717643737793
-11.223138809204102
-11.217069625854492
-11.202954292297363
-11.21185302734375
-11.204550743103027
-11.217718124389648
-11.217306137084961
-11.219690322875977
-11.21701717376709
-11.221077919006348
-11.21741771697998
-11.215987205505371
-11.224400520324707
-11.21435832977295
-11.215846061706543
-11.209345817565918
-11.226366996765137
-11.213419914245605
-11.21800422668457
-11.209630966186523
-11.220474243164062
-11.212116241455078
-11.203211784362793
-11.226794242858887
-11.219379425048828
-11.215347290039062
-11.222166061401367
-11.214646339416504
-11.225655555725098
-11.205007553100586
-11.217572212219238
-11.215749740600586
-11.218416213989258
-11.21481990814209
-11.220523834228516
-11.22186279296875
-11.223075866699219
-11.214740753173828
-11.217202186584473
-11.213296890258789
-11.221081733703613
-11.214214324951172
-11.217026710510254
-11.220429420471191
-11.219645500183105
-11.221294403076172
-11.214315414428711
-11.215054512023926
-11.22186279296875
-11.22348690032959
-11.218245506286621
-11.2135648727417
-11.21418285369873
-11.21668815612793
-11.217840194702148
-11.22498607635498
-11.22823429107666
-11.223721504211426
-11.2134428024292
-11.227477073669434
-11.21951961517334
-11.227866172790527
-11.220605850219727
-11.221282005310059
-11.20964241027832
-11.211305618286133
-11.221321105957031
-11.225513458251953
-11.223607063293457
-11.219670295715332
-11.215387344360352
-11.229717254638672
-11.231344223022461
-11.219249725341797
-11.220632553100586
-11.225400924682617
-11.224000930786133
-11.222933769226074
-11.216629028320312
-11.220795631408691
-11.2252836227417
-11.22357177734375
-11.217047691345215
-11.222413063049316
-11.214754104614258
-11.219456672668457
-11.221185684204102
-11.223397254943848
-11.215781211853027
-11.225737571716309
-11.214754104614258
-11.227684020996094
-11.23402214050293
-11.227826118469238
-11.228255271911621
-11.21696949005127
-11.222098350524902
-11.224223136901855
-11.228044509887695
-11.221321105957031
-11.230289459228516
-11.222155570983887
-11.221226692199707
-11.235416412353516
-11.224568367004395
-11.219232559204102
-11.233054161071777
-11.226842880249023
-11.231653213500977
-11.229310989379883
-11.232245445251465
-11.219589233398438
-11.207202911376953
-11.201157569885254
-11.206270217895508
-11.201447486877441
-11.209962844848633
-11.219337463378906
-11.228151321411133
-11.226302146911621
-11.230252265930176
-11.22642707824707
-11.22016716003418
-11.233392715454102
-11.230424880981445
-11.233129501342773
-11.229453086853027
-11.224339485168457
-11.229122161865234
-11.2351655960083
-11.231993675231934
-11.231897354125977
-11.22725772857666
-11.229331970214844
-11.223358154296875
-11.2150239944458
-11.220608711242676
-11.218149185180664
-11.231125831604004
-11.221831321716309
-11.229629516601562
-11.216516494750977
-11.221570014953613
-11.213385581970215
-11.192099571228027
-11.193300247192383
-11.205558776855469
-11.218743324279785
-11.22645092010498
-11.232633590698242
-11.222900390625
-11.223119735717773
-11.225893020629883
-11.230049133300781
-11.229281425476074
-11.224784851074219
-11.226912498474121
-11.238004684448242
-11.231120109558105
-11.234956741333008
-11.232742309570312
-11.233175277709961
-11.230649948120117
-11.228797912597656
-11.224828720092773
-11.214217185974121
-11.205306053161621
-11.222291946411133
-11.230524063110352
-11.22425651550293
-11.206336975097656
-11.172045707702637
-11.177005767822266
-11.219315528869629
-11.235716819763184
-11.223770141601562
-11.209695816040039
-11.201597213745117
-11.211430549621582
-11.220747947692871
-11.23891544342041
-11.236658096313477
-11.210016250610352
-11.22244644165039
-11.22238826751709
-11.228221893310547
-11.238707542419434
-11.230198860168457
-11.226166725158691
-11.224531173706055
-11.22959041595459
-11.225659370422363
-11.226418495178223
-11.230212211608887
-11.219766616821289
-11.210658073425293
-11.199540138244629
-11.222224235534668
-11.232894897460938
-11.228965759277344
-11.237231254577637
-11.22818660736084
-11.221531867980957
-11.228771209716797
-11.237799644470215
-11.23058795928955
-11.221004486083984
-11.230904579162598
-11.227445602416992
-11.230881690979004
-11.237479209899902
-11.231657028198242
-11.221396446228027
-11.225861549377441
-11.229327201843262
-11.229958534240723
-11.238986015319824
-11.237988471984863
-11.230701446533203
-11.2323579788208
-11.22972583770752
-11.233369827270508
-11.244009017944336
-11.238842010498047
-11.240729331970215
-11.24386978149414
-11.234335899353027
-11.241086959838867
-11.241055488586426
-11.236214637756348
-11.237924575805664
-11.238015174865723
-11.233336448669434
-11.243042945861816
-11.231588363647461
-11.242094039916992
-11.23535442352295
-11.238956451416016
-11.2303466796875
-11.226261138916016
-11.235001564025879
-11.231301307678223
-11.239550590515137
-11.237855911254883
-11.237039566040039
-11.2435884475708
-11.24986743927002
-11.238138198852539
-11.234423637390137
-11.238598823547363
-11.247764587402344
-11.245499610900879
-11.232772827148438
-11.240052223205566
-11.238125801086426
-11.235321044921875
-11.234245300292969
-11.23570442199707
-11.235958099365234
-11.23932933807373
-11.233541488647461
-11.24142074584961
-11.238332748413086
-11.246679306030273
-11.243233680725098
-11.241504669189453
-11.242035865783691
-11.244965553283691
-11.23995590209961
-11.237523078918457
-11.246604919433594
-11.25019645690918
-11.242057800292969
-11.239460945129395
-11.242313385009766
-11.237250328063965
-11.245954513549805
-11.247133255004883
-11.244291305541992
-11.236184120178223
-11.235156059265137
-11.242794036865234
-11.245515823364258
-11.240619659423828
-11.233916282653809
-11.245024681091309
-11.244490623474121
-11.246641159057617
-11.242037773132324
-11.24024486541748
-11.240933418273926
-11.24701976776123
-11.243645668029785
-11.246758460998535
-11.239623069763184
-11.251448631286621
-11.244590759277344
-11.24242877960205
-11.235509872436523
-11.242225646972656
-11.237661361694336
-11.24169921875
-11.230348587036133
-11.245999336242676
-11.2398099899292
-11.24829387664795
-11.252050399780273
-11.240837097167969
-11.241942405700684
-11.24255084991455
-11.237227439880371
-11.2472562789917
-11.25052547454834
-11.243800163269043
-11.251105308532715
-11.238282203674316
-11.24056339263916
-11.236982345581055
-11.2274751663208
-11.217219352722168
-11.208807945251465
-11.210047721862793
-11.2200927734375
-11.231335639953613
-11.23714542388916
-11.241875648498535
-11.249248504638672
-11.233599662780762
-11.246904373168945
-11.240869522094727
-11.248637199401855
-11.249025344848633
-11.24835205078125
-11.248764038085938
-11.245732307434082
-11.254712104797363
-11.253133773803711
-11.242042541503906
-11.24473762512207
-11.246489524841309
-11.253318786621094
-11.240340232849121
-11.242644309997559
-11.239964485168457
-11.241645812988281
-11.243501663208008
-11.237420082092285
-11.243042945861816
-11.242840766906738
-11.245680809020996
-11.250751495361328
-11.244598388671875
-11.238025665283203
-11.240867614746094
-11.244412422180176
-11.244595527648926
-11.25331974029541
-11.24963665008545
-11.251396179199219
-11.253066062927246
-11.248515129089355
-11.246047019958496
-11.24194049835205
-11.240982055664062
-11.239317893981934
-11.216140747070312
-11.210674285888672
-11.199472427368164
-11.223986625671387
-11.234160423278809
-11.2437162399292
-11.243361473083496
-11.22794246673584
-11.216227531433105
-11.216898918151855
-11.222601890563965
-11.238635063171387
-11.252209663391113
-11.249256134033203
-11.242206573486328
-11.233418464660645
-11.239311218261719
-11.241585731506348
-11.243653297424316
-11.245361328125
-11.249967575073242
-11.238790512084961
-11.251188278198242
-11.24876594543457
-11.252313613891602
-11.252283096313477
-11.252741813659668
-11.24929428100586
-11.247179985046387
-11.252588272094727
-11.251029968261719
-11.249775886535645
-11.254899978637695
-11.251020431518555
-11.248580932617188
-11.249979972839355
-11.245545387268066
-11.241520881652832
-11.244793891906738
-11.247288703918457
-11.244535446166992
-11.246845245361328
-11.242773056030273
-11.246589660644531
-11.244384765625
-11.247610092163086
-11.249244689941406
-11.2535982131958
-11.24807071685791
-11.255719184875488
-11.257293701171875
-11.259026527404785
-11.25160026550293
-11.242880821228027
-11.243907928466797
-11.240493774414062
-11.235034942626953
-11.240140914916992
-11.23286247253418
-11.234184265136719
-11.238664627075195
-11.243419647216797
-11.248661041259766
-11.25365161895752
-11.256010055541992
-11.253800392150879
-11.249987602233887
-11.258980751037598
-11.25362491607666
-11.254749298095703
-11.259885787963867
-11.249552726745605
-11.252453804016113
-11.24626636505127
-11.238754272460938
-11.229229927062988
-11.23434066772461
-11.24110221862793
-11.244817733764648
-11.250384330749512
-11.255861282348633
-11.258645057678223
-11.260419845581055
-11.242300033569336
-11.235249519348145
-11.24105453491211
-11.232772827148438
-11.243607521057129
-11.2465181350708
-11.239816665649414
-11.254417419433594
-11.26020336151123
-11.262601852416992
-11.251805305480957
-11.248249053955078
-11.242979049682617
-11.242219924926758
-11.252191543579102
-11.251320838928223
-11.258146286010742
-11.255521774291992
-11.260443687438965
-11.2511568069458
-11.251273155212402
-11.246199607849121
-11.245830535888672
-11.24582576751709
-11.257047653198242
-11.258058547973633
-11.254759788513184
-11.263824462890625
-11.259926795959473
-11.25407600402832
-11.24779224395752
-11.25280475616455
-11.242866516113281
-11.249017715454102
-11.256455421447754
-11.262063026428223
-11.258062362670898
-11.26158618927002
-11.261098861694336
-11.252408981323242
-11.257091522216797
-11.25656795501709
-11.252047538757324
-11.258875846862793
-11.26081371307373
-11.25756549835205
-11.254229545593262
-11.261281967163086
-11.257196426391602
-11.264593124389648
-11.263578414916992
-11.256428718566895
-11.259905815124512
-11.256471633911133
-11.263894081115723
-11.253358840942383
-11.260170936584473
-11.25954818725586
-11.260172843933105
-11.2560396194458
-11.259260177612305
-11.26350212097168
-11.261609077453613
-11.264546394348145
-11.262601852416992
-11.255611419677734
-11.252142906188965
-11.251530647277832
-11.241994857788086
-11.244561195373535
-11.250625610351562
-11.252290725708008
-11.24421501159668
-11.255805015563965
-11.2644681930542
-11.257043838500977
-11.256370544433594
-11.264423370361328
-11.257192611694336
-11.259866714477539
-11.262007713317871
-11.260506629943848
-11.25952434539795
-11.267316818237305
-11.26833724975586
-11.265151977539062
-11.263575553894043
-11.263097763061523
-11.263073921203613
-11.265968322753906
-11.26340103149414
-11.251696586608887
-11.263160705566406
-11.255864143371582
-11.259771347045898
-11.259260177612305
-11.252464294433594
-11.254679679870605
-11.252524375915527
-11.250190734863281
-11.249368667602539
-11.231205940246582
-11.218241691589355
-11.222557067871094
-11.23435115814209
-11.253952026367188
-11.258610725402832
-11.254074096679688
-11.233349800109863
-11.220209121704102
-11.23321533203125
-11.248311996459961
-11.258585929870605
-11.256662368774414
-11.24695110321045
-11.231402397155762
-11.23090648651123
-11.231330871582031
-11.249160766601562
-11.263628005981445
-11.262439727783203
-11.263128280639648
-11.253511428833008
-11.253165245056152
-11.26748275756836
-11.26488971710205
-11.262619018554688
-11.262042045593262
-11.262320518493652
-11.258919715881348
-11.265238761901855
-11.266313552856445
-11.261550903320312
-11.263006210327148
-11.264174461364746
-11.269073486328125
-11.271453857421875
-11.258625030517578
-11.262361526489258
-11.265874862670898
-11.26193904876709
-11.261030197143555
-11.269993782043457
-11.264533042907715
-11.261467933654785
-11.269710540771484
-11.255095481872559
-11.263050079345703
-11.262542724609375
-11.262289047241211
-11.262715339660645
-11.261377334594727
-11.258853912353516
-11.25743579864502
-11.264723777770996
-11.260518074035645
-11.2710542678833
-11.268484115600586
-11.262804985046387
-11.26479434967041
-11.2662353515625
-11.26185417175293
-11.259590148925781
-11.258323669433594
-11.261174201965332
-11.265897750854492
-11.267138481140137
-11.263555526733398
-11.263667106628418
-11.26877212524414
-11.26708984375
-11.26831340789795
-11.264368057250977
-11.264018058776855
-11.257523536682129
-11.258150100708008
-11.255851745605469
-11.256218910217285
-11.258990287780762
-11.263696670532227
-11.268570899963379
-11.265047073364258
-11.259092330932617
-11.253243446350098
-11.242055892944336
-11.237926483154297
-11.247820854187012
-11.258045196533203
-11.256197929382324
-11.271090507507324
-11.257856369018555
-11.25206184387207
-11.252218246459961
-11.2526273727417
-11.257850646972656
-11.26806640625
-11.272932052612305
-11.263099670410156
-11.265841484069824
-11.256240844726562
-11.24975299835205
-11.258245468139648
-11.274417877197266
-11.262146949768066
-11.268563270568848
-11.265424728393555
-11.260954856872559
-11.250947952270508
-11.255867004394531
-11.26243782043457
-11.275142669677734
-11.266768455505371
-11.25889778137207
-11.259349822998047
-11.259871482849121
-11.265617370605469
-11.27721118927002
-11.274829864501953
-11.268305778503418
-11.271330833435059
-11.272470474243164
-11.27354907989502
-11.268028259277344
-11.269078254699707
-11.273273468017578
-11.269207000732422
-11.266143798828125
-11.27632999420166
-11.270479202270508
-11.273924827575684
-11.272055625915527
-11.267982482910156
-11.267792701721191
-11.267010688781738
-11.268269538879395
-11.272146224975586
-11.269218444824219
-11.273045539855957
-11.266040802001953
-11.273468971252441
-11.270994186401367
-11.266555786132812
-11.267496109008789
-11.271814346313477
-11.273839950561523
-11.270039558410645
-11.268963813781738
-11.277191162109375
-11.276084899902344
-11.271368026733398
-11.277084350585938
-11.268073081970215
-11.266870498657227
-11.26754379272461
-11.26641845703125
-11.269307136535645
-11.261432647705078
-11.2723388671875
-11.273053169250488
-11.273175239562988
-11.269100189208984
-11.263409614562988
-11.26569938659668
-11.252995491027832
-11.25594711303711
-11.253738403320312
-11.261455535888672
-11.267611503601074
-11.274049758911133
-11.2762451171875
-11.269660949707031
-11.265052795410156
-11.24877643585205
-11.241338729858398
-11.250439643859863
-11.254399299621582
-11.26302719116211
-11.270305633544922
-11.274248123168945
-11.272624015808105
-11.265225410461426
-11.266422271728516
-11.273757934570312
-11.269350051879883
-11.266745567321777
-11.257664680480957
-11.254342079162598
-11.254362106323242
-11.263394355773926
-11.268891334533691
-11.27166748046875
-11.26357650756836
-11.25387954711914
-11.244422912597656
-11.252321243286133
-11.25652027130127
-11.270779609680176
-11.275505065917969
-11.26926040649414
-11.265854835510254
-11.265915870666504
-11.25599479675293
-11.265952110290527
-11.272622108459473
-11.269415855407715
-11.273412704467773
-11.265929222106934
-11.261764526367188
-11.264826774597168
-11.271007537841797
-11.267693519592285
-11.275208473205566
-11.274797439575195
-11.277070999145508
-11.281156539916992
-11.273919105529785
-11.266876220703125
-11.274588584899902
-11.279241561889648
-11.273954391479492
-11.272964477539062
-11.284016609191895
-11.277560234069824
-11.270580291748047
-11.2757568359375
-11.27432918548584
-11.278477668762207
-11.277421951293945
-11.277717590332031
-11.273699760437012
-11.277323722839355
-11.276503562927246
-11.269552230834961
-11.280455589294434
-11.27379322052002
-11.282769203186035
-11.279138565063477
-11.274261474609375
-11.273150444030762
-11.283368110656738
-11.280292510986328
-11.276782035827637
-11.281539916992188
-11.276897430419922
-11.277010917663574
-11.278818130493164
-11.275574684143066
-11.276487350463867
-11.273516654968262
-11.281134605407715
-11.278393745422363
-11.277642250061035
-11.276601791381836
-11.278023719787598
-11.280049324035645
-11.276795387268066
-11.27573299407959
-11.274666786193848
-11.275360107421875
-11.277070045471191
-11.27609920501709
-11.27688980102539
-11.281193733215332
-11.275975227355957
-11.27682113647461
-11.27575969696045
-11.275282859802246
-11.274331092834473
-11.275701522827148
-11.267603874206543
-11.263447761535645
-11.263851165771484
-11.262249946594238
-11.259538650512695
-11.263668060302734
-11.262046813964844
-11.26880931854248
-11.27129077911377
-11.278246879577637
-11.279080390930176
-11.274389266967773
-11.26264476776123
-11.255148887634277
-11.265168190002441
-11.269679069519043
-11.282119750976562
-11.275562286376953
-11.281959533691406
-11.278196334838867
-11.28075885772705
-11.27858829498291
-11.269054412841797
-11.27357292175293
-11.275350570678711
-11.273077964782715
-11.273694038391113
-11.273122787475586
-11.280041694641113
-11.277252197265625
-11.282451629638672
-11.277091026306152
-11.287317276000977
-11.278482437133789
-11.278437614440918
-11.27342414855957
-11.265756607055664
-11.276297569274902
-11.277312278747559
-11.269838333129883
-11.272329330444336
-11.275790214538574
-11.282539367675781
-11.28083324432373
-11.283990859985352
-11.287371635437012
-11.288066864013672
-11.280824661254883
-11.283990859985352
-11.282470703125
-11.282981872558594
-11.284432411193848
-11.282306671142578
-11.288602828979492
-11.285846710205078
-11.279318809509277
-11.278409004211426
-11.281370162963867
-11.272059440612793
-11.267671585083008
-11.268974304199219
-11.265938758850098
-11.26924991607666
-11.271334648132324
-11.267186164855957
-11.270149230957031
-11.271639823913574
-11.281679153442383
-11.28441333770752
-11.283366203308105
-11.278865814208984
-11.273833274841309
-11.273143768310547
-11.261754035949707
-11.26203727722168
-11.267850875854492
-11.276119232177734
-11.28077220916748
-11.264250755310059
-11.244307518005371
-11.238061904907227
-11.247063636779785
-11.266096115112305
-11.285996437072754
-11.285940170288086
-11.275278091430664
-11.260903358459473
-11.265360832214355
-11.272553443908691
-11.279268264770508
-11.284245491027832
-11.27992057800293
-11.275330543518066
-11.272860527038574
-11.269262313842773
-11.274908065795898
-11.285923957824707
-11.276631355285645
-11.273957252502441
-11.264549255371094
-11.27001953125
-11.281672477722168
-11.28382396697998
-11.278956413269043
-11.267005920410156
-11.249008178710938
-11.254058837890625
-11.272614479064941
-11.281153678894043
-11.263967514038086
-11.235452651977539
-11.230607986450195
-11.265084266662598
-11.275336265563965
-11.26604175567627
-11.266650199890137
-11.276208877563477
-11.274770736694336
-11.284257888793945
-11.279067993164062
-11.269307136535645
-11.259027481079102
-11.272333145141602
-11.278054237365723
-11.276662826538086
-11.268321990966797
-11.249472618103027
-11.249967575073242
-11.266201972961426
-11.28184700012207
-11.283638000488281
-11.275614738464355
-11.274139404296875
-11.276015281677246
-11.284419059753418
-11.28399658203125
-11.271965980529785
-11.271379470825195
-11.276375770568848
-11.285743713378906
-11.284374237060547
-11.278907775878906
-11.264800071716309
-11.268030166625977
-11.281869888305664
-11.284219741821289
-11.272632598876953
-11.261669158935547
-11.262795448303223
-11.285333633422852
-11.286160469055176
-11.2799072265625
-11.280482292175293
-11.275793075561523
-11.285109519958496
-11.287190437316895
-11.284368515014648
-11.276920318603516
-11.284326553344727
-11.287187576293945
-11.283103942871094
-11.282187461853027
-11.282816886901855
-11.285399436950684
-11.283595085144043
-11.283535957336426
-11.276549339294434
-11.277151107788086
-11.277274131774902
-11.287579536437988
-11.280655860900879
-11.26987075805664
-11.269181251525879
-11.279044151306152
-11.289092063903809
-11.288729667663574
-11.283243179321289
-11.281800270080566
-11.287944793701172
-11.291516304016113
-11.28621768951416
-11.284280776977539
-11.29289722442627
-11.285683631896973
-11.279789924621582
-11.28642749786377
-11.292890548706055
-11.28601360321045
-11.292722702026367
-11.288196563720703
-11.282783508300781
-11.286340713500977
-11.286407470703125
-11.288240432739258
-11.28662109375
-11.287209510803223
-11.289532661437988
-11.289697647094727
-11.289859771728516
-11.289579391479492
-11.290266990661621
-11.289501190185547
-11.28812026977539
-11.296127319335938
-11.289069175720215
-11.288658142089844
-11.287565231323242
-11.293646812438965
-11.290982246398926
-11.288780212402344
-11.288290023803711
-11.28831672668457
-11.284015655517578
-11.293585777282715
-11.288432121276855
-11.29211711883545
-11.286335945129395
-11.292610168457031
-11.28752613067627
-11.289789199829102
-11.296992301940918
-11.29468822479248
-11.290984153747559
-11.292190551757812
-11.292570114135742
-11.295165061950684
-11.289290428161621
-11.287027359008789
-11.29096794128418
-11.289322853088379
-11.295366287231445
-11.293593406677246
-11.295623779296875
-11.287546157836914
-11.287442207336426
-11.28807544708252
-11.289886474609375
-11.288086891174316
-11.288125991821289
-11.28963565826416
-11.292083740234375
-11.292673110961914
-11.289003372192383
-11.293977737426758
-11.29236125946045
-11.29784870147705
-11.29397201538086
-11.291800498962402
-11.290743827819824
-11.293371200561523
-11.287517547607422
-11.289579391479492
-11.29137134552002
-11.289427757263184
-11.291852951049805
-11.289481163024902
-11.29095458984375
-11.293227195739746
-11.286711692810059
-11.292733192443848
-11.287078857421875
-11.297130584716797
-11.29344367980957
-11.29626750946045
-11.293747901916504
-11.290472030639648
-11.288886070251465
-11.293989181518555
-11.290868759155273
-11.290971755981445
-11.29254150390625
-11.283965110778809
-11.295721054077148
-11.291980743408203
-11.290143966674805
-11.291366577148438
-11.29541301727295
-11.294069290161133
-11.286850929260254
-11.284317970275879
-11.284674644470215
-11.287019729614258
-11.286783218383789
-11.290450096130371
-11.29403305053711
-11.292881965637207
-11.29407024383545
-11.290282249450684
-11.294568061828613
-11.29005241394043
-11.2935791015625
-11.292790412902832
-11.287960052490234
-11.293741226196289
-11.288322448730469
-11.293111801147461
-11.291231155395508
-11.295328140258789
-11.290796279907227
-11.294012069702148
-11.287873268127441
-11.293806076049805
-11.291752815246582
-11.284002304077148
-11.281335830688477
-11.278921127319336
-11.277400970458984
-11.276464462280273
-11.278341293334961
-11.286762237548828
-11.289449691772461
-11.2908296585083
-11.296707153320312
-11.289999961853027
-11.292393684387207
-11.293740272521973
-11.291019439697266
-11.296399116516113
-11.299168586730957
-11.294740676879883
-11.2954683303833
-11.294824600219727
-11.295863151550293
-11.29510498046875
-11.28952407836914
-11.292817115783691
-11.28958511352539
-11.289875984191895
-11.2915620803833
-11.287856101989746
-11.2843656539917
-11.29015064239502
-11.282853126525879
-11.285673141479492
-11.282389640808105
-11.289509773254395
-11.286227226257324
-11.289846420288086
-11.296121597290039
-11.291769981384277
-11.297785758972168
-11.297136306762695
-11.299745559692383
-11.299094200134277
-11.298582077026367
-11.291243553161621
-11.293196678161621
-11.288541793823242
-11.287298202514648
-11.290971755981445
-11.292890548706055
-11.28975772857666
-11.293947219848633
-11.288081169128418
-11.287424087524414
-11.291423797607422
-11.292264938354492
-11.295681953430176
-11.29951000213623
-11.294425964355469
-11.292552947998047
-11.277799606323242
-11.28292465209961
-11.276139259338379
-11.279669761657715
-11.2877836227417
-11.292407989501953
-11.29625129699707
-11.28979778289795
-11.275897979736328
-11.256341934204102
-11.245107650756836
-11.257675170898438
-11.278312683105469
-11.297645568847656
-11.291014671325684
-11.268548011779785
-11.245452880859375
-11.259505271911621
-11.285323143005371
-11.295125961303711
-11.285603523254395
-11.26789379119873
-11.27035140991211
-11.291582107543945
-11.294177055358887
-11.300714492797852
-11.288458824157715
-11.28870964050293
-11.295778274536133
-11.295245170593262
-11.293911933898926
-11.298725128173828
-11.291916847229004
-11.29125690460205
-11.29957389831543
-11.29345417022705
-11.296689987182617
-11.294870376586914
-11.298108100891113
-11.297202110290527
-11.297933578491211
-11.296826362609863
-11.29408073425293
-11.29647159576416
-11.302586555480957
-11.296614646911621
-11.291159629821777
-11.290764808654785
-11.290958404541016
-11.292699813842773
-11.297684669494629
-11.299582481384277
-11.297143936157227
-11.293126106262207
-11.29427719116211
-11.295698165893555
-11.301661491394043
-11.302535057067871
-11.297773361206055
-11.297383308410645
-11.301774024963379
-11.301542282104492
-11.3011474609375
-11.298744201660156
-11.298060417175293
-11.302250862121582
-11.300965309143066
-11.299919128417969
-11.296695709228516
-11.298346519470215
-11.294838905334473
-11.302380561828613
-11.302106857299805
-11.30544376373291
-11.303217887878418
-11.299033164978027
-11.297113418579102
-11.296896934509277
-11.297660827636719
-11.301118850708008
-11.297123908996582
-11.303923606872559
-11.301484107971191
-11.299570083618164
-11.30112075805664
-11.301142692565918
-11.298203468322754
-11.294069290161133
-11.296815872192383
-11.298498153686523
-11.29889965057373
-11.297432899475098
-11.297794342041016
-11.297755241394043
-11.303603172302246
-11.304054260253906
-11.300930976867676
-11.300131797790527
-11.29443073272705
-11.301606178283691
-11.29891586303711
-11.30046272277832
-11.291543006896973
-11.299132347106934
-11.297111511230469
-11.29776668548584
-11.298267364501953
-11.301976203918457
-11.30087661743164
-11.301125526428223
-11.302971839904785
-11.299802780151367
-11.298569679260254
-11.295431137084961
-11.290435791015625
-11.287172317504883
-11.282032012939453
-11.279753684997559
-11.283791542053223
-11.290130615234375
-11.303683280944824
-11.303542137145996
-11.300402641296387
-11.290295600891113
-11.288656234741211
-11.274388313293457
-11.274153709411621
-11.281787872314453
-11.29996395111084
-11.302719116210938
-11.30113410949707
-11.295197486877441
-11.285355567932129
-11.293530464172363
-11.297947883605957
-11.302140235900879
-11.303227424621582
-11.305611610412598
-11.302939414978027
-11.291784286499023
-11.290129661560059
-11.291727066040039
-11.294110298156738
-11.29682731628418
-11.303180694580078
-11.297891616821289
-11.304923057556152
-11.30549430847168
-11.299979209899902
-11.295595169067383
-11.303032875061035
-11.30094051361084
-11.305360794067383
-11.30431079864502
-11.303513526916504
-11.301329612731934
-11.296626091003418
-11.299884796142578
-11.301689147949219
-11.306113243103027
-11.300599098205566
-11.298796653747559
-11.302990913391113
-11.301117897033691
-11.29859447479248
-11.289528846740723
-11.27862548828125
-11.280845642089844
-11.289478302001953
-11.2960844039917
-11.30134391784668
-11.30235767364502
-11.29983901977539
-11.296599388122559
-11.294392585754395
-11.295141220092773
-11.296817779541016
-11.30282211303711
-11.303858757019043
-11.305362701416016
-11.28488540649414
-11.276530265808105
-11.257804870605469
-11.262483596801758
-11.294382095336914
-11.293466567993164
-11.25831127166748
-11.248862266540527
-11.268514633178711
-11.296478271484375
-11.303013801574707
-11.293939590454102
-11.293416976928711
-11.294371604919434
-11.294705390930176
-11.300272941589355
-11.303133964538574
-11.298379898071289
-11.301200866699219
-11.302064895629883
-11.302109718322754
-11.30316162109375
-11.302736282348633
-11.306550979614258
-11.301254272460938
-11.30029296875
-11.300816535949707
-11.304859161376953
-11.306121826171875
-11.30617904663086
-11.308998107910156
-11.302573204040527
-11.3020601272583
-11.3074951171875
-11.303580284118652
-11.307693481445312
-11.303349494934082
-11.308999061584473
-11.30979061126709
-11.308797836303711
-11.301830291748047
-11.303719520568848
-11.305601119995117
-11.306565284729004
-11.305431365966797
-11.306897163391113
-11.30556583404541
-11.306160926818848
-11.306390762329102
-11.301941871643066
-11.308640480041504
-11.302957534790039
-11.304805755615234
-11.303915977478027
-11.306788444519043
-11.308049201965332
-11.307405471801758
-11.305006980895996
-11.302434921264648
-11.304643630981445
-11.305550575256348
-11.304009437561035
-11.304850578308105
-11.308612823486328
-11.302924156188965
-11.307235717773438
-11.306502342224121
-11.305170059204102
-11.306761741638184
-11.304481506347656
-11.303256034851074
-11.304642677307129
-11.305652618408203
-11.306295394897461
-11.30294132232666
-11.306065559387207
-11.308639526367188
-11.307541847229004
-11.304914474487305
-11.302696228027344
-11.298944473266602
-11.304465293884277
-11.307930946350098
-11.309945106506348
-11.308911323547363
-11.305490493774414
-11.303831100463867
-11.304707527160645
-11.305331230163574
-11.301491737365723
-11.300540924072266
-11.299837112426758
-11.297847747802734
-11.300546646118164
-11.301990509033203
-11.306653022766113
-11.304195404052734
-11.304388046264648
-11.306670188903809
-11.310481071472168
-11.310086250305176
-11.308675765991211
-11.309282302856445
-11.307815551757812
-11.302830696105957
-11.308061599731445
-11.307965278625488
-11.301965713500977
-11.295333862304688
-11.290016174316406
-11.283963203430176
-11.28845500946045
-11.294011116027832
-11.292303085327148
-11.299717903137207
-11.296704292297363
-11.301838874816895
-11.301590919494629
-11.303384780883789
-11.307276725769043
-11.304045677185059
-11.309465408325195
-11.300580978393555
-11.286457061767578
-11.270869255065918
-11.259172439575195
-11.271531105041504
-11.295605659484863
-11.308849334716797
-11.290974617004395
-11.256004333496094
-11.241686820983887
-11.269122123718262
-11.299196243286133
-11.277236938476562
-11.22597885131836
-11.239602088928223
-11.297457695007324
-11.2965087890625
-11.251516342163086
-11.237645149230957
-11.283880233764648
-11.30716609954834
-11.284700393676758
-11.26754093170166
-11.285577774047852
-11.304459571838379
-11.298751831054688
-11.284428596496582
-11.288496017456055
-11.299530982971191
-11.307404518127441
-11.30735969543457
-11.29886531829834
-11.299666404724121
-11.306252479553223
-11.301665306091309
-11.295348167419434
-11.2987642288208
-11.305693626403809
-11.30288314819336
-11.290477752685547
-11.286004066467285
-11.293015480041504
-11.304848670959473
-11.306700706481934
-11.299386978149414
-11.301580429077148
-11.302512168884277
-11.30987548828125
-11.307148933410645
-11.29847240447998
-11.306009292602539
-11.304930686950684
-11.308967590332031
-11.304577827453613
-11.306366920471191
-11.310565948486328
-11.309886932373047
-11.312339782714844
-11.307324409484863
-11.305254936218262
-11.307514190673828
-11.311171531677246
-11.309834480285645
-11.307036399841309
-11.303955078125
-11.311307907104492
-11.308819770812988
-11.30590534210205
-11.305006980895996
-11.309440612792969
-11.309640884399414
-11.306910514831543
-11.309983253479004
-11.309163093566895
-11.307491302490234
-11.308218002319336
-11.313291549682617
-11.312588691711426
-11.313629150390625
-11.309356689453125
-11.311100959777832
-11.309308052062988
-11.311174392700195
-11.309026718139648
-11.308676719665527
-11.309895515441895
-11.308459281921387
-11.310272216796875
-11.31094741821289
-11.309468269348145
-11.314275741577148
-11.311803817749023
-11.313129425048828
-11.310981750488281
-11.309566497802734
-11.311166763305664
-11.311582565307617
-11.312236785888672
-11.312715530395508
-11.309721946716309
-11.307717323303223
-11.310345649719238
-11.31134033203125
-11.308727264404297
-11.312675476074219
-11.313809394836426
-11.309131622314453
-11.308393478393555
-11.310759544372559
-11.310775756835938
-11.314382553100586
-11.308008193969727
-11.317535400390625
-11.313136100769043
-11.315340995788574
-11.312192916870117
-11.310413360595703
-11.31006908416748
-11.314502716064453
-11.309477806091309
-11.310342788696289
-11.306851387023926
-11.31196117401123
-11.313591957092285
-11.309499740600586
-11.310129165649414
-11.307072639465332
-11.312605857849121
-11.31096076965332
-11.315467834472656
-11.309356689453125
-11.30942153930664
-11.310094833374023
-11.313940048217773
-11.315261840820312
-11.313827514648438
-11.309122085571289
-11.312105178833008
-11.310978889465332
-11.31286907196045
-11.311572074890137
-11.313276290893555
-11.31458854675293
-11.313658714294434
-11.310733795166016
-11.312012672424316
-11.309894561767578
-11.308063507080078
-11.310040473937988
-11.309793472290039
-11.309494972229004
-11.313484191894531
-11.309480667114258
-11.317115783691406
-11.31147289276123
-11.311543464660645
-11.31165885925293
-11.313721656799316
-11.314492225646973
-11.312989234924316
-11.314464569091797
-11.312246322631836
-11.313879013061523
-11.315898895263672
-11.311797142028809
-11.31387710571289
-11.311640739440918
-11.316194534301758
-11.31352710723877
-11.312447547912598
-11.316290855407715
-11.312868118286133
-11.315665245056152
-11.315604209899902
-11.314105987548828
-11.311445236206055
-11.312926292419434
-11.310196876525879
-11.309086799621582
-11.308184623718262
-11.310078620910645
-11.312191009521484
-11.313682556152344
-11.310205459594727
-11.314360618591309
-11.309728622436523
-11.311559677124023
-11.313526153564453
-11.313732147216797
-11.31241512298584
-11.30881404876709
-11.312217712402344
-11.313218116760254
-11.313390731811523
-11.314302444458008
-11.311859130859375
-11.311039924621582
-11.314724922180176
-11.312710762023926
-11.310738563537598
-11.315120697021484
-11.314547538757324
-11.314336776733398
-11.310649871826172
-11.3109769821167
-11.3141450881958
-11.310201644897461
-11.31036376953125
-11.31277847290039
-11.314543724060059
-11.319023132324219
-11.313700675964355
-11.312586784362793
-11.313494682312012
-11.31054401397705
-11.313408851623535
-11.313223838806152
-11.3147554397583
-11.311678886413574
-11.317126274108887
-11.31347370147705
-11.311054229736328
-11.311259269714355
-11.310129165649414
-11.311928749084473
-11.311100959777832
-11.312780380249023
-11.315997123718262
-11.318245887756348
-11.313911437988281
-11.315841674804688
-11.315583229064941
-11.31435775756836
-11.315512657165527
-11.317362785339355
-11.313156127929688
-11.315168380737305
-11.312163352966309
-11.31068229675293
-11.313302993774414
-11.313611030578613
-11.310616493225098
-11.315746307373047
-11.313163757324219
-11.313342094421387
-11.315401077270508
-11.317658424377441
-11.309956550598145
-11.30726432800293
-11.303545951843262
-11.293680191040039
-11.29862117767334
-11.302401542663574
-11.303359985351562
-11.302589416503906
-11.30370807647705
-11.302600860595703
-11.307998657226562
-11.302745819091797
-11.309325218200684
-11.307442665100098
-11.30811882019043
-11.312080383300781
-11.315922737121582
-11.316108703613281
-11.317159652709961
-11.311003684997559
-11.313922882080078
-11.305496215820312
-11.30866813659668
-11.304617881774902
-11.302844047546387
-11.301224708557129
-11.3004150390625
-11.3023042678833
-11.305832862854004
-11.301319122314453
-11.306997299194336
-11.317715644836426
-11.31406307220459
-11.314586639404297
-11.31464958190918
-11.309030532836914
-11.313035011291504
-11.317242622375488
-11.314894676208496
-11.314433097839355
-11.315352439880371
-11.316943168640137
-11.315192222595215
-11.316184043884277
-11.315628051757812
-11.316097259521484
-11.316097259521484
-11.312783241271973
-11.315718650817871
-11.31558895111084
-11.316840171813965
-11.315043449401855
-11.315027236938477
-11.313736915588379
-11.31259536743164
-11.31287670135498
-11.314926147460938
-11.31645679473877
-11.317363739013672
-11.31661605834961
-11.316380500793457
-11.319276809692383
-11.317959785461426
-11.3163423538208
-11.319808006286621
-11.316712379455566
-11.314081192016602
-11.319087028503418
-11.312458992004395
-11.314119338989258
-11.318206787109375
-11.319342613220215
-11.31654167175293
-11.314505577087402
-11.316174507141113
-11.319254875183105
-11.313179969787598
-11.321634292602539
-11.3180513381958
-11.314886093139648
-11.315149307250977
-11.314303398132324
-11.315773963928223
-11.314903259277344
-11.311933517456055
-11.305253028869629
-11.304429054260254
-11.297927856445312
-11.288505554199219
-11.29141902923584
-11.296928405761719
-11.31143856048584
-11.318694114685059
-11.312908172607422
-11.309778213500977
-11.313128471374512
-11.31082820892334
-11.312495231628418
-11.308723449707031
-11.313714027404785
-11.310922622680664
-11.318631172180176
-11.314886093139648
-11.315645217895508
-11.312309265136719
-11.307173728942871
-11.303704261779785
-11.308135986328125
-11.306110382080078
-11.309503555297852
-11.309261322021484
-11.318381309509277
-11.313969612121582
-11.31511116027832
-11.312798500061035
-11.316181182861328
-11.316710472106934
-11.316579818725586
-11.312830924987793
-11.312365531921387
-11.311853408813477
-11.308862686157227
-11.311171531677246
-11.315614700317383
-11.31896686553955
-11.318254470825195
-11.310297012329102
-11.307883262634277
-11.303020477294922
-11.30475902557373
-11.310173988342285
-11.309490203857422
-11.311599731445312
-11.31871509552002
-11.318092346191406
-11.319242477416992
-11.322457313537598
-11.319130897521973
-11.321081161499023
-11.313521385192871
-11.316235542297363
-11.313265800476074
-11.316214561462402
-11.315200805664062
-11.318382263183594
-11.314449310302734
-11.319893836975098
-11.321113586425781
-11.322897911071777
-11.318191528320312
-11.316431045532227
-11.317191123962402
-11.31629467010498
-11.317070960998535
-11.318256378173828
-11.320615768432617
-11.322349548339844
-11.3222017288208
-11.318921089172363
-11.3164701461792
-11.317814826965332
-11.311395645141602
-11.314711570739746
-11.315353393554688
-11.318239212036133
-11.317461013793945
-11.316245079040527
-11.31747817993164
-11.318602561950684
-11.317431449890137
-11.312585830688477
-11.312560081481934
-11.30902099609375
-11.304710388183594
-11.29985523223877
-11.294964790344238
-11.294268608093262
-11.299270629882812
-11.314563751220703
-11.316803932189941
-11.319256782531738
-11.314640998840332
-11.307311058044434
-11.29698371887207
-11.288732528686523
-11.290411949157715
-11.298195838928223
-11.309954643249512
-11.319449424743652
-11.31798267364502
-11.30578327178955
-11.293354034423828
-11.293992042541504
-11.303752899169922
-11.316831588745117
-11.319281578063965
-11.309717178344727
-11.303403854370117
-11.302420616149902
-11.305041313171387
-11.311038970947266
-11.314618110656738
-11.311290740966797
-11.287637710571289
-11.282882690429688
-11.300976753234863
-11.317298889160156
-11.312843322753906
-11.298476219177246
-11.297609329223633
-11.308969497680664
-11.315278053283691
-11.3208646774292
-11.31696891784668
-11.314218521118164
-11.304160118103027
-11.316390037536621
-11.320284843444824
-11.320239067077637
-11.31594467163086
-11.315814018249512
-11.30453872680664
-11.306389808654785
-11.314091682434082
-11.31682014465332
-11.320894241333008
-11.315728187561035
-11.31164836883545
-11.309036254882812
-11.307378768920898
-11.31412124633789
-11.3212251663208
-11.319571495056152
-11.310956001281738
-11.307563781738281
-11.316757202148438
-11.32111930847168
-11.32343578338623
-11.318448066711426
-11.320436477661133
-11.313974380493164
-11.317803382873535
-11.318427085876465
-11.317525863647461
-11.31971263885498
-11.31646728515625
-11.31809139251709
-11.320696830749512
-11.324089050292969
-11.32027530670166
-11.31977367401123
-11.31600284576416
-11.317562103271484
-11.320921897888184
-11.325084686279297
-11.322957038879395
-11.321554183959961
-11.321571350097656
-11.321444511413574
-11.317841529846191
-11.320104598999023
-11.322732925415039
-11.324562072753906
-11.322378158569336
-11.320348739624023
-11.321294784545898
-11.32045841217041
-11.317537307739258
-11.320515632629395
-11.320169448852539
-11.322381019592285
-11.319119453430176
-11.324296951293945
-11.320406913757324
-11.320035934448242
-11.323321342468262
-11.32281494140625
-11.323569297790527
-11.319992065429688
-11.32340145111084
-11.319903373718262
-11.320141792297363
-11.319657325744629
-11.321900367736816
-11.320060729980469
-11.319947242736816
-11.322344779968262
-11.323088645935059
-11.321860313415527
-11.32366943359375
-11.319461822509766
-11.320744514465332
-11.322729110717773
-11.31885814666748
-11.320602416992188
-11.324150085449219
-11.320929527282715
-11.320856094360352
-11.322227478027344
-11.322042465209961
-11.325187683105469
-11.325261116027832
-11.321179389953613
-11.323712348937988
-11.32509708404541
-11.32510757446289
-11.321260452270508
-11.321784019470215
-11.323169708251953
-11.319845199584961
-11.321202278137207
-11.32501220703125
-11.322646141052246
-11.32166576385498
-11.324907302856445
-11.323564529418945
-11.322469711303711
-11.324204444885254
-11.325629234313965
-11.32634162902832
-11.321013450622559
-11.322421073913574
-11.322288513183594
-11.319894790649414
-11.32104778289795
-11.314942359924316
-11.315483093261719
-11.31336498260498
-11.313069343566895
-11.314922332763672
-11.312664985656738
-11.308418273925781
-11.314221382141113
-11.315357208251953
-11.316681861877441
-11.318724632263184
-11.320453643798828
-11.320968627929688
-11.31620979309082
-11.295679092407227
-11.278995513916016
-11.277280807495117
-11.302363395690918
-11.323575973510742
-11.322019577026367
-11.321389198303223
-11.316892623901367
-11.321166038513184
-11.32198429107666
-11.3069486618042
-11.287643432617188
-11.284045219421387
-11.290289878845215
-11.3173828125
-11.31859016418457
-11.305727005004883
-11.287814140319824
-11.278745651245117
