loss_b
-9.168411254882812
-9.170137405395508
-9.171797752380371
-9.171887397766113
-9.172662734985352
-9.173700332641602
-9.174558639526367
-9.174450874328613
-9.175726890563965
-9.175780296325684
-9.175668716430664
-9.176237106323242
-9.177184104919434
-9.178325653076172
-9.179468154907227
-9.180950164794922
-9.180951118469238
-9.183669090270996
-9.184311866760254
-9.186695098876953
-9.188024520874023
-9.191507339477539
-9.194128036499023
-9.197343826293945
-9.201379776000977
-9.205267906188965
-9.209836959838867
-9.214676856994629
-9.218194007873535
-9.230298042297363
-9.236953735351562
-9.249373435974121
-9.260608673095703
-9.27246379852295
-9.284683227539062
-9.295350074768066
-9.312310218811035
-9.33336353302002
-9.351341247558594
-9.371657371520996
-9.39234447479248
-9.427850723266602
-9.452645301818848
-9.492568016052246
-9.52978229522705
-9.574945449829102
-9.61816120147705
-9.67529010772705
-9.739350318908691
-9.80543041229248
-9.864108085632324
-9.968461990356445
-10.065194129943848
-10.097057342529297
-10.217309951782227
-10.348392486572266
-10.438061714172363
-10.470558166503906
-10.512035369873047
-10.50385570526123
-10.521824836730957
-10.494654655456543
-10.490655899047852
-10.523613929748535
-10.567792892456055
-10.61975383758545
-10.676189422607422
-10.724265098571777
-10.744961738586426
-10.74995231628418
-10.785399436950684
-10.78361988067627
-10.784523963928223
-10.819315910339355
-10.851926803588867
-10.876093864440918
-10.912692070007324
-10.922953605651855
-10.968857765197754
-10.978874206542969
-10.977864265441895
-10.988972663879395
-11.021652221679688
-11.019354820251465
-11.043509483337402
-11.055438041687012
-11.07330322265625
-11.08083724975586
-11.0914306640625
-11.109560012817383
-11.099288940429688
-11.106867790222168
-11.126161575317383
-11.136560440063477
-11.143590927124023
-11.14591121673584
-11.149231910705566
-11.154695510864258
-11.161755561828613
-11.170328140258789
-11.175614356994629
-11.184285163879395
-11.189823150634766
-11.20651626586914
-11.204569816589355
-11.202879905700684
-11.20789909362793
-11.213521003723145
-11.220117568969727
-11.218087196350098
-11.233917236328125
-11.238147735595703
-11.256168365478516
-11.250875473022461
-11.25149154663086
-11.258285522460938
-11.2659273147583
-11.261591911315918
-11.26176929473877
-11.259005546569824
-11.27340030670166
-11.268367767333984
-11.275731086730957
-11.27617073059082
-11.299108505249023
-11.288535118103027
-11.29626750946045
-11.295035362243652
-11.3084135055542
-11.300889015197754
-11.30186939239502
-11.30724048614502
-11.314563751220703
-11.316896438598633
-11.317342758178711
-11.315494537353516
-11.324978828430176
-11.312604904174805
-11.322725296020508
-11.331235885620117
-11.329792976379395
-11.333478927612305
-11.333759307861328
-11.332578659057617
-11.335237503051758
-11.337506294250488
-11.33554458618164
-11.343497276306152
-11.34388256072998
-11.351799964904785
-11.345649719238281
-11.349658012390137
-11.347554206848145
-11.350687980651855
-11.352191925048828
-11.35336971282959
-11.358386039733887
-11.362431526184082
-11.361719131469727
-11.366633415222168
-11.366951942443848
-11.365468978881836
-11.371378898620605
-11.36988353729248
-11.370040893554688
-11.371542930603027
-11.370660781860352
-11.376036643981934
-11.371451377868652
-11.378118515014648
-11.376518249511719
-11.375304222106934
-11.381379127502441
-11.383872032165527
-11.385451316833496
-11.381863594055176
-11.385546684265137
-11.385353088378906
-11.388555526733398
-11.397061347961426
-11.391776084899902
-11.388872146606445
-11.390172004699707
-11.394538879394531
-11.396550178527832
-11.393632888793945
-11.39879322052002
-11.402557373046875
-11.396774291992188
-11.399580955505371
-11.398947715759277
-11.399569511413574
-11.396406173706055
-11.396347045898438
-11.40383243560791
-11.403915405273438
-11.407486915588379
-11.407958984375
-11.410362243652344
-11.407231330871582
-11.413511276245117
-11.408187866210938
-11.406641960144043
-11.412193298339844
-11.414934158325195
-11.409229278564453
-11.411741256713867
-11.412577629089355
-11.414793014526367
-11.411667823791504
-11.40998649597168
-11.41671371459961
-11.413847923278809
-11.4169282913208
-11.415102005004883
-11.418084144592285
-11.417500495910645
-11.417301177978516
-11.416234016418457
-11.417428970336914
-11.419807434082031
-11.420441627502441
-11.421952247619629
-11.4224214553833
-11.424677848815918
-11.42458438873291
-11.426216125488281
-11.428966522216797
-11.420841217041016
-11.425044059753418
-11.426255226135254
-11.42846965789795
-11.42763614654541
-11.426846504211426
-11.431042671203613
-11.430582046508789
-11.432609558105469
-11.42867374420166
-11.427906036376953
-11.431009292602539
-11.4280424118042
-11.432058334350586
-11.432904243469238
-11.430802345275879
-11.433863639831543
-11.432160377502441
-11.436223030090332
-11.432382583618164
-11.434429168701172
-11.435194969177246
-11.43565559387207
-11.438261032104492
-11.437637329101562
-11.43664836883545
-11.436439514160156
-11.435628890991211
-11.44075870513916
-11.436485290527344
-11.438698768615723
-11.439327239990234
-11.440155982971191
-11.44167709350586
-11.443313598632812
-11.44043254852295
-11.439520835876465
-11.44124698638916
-11.441309928894043
-11.443053245544434
-11.443419456481934
-11.446309089660645
-11.440954208374023
-11.44674015045166
-11.443899154663086
-11.446558952331543
-11.445903778076172
-11.446764945983887
-11.44636344909668
-11.446752548217773
-11.443838119506836
-11.44904899597168
-11.447476387023926
-11.447763442993164
-11.446084976196289
-11.450301170349121
-11.447419166564941
-11.447526931762695
-11.44971752166748
-11.45042610168457
-11.451966285705566
-11.452555656433105
-11.454854965209961
-11.451457023620605
-11.452550888061523
-11.452987670898438
-11.4529447555542
-11.45705509185791
-11.456360816955566
-11.455739974975586
-11.455893516540527
-11.455541610717773
-11.454963684082031
-11.454154014587402
-11.457249641418457
-11.454943656921387
-11.456304550170898
-11.457984924316406
-11.457027435302734
-11.457281112670898
-11.45965576171875
-11.458608627319336
-11.459437370300293
-11.460053443908691
-11.460054397583008
-11.460210800170898
-11.460543632507324
-11.46078109741211
-11.462040901184082
-11.462606430053711
-11.462815284729004
-11.460684776306152
-11.462203025817871
-11.462257385253906
-11.461179733276367
-11.464044570922852
-11.463471412658691
-11.46249008178711
-11.464634895324707
-11.463436126708984
-11.461956977844238
-11.465075492858887
-11.465693473815918
-11.464777946472168
-11.465385437011719
-11.46456241607666
-11.466300964355469
-11.46599292755127
-11.465703010559082
-11.466910362243652
-11.46629524230957
-11.468245506286621
-11.467820167541504
-11.467803001403809
-11.468592643737793
-11.46816349029541
-11.467276573181152
-11.468955039978027
-11.46988296508789
-11.469273567199707
-11.469513893127441
-11.470703125
-11.470342636108398
-11.469834327697754
-11.471620559692383
-11.471230506896973
-11.471603393554688
-11.471993446350098
-11.471983909606934
-11.471728324890137
-11.470795631408691
-11.470685958862305
-11.471953392028809
-11.4715576171875
-11.47244644165039
-11.47364616394043
-11.472942352294922
-11.473132133483887
-11.473011016845703
-11.474430084228516
-11.473678588867188
-11.47452449798584
-11.475632667541504
-11.474867820739746
-11.474486351013184
-11.475118637084961
-11.4745512008667
-11.475187301635742
-11.474818229675293
-11.475152015686035
-11.475553512573242
-11.476419448852539
-11.477250099182129
-11.475955963134766
-11.476618766784668
-11.476913452148438
-11.476783752441406
-11.476910591125488
-11.476180076599121
-11.47683334350586
-11.477032661437988
-11.4771728515625
-11.477416038513184
-11.477927207946777
-11.478056907653809
-11.477510452270508
-11.477978706359863
-11.478687286376953
-11.478933334350586
-11.479436874389648
-11.478931427001953
-11.480186462402344
-11.47994613647461
-11.479920387268066
-11.480302810668945
-11.480518341064453
-11.47927474975586
-11.479409217834473
-11.48033332824707
-11.479969024658203
-11.480713844299316
-11.480710983276367
-11.481278419494629
-11.480846405029297
-11.480960845947266
-11.480091094970703
-11.481466293334961
-11.481794357299805
-11.481278419494629
-11.481734275817871
-11.481821060180664
-11.482952117919922
-11.480960845947266
-11.48326301574707
-11.483429908752441
-11.481712341308594
-11.483394622802734
-11.482961654663086
-11.483000755310059
-11.483266830444336
-11.483792304992676
-11.484089851379395
-11.483406066894531
-11.483570098876953
-11.483402252197266
-11.48389720916748
-11.483407974243164
-11.484413146972656
-11.483454704284668
-11.483955383300781
-11.484474182128906
-11.483755111694336
-11.483579635620117
-11.484445571899414
-11.484042167663574
-11.484253883361816
-11.485329627990723
-11.48435115814209
-11.484732627868652
-11.485411643981934
-11.485084533691406
-11.4857759475708
-11.485343933105469
-11.484911918640137
-11.485369682312012
-11.485810279846191
-11.485743522644043
-11.4867582321167
-11.485074043273926
-11.486059188842773
-11.48619556427002
-11.485870361328125
-11.48608112335205
-11.486820220947266
-11.48628044128418
-11.486711502075195
-11.486903190612793
-11.487279891967773
-11.486700057983398
-11.487348556518555
-11.487523078918457
-11.487581253051758
-11.487691879272461
-11.487546920776367
-11.487469673156738
-11.487892150878906
-11.487603187561035
-11.488077163696289
-11.487866401672363
-11.487349510192871
-11.487594604492188
-11.488486289978027
-11.488993644714355
-11.488619804382324
-11.48838996887207
-11.488580703735352
-11.488192558288574
-11.488394737243652
-11.488577842712402
-11.488588333129883
-11.488729476928711
-11.488435745239258
-11.489291191101074
-11.489609718322754
-11.489609718322754
-11.489645957946777
-11.489343643188477
-11.488973617553711
-11.489763259887695
-11.489057540893555
-11.489733695983887
-11.490164756774902
-11.4904146194458
-11.490711212158203
-11.48957347869873
-11.489907264709473
-11.490171432495117
-11.490116119384766
-11.490202903747559
-11.491105079650879
-11.49051284790039
-11.490296363830566
-11.490518569946289
-11.49103832244873
-11.490528106689453
-11.491316795349121
-11.490252494812012
-11.4909029006958
-11.490921020507812
-11.491362571716309
-11.491740226745605
-11.491930961608887
-11.491283416748047
-11.49142074584961
-11.491729736328125
-11.491333961486816
-11.491401672363281
-11.491387367248535
-11.492006301879883
-11.491353034973145
-11.492316246032715
-11.492013931274414
-11.491389274597168
-11.492555618286133
-11.492091178894043
-11.492521286010742
-11.491695404052734
-11.492626190185547
-11.492722511291504
-11.493247032165527
-11.492500305175781
-11.493596076965332
-11.49344539642334
-11.493218421936035
-11.49217414855957
-11.49244499206543
-11.493139266967773
-11.49339485168457
-11.492963790893555
-11.493569374084473
-11.493155479431152
-11.492627143859863
-11.49332332611084
-11.492897987365723
-11.493287086486816
-11.493131637573242
-11.49367618560791
-11.493119239807129
-11.493287086486816
-11.493470191955566
-11.493953704833984
-11.49371337890625
-11.49358081817627
-11.494375228881836
-11.494268417358398
-11.494385719299316
-11.494101524353027
-11.49356746673584
-11.493891716003418
-11.493725776672363
-11.494483947753906
-11.494099617004395
-11.494664192199707
-11.494745254516602
-11.494574546813965
-11.49482536315918
-11.49477481842041
-11.494585990905762
-11.494807243347168
-11.49477767944336
-11.494763374328613
-11.495038986206055
-11.49490737915039
-11.495543479919434
-11.496018409729004
-11.496126174926758
-11.495036125183105
-11.495277404785156
-11.494955062866211
-11.495400428771973
-11.495712280273438
-11.495140075683594
-11.495731353759766
-11.495695114135742
-11.49544906616211
-11.496354103088379
-11.49588680267334
-11.49593448638916
-11.495819091796875
-11.496301651000977
-11.496180534362793
-11.495721817016602
-11.495348930358887
-11.495644569396973
-11.496329307556152
-11.496112823486328
-11.496505737304688
-11.496843338012695
-11.496131896972656
-11.49612045288086
-11.49651050567627
-11.496192932128906
-11.495999336242676
-11.496658325195312
-11.496557235717773
-11.496712684631348
-11.49656867980957
-11.497472763061523
-11.49728012084961
-11.496824264526367
-11.496788024902344
-11.497004508972168
-11.497451782226562
-11.496524810791016
-11.496853828430176
-11.496541976928711
-11.497603416442871
-11.497261047363281
-11.497674942016602
-11.496620178222656
-11.497064590454102
-11.497736930847168
-11.497367858886719
-11.496861457824707
-11.497583389282227
-11.497673034667969
-11.497369766235352
-11.498014450073242
-11.497882843017578
-11.497472763061523
-11.49749755859375
-11.497644424438477
-11.497801780700684
-11.497971534729004
-11.49777889251709
-11.497763633728027
-11.498517990112305
-11.49796199798584
-11.498339653015137
-11.497770309448242
-11.498177528381348
-11.498255729675293
-11.497980117797852
-11.497888565063477
-11.498251914978027
-11.49893856048584
-11.497760772705078
-11.49880313873291
-11.497709274291992
-11.498517036437988
-11.497852325439453
-11.498791694641113
-11.498217582702637
-11.49842643737793
-11.498794555664062
-11.498547554016113
-11.498407363891602
-11.498714447021484
-11.498741149902344
-11.499161720275879
-11.498927116394043
-11.498666763305664
-11.499244689941406
-11.498290061950684
-11.499274253845215
-11.49920654296875
-11.498857498168945
-11.498710632324219
-11.498564720153809
-11.498927116394043
-11.498958587646484
-11.498716354370117
-11.499035835266113
-11.49941349029541
-11.499431610107422
-11.499343872070312
-11.499123573303223
-11.499363899230957
-11.499911308288574
-11.499896049499512
-11.49931526184082
-11.499834060668945
-11.499838829040527
-11.499650955200195
-11.49930191040039
-11.49959945678711
-11.4991455078125
-11.49980640411377
-11.499817848205566
-11.499787330627441
-11.499384880065918
-11.499787330627441
-11.499727249145508
-11.49993896484375
-11.500388145446777
-11.499616622924805
-11.499752044677734
-11.500554084777832
-11.500127792358398
-11.500201225280762
-11.500825881958008
-11.500547409057617
-11.500470161437988
-11.500274658203125
-11.500825881958008
-11.500107765197754
-11.500266075134277
-11.500432014465332
-11.500624656677246
-11.50037956237793
-11.500030517578125
-11.50013542175293
-11.500592231750488
-11.500222206115723
-11.500639915466309
-11.500516891479492
-11.500680923461914
-11.500555992126465
-11.50045108795166
-11.500382423400879
-11.500800132751465
-11.50069522857666
-11.500714302062988
-11.5009765625
-11.500421524047852
-11.500781059265137
-11.50047779083252
-11.500894546508789
-11.500920295715332
-11.500872611999512
-11.501529693603516
-11.5011568069458
-11.501396179199219
-11.501047134399414
-11.500815391540527
-11.501001358032227
-11.501002311706543
-11.501324653625488
-11.501044273376465
-11.50091552734375
-11.501336097717285
-11.500995635986328
-11.500898361206055
-11.501139640808105
-11.501572608947754
-11.501407623291016
-11.501821517944336
-11.501537322998047
-11.501851081848145
-11.501745223999023
-11.502225875854492
-11.501605033874512
-11.500931739807129
-11.501956939697266
-11.501408576965332
-11.501460075378418
-11.50146484375
-11.501300811767578
-11.501341819763184
-11.50132942199707
-11.5014009475708
-11.50186538696289
-11.50169563293457
-11.501508712768555
-11.502513885498047
-11.501646995544434
-11.50156021118164
-11.501953125
-11.501838684082031
-11.502012252807617
-11.502364158630371
-11.502238273620605
-11.502066612243652
-11.502371788024902
-11.502348899841309
-11.50190544128418
-11.501877784729004
-11.502155303955078
-11.502156257629395
-11.502060890197754
-11.502026557922363
-11.501976013183594
-11.502500534057617
-11.502340316772461
-11.502232551574707
-11.502652168273926
-11.502442359924316
-11.502696990966797
-11.502264022827148
-11.502534866333008
-11.502235412597656
-11.502680778503418
-11.50235652923584
-11.502610206604004
-11.502702713012695
-11.502654075622559
-11.502573013305664
-11.503289222717285
-11.502423286437988
-11.502633094787598
-11.50257682800293
-11.502718925476074
-11.502625465393066
-11.502484321594238
-11.502545356750488
-11.502863883972168
-11.502702713012695
-11.502756118774414
-11.502601623535156
-11.502758979797363
-11.502697944641113
-11.503082275390625
-11.502734184265137
-11.503376960754395
-11.502748489379883
-11.502821922302246
-11.502789497375488
-11.502911567687988
-11.502636909484863
-11.50288200378418
-11.50297737121582
-11.502860069274902
-11.502808570861816
-11.503363609313965
-11.502965927124023
-11.503069877624512
-11.503286361694336
-11.502961158752441
-11.503183364868164
-11.503508567810059
-11.503438949584961
-11.503462791442871
-11.502949714660645
-11.503144264221191
-11.50329875946045
-11.503083229064941
-11.50299072265625
-11.503326416015625
-11.50326156616211
-11.503450393676758
-11.503515243530273
-11.503244400024414
-11.503164291381836
-11.50322151184082
-11.50361442565918
-11.503252983093262
-11.503440856933594
-11.503557205200195
-11.504114151000977
-11.503369331359863
-11.503894805908203
-11.503339767456055
-11.503558158874512
-11.503677368164062
-11.503758430480957
-11.503726959228516
-11.503551483154297
-11.5034818649292
-11.503718376159668
-11.503604888916016
-11.504159927368164
-11.503813743591309
-11.50341510772705
-11.503796577453613
-11.503694534301758
-11.503500938415527
-11.503851890563965
-11.50375747680664
-11.503580093383789
-11.503888130187988
-11.504039764404297
-11.503430366516113
-11.504148483276367
-11.504069328308105
-11.503725051879883
-11.503586769104004
-11.503880500793457
-11.50321102142334
-11.50386905670166
-11.503947257995605
-11.503850936889648
-11.503924369812012
-11.503938674926758
-11.50401496887207
-11.504118919372559
-11.50406551361084
-11.503847122192383
-11.504199981689453
-11.504364967346191
-11.504201889038086
-11.504096031188965
-11.504258155822754
-11.504231452941895
-11.504067420959473
-11.504137992858887
-11.50418472290039
-11.50422477722168
-11.504624366760254
-11.504561424255371
-11.504251480102539
-11.504217147827148
-11.504108428955078
-11.50462818145752
-11.50439739227295
-11.504653930664062
-11.504627227783203
-11.504440307617188
-11.504722595214844
-11.504491806030273
-11.50449275970459
-11.504668235778809
-11.504515647888184
-11.504555702209473
-11.504319190979004
-11.504289627075195
-11.504354476928711
-11.504721641540527
-11.50425910949707
-11.504890441894531
-11.505142211914062
-11.504840850830078
-11.50450325012207
-11.504464149475098
-11.504995346069336
-11.504749298095703
-11.504919052124023
-11.504695892333984
-11.504639625549316
-11.504793167114258
-11.50511360168457
-11.504894256591797
-11.505135536193848
-11.504663467407227
-11.504487991333008
-11.504926681518555
-11.505051612854004
-11.504863739013672
-11.504886627197266
-11.504999160766602
-11.504820823669434
-11.504836082458496
-11.505045890808105
-11.50473403930664
-11.504997253417969
-11.504959106445312
-11.504709243774414
-11.505147933959961
-11.50512409210205
-11.505086898803711
-11.505117416381836
-11.505085945129395
-11.505358695983887
-11.504968643188477
-11.50527286529541
-11.505250930786133
-11.505008697509766
-11.505217552185059
-11.505499839782715
-11.505353927612305
-11.505266189575195
-11.505082130432129
-11.505308151245117
-11.505002975463867
-11.505220413208008
-11.505328178405762
-11.505257606506348
-11.505226135253906
-11.505367279052734
-11.505373001098633
-11.505484580993652
-11.505126953125
-11.505268096923828
-11.505486488342285
-11.505132675170898
-11.505393028259277
-11.505851745605469
-11.50544548034668
-11.50555419921875
-11.505218505859375
-11.505417823791504
-11.505596160888672
-11.505327224731445
-11.50522232055664
-11.50545597076416
-11.505535125732422
-11.504996299743652
-11.505659103393555
-11.505215644836426
-11.505365371704102
-11.505614280700684
-11.50523853302002
-11.5054931640625
-11.505682945251465
-11.505697250366211
-11.505581855773926
-11.505228996276855
-11.505749702453613
-11.505692481994629
-11.505455017089844
-11.505928993225098
-11.505781173706055
-11.505925178527832
-11.505845069885254
-11.505963325500488
-11.505634307861328
-11.505640983581543
-11.505961418151855
-11.505600929260254
-11.505802154541016
-11.505491256713867
-11.506199836730957
-11.506096839904785
-11.505940437316895
-11.505887031555176
-11.505988121032715
-11.506093978881836
-11.505854606628418
-11.505766868591309
-11.50599479675293
-11.50568962097168
-11.505704879760742
-11.505925178527832
-11.50605583190918
-11.506134986877441
-11.506011962890625
-11.505989074707031
-11.5059814453125
-11.506142616271973
-11.505956649780273
-11.506099700927734
-11.50595760345459
-11.505766868591309
-11.506105422973633
-11.506071090698242
-11.505755424499512
-11.506118774414062
-11.506085395812988
-11.50622844696045
-11.505643844604492
-11.506134986877441
-11.50641918182373
-11.506047248840332
-11.505895614624023
-11.505952835083008
-11.505945205688477
-11.506051063537598
-11.506234169006348
-11.506301879882812
-11.506054878234863
-11.506354331970215
-11.50631046295166
-11.506134033203125
-11.506017684936523
-11.5060453414917
-11.50621223449707
-11.506516456604004
-11.506442070007324
-11.506166458129883
-11.506498336791992
-11.506446838378906
-11.506233215332031
-11.506368637084961
-11.506113052368164
-11.506757736206055
-11.506241798400879
-11.506296157836914
-11.506514549255371
-11.506632804870605
-11.506183624267578
-11.506566047668457
-11.506162643432617
-11.506515502929688
-11.506366729736328
-11.506590843200684
-11.50631332397461
-11.506321907043457
-11.506261825561523
-11.506731986999512
-11.506851196289062
-11.506348609924316
-11.506391525268555
-11.506608009338379
-11.506567001342773
-11.50634765625
-11.506529808044434
-11.50642204284668
-11.506601333618164
-11.506460189819336
-11.506508827209473
-11.50650405883789
-11.506421089172363
-11.50665283203125
-11.506553649902344
-11.50666618347168
-11.506837844848633
-11.506684303283691
-11.506795883178711
-11.506529808044434
-11.506891250610352
-11.506507873535156
-11.50687026977539
-11.506787300109863
-11.506843566894531
-11.506731986999512
-11.506629943847656
-11.506853103637695
-11.506648063659668
-11.506913185119629
-11.506786346435547
-11.506912231445312
-11.506902694702148
-11.5067720413208
-11.506901741027832
-11.506741523742676
-11.50696086883545
-11.506638526916504
-11.506382942199707
-11.506762504577637
-11.506952285766602
-11.50688648223877
-11.50676441192627
-11.506965637207031
-11.506853103637695
-11.506963729858398
-11.506998062133789
-11.506933212280273
-11.507024765014648
-11.507059097290039
-11.507025718688965
-11.506834983825684
-11.506897926330566
-11.507081031799316
-11.5070219039917
-11.50707721710205
-11.506897926330566
-11.507096290588379
-11.507136344909668
-11.506957054138184
-11.507024765014648
-11.507486343383789
-11.506819725036621
-11.506964683532715
-11.507123947143555
-11.507185935974121
-11.507128715515137
-11.507294654846191
-11.507158279418945
-11.507067680358887
-11.506855010986328
-11.506974220275879
-11.5071382522583
-11.507190704345703
-11.507070541381836
-11.50744342803955
-11.50741195678711
-11.506970405578613
-11.507061004638672
-11.507332801818848
-11.507168769836426
-11.507134437561035
-11.50729751586914
-11.507404327392578
-11.506998062133789
-11.50728702545166
-11.507526397705078
-11.507360458374023
-11.507059097290039
-11.506855964660645
-11.507267951965332
-11.507311820983887
-11.507220268249512
-11.507163047790527
-11.50704574584961
-11.507287979125977
-11.507208824157715
-11.507258415222168
-11.507271766662598
-11.507333755493164
-11.507511138916016
-11.507283210754395
-11.507404327392578
-11.507258415222168
-11.507434844970703
-11.50743293762207
-11.50723648071289
-11.507219314575195
-11.507265090942383
-11.507346153259277
-11.507322311401367
-11.50699234008789
-11.507246971130371
-11.507259368896484
-11.507384300231934
-11.507286071777344
-11.507291793823242
-11.50747299194336
-11.507224082946777
-11.507586479187012
-11.507381439208984
-11.507326126098633
-11.50757122039795
-11.507460594177246
-11.507502555847168
-11.507482528686523
-11.5073881149292
-11.507597923278809
-11.507345199584961
-11.507652282714844
-11.507568359375
-11.507238388061523
-11.507601737976074
-11.50772762298584
-11.507841110229492
-11.507561683654785
-11.507431983947754
-11.507594108581543
-11.507465362548828
-11.507564544677734
-11.507800102233887
-11.507658004760742
-11.50757884979248
-11.5076904296875
-11.507527351379395
-11.507596969604492
-11.507458686828613
-11.507606506347656
-11.507720947265625
-11.507695198059082
-11.507357597351074
-11.507847785949707
-11.507861137390137
-11.507549285888672
-11.50765323638916
-11.507222175598145
-11.507396697998047
-11.507773399353027
-11.507716178894043
-11.507540702819824
-11.50753402709961
-11.507658958435059
-11.507840156555176
-11.507558822631836
-11.507612228393555
-11.507555961608887
-11.50783634185791
-11.507708549499512
-11.507448196411133
-11.507509231567383
-11.50739860534668
-11.507790565490723
-11.507774353027344
-11.50765609741211
-11.507880210876465
-11.507712364196777
-11.507752418518066
-11.507804870605469
-11.507905006408691
-11.50770092010498
-11.507743835449219
-11.507625579833984
-11.507678985595703
-11.507780075073242
-11.50788402557373
-11.507832527160645
-11.507853507995605
-11.5079345703125
-11.5079984664917
-11.507689476013184
-11.507941246032715
-11.507800102233887
-11.507837295532227
-11.507826805114746
-11.508062362670898
-11.50782299041748
-11.50815200805664
-11.507695198059082
-11.5079345703125
-11.507743835449219
-11.508065223693848
-11.507949829101562
-11.507973670959473
-11.50790023803711
-11.507824897766113
-11.507976531982422
-11.507863998413086
-11.508008003234863
-11.50788688659668
-11.508131980895996
-11.507879257202148
-11.5078125
-11.508030891418457
-11.508130073547363
-11.50793170928955
-11.507932662963867
-11.50800609588623
-11.507976531982422
-11.508260726928711
-11.507936477661133
-11.508101463317871
-11.508288383483887
-11.50800895690918
-11.50801944732666
-11.508195877075195
-11.507865905761719
-11.508251190185547
-11.508102416992188
-11.508133888244629
-11.507796287536621
-11.508330345153809
-11.50802993774414
-11.50769329071045
-11.507722854614258
-11.508121490478516
-11.508096694946289
-11.508002281188965
-11.507363319396973
-11.507752418518066
-11.50822639465332
-11.508025169372559
-11.507865905761719
-11.508082389831543
-11.508125305175781
-11.508246421813965
-11.507927894592285
-11.507904052734375
-11.508084297180176
-11.508302688598633
-11.508256912231445
-11.508008003234863
-11.508119583129883
-11.508082389831543
-11.508237838745117
-11.508233070373535
-11.50827693939209
-11.508118629455566
-11.508021354675293
-11.508346557617188
-11.50838851928711
-11.508116722106934
-11.5081205368042
-11.508054733276367
-11.50823974609375
-11.508024215698242
-11.50814437866211
-11.507972717285156
-11.507956504821777
-11.508280754089355
-11.508256912231445
-11.507965087890625
-11.508041381835938
-11.508258819580078
-11.508378982543945
-11.508254051208496
-11.508553504943848
-11.508248329162598
-11.508047103881836
-11.508267402648926
-11.508013725280762
-11.508257865905762
-11.508299827575684
-11.508296012878418
-11.508441925048828
-11.508454322814941
-11.50830078125
-11.508610725402832
-11.508390426635742
-11.508293151855469
-11.508363723754883
-11.508598327636719
-11.508522987365723
-11.508212089538574
-11.508338928222656
-11.508407592773438
-11.508475303649902
-11.50820541381836
-11.508217811584473
-11.508330345153809
-11.508188247680664
-11.508307456970215
-11.508355140686035
-11.507935523986816
-11.508240699768066
-11.50832748413086
-11.508349418640137
-11.508198738098145
-11.507862091064453
-11.50792121887207
-11.508292198181152
-11.508338928222656
-11.508054733276367
-11.508203506469727
-11.50834846496582
-11.508357048034668
-11.508261680603027
-11.50831127166748
-11.508381843566895
-11.508390426635742
-11.5084810256958
-11.508050918579102
-11.508227348327637
-11.50843620300293
-11.508444786071777
-11.508319854736328
-11.508247375488281
-11.508251190185547
-11.508302688598633
-11.508597373962402
-11.508340835571289
-11.508330345153809
-11.508477210998535
-11.508477210998535
-11.508472442626953
-11.508408546447754
-11.508610725402832
-11.508533477783203
-11.508671760559082
-11.508625030517578
-11.508676528930664
-11.508563995361328
-11.508723258972168
-11.508448600769043
-11.50826358795166
-11.508584022521973
-11.508545875549316
-11.508514404296875
-11.50870418548584
-11.508516311645508
-11.508469581604004
-11.508628845214844
-11.508712768554688
-11.508586883544922
-11.50864028930664
-11.508323669433594
-11.508612632751465
-11.509007453918457
-11.508575439453125
-11.508663177490234
-11.508652687072754
-11.508572578430176
-11.508806228637695
-11.508591651916504
-11.50876235961914
-11.508556365966797
-11.50876522064209
-11.508769035339355
-11.508691787719727
-11.50839614868164
-11.508654594421387
-11.508670806884766
-11.508441925048828
-11.5087251663208
-11.508676528930664
-11.50867748260498
-11.508975982666016
-11.508631706237793
-11.508467674255371
-11.508731842041016
-11.508822441101074
-11.508590698242188
-11.508670806884766
-11.508844375610352
-11.508671760559082
-11.508600234985352
-11.508763313293457
-11.508553504943848
-11.508721351623535
-11.508808135986328
-11.508891105651855
-11.508697509765625
-11.508857727050781
-11.508827209472656
-11.5088529586792
-11.508517265319824
-11.50880241394043
-11.508769035339355
-11.508764266967773
-11.508967399597168
-11.508634567260742
-11.50869369506836
-11.50871753692627
-11.50876235961914
-11.508745193481445
-11.508728981018066
-11.508868217468262
-11.508800506591797
-11.50885009765625
-11.508735656738281
-11.508771896362305
-11.50870418548584
-11.508759498596191
-11.50873851776123
-11.508990287780762
-11.508549690246582
-11.508776664733887
-11.508879661560059
-11.50881576538086
-11.508715629577637
-11.508810043334961
-11.508864402770996
-11.508973121643066
-11.5086088180542
-11.508868217468262
-11.5087890625
-11.508797645568848
-11.508760452270508
-11.508842468261719
-11.508699417114258
-11.508906364440918
-11.508726119995117
-11.508427619934082
-11.50876235961914
-11.50892162322998
-11.508757591247559
-11.508973121643066
-11.508842468261719
-11.508951187133789
-11.50888729095459
-11.508986473083496
-11.508792877197266
-11.508504867553711
-11.508890151977539
-11.508973121643066
-11.509010314941406
-11.508941650390625
-11.508757591247559
-11.508938789367676
-11.5086030960083
-11.50880241394043
-11.509076118469238
-11.508926391601562
-11.508685111999512
-11.509078025817871
-11.508979797363281
-11.50900650024414
-11.50892162322998
-11.508912086486816
-11.508747100830078
-11.509110450744629
-11.509063720703125
-11.508835792541504
-11.508861541748047
-11.508849143981934
-11.509016036987305
-11.508965492248535
-11.508941650390625
-11.508901596069336
-11.509041786193848
-11.508771896362305
-11.509164810180664
-11.508806228637695
-11.509135246276855
-11.508845329284668
-11.508883476257324
-11.50886344909668
-11.508835792541504
-11.50900650024414
-11.509090423583984
-11.508974075317383
-11.508913040161133
-11.50866985321045
-11.50893497467041
-11.509063720703125
-11.50910472869873
-11.508987426757812
-11.50909423828125
-11.50893783569336
-11.508879661560059
-11.508978843688965
-11.508979797363281
-11.508774757385254
-11.509011268615723
-11.509027481079102
-11.509133338928223
-11.508879661560059
-11.509134292602539
-11.508967399597168
-11.509088516235352
-11.509077072143555
-11.508996963500977
-11.5089693069458
-11.509197235107422
-11.50914478302002
-11.509134292602539
-11.509073257446289
-11.509013175964355
-11.509209632873535
-11.509123802185059
-11.509011268615723
-11.509129524230957
-11.509063720703125
-11.509084701538086
-11.509224891662598
-11.509259223937988
-11.509172439575195
-11.509157180786133
-11.509133338928223
-11.509334564208984
-11.509117126464844
-11.509154319763184
-11.50898551940918
-11.509143829345703
-11.50922679901123
-11.509003639221191
-11.509310722351074
-11.509211540222168
-11.50922679901123
-11.509357452392578
-11.509112358093262
-11.509254455566406
-11.509072303771973
-11.509105682373047
-11.508902549743652
-11.509256362915039
-11.5092134475708
-11.509255409240723
-11.50925350189209
-11.509269714355469
-11.509292602539062
-11.509143829345703
-11.509413719177246
-11.509276390075684
-11.509117126464844
-11.509145736694336
-11.509387016296387
-11.509041786193848
-11.50894832611084
-11.509232521057129
-11.508976936340332
-11.509293556213379
-11.50903606414795
-11.508925437927246
-11.509160041809082
-11.509408950805664
-11.50924015045166
-11.509065628051758
-11.509223937988281
-11.509323120117188
-11.509305953979492
-11.509221076965332
-11.509130477905273
-11.508966445922852
-11.509238243103027
-11.509111404418945
-11.50925064086914
-11.50915813446045
-11.509103775024414
-11.509223937988281
-11.509521484375
-11.509016036987305
-11.509283065795898
-11.509347915649414
-11.509255409240723
-11.509359359741211
-11.509270668029785
-11.509218215942383
-11.509297370910645
-11.509187698364258
-11.509066581726074
-11.50939655303955
-11.509207725524902
-11.509195327758789
-11.508988380432129
-11.5092134475708
-11.509346961975098
-11.50908374786377
-11.508987426757812
-11.509178161621094
-11.50932502746582
-11.509162902832031
-11.509265899658203
-11.509208679199219
-11.509130477905273
-11.509190559387207
-11.509242057800293
-11.509359359741211
-11.509286880493164
-11.509073257446289
-11.509202003479004
-11.509200096130371
-11.50940227508545
-11.509272575378418
-11.509305953979492
-11.509154319763184
-11.50922966003418
-11.50944995880127
-11.509110450744629
-11.509453773498535
-11.509400367736816
-11.509340286254883
-11.509260177612305
-11.5094633102417
-11.509159088134766
-11.509440422058105
-11.509416580200195
-11.50924015045166
-11.509235382080078
-11.509234428405762
-11.509215354919434
-11.508989334106445
-11.5091552734375
-11.509552001953125
-11.508990287780762
-11.50849437713623
-11.508519172668457
-11.509109497070312
-11.50942325592041
-11.508984565734863
-11.509139060974121
-11.509475708007812
-11.5094633102417
-11.509129524230957
-11.509084701538086
-11.509536743164062
-11.509291648864746
-11.509559631347656
-11.50936222076416
-11.509318351745605
-11.509310722351074
-11.509271621704102
-11.50938606262207
-11.509355545043945
-11.509198188781738
-11.509427070617676
-11.509357452392578
-11.509312629699707
-11.509464263916016
-11.509317398071289
-11.509529113769531
-11.50946044921875
-11.50943374633789
-11.509539604187012
-11.509339332580566
-11.509446144104004
-11.509661674499512
-11.509383201599121
-11.509197235107422
-11.509221076965332
-11.509572982788086
-11.509359359741211
-11.509357452392578
-11.509425163269043
-11.509466171264648
-11.509549140930176
-11.509586334228516
-11.509410858154297
-11.509469985961914
-11.509379386901855
-11.509631156921387
-11.509405136108398
-11.509232521057129
-11.509551048278809
-11.50957202911377
-11.509478569030762
-11.509669303894043
-11.509514808654785
-11.509529113769531
-11.50965690612793
-11.5093355178833
-11.50942611694336
-11.509358406066895
-11.50930118560791
-11.509495735168457
-11.509429931640625
-11.50940990447998
-11.509349822998047
-11.509354591369629
-11.509603500366211
-11.509729385375977
-11.509281158447266
-11.509488105773926
-11.509644508361816
-11.509687423706055
-11.50963020324707
-11.509355545043945
-11.50943374633789
-11.509547233581543
-11.509699821472168
-11.509432792663574
-11.50946044921875
-11.509387016296387
-11.50951862335205
-11.509647369384766
-11.509549140930176
-11.5094633102417
-11.509477615356445
-11.509651184082031
-11.509554862976074
-11.509681701660156
-11.509448051452637
-11.509408950805664
-11.509544372558594
-11.50966739654541
-11.509651184082031
-11.509666442871094
-11.50953197479248
-11.509626388549805
-11.50955581665039
-11.509628295898438
-11.509632110595703
-11.50951862335205
-11.509664535522461
-11.509659767150879
-11.509730339050293
-11.509531021118164
-11.509358406066895
-11.509614944458008
-11.50950813293457
-11.509696960449219
-11.509771347045898
-11.509675025939941
-11.509700775146484
-11.509651184082031
-11.509490966796875
-11.50980281829834
-11.509870529174805
-11.509867668151855
-11.5097017288208
-11.509621620178223
-11.509711265563965
-11.509662628173828
-11.509865760803223
-11.5096435546875
-11.50990104675293
-11.50964641571045
-11.509610176086426
-11.509690284729004
-11.50949764251709
-11.509571075439453
-11.50959300994873
-11.509541511535645
-11.509500503540039
-11.509663581848145
-11.509634017944336
-11.509636878967285
-11.509546279907227
-11.509661674499512
-11.509578704833984
-11.509543418884277
-11.509576797485352
-11.50957202911377
-11.509588241577148
-11.509699821472168
-11.509745597839355
-11.50952434539795
-11.50965690612793
-11.50989818572998
-11.509807586669922
-11.509572982788086
-11.50979232788086
-11.509740829467773
-11.509706497192383
-11.509817123413086
-11.50933837890625
-11.509601593017578
-11.509757995605469
-11.509657859802246
-11.509260177612305
-11.509465217590332
-11.509815216064453
-11.509868621826172
-11.509842872619629
-11.509486198425293
-11.50969409942627
-11.509546279907227
-11.509709358215332
-11.509653091430664
-11.509801864624023
-11.509671211242676
-11.509666442871094
-11.509770393371582
-11.509745597839355
-11.50966739654541
-11.509507179260254
-11.509835243225098
-11.509747505187988
-11.509786605834961
-11.509788513183594
-11.50969409942627
-11.509751319885254
-11.509567260742188
-11.509612083435059
-11.509745597839355
-11.50971508026123
-11.509808540344238
-11.509496688842773
-11.509753227233887
-11.509602546691895
-11.509538650512695
-11.509744644165039
-11.509529113769531
-11.509515762329102
-11.509401321411133
-11.509653091430664
-11.509504318237305
-11.509129524230957
-11.509516716003418
-11.509821891784668
-11.509571075439453
-11.509398460388184
-11.509578704833984
-11.509665489196777
-11.509718894958496
-11.509688377380371
-11.5093994140625
-11.50968074798584
-11.509872436523438
-11.509839057922363
-11.509642601013184
-11.509796142578125
-11.509709358215332
-11.509757041931152
-11.509866714477539
-11.509727478027344
-11.509754180908203
-11.509799003601074
-11.509891510009766
-11.509692192077637
-11.50971794128418
-11.509740829467773
-11.509902000427246
-11.509664535522461
-11.509445190429688
-11.509329795837402
-11.509601593017578
-11.509706497192383
-11.509764671325684
-11.5097074508667
-11.509676933288574
-11.509925842285156
-11.5098237991333
-11.509631156921387
-11.509777069091797
-11.509819030761719
-11.509778022766113
-11.509564399719238
-11.50965690612793
-11.509781837463379
-11.509865760803223
-11.509788513183594
-11.509842872619629
-11.50987434387207
-11.509912490844727
-11.50984001159668
-11.509617805480957
-11.50986385345459
-11.509847640991211
-11.509933471679688
-11.510010719299316
-11.509907722473145
-11.509928703308105
-11.509990692138672
-11.510041236877441
-11.509744644165039
-11.509925842285156
-11.510021209716797
-11.509860038757324
-11.509977340698242
-11.509743690490723
-11.509869575500488
-11.509824752807617
-11.509903907775879
-11.509848594665527
-11.509798049926758
-11.509879112243652
-11.509908676147461
-11.509806632995605
-11.50988483428955
-11.509929656982422
-11.509822845458984
-11.509876251220703
-11.509855270385742
-11.509797096252441
-11.509957313537598
-11.509920120239258
-11.509886741638184
-11.509819030761719
-11.50992488861084
-11.50998592376709
-11.50981616973877
-11.509871482849121
-11.509783744812012
-11.509834289550781
-11.50997257232666
-11.510015487670898
-11.510030746459961
-11.509910583496094
-11.510005950927734
-11.510045051574707
-11.509946823120117
-11.510249137878418
-11.50979232788086
-11.509909629821777
-11.510052680969238
-11.509725570678711
-11.509992599487305
-11.50977897644043
-11.509977340698242
-11.509986877441406
-11.51004409790039
-11.509902000427246
-11.509878158569336
-11.510147094726562
-11.510019302368164
-11.50995922088623
-11.51015853881836
-11.5100736618042
-11.509803771972656
-11.509973526000977
-11.509918212890625
-11.509909629821777
-11.50989055633545
-11.510104179382324
-11.509867668151855
-11.510074615478516
-11.510087966918945
-11.509942054748535
-11.510027885437012
-11.509839057922363
-11.509870529174805
-11.510043144226074
-11.509918212890625
-11.509927749633789
-11.510031700134277
-11.509870529174805
-11.50999927520752
-11.51009464263916
-11.510022163391113
-11.510035514831543
-11.510124206542969
-11.510019302368164
-11.509940147399902
-11.510208129882812
-11.510096549987793
-11.510055541992188
-11.510129928588867
-11.510238647460938
-11.510100364685059
-11.510041236877441
-11.509974479675293
-11.509933471679688
-11.509931564331055
-11.510148048400879
-11.51018238067627
-11.510174751281738
-11.509934425354004
-11.510010719299316
-11.50999641418457
-11.510110855102539
-11.510199546813965
-11.510071754455566
-11.510041236877441
-11.51014232635498
-11.509925842285156
-11.51013469696045
-11.510180473327637
-11.510025024414062
-11.509848594665527
-11.509994506835938
-11.510124206542969
-11.510064125061035
-11.51013469696045
-11.51009464263916
-11.50970458984375
-11.509986877441406
-11.510034561157227
-11.509897232055664
-11.510025978088379
-11.510055541992188
-11.509943962097168
-11.509968757629395
-11.509831428527832
-11.51020622253418
-11.510082244873047
-11.510163307189941
-11.51019287109375
-11.509995460510254
-11.510246276855469
-11.51011848449707
-11.510177612304688
-11.510041236877441
-11.510053634643555
-11.5101900100708
-11.510222434997559
-11.509956359863281
-11.510169982910156
-11.510311126708984
-11.510212898254395
-11.510095596313477
-11.509929656982422
-11.510200500488281
-11.509856224060059
-11.510148048400879
-11.51016616821289
-11.51011848449707
-11.510141372680664
-11.510322570800781
-11.510184288024902
-11.510133743286133
-11.510374069213867
-11.51023006439209
-11.510025978088379
-11.509952545166016
-11.51028823852539
-11.509885787963867
-11.510114669799805
-11.510183334350586
-11.510293006896973
-11.51027774810791
-11.51015853881836
-11.510270118713379
-11.509967803955078
-11.51002025604248
-11.510112762451172
-11.51001262664795
-11.510005950927734
-11.509963989257812
-11.5096435546875
-11.509988784790039
-11.510061264038086
-11.510047912597656
-11.510199546813965
-11.510186195373535
-11.510199546813965
-11.5101957321167
-11.510180473327637
-11.510152816772461
-11.510125160217285
-11.510124206542969
-11.510071754455566
-11.510232925415039
-11.51011848449707
-11.510238647460938
-11.510083198547363
-11.510154724121094
-11.510122299194336
-11.510190963745117
-11.510241508483887
-11.509980201721191
-11.51003646850586
-11.510265350341797
-11.510412216186523
-11.510144233703613
-11.510019302368164
-11.5101957321167
-11.510390281677246
-11.509819030761719
-11.509237289428711
-11.509507179260254
-11.510016441345215
-11.510066986083984
-11.50999927520752
-11.5093994140625
-11.509153366088867
-11.509234428405762
-11.510114669799805
-11.509827613830566
-11.50860595703125
-11.50778579711914
-11.508806228637695
-11.51032829284668
-11.509488105773926
-11.508766174316406
-11.509289741516113
-11.51021957397461
-11.509062767028809
-11.5084810256958
-11.50859260559082
-11.509876251220703
-11.509963035583496
-11.508504867553711
-11.508871078491211
-11.510029792785645
-11.509099960327148
-11.508575439453125
-11.50925064086914
-11.51021957397461
-11.509422302246094
-11.509528160095215
-11.51033878326416
-11.510003089904785
-11.50967788696289
-11.50992202758789
-11.510305404663086
-11.509993553161621
-11.509988784790039
-11.51024341583252
-11.51023006439209
-11.510303497314453
-11.510282516479492
-11.510236740112305
-11.510007858276367
-11.510210990905762
-11.510266304016113
-11.510231018066406
-11.510384559631348
-11.510222434997559
-11.510276794433594
-11.510173797607422
-11.51025104522705
-11.510424613952637
-11.510299682617188
-11.510247230529785
-11.510385513305664
-11.510202407836914
-11.510329246520996
-11.510381698608398
-11.510313034057617
-11.510175704956055
-11.5104398727417
-11.51034164428711
-11.510388374328613
-11.510316848754883
-11.510196685791016
-11.510271072387695
-11.510299682617188
-11.510140419006348
-11.510398864746094
-11.510432243347168
-11.510292053222656
-11.51034164428711
-11.510527610778809
-11.510465621948242
-11.51022720336914
-11.510431289672852
-11.510347366333008
-11.510237693786621
-11.51024055480957
-11.510290145874023
-11.510213851928711
-11.510527610778809
-11.51038932800293
-11.510488510131836
-11.510279655456543
-11.510112762451172
-11.510250091552734
-11.510449409484863
-11.510396003723145
-11.510457992553711
-11.510298728942871
-11.51042366027832
-11.510302543640137
-11.510259628295898
-11.510353088378906
-11.510355949401855
-11.510391235351562
-11.510472297668457
-11.510412216186523
-11.51024055480957
-11.510525703430176
-11.510226249694824
-11.510444641113281
-11.51048755645752
-11.510343551635742
-11.510398864746094
-11.510490417480469
-11.510405540466309
-11.5103120803833
-11.510357856750488
-11.510383605957031
-11.510315895080566
-11.510380744934082
-11.510184288024902
-11.510270118713379
-11.510357856750488
-11.510436058044434
-11.510245323181152
-11.510368347167969
-11.510407447814941
-11.510397911071777
-11.510334968566895
-11.510420799255371
-11.510476112365723
-11.510379791259766
-11.510431289672852
-11.510383605957031
-11.510479927062988
-11.510323524475098
-11.510354995727539
-11.510172843933105
-11.510327339172363
-11.5104398727417
-11.51040267944336
-11.510260581970215
-11.510260581970215
-11.510319709777832
-11.510427474975586
-11.510364532470703
-11.510600090026855
-11.5104398727417
-11.510331153869629
-11.510297775268555
-11.510534286499023
-11.51025390625
-11.510321617126465
-11.51044750213623
-11.51042366027832
-11.510406494140625
-11.510448455810547
-11.510553359985352
-11.510407447814941
-11.510452270507812
-11.510492324829102
-11.51050853729248
-11.510418891906738
-11.510282516479492
-11.510466575622559
-11.510563850402832
-11.510475158691406
-11.510459899902344
-11.510519027709961
-11.510445594787598
-11.510464668273926
-11.51053524017334
-11.510485649108887
-11.510270118713379
-11.510602951049805
-11.510292053222656
-11.510313987731934
-11.510420799255371
-11.510394096374512
-11.510483741760254
-11.510296821594238
-11.510371208190918
-11.51055908203125
-11.510457992553711
-11.510544776916504
-11.510424613952637
-11.510353088378906
-11.510555267333984
-11.510411262512207
-11.510566711425781
-11.51043701171875
-11.51047420501709
-11.51041030883789
-11.510507583618164
-11.510444641113281
-11.510441780090332
-11.510476112365723
-11.510604858398438
-11.510483741760254
-11.51053524017334
-11.510331153869629
-11.510530471801758
-11.510666847229004
-11.510394096374512
-11.51048469543457
-11.510547637939453
-11.5104341506958
-11.510451316833496
-11.51062297821045
-11.510544776916504
-11.510334014892578
-11.510398864746094
-11.51050090789795
-11.510608673095703
-11.510403633117676
-11.510562896728516
-11.510367393493652
-11.510465621948242
-11.51054859161377
-11.510618209838867
-11.51046371459961
-11.510525703430176
-11.51061725616455
-11.51057243347168
-11.510595321655273
-11.510581970214844
-11.510688781738281
-11.51037311553955
-11.510735511779785
-11.510522842407227
-11.510658264160156
-11.510485649108887
-11.510396003723145
-11.51054573059082
-11.510376930236816
-11.51064395904541
-11.510493278503418
-11.510610580444336
-11.510600090026855
-11.510693550109863
-11.5105562210083
-11.510494232177734
-11.510519027709961
-11.510499954223633
-11.510455131530762
-11.510558128356934
-11.510513305664062
-11.51059341430664
-11.510528564453125
-11.510464668273926
-11.510615348815918
-11.510553359985352
-11.510461807250977
-11.510400772094727
-11.510589599609375
-11.510628700256348
-11.510701179504395
-11.510655403137207
-11.510600090026855
-11.510578155517578
-11.510605812072754
-11.51055908203125
-11.510688781738281
-11.510644912719727
-11.510560035705566
-11.510476112365723
-11.510514259338379
-11.510601997375488
-11.510576248168945
-11.510456085205078
-11.510530471801758
-11.510519027709961
-11.510558128356934
-11.510692596435547
-11.510592460632324
-11.510478973388672
-11.510610580444336
-11.51042652130127
-11.510686874389648
-11.510587692260742
-11.510549545288086
-11.510631561279297
-11.51076602935791
-11.510537147521973
-11.510760307312012
-11.510650634765625
-11.510682106018066
-11.510601997375488
-11.510581016540527
-11.510758399963379
-11.510586738586426
-11.510505676269531
-11.510648727416992
-11.510565757751465
-11.510818481445312
-11.510448455810547
-11.510565757751465
-11.510746002197266
-11.510653495788574
-11.510650634765625
-11.510452270507812
-11.51041316986084
-11.51050090789795
-11.510701179504395
-11.510641098022461
-11.510563850402832
-11.510766983032227
-11.510669708251953
-11.510722160339355
-11.510468482971191
-11.510698318481445
-11.510708808898926
-11.510720252990723
-11.510705947875977
-11.510744094848633
-11.510608673095703
-11.51068115234375
-11.510719299316406
-11.51075553894043
-11.510676383972168
-11.510680198669434
-11.510553359985352
-11.510425567626953
-11.510661125183105
-11.510589599609375
-11.510385513305664
-11.510679244995117
-11.510564804077148
-11.510732650756836
-11.510649681091309
-11.510599136352539
-11.510595321655273
-11.510547637939453
-11.510605812072754
-11.510444641113281
-11.510493278503418
-11.510627746582031
-11.510741233825684
-11.510650634765625
-11.510741233825684
-11.510567665100098
-11.510647773742676
-11.510613441467285
-11.51048755645752
-11.510679244995117
-11.510687828063965
-11.510639190673828
-11.510708808898926
-11.510621070861816
-11.510781288146973
-11.510677337646484
-11.510759353637695
-11.510746002197266
-11.51082706451416
-11.510781288146973
-11.510843276977539
-11.510445594787598
-11.510794639587402
-11.510756492614746
-11.51064395904541
-11.510581016540527
-11.510560035705566
-11.510686874389648
-11.51069164276123
-11.510696411132812
-11.510446548461914
-11.510686874389648
-11.510592460632324
-11.510830879211426
-11.510652542114258
-11.510721206665039
-11.510859489440918
-11.510860443115234
-11.51075553894043
-11.510546684265137
-11.510488510131836
-11.510627746582031
-11.510616302490234
-11.510753631591797
-11.510494232177734
-11.510814666748047
-11.51067066192627
-11.510586738586426
-11.510656356811523
-11.51048469543457
-11.510711669921875
-11.510807037353516
-11.510586738586426
-11.510660171508789
-11.510697364807129
-11.510659217834473
-11.510804176330566
-11.510574340820312
-11.510637283325195
-11.510636329650879
-11.510781288146973
-11.510668754577637
-11.510737419128418
-11.510736465454102
-11.510807991027832
-11.510798454284668
-11.510766983032227
-11.510706901550293
-11.510668754577637
-11.51087760925293
-11.510756492614746
-11.510712623596191
-11.5107421875
-11.510848999023438
-11.51079273223877
-11.510821342468262
-11.510627746582031
-11.510793685913086
-11.510721206665039
-11.510775566101074
-11.510549545288086
-11.510732650756836
-11.510787963867188
-11.510802268981934
-11.51053524017334
-11.510714530944824
-11.510733604431152
-11.510649681091309
-11.510581970214844
-11.510581016540527
-11.510616302490234
-11.510576248168945
-11.51067066192627
-11.510641098022461
-11.51064395904541
-11.510828971862793
-11.510729789733887
-11.51085090637207
-11.510747909545898
-11.510608673095703
-11.510721206665039
-11.51080322265625
-11.510823249816895
-11.510713577270508
-11.51068115234375
-11.510689735412598
-11.510711669921875
-11.510825157165527
-11.510759353637695
-11.510818481445312
-11.510883331298828
-11.510610580444336
-11.510636329650879
-11.510801315307617
-11.51086711883545
-11.510660171508789
-11.51053524017334
-11.510106086730957
-11.51031494140625
-11.510727882385254
-11.510805130004883
-11.510520935058594
-11.510628700256348
-11.5104398727417
-11.510950088500977
-11.5109224319458
-11.510497093200684
-11.510607719421387
-11.510607719421387
-11.510912895202637
-11.510735511779785
-11.510672569274902
-11.51057243347168
-11.510782241821289
-11.510704040527344
-11.510832786560059
-11.510889053344727
-11.510793685913086
-11.510910987854004
-11.510842323303223
-11.510818481445312
-11.510871887207031
-11.510784149169922
-11.510782241821289
-11.51095962524414
-11.510698318481445
-11.510835647583008
-11.510897636413574
-11.510912895202637
-11.510976791381836
-11.51097583770752
-11.510797500610352
-11.51063060760498
-11.510735511779785
-11.511013984680176
-11.510734558105469
-11.510737419128418
-11.510741233825684
-11.510880470275879
-11.510918617248535
-11.51065731048584
-11.510860443115234
-11.510866165161133
-11.510885238647461
-11.510842323303223
-11.510918617248535
-11.510798454284668
-11.51093578338623
-11.510839462280273
-11.510843276977539
-11.510766983032227
-11.510656356811523
-11.510672569274902
-11.510894775390625
-11.510859489440918
-11.510858535766602
-11.5108060836792
-11.510818481445312
-11.510932922363281
-11.510796546936035
-11.510934829711914
-11.510848045349121
-11.51089096069336
-11.5110445022583
-11.510842323303223
-11.510784149169922
-11.510870933532715
-11.510893821716309
-11.510833740234375
-11.51089859008789
-11.510858535766602
-11.510848999023438
-11.510903358459473
-11.51091194152832
-11.510832786560059
-11.510796546936035
-11.51093864440918
-11.510895729064941
-11.51082706451416
-11.511055946350098
-11.510875701904297
-11.510726928710938
-11.510825157165527
-11.51078987121582
-11.51078987121582
-11.510906219482422
-11.510647773742676
-11.510490417480469
-11.51071834564209
-11.510643005371094
-11.51098918914795
-11.510903358459473
-11.510673522949219
-11.510529518127441
-11.510660171508789
-11.510575294494629
-11.510869979858398
-11.510868072509766
-11.510963439941406
-11.510872840881348
-11.510895729064941
-11.510854721069336
-11.510934829711914
-11.51101303100586
-11.510872840881348
-11.51089859008789
-11.511011123657227
-11.511001586914062
-11.510896682739258
-11.510993957519531
-11.510917663574219
-11.510869026184082
-11.510869979858398
-11.510882377624512
-11.511054992675781
-11.510766983032227
-11.510977745056152
-11.510943412780762
-11.510980606079102
-11.510814666748047
-11.510825157165527
-11.510891914367676
-11.510706901550293
-11.510910034179688
-11.510881423950195
-11.510851860046387
-11.510563850402832
-11.510377883911133
-11.510000228881836
-11.509882926940918
-11.510480880737305
-11.510835647583008
-11.5109224319458
-11.510780334472656
-11.510576248168945
-11.510228157043457
-11.510419845581055
-11.510818481445312
-11.510994911193848
-11.51082706451416
-11.510830879211426
-11.510775566101074
-11.510878562927246
-11.510865211486816
-11.51091480255127
-11.510869979858398
-11.510912895202637
-11.510927200317383
-11.510903358459473
-11.51080322265625
-11.510895729064941
-11.51102066040039
-11.510931015014648
-11.510886192321777
-11.510942459106445
-11.510992050170898
-11.511066436767578
-11.511009216308594
-11.510950088500977
-11.51098346710205
-11.510929107666016
-11.510908126831055
-11.51091194152832
-11.510984420776367
-11.51075267791748
-11.510968208312988
-11.511051177978516
-11.510891914367676
-11.511052131652832
-11.511058807373047
-11.510954856872559
-11.510981559753418
-11.51093578338623
-11.51101303100586
-11.511022567749023
-11.511226654052734
-11.510872840881348
-11.510990142822266
-11.510730743408203
-11.510916709899902
-11.510933876037598
-11.51099681854248
-11.510986328125
-11.511167526245117
-11.51107406616211
-11.510987281799316
-11.51114559173584
-11.511002540588379
-11.511043548583984
-11.51101016998291
-11.511037826538086
-11.511137962341309
-11.511059761047363
-11.510971069335938
-11.511046409606934
-11.511174201965332
-11.511030197143555
-11.511098861694336
-11.510909080505371
-11.511075973510742
-11.510934829711914
-11.51107406616211
-11.510915756225586
-11.511110305786133
-11.511045455932617
-11.510904312133789
-11.51081371307373
-11.51103687286377
-11.510904312133789
-11.510941505432129
-11.510968208312988
-11.511063575744629
-11.510909080505371
-11.511056900024414
-11.510640144348145
-11.510909080505371
-11.511034965515137
-11.511007308959961
-11.510904312133789
-11.510936737060547
-11.510846138000488
-11.510988235473633
-11.511039733886719
-11.510968208312988
-11.511003494262695
-11.510934829711914
-11.510982513427734
-11.511015892028809
-11.511122703552246
-11.511022567749023
-11.511101722717285
-11.51101303100586
-11.510979652404785
-11.511017799377441
-11.51104736328125
-11.511139869689941
-11.510970115661621
-11.510890007019043
-11.510994911193848
-11.510976791381836
-11.511032104492188
-11.51101303100586
-11.510817527770996
-11.510785102844238
-11.511083602905273
-11.511155128479004
-11.510990142822266
-11.51094913482666
-11.511014938354492
-11.510960578918457
-11.510987281799316
-11.511066436767578
-11.511054039001465
-11.511185646057129
-11.511069297790527
-11.51107120513916
-11.511113166809082
-11.511085510253906
-11.511075019836426
-11.510980606079102
-11.511000633239746
-11.510894775390625
-11.511043548583984
-11.510995864868164
-11.51078987121582
-11.510969161987305
-11.511138916015625
-11.511014938354492
-11.510862350463867
-11.510665893554688
-11.51044750213623
-11.5103759765625
-11.510507583618164
-11.510993957519531
-11.510903358459473
-11.510504722595215
-11.510721206665039
-11.51103401184082
-11.511012077331543
-11.510930061340332
-11.510828971862793
-11.510979652404785
-11.511041641235352
-11.511080741882324
-11.51102066040039
-11.51091194152832
-11.510834693908691
-11.51090145111084
-11.511089324951172
-11.510968208312988
-11.510941505432129
-11.511022567749023
-11.511055946350098
-11.511032104492188
-11.511073112487793
-11.510950088500977
-11.510991096496582
-11.510998725891113
-11.511096000671387
-11.511075019836426
-11.510936737060547
-11.510909080505371
-11.511017799377441
-11.511035919189453
-11.511128425598145
-11.510993003845215
-11.511120796203613
-11.511016845703125
-11.511027336120605
-11.511113166809082
-11.511075973510742
-11.511107444763184
-11.511140823364258
-11.510939598083496
-11.51101016998291
-11.511160850524902
-11.511180877685547
-11.511054992675781
-11.511188507080078
-11.51118278503418
-11.511056900024414
-11.511080741882324
-11.511080741882324
-11.510958671569824
-11.511152267456055
-11.511035919189453
-11.511019706726074
-11.510991096496582
-11.511151313781738
-11.511173248291016
-11.511075973510742
-11.511005401611328
-11.510951042175293
-11.51116943359375
-11.511086463928223
-11.51112174987793
-11.511133193969727
-11.511091232299805
-11.511144638061523
-11.511144638061523
-11.511019706726074
-11.511229515075684
-11.511033058166504
-11.511029243469238
-11.511136054992676
-11.511144638061523
-11.51121711730957
-11.511123657226562
-11.511151313781738
-11.511120796203613
-11.511139869689941
-11.511165618896484
-11.511200904846191
-11.511144638061523
-11.511212348937988
-11.511197090148926
-11.511198043823242
-11.511104583740234
-11.511128425598145
-11.511222839355469
-11.511157035827637
-11.511186599731445
-11.511159896850586
-11.511154174804688
-11.511195182800293
-11.511147499084473
-11.51108169555664
-11.511127471923828
-11.511178016662598
-11.511255264282227
-11.511143684387207
-11.511162757873535
-11.511297225952148
-11.511283874511719
-11.511201858520508
-11.511134147644043
-11.511235237121582
-11.511022567749023
-11.511258125305176
-11.511070251464844
-11.511021614074707
-11.511190414428711
-11.511211395263672
-11.511146545410156
-11.511272430419922
-11.51115608215332
-11.51120376586914
-11.511154174804688
-11.511201858520508
-11.51132869720459
-11.511295318603516
-11.510991096496582
-11.51113224029541
-11.511159896850586
-11.51089096069336
-11.51123046875
