loss_u
-2.7335922718048096
-2.800051212310791
-2.782708168029785
-2.779878616333008
-2.709300994873047
-2.747431993484497
-2.813352346420288
-2.8404574394226074
-2.8741211891174316
-2.909151554107666
-2.8106608390808105
-2.8511195182800293
-2.9100117683410645
-2.909320116043091
-2.8764641284942627
-2.9291045665740967
-2.8611490726470947
-2.965009927749634
-2.9303340911865234
-2.990325689315796
-3.0008277893066406
-3.073885917663574
-2.9638102054595947
-3.0237631797790527
-3.021329879760742
-2.949352979660034
-3.023606300354004
-3.1366753578186035
-2.940809965133667
-3.096275806427002
-3.2430808544158936
-3.2102837562561035
-3.1919188499450684
-3.2532424926757812
-3.2496936321258545
-3.2712745666503906
-3.2583253383636475
-3.3817286491394043
-3.480780601501465
-3.421557903289795
-3.5738062858581543
-3.63216495513916
-3.6714582443237305
-3.83189058303833
-3.79921293258667
-3.7815051078796387
-3.9965853691101074
-4.093313217163086
-4.264876365661621
-4.161658763885498
-4.496329307556152
-4.5120930671691895
-4.595256328582764
-4.470736503601074
-4.6487321853637695
-4.830758571624756
-4.643950939178467
-4.714683532714844
-4.624861717224121
-4.578673362731934
-4.614315032958984
-4.571680545806885
-4.560074806213379
-4.680738925933838
-4.653720855712891
-4.746760368347168
-4.819160461425781
-4.894721984863281
-4.880216121673584
-4.80447244644165
-4.931509494781494
-4.805631160736084
-4.969027996063232
-4.930509567260742
-5.0069169998168945
-4.985895156860352
-5.04537296295166
-4.962623596191406
-5.145899772644043
-5.151162624359131
-5.116977691650391
-5.089890003204346
-5.235485553741455
-5.102465629577637
-5.268132209777832
-5.254420280456543
-5.238165378570557
-5.2010498046875
-5.3570051193237305
-5.359344005584717
-5.3674492835998535
-5.3973002433776855
-5.490760326385498
-5.535974025726318
-5.544041156768799
-5.617468357086182
-5.68553352355957
-5.659449577331543
-5.749807357788086
-5.727669715881348
-5.759359359741211
-5.836068153381348
-5.920305252075195
-6.083171844482422
-6.075085639953613
-6.048825740814209
-6.142517566680908
-6.155479907989502
-6.292048454284668
-6.352517604827881
-6.444634914398193
-6.53279447555542
-6.783012390136719
-6.748546123504639
-6.814805507659912
-6.985336780548096
-7.03358793258667
-7.108753204345703
-7.186598300933838
-7.126791000366211
-7.341453552246094
-7.481566429138184
-7.4486775398254395
-7.55233097076416
-7.744133472442627
-7.2925286293029785
-7.555675506591797
-7.729703426361084
-7.418768882751465
-7.716982841491699
-7.821674346923828
-7.776200771331787
-7.776028633117676
-7.83370304107666
-8.099743843078613
-7.956480026245117
-7.997964382171631
-8.165562629699707
-8.131077766418457
-8.075159072875977
-8.27548885345459
-8.181517601013184
-8.222393035888672
-8.284165382385254
-8.286847114562988
-8.335978507995605
-8.30550765991211
-8.377547264099121
-8.367527961730957
-8.360529899597168
-8.462698936462402
-8.437766075134277
-8.437642097473145
-8.498432159423828
-8.518765449523926
-8.564120292663574
-8.514074325561523
-8.571283340454102
-8.437871932983398
-8.521267890930176
-8.528347969055176
-8.560976028442383
-8.550590515136719
-8.60645866394043
-8.574789047241211
-8.522912979125977
-8.535462379455566
-8.627155303955078
-8.553929328918457
-8.638832092285156
-8.609399795532227
-8.600869178771973
-8.709969520568848
-8.627314567565918
-8.615138053894043
-8.638912200927734
-8.64578628540039
-8.629388809204102
-8.647700309753418
-8.632997512817383
-8.673575401306152
-8.726064682006836
-8.753218650817871
-8.709197998046875
-8.686574935913086
-8.72037124633789
-8.71315860748291
-8.734589576721191
-8.685479164123535
-8.674986839294434
-8.705394744873047
-8.8053617477417
-8.87800121307373
-8.745723724365234
-8.754630088806152
-8.80947494506836
-8.815834999084473
-8.765814781188965
-8.769028663635254
-8.831665992736816
-8.827329635620117
-8.883636474609375
-8.932465553283691
-8.85138988494873
-8.863609313964844
-8.812971115112305
-8.968718528747559
-8.828822135925293
-8.786029815673828
-8.86323070526123
-8.803865432739258
-8.919644355773926
-8.872869491577148
-9.023735046386719
-8.97493839263916
-8.963428497314453
-9.087089538574219
-8.960341453552246
-8.995661735534668
-8.989982604980469
-9.005949974060059
-8.965262413024902
-8.977916717529297
-9.015862464904785
-9.0629243850708
-9.035629272460938
-9.078542709350586
-9.06954574584961
-9.097600936889648
-9.10239028930664
-9.107690811157227
-9.185415267944336
-9.174148559570312
-9.151785850524902
-9.17293643951416
-9.107552528381348
-9.28453540802002
-9.103156089782715
-9.231356620788574
-9.145803451538086
-9.234328269958496
-9.184511184692383
-9.241552352905273
-9.225203514099121
-9.288429260253906
-9.242236137390137
-9.332491874694824
-9.255633354187012
-9.278861999511719
-9.351799964904785
-9.4060697555542
-9.349218368530273
-9.438826560974121
-9.414726257324219
-9.503555297851562
-9.44759464263916
-9.399333000183105
-9.471238136291504
-9.478046417236328
-9.523170471191406
-9.418018341064453
-9.44015884399414
-9.498398780822754
-9.469999313354492
-9.519075393676758
-9.594542503356934
-9.519527435302734
-9.587469100952148
-9.629799842834473
-9.597092628479004
-9.558744430541992
-9.610003471374512
-9.559293746948242
-9.583505630493164
-9.671683311462402
-9.659370422363281
-9.655263900756836
-9.679442405700684
-9.62071418762207
-9.720422744750977
-9.734966278076172
-9.638585090637207
-9.72392749786377
-9.707743644714355
-9.744492530822754
-9.804346084594727
-9.744075775146484
-9.80579948425293
-9.875981330871582
-9.806089401245117
-9.683545112609863
-9.649248123168945
-9.902504920959473
-9.67979621887207
-9.871475219726562
-9.798726081848145
-9.750393867492676
-9.967093467712402
-9.873931884765625
-9.9269380569458
-9.967890739440918
-9.928085327148438
-9.928207397460938
-10.000229835510254
-9.953569412231445
-9.993215560913086
-9.991202354431152
-9.93710708618164
-9.93850326538086
-10.020665168762207
-9.926376342773438
-10.041281700134277
-10.062041282653809
-10.026778221130371
-10.068170547485352
-10.040160179138184
-10.09419059753418
-10.056330680847168
-10.134395599365234
-10.185068130493164
-10.14673137664795
-10.15505599975586
-10.168859481811523
-10.204751014709473
-10.14779281616211
-10.182328224182129
-10.254403114318848
-10.195006370544434
-10.168048858642578
-10.181703567504883
-10.28200626373291
-10.209023475646973
-10.228912353515625
-10.217649459838867
-10.220502853393555
-10.267951011657715
-10.228874206542969
-10.355026245117188
-10.239303588867188
-10.270159721374512
-10.230430603027344
-10.208343505859375
-10.223027229309082
-10.24859619140625
-10.266786575317383
-10.355352401733398
-10.387558937072754
-10.377214431762695
-10.323027610778809
-10.322710990905762
-10.295495986938477
-10.236798286437988
-10.27530574798584
-10.322775840759277
-10.34522819519043
-10.334146499633789
-10.39702033996582
-10.376439094543457
-10.411788940429688
-10.423347473144531
-10.38158130645752
-10.44654655456543
-10.38070011138916
-10.477737426757812
-10.40550708770752
-10.364297866821289
-10.309332847595215
-10.287015914916992
-10.417858123779297
-10.455105781555176
-10.377912521362305
-10.291897773742676
-10.37474250793457
-10.444344520568848
-10.449224472045898
-10.486867904663086
-10.438031196594238
-10.417133331298828
-10.424089431762695
-10.508209228515625
-10.478760719299316
-10.487482070922852
-10.4019136428833
-10.439873695373535
-10.521207809448242
-10.515661239624023
-10.523728370666504
-10.39712142944336
-10.356062889099121
-10.500832557678223
-10.556962966918945
-10.465222358703613
-10.382172584533691
-10.524444580078125
-10.539266586303711
-10.527599334716797
-10.38569450378418
-10.452977180480957
-10.553905487060547
-10.550125122070312
-10.447068214416504
-10.434039115905762
-10.554102897644043
-10.551443099975586
-10.519861221313477
-10.507967948913574
-10.533978462219238
-10.555160522460938
-10.589883804321289
-10.57046890258789
-10.547297477722168
-10.599018096923828
-10.578215599060059
-10.585509300231934
-10.54466438293457
-10.582040786743164
-10.600846290588379
-10.584552764892578
-10.5922269821167
-10.54383373260498
-10.589812278747559
-10.56093978881836
-10.598448753356934
-10.597241401672363
-10.594257354736328
-10.620877265930176
-10.619587898254395
-10.516450881958008
-10.539586067199707
-10.573464393615723
-10.591277122497559
-10.603301048278809
-10.583230972290039
-10.56079387664795
-10.589136123657227
-10.641693115234375
-10.636860847473145
-10.648659706115723
-10.658575057983398
-10.632406234741211
-10.641097068786621
-10.633169174194336
-10.640950202941895
-10.635637283325195
-10.596318244934082
-10.600076675415039
-10.606669425964355
-10.647692680358887
-10.641304016113281
-10.622743606567383
-10.63815975189209
-10.653854370117188
-10.6626615524292
-10.611922264099121
-10.67922306060791
-10.675804138183594
-10.67043399810791
-10.679742813110352
-10.680037498474121
-10.677234649658203
-10.679727554321289
-10.670731544494629
-10.675741195678711
-10.672903060913086
-10.681452751159668
-10.650717735290527
-10.677103042602539
-10.681105613708496
-10.715378761291504
-10.715312957763672
-10.656966209411621
-10.668392181396484
-10.673064231872559
-10.665964126586914
-10.664488792419434
-10.696710586547852
-10.672281265258789
-10.669986724853516
-10.675835609436035
-10.683379173278809
-10.729107856750488
-10.700601577758789
-10.724408149719238
-10.701789855957031
-10.708706855773926
-10.713061332702637
-10.723485946655273
-10.727484703063965
-10.743882179260254
-10.700411796569824
-10.714890480041504
-10.690073013305664
-10.697033882141113
-10.678049087524414
-10.660289764404297
-10.704172134399414
-10.700146675109863
-10.726445198059082
-10.745654106140137
-10.74775505065918
-10.715882301330566
-10.751694679260254
-10.754063606262207
-10.77247142791748
-10.747879028320312
-10.743368148803711
-10.726714134216309
-10.684417724609375
-10.672101020812988
-10.672947883605957
-10.667952537536621
-10.756693840026855
-10.73904037475586
-10.714059829711914
-10.632444381713867
-10.601297378540039
-10.738241195678711
-10.779582977294922
-10.726243019104004
-10.648327827453613
-10.681838035583496
-10.7101411819458
-10.778620719909668
-10.77137565612793
-10.707985877990723
-10.662912368774414
-10.72262954711914
-10.763351440429688
-10.789306640625
-10.721414566040039
-10.670614242553711
-10.753464698791504
-10.801944732666016
-10.770233154296875
-10.698417663574219
-10.696904182434082
-10.751795768737793
-10.800209999084473
-10.75871753692627
-10.688939094543457
-10.697343826293945
-10.751492500305176
-10.80316162109375
-10.751181602478027
-10.696681022644043
-10.752450942993164
-10.806597709655762
-10.78661060333252
-10.732332229614258
-10.761765480041504
-10.807737350463867
-10.821159362792969
-10.808198928833008
-10.778154373168945
-10.799006462097168
-10.814315795898438
-10.792304992675781
-10.736746788024902
-10.792634010314941
-10.842191696166992
-10.822484970092773
-10.810705184936523
-10.79331111907959
-10.799574851989746
-10.831199645996094
-10.821555137634277
-10.820225715637207
-10.850900650024414
-10.85950756072998
-10.833508491516113
-10.807430267333984
-10.85647201538086
-10.86237907409668
-10.841710090637207
-10.844155311584473
-10.822372436523438
-10.843588829040527
-10.811189651489258
-10.809894561767578
-10.836938858032227
-10.86449909210205
-10.863076210021973
-10.833622932434082
-10.80933952331543
-10.827537536621094
-10.849339485168457
-10.841156005859375
-10.867427825927734
-10.860593795776367
-10.86364459991455
-10.840094566345215
-10.866430282592773
-10.846007347106934
-10.854981422424316
-10.885998725891113
-10.87414836883545
-10.833659172058105
-10.78167724609375
-10.83351993560791
-10.83847713470459
-10.869797706604004
-10.8753080368042
-10.88133430480957
-10.852642059326172
-10.853774070739746
-10.835114479064941
-10.809160232543945
-10.813590049743652
-10.820869445800781
-10.848413467407227
-10.880383491516113
-10.884702682495117
-10.882277488708496
-10.859180450439453
-10.780990600585938
-10.835320472717285
-10.880730628967285
-10.871718406677246
-10.707140922546387
-10.626709938049316
-10.85406494140625
-10.89115047454834
-10.793065071105957
-10.674856185913086
-10.815445899963379
-10.896615028381348
-10.866732597351074
-10.858357429504395
-10.83752727508545
-10.888264656066895
-10.903833389282227
-10.88901138305664
-10.882547378540039
-10.875158309936523
-10.889422416687012
-10.89018440246582
-10.853311538696289
-10.901362419128418
-10.861109733581543
-10.865546226501465
-10.902205467224121
-10.91137981414795
-10.929006576538086
-10.918988227844238
-10.91592788696289
-10.88343620300293
-10.89527416229248
-10.88024616241455
-10.906527519226074
-10.915945053100586
-10.89686107635498
-10.875885963439941
-10.8651123046875
-10.889752388000488
-10.932342529296875
-10.936159133911133
-10.911096572875977
-10.889065742492676
-10.827516555786133
-10.877927780151367
-10.919875144958496
-10.946887969970703
-10.901503562927246
-10.827280044555664
-10.82298755645752
-10.925920486450195
-10.937777519226074
-10.894282341003418
-10.874310493469238
-10.825546264648438
-10.89117431640625
-10.945637702941895
-10.95793342590332
-10.942228317260742
-10.938651084899902
-10.900928497314453
-10.928311347961426
-10.951186180114746
-10.952638626098633
-10.955558776855469
-10.890534400939941
-10.88034439086914
-10.90207576751709
-10.959734916687012
-10.971790313720703
-10.959001541137695
-10.938958168029785
-10.922235488891602
-10.934386253356934
-10.956132888793945
-10.954534530639648
-10.956470489501953
-10.962789535522461
-10.970758438110352
-10.911699295043945
-10.81588077545166
-10.8228120803833
-10.948179244995117
-10.970039367675781
-10.965697288513184
-10.908848762512207
-10.879271507263184
-10.9179105758667
-10.981078147888184
-10.961709022521973
-10.944873809814453
-10.935964584350586
-10.91133975982666
-10.938552856445312
-10.954068183898926
-10.968640327453613
-10.977869033813477
-10.981695175170898
-10.973868370056152
-10.96381664276123
-10.949568748474121
-10.96324634552002
-10.973225593566895
-10.981510162353516
-10.967748641967773
-10.971357345581055
-10.963985443115234
-10.983744621276855
-10.965668678283691
-10.978224754333496
-10.997596740722656
-10.975828170776367
-10.982073783874512
-11.00242805480957
-10.984915733337402
-10.959700584411621
-10.945942878723145
-10.93043041229248
-10.949810981750488
-10.964482307434082
-10.996155738830566
-11.014030456542969
-11.010845184326172
-10.984343528747559
-10.9530668258667
-10.959486961364746
-10.97616958618164
-10.963606834411621
-10.964088439941406
-10.982085227966309
-10.978665351867676
-11.003490447998047
-11.022259712219238
-10.992463111877441
-11.014917373657227
-11.010016441345215
-11.006603240966797
-10.966448783874512
-10.933091163635254
-10.932198524475098
-10.962639808654785
-10.998823165893555
-11.013128280639648
-11.026548385620117
-11.031659126281738
-11.02293586730957
-11.00895881652832
-11.008964538574219
-11.007471084594727
-10.940457344055176
-10.932536125183105
-10.936887741088867
-10.991684913635254
-11.017992973327637
-11.020092964172363
-11.028675079345703
-11.024544715881348
-11.046611785888672
-11.029988288879395
-11.022408485412598
-11.022357940673828
-11.036953926086426
-11.045479774475098
-11.046525955200195
-11.023460388183594
-11.015984535217285
-10.97903823852539
-10.930536270141602
-10.923110008239746
-10.960991859436035
-10.984286308288574
-11.027928352355957
-11.027724266052246
-11.04719066619873
-10.996088027954102
-10.932153701782227
-10.874552726745605
-10.966390609741211
-10.998501777648926
-11.033966064453125
-11.046122550964355
-11.04843807220459
-11.015220642089844
-11.026288032531738
-11.01660442352295
-11.000383377075195
-11.025793075561523
-11.024235725402832
-11.08470344543457
-11.037057876586914
-11.053841590881348
-11.01843547821045
-11.028056144714355
-10.97524642944336
-10.929376602172852
-10.969195365905762
-10.998658180236816
-11.030587196350098
-11.03211498260498
-11.062748908996582
-11.052192687988281
-11.051475524902344
-11.053580284118652
-11.055842399597168
-11.044062614440918
-11.029274940490723
-10.98283863067627
-10.978625297546387
-11.013154983520508
-11.051267623901367
-11.062870979309082
-11.008954048156738
-10.947933197021484
-10.953962326049805
-11.022940635681152
-11.071555137634277
-11.053150177001953
-10.999479293823242
-10.974717140197754
-10.95446491241455
-10.985699653625488
-11.033946990966797
-11.049281120300293
-11.040273666381836
-11.074994087219238
-11.070210456848145
-11.063820838928223
-11.042988777160645
-11.023395538330078
-10.961833953857422
-10.944014549255371
-11.031230926513672
-11.072325706481934
-11.062893867492676
-11.056640625
-11.02265453338623
-11.00068187713623
-10.934846878051758
-10.985621452331543
-11.034099578857422
-11.075323104858398
-11.116543769836426
-11.088569641113281
-11.018351554870605
-10.934054374694824
-10.965034484863281
-11.066006660461426
-11.08366584777832
-11.084582328796387
-10.980856895446777
-10.952378273010254
-11.010907173156738
-11.092812538146973
-11.089088439941406
-10.989082336425781
-10.918028831481934
-11.040422439575195
-11.08858871459961
-11.088489532470703
-10.963830947875977
-10.905211448669434
-11.029308319091797
-11.098724365234375
-11.052511215209961
-10.951776504516602
-11.043231010437012
-11.101523399353027
-11.115702629089355
-10.988334655761719
-10.958047866821289
-11.072162628173828
-11.097952842712402
-10.956392288208008
-10.96656608581543
-11.08133602142334
-11.113903999328613
-11.093513488769531
-11.024626731872559
-11.024471282958984
-11.085576057434082
-11.11809253692627
-11.102025985717773
-11.025309562683105
-11.04276180267334
-11.112011909484863
-11.135843276977539
-11.123608589172363
-11.09261703491211
-11.082391738891602
-11.091733932495117
-11.119468688964844
-11.134225845336914
-11.136214256286621
-11.136429786682129
-11.055985450744629
-11.056269645690918
-11.056220054626465
-11.111166000366211
-11.123064994812012
-11.067605018615723
-11.016600608825684
-11.083640098571777
-11.12391471862793
-11.12569522857666
-11.074376106262207
-11.07938003540039
-11.087320327758789
-11.12314224243164
-11.133136749267578
-11.139979362487793
-11.142669677734375
-11.115544319152832
-11.087652206420898
-11.07777214050293
-11.116209030151367
-11.113334655761719
-11.16684627532959
-11.142462730407715
-11.13530445098877
-11.13578987121582
-11.131150245666504
-11.110050201416016
-11.120081901550293
-11.14639949798584
-11.173884391784668
-11.162108421325684
-11.149733543395996
-11.120216369628906
-11.089615821838379
-11.090784072875977
-11.135598182678223
-11.179542541503906
-11.150788307189941
-11.145194053649902
-11.101020812988281
-11.101641654968262
-11.081769943237305
-11.115630149841309
-11.168659210205078
-11.166407585144043
-11.161296844482422
-11.143843650817871
-11.139242172241211
-11.130683898925781
-11.16136646270752
-11.152689933776855
-11.152857780456543
-11.173226356506348
-11.153040885925293
-11.105847358703613
-11.083537101745605
-11.10524845123291
-11.136642456054688
-11.123414993286133
-11.157171249389648
-11.166886329650879
-11.136041641235352
-11.086499214172363
-11.051342964172363
-11.083763122558594
-11.13192081451416
-11.183122634887695
-11.165841102600098
-11.11841869354248
-11.069093704223633
-11.089694023132324
-11.142887115478516
-11.18862533569336
-11.176161766052246
-11.142524719238281
-11.066153526306152
-11.074860572814941
-11.162280082702637
-11.185702323913574
-11.134428977966309
-11.058459281921387
-11.067169189453125
-11.132729530334473
-11.18091106414795
-11.178755760192871
-11.134222984313965
-11.127802848815918
-11.11084270477295
-11.16541862487793
-11.1917142868042
-11.16555404663086
-11.138511657714844
-11.11900520324707
-11.150124549865723
-11.176929473876953
-11.179817199707031
-11.124979972839355
-11.115501403808594
-11.153571128845215
-10.973494529724121
-10.493176460266113
-11.150474548339844
-10.204671859741211
-10.820390701293945
-10.021466255187988
-9.781705856323242
-10.988458633422852
-9.581101417541504
-9.001503944396973
-9.318205833435059
-10.8715181350708
-9.229026794433594
-8.360471725463867
-8.091512680053711
-8.166448593139648
-8.561905860900879
-9.526905059814453
-10.661605834960938
-9.79659652709961
-10.474825859069824
-10.191875457763672
-9.839245796203613
-10.686907768249512
-9.794961929321289
-9.207700729370117
-9.523189544677734
-10.998976707458496
-9.524975776672363
-8.954724311828613
-9.085515975952148
-10.010446548461914
-10.500101089477539
-9.81273365020752
-10.546147346496582
-10.276947975158691
-9.891030311584473
-10.816364288330078
-10.152153968811035
-9.696982383728027
-10.325484275817871
-10.383271217346191
-9.849114418029785
-10.427191734313965
-10.469941139221191
-10.05407428741455
-11.041543006896973
-9.945220947265625
-9.66451644897461
-10.341361999511719
-10.417523384094238
-9.984184265136719
-10.82551097869873
-10.109196662902832
-9.660892486572266
-10.25841999053955
-10.83026123046875
-10.187451362609863
-11.037148475646973
-10.161619186401367
-10.052221298217773
-11.045631408691406
-10.007885932922363
-9.69698429107666
-10.414543151855469
-10.472342491149902
-9.930643081665039
-10.587334632873535
-10.477453231811523
-10.098979949951172
-10.87437629699707
-10.147080421447754
-9.707460403442383
-10.305214881896973
-10.795695304870605
-10.343005180358887
-11.08634090423584
-10.387839317321777
-10.324298858642578
-11.128174781799316
-10.421951293945312
-10.744379043579102
-10.736504554748535
-10.604957580566406
-11.106878280639648
-10.747016906738281
-11.180356979370117
-10.845638275146484
-11.163961410522461
-10.789237022399902
-11.146965026855469
-10.882332801818848
-11.093896865844727
-10.816229820251465
-11.025786399841309
-10.750845909118652
-10.898667335510254
-10.917113304138184
-10.920836448669434
-10.951851844787598
-10.996541023254395
-10.996918678283691
-11.052797317504883
-10.951860427856445
-11.075972557067871
-10.935558319091797
-11.06263542175293
-10.853782653808594
-11.045650482177734
-10.850139617919922
-10.987547874450684
-10.884705543518066
-10.926222801208496
-10.984169006347656
-10.952960014343262
-11.026555061340332
-11.055419921875
-10.985918998718262
-11.09170913696289
-11.024133682250977
-11.12809944152832
-10.932765007019043
-11.137271881103516
-10.952768325805664
-11.152238845825195
-10.9064302444458
-11.153532028198242
-10.932066917419434
-11.059122085571289
-10.90707778930664
-11.082858085632324
-10.934248924255371
-11.050148963928223
-10.891694068908691
-11.0542573928833
-10.909427642822266
-11.045727729797363
-11.006134986877441
-11.019112586975098
-11.041715621948242
-11.058181762695312
-11.057472229003906
-11.069724082946777
-10.964800834655762
-11.126694679260254
-10.99911117553711
-11.10794448852539
-10.971744537353516
-11.035228729248047
-10.9365816116333
-11.10386848449707
-11.03384017944336
-11.150315284729004
-11.037935256958008
-11.115686416625977
-11.105908393859863
-11.1783447265625
-11.096094131469727
-11.192458152770996
-11.05781364440918
-11.160371780395508
-11.026371002197266
-11.210992813110352
-11.029157638549805
-11.184341430664062
-11.017754554748535
-11.195672035217285
-11.031350135803223
-11.207772254943848
-11.04930305480957
-11.2061185836792
-11.055183410644531
-11.216632843017578
-11.09677791595459
-11.203282356262207
-11.148505210876465
-11.199454307556152
-11.197153091430664
-11.173274040222168
-11.199325561523438
-11.187387466430664
-11.23127555847168
-11.187399864196777
-11.209461212158203
-11.191707611083984
-11.209931373596191
-11.215795516967773
-11.199288368225098
-11.21137523651123
-11.198929786682129
-11.223132133483887
-11.205188751220703
-11.21001148223877
-11.230244636535645
-11.212835311889648
-11.223085403442383
-11.20997428894043
-11.208373069763184
-11.228468894958496
-11.21457576751709
-11.22195816040039
-11.201663970947266
-11.241992950439453
-11.211637496948242
-11.222683906555176
-11.205410957336426
-11.212580680847168
-11.235836029052734
-11.220921516418457
-11.231307029724121
-11.232636451721191
-11.230570793151855
-11.227858543395996
-11.222029685974121
-11.23289966583252
-11.235615730285645
-11.229284286499023
-11.226408958435059
-11.238086700439453
-11.223440170288086
-11.229484558105469
-11.235629081726074
-11.239429473876953
-11.232728958129883
-11.234972953796387
-11.236959457397461
-11.225445747375488
-11.228676795959473
-11.250520706176758
-11.236190795898438
-11.216889381408691
-11.240604400634766
-11.2262601852417
-11.225969314575195
-11.234969139099121
-11.242945671081543
-11.242074966430664
-11.232595443725586
-11.23742961883545
-11.233757972717285
-11.221311569213867
-11.22585678100586
-11.242782592773438
-11.231083869934082
-11.237665176391602
-11.238523483276367
-11.239944458007812
-11.226758003234863
-11.240949630737305
-11.239753723144531
-11.234923362731934
-11.231490135192871
-11.230415344238281
-11.242636680603027
-11.234188079833984
-11.247842788696289
-11.23581600189209
-11.245407104492188
-11.241144180297852
-11.227143287658691
-11.243206024169922
-11.246428489685059
-11.241920471191406
-11.250164031982422
-11.243349075317383
-11.242071151733398
-11.231268882751465
-11.257430076599121
-11.237865447998047
-11.243077278137207
-11.24537467956543
-11.258134841918945
-11.23465633392334
-11.253890991210938
-11.234129905700684
-11.23691463470459
-11.237444877624512
-11.248594284057617
-11.257950782775879
-11.237133026123047
-11.253386497497559
-11.238933563232422
-11.236930847167969
-11.243385314941406
-11.24874496459961
-11.245523452758789
-11.24355697631836
-11.236072540283203
-11.249418258666992
-11.23883056640625
-11.254544258117676
-11.243549346923828
-11.24834156036377
-11.2482271194458
-11.23608684539795
-11.258734703063965
-11.24164867401123
-11.249926567077637
-11.248703002929688
-11.24731159210205
-11.258728981018066
-11.253606796264648
-11.233936309814453
-11.261513710021973
-11.2550687789917
-11.244250297546387
-11.245926856994629
-11.246603965759277
-11.247997283935547
-11.24181079864502
-11.236614227294922
-11.257406234741211
-11.252260208129883
-11.260360717773438
-11.243958473205566
-11.245390892028809
-11.250551223754883
-11.251078605651855
-11.257035255432129
-11.252965927124023
-11.246065139770508
-11.2510986328125
-11.243471145629883
-11.240333557128906
-11.24908447265625
-11.25783634185791
-11.249018669128418
-11.256502151489258
-11.24930191040039
-11.250899314880371
-11.257030487060547
-11.247257232666016
-11.257536888122559
-11.251697540283203
-11.247037887573242
-11.272397994995117
-11.262149810791016
-11.254988670349121
-11.251206398010254
-11.24953842163086
-11.262125968933105
-11.257986068725586
-11.24590015411377
-11.249476432800293
-11.241294860839844
-11.254154205322266
-11.265564918518066
-11.252306938171387
-11.248126029968262
-11.249429702758789
-11.252882957458496
-11.256020545959473
-11.26975154876709
-11.255733489990234
-11.257111549377441
-11.255271911621094
-11.259974479675293
-11.260334968566895
-11.25749397277832
-11.258770942687988
-11.263952255249023
-11.25891399383545
-11.262892723083496
-11.266560554504395
-11.25971508026123
-11.260330200195312
-11.259936332702637
-11.26215648651123
-11.273616790771484
-11.258225440979004
-11.253508567810059
-11.25412368774414
-11.263378143310547
-11.26577377319336
-11.262744903564453
-11.257280349731445
-11.263354301452637
-11.257204055786133
-11.26163387298584
-11.265764236450195
-11.260127067565918
-11.256869316101074
-11.260890007019043
-11.269545555114746
-11.260396957397461
-11.261028289794922
-11.253308296203613
-11.266077041625977
-11.25961685180664
-11.248421669006348
-11.262478828430176
-11.260222434997559
-11.27730941772461
-11.260185241699219
-11.266201972961426
-11.263148307800293
-11.268653869628906
-11.261674880981445
-11.27840518951416
-11.267169952392578
-11.263922691345215
-11.268143653869629
-11.262553215026855
-11.269824028015137
-11.273988723754883
-11.270381927490234
-11.257457733154297
-11.266193389892578
-11.25291919708252
-11.270927429199219
-11.26616382598877
-11.261940002441406
-11.273734092712402
-11.26364803314209
-11.275081634521484
-11.27343463897705
-11.271421432495117
-11.258237838745117
-11.283965110778809
-11.270049095153809
-11.264528274536133
-11.261407852172852
-11.271720886230469
-11.280014038085938
-11.27255630493164
-11.263721466064453
-11.275516510009766
-11.27243709564209
-11.282710075378418
-11.278690338134766
-11.272045135498047
-11.268511772155762
-11.273006439208984
-11.281679153442383
-11.26699161529541
-11.274456977844238
-11.278169631958008
-11.266669273376465
-11.28313159942627
-11.270523071289062
-11.273576736450195
-11.27436351776123
-11.270665168762207
-11.276222229003906
-11.273390769958496
-11.269046783447266
-11.279631614685059
-11.27971363067627
-11.255611419677734
-11.282071113586426
-11.288613319396973
-11.278127670288086
-11.29043197631836
-11.272892951965332
-11.263819694519043
-11.269660949707031
-11.278578758239746
-11.27060604095459
-11.27933406829834
-11.27865219116211
-11.278636932373047
-11.271036148071289
-11.271529197692871
-11.26615047454834
-11.278517723083496
-11.286842346191406
-11.278120994567871
-11.27519702911377
-11.292862892150879
-11.286693572998047
-11.283822059631348
-11.273072242736816
-11.27416706085205
-11.27305793762207
-11.262969017028809
-11.285310745239258
-11.281476020812988
-11.274944305419922
-11.28792667388916
-11.277261734008789
-11.28325366973877
-11.2821044921875
-11.284653663635254
-11.280006408691406
-11.281891822814941
-11.283730506896973
-11.279540061950684
-11.281895637512207
-11.2755126953125
-11.27416706085205
-11.294883728027344
-11.275263786315918
-11.286581039428711
-11.286447525024414
-11.283147811889648
-11.283182144165039
-11.286274909973145
-11.290253639221191
-11.2914457321167
-11.286849975585938
-11.279901504516602
-11.276044845581055
-11.282002449035645
-11.289429664611816
-11.274313926696777
-11.280097961425781
-11.291644096374512
-11.300080299377441
-11.27957534790039
-11.291641235351562
-11.282989501953125
-11.278921127319336
-11.273478507995605
-11.283297538757324
-11.28996753692627
-11.288899421691895
-11.28724193572998
-11.28011417388916
-11.286604881286621
-11.290284156799316
-11.28371810913086
-11.290964126586914
-11.282428741455078
-11.280743598937988
-11.297953605651855
-11.287995338439941
-11.285755157470703
-11.300371170043945
-11.297618865966797
-11.29527759552002
-11.292125701904297
-11.298439979553223
-11.29176139831543
-11.291876792907715
-11.285110473632812
-11.283346176147461
-11.295084953308105
-11.300533294677734
-11.280237197875977
-11.294421195983887
-11.285865783691406
-11.289532661437988
-11.29523754119873
-11.284648895263672
-11.286720275878906
-11.284590721130371
-11.29094123840332
-11.29704475402832
-11.293699264526367
-11.297950744628906
-11.285799026489258
-11.284369468688965
-11.283452987670898
-11.291354179382324
-11.300756454467773
-11.296943664550781
-11.289650917053223
-11.291271209716797
-11.285992622375488
-11.294918060302734
-11.28712272644043
-11.291558265686035
-11.30313491821289
-11.29595947265625
-11.293573379516602
-11.285778045654297
-11.28994369506836
-11.291536331176758
-11.282689094543457
-11.29328441619873
-11.288269996643066
-11.280981063842773
-11.28819751739502
-11.302229881286621
-11.295004844665527
-11.286784172058105
-11.291814804077148
-11.282291412353516
-11.292649269104004
-11.301738739013672
-11.295858383178711
-11.28735637664795
-11.281777381896973
-11.28933334350586
-11.292072296142578
-11.298323631286621
-11.298931121826172
-11.297233581542969
-11.294844627380371
-11.295146942138672
-11.292845726013184
-11.302555084228516
-11.298806190490723
-11.298822402954102
-11.303786277770996
-11.304549217224121
-11.30488395690918
-11.299506187438965
-11.286751747131348
-11.295873641967773
-11.30444622039795
-11.300237655639648
-11.291372299194336
-11.296646118164062
-11.299786567687988
-11.3086519241333
-11.306262016296387
-11.30793571472168
-11.304336547851562
-11.29615592956543
-11.300431251525879
-11.298203468322754
-11.300890922546387
-11.303686141967773
-11.300684928894043
-11.305290222167969
-11.30040454864502
-11.303459167480469
-11.313767433166504
-11.305405616760254
-11.29803466796875
-11.29312801361084
-11.297351837158203
-11.294417381286621
-11.295433044433594
-11.299030303955078
-11.29389762878418
-11.305645942687988
-11.300164222717285
-11.304067611694336
-11.30229663848877
-11.304342269897461
-11.29719352722168
-11.30517864227295
-11.30077838897705
-11.305724143981934
-11.302018165588379
-11.307452201843262
-11.309694290161133
-11.301373481750488
-11.305051803588867
-11.308392524719238
-11.315282821655273
-11.313492774963379
-11.300117492675781
-11.304960250854492
-11.313830375671387
-11.286469459533691
-11.304281234741211
-11.299572944641113
-11.307937622070312
-11.312481880187988
-11.31058406829834
-11.307690620422363
-11.30487060546875
-11.30320930480957
-11.30347728729248
-11.310980796813965
-11.307319641113281
-11.317225456237793
-11.309170722961426
-11.298686981201172
-11.308051109313965
-11.299273490905762
-11.297222137451172
-11.303718566894531
-11.29755973815918
-11.30222225189209
-11.302762031555176
-11.313591003417969
-11.307750701904297
-11.311755180358887
-11.311820030212402
-11.307372093200684
-11.301968574523926
-11.300468444824219
-11.310916900634766
-11.309823989868164
-11.307170867919922
-11.280153274536133
-11.279576301574707
-11.282438278198242
-11.292255401611328
-11.30341625213623
-11.29600715637207
-11.307242393493652
-11.310782432556152
-11.310225486755371
-11.289073944091797
-11.25747299194336
-11.215105056762695
-11.266728401184082
-11.298563957214355
-11.301010131835938
-11.298843383789062
-11.295208930969238
-11.27409553527832
-11.277339935302734
-11.279902458190918
-11.308585166931152
-11.309412956237793
-11.303937911987305
-11.297811508178711
-11.302656173706055
-11.301726341247559
-11.306838989257812
-11.314506530761719
-11.30948543548584
-11.320823669433594
-11.315160751342773
-11.313614845275879
-11.317605972290039
-11.302645683288574
-11.304512977600098
-11.290719032287598
-11.277945518493652
-11.28189468383789
-11.288148880004883
-11.296835899353027
-11.30648422241211
-11.307318687438965
-11.313586235046387
-11.30109691619873
-11.298792839050293
-11.292299270629883
-11.295140266418457
-11.316676139831543
-11.317143440246582
-11.30600357055664
-11.309205055236816
-11.312132835388184
-11.307857513427734
-11.320959091186523
-11.315104484558105
-11.31010913848877
-11.301835060119629
-11.308070182800293
-11.303350448608398
-11.321479797363281
-11.321356773376465
-11.311930656433105
-11.321416854858398
-11.318235397338867
-11.314345359802246
-11.325334548950195
-11.320064544677734
-11.331378936767578
-11.316485404968262
-11.311574935913086
-11.314336776733398
-11.316536903381348
-11.299051284790039
-11.286710739135742
-11.262572288513184
-11.268938064575195
-11.281723022460938
-11.266854286193848
-11.287022590637207
-11.299657821655273
-11.305475234985352
-11.318439483642578
-11.315414428710938
-11.301673889160156
-11.290484428405762
-11.27277946472168
-11.257183074951172
-11.253525733947754
-11.25053882598877
-11.294727325439453
-11.31905746459961
-11.314360618591309
-11.304993629455566
-11.265069961547852
-11.254158020019531
-11.281837463378906
-11.308247566223145
-11.316927909851074
-11.318160057067871
-11.314666748046875
-11.316227912902832
-11.318632125854492
-11.303231239318848
-11.284650802612305
-11.264644622802734
-11.262323379516602
-11.276029586791992
-11.296725273132324
-11.313188552856445
-11.309602737426758
-11.289861679077148
-11.254289627075195
-11.245546340942383
-11.26242733001709
-11.293323516845703
-11.31495189666748
-11.30709171295166
-11.251521110534668
-11.200760841369629
-11.222197532653809
-11.279924392700195
-11.3158540725708
-11.321722984313965
-11.320088386535645
-11.29991340637207
-11.318381309509277
-11.315939903259277
-11.324478149414062
-11.310968399047852
-11.301037788391113
-11.302118301391602
-11.301496505737305
-11.30346393585205
-11.316681861877441
-11.315635681152344
-11.321616172790527
-11.316747665405273
-11.320817947387695
-11.331117630004883
-11.326014518737793
-11.321343421936035
-11.306258201599121
-11.309558868408203
-11.297651290893555
-11.297597885131836
-11.298852920532227
-11.308822631835938
-11.3282470703125
-11.320022583007812
-11.335709571838379
-11.327923774719238
-11.324368476867676
-11.314412117004395
-11.286057472229004
-11.259258270263672
-11.270536422729492
-11.281180381774902
-11.3130464553833
-11.323882102966309
-11.322641372680664
-11.297388076782227
-11.236437797546387
-11.21257209777832
-11.252104759216309
-11.310951232910156
-11.319003105163574
-11.2394380569458
-11.153796195983887
-11.23581314086914
-11.304728507995605
-11.31579303741455
-11.295174598693848
-11.293441772460938
-11.294059753417969
-11.279747009277344
-11.249319076538086
-11.255330085754395
-11.277048110961914
-11.200255393981934
-11.098612785339355
-11.251639366149902
-11.319960594177246
-11.310526847839355
-11.23488712310791
-11.23213005065918
-11.299949645996094
-11.334173202514648
-11.293179512023926
-11.20513916015625
-11.201454162597656
-11.288722038269043
-11.323572158813477
-11.29002857208252
-11.260602951049805
-11.25969123840332
-11.308938980102539
-11.32986831665039
-11.335280418395996
-11.319409370422363
-11.327378273010254
-11.325997352600098
-11.329381942749023
-11.320096015930176
-11.322342872619629
-11.332673072814941
-11.346116065979004
-11.324451446533203
-11.298253059387207
-11.265288352966309
-11.25775146484375
-11.305106163024902
-11.331576347351074
-11.316702842712402
-11.235895156860352
-11.20814323425293
-11.291168212890625
-11.339390754699707
-11.316944122314453
-11.227169036865234
-11.224653244018555
-11.308006286621094
-11.331990242004395
-11.27331829071045
-11.194204330444336
-11.242494583129883
-11.312530517578125
-11.331208229064941
-11.338475227355957
-11.327675819396973
-11.33376407623291
-11.330540657043457
-11.32038402557373
-11.317540168762207
-11.331645011901855
-11.344616889953613
-11.338831901550293
-11.334121704101562
-11.330734252929688
-11.344803810119629
-11.350709915161133
-11.344640731811523
-11.338149070739746
-11.340561866760254
-11.330090522766113
-11.327981948852539
-11.342581748962402
-11.337233543395996
-11.340327262878418
-11.334657669067383
-11.3400239944458
-11.340527534484863
-11.34073257446289
-11.331266403198242
-11.335816383361816
-11.337028503417969
-11.338624954223633
-11.334964752197266
-11.339715957641602
-11.332417488098145
-11.338655471801758
-11.325346946716309
-11.315930366516113
-11.327847480773926
-11.31905746459961
-11.332348823547363
-11.329546928405762
-11.324042320251465
-11.314834594726562
-11.306242942810059
-11.30989933013916
-11.307324409484863
-11.310827255249023
-11.310135841369629
-11.325102806091309
-11.336483001708984
-11.338333129882812
-11.348268508911133
-11.349477767944336
-11.34906005859375
-11.345359802246094
-11.349286079406738
-11.353852272033691
-11.342283248901367
-11.344650268554688
-11.3319673538208
-11.313650131225586
-11.302436828613281
-11.30710220336914
-11.328373908996582
-11.343911170959473
-11.35315227508545
-11.351011276245117
-11.355402946472168
-11.356390953063965
-11.348920822143555
-11.343995094299316
-11.335125923156738
-11.331284523010254
-11.307708740234375
-11.310068130493164
-11.300704002380371
-11.318029403686523
-11.334260940551758
-11.340505599975586
-11.345528602600098
-11.348952293395996
-11.338534355163574
-11.335290908813477
-11.321982383728027
-11.301553726196289
-11.274405479431152
-11.279709815979004
-11.327414512634277
-11.332331657409668
-11.356549263000488
-11.351125717163086
-11.341211318969727
-11.325881004333496
-11.31706428527832
-11.326478004455566
-11.319503784179688
-11.316706657409668
-11.273819923400879
-11.255273818969727
-11.268925666809082
-11.317578315734863
-11.34577751159668
-11.345385551452637
-11.35910415649414
-11.348034858703613
-11.340971946716309
-11.338235855102539
-11.334427833557129
-11.32248306274414
-11.293020248413086
-11.270981788635254
-11.30638599395752
-11.342995643615723
-11.325578689575195
-11.297181129455566
-11.296507835388184
-11.312080383300781
-11.329076766967773
-11.335097312927246
-11.343931198120117
-11.354717254638672
-11.352824211120605
-11.350141525268555
-11.346986770629883
-11.337361335754395
-11.333415031433105
-11.352922439575195
-11.356051445007324
-11.348166465759277
-11.357697486877441
-11.352535247802734
-11.350539207458496
-11.333541870117188
-11.312634468078613
-11.307849884033203
-11.299003601074219
-11.326478004455566
-11.35290241241455
-11.366031646728516
-11.348004341125488
-11.35094165802002
-11.340126037597656
-11.342430114746094
-11.351099014282227
-11.349281311035156
-11.36023235321045
-11.354318618774414
-11.340799331665039
-11.35177230834961
-11.358232498168945
-11.357314109802246
-11.348854064941406
-11.346908569335938
-11.353302001953125
-11.32483959197998
-11.298460006713867
-11.284643173217773
-11.31555461883545
-11.350793838500977
-11.348834991455078
-11.31103515625
-11.279134750366211
-11.280881881713867
-11.29269027709961
-11.32706356048584
-11.34506893157959
-11.342184066772461
-11.276309967041016
-11.249792098999023
-11.28368854522705
-11.311226844787598
-11.329965591430664
-11.328388214111328
-11.3275785446167
-11.339879989624023
-11.344842910766602
-11.336471557617188
-11.295567512512207
-11.25778865814209
-11.293001174926758
-11.33504867553711
-11.363455772399902
-11.362920761108398
-11.341035842895508
-11.315177917480469
-11.256930351257324
-11.27276611328125
-11.309052467346191
-11.324934005737305
-11.347465515136719
-11.360610961914062
-11.332218170166016
-11.30367660522461
-11.276925086975098
-11.265820503234863
-11.29959487915039
-11.34837532043457
-11.303088188171387
-11.18001937866211
-11.223921775817871
-11.323105812072754
-11.347464561462402
-11.285728454589844
-11.244134902954102
-11.31044864654541
-11.346758842468262
-11.335258483886719
-11.29629898071289
-11.219537734985352
-11.220757484436035
-11.306917190551758
-11.349531173706055
-11.316414833068848
-11.237648010253906
-11.25747013092041
-11.338202476501465
-11.315439224243164
-11.189557075500488
-11.21776294708252
-11.340995788574219
-11.346918106079102
-11.270848274230957
-11.238819122314453
-11.313158988952637
-11.348538398742676
-11.272777557373047
-11.175024032592773
-11.279836654663086
-11.362834930419922
-11.324540138244629
-11.242953300476074
-11.251799583435059
-11.308867454528809
-11.352118492126465
-11.36098861694336
-11.330113410949707
-11.281527519226074
-11.285565376281738
-11.348078727722168
-11.371831893920898
-11.340242385864258
-11.304835319519043
-11.310415267944336
-11.335672378540039
-11.350642204284668
-11.356912612915039
-11.357170104980469
-11.352875709533691
-11.351540565490723
-11.368498802185059
-11.354072570800781
-11.352621078491211
-11.330865859985352
-11.320785522460938
-11.338852882385254
-11.334697723388672
-11.361715316772461
-11.361442565917969
-11.356791496276855
-11.335041999816895
-11.329964637756348
-11.351046562194824
-11.363088607788086
-11.362722396850586
-11.358723640441895
-11.357928276062012
-11.355484962463379
-11.351369857788086
-11.359603881835938
-11.35113525390625
-11.372454643249512
-11.36439037322998
-11.371728897094727
-11.370820999145508
-11.362500190734863
-11.349955558776855
-11.342231750488281
-11.34214973449707
-11.345848083496094
-11.349857330322266
-11.366966247558594
-11.369207382202148
-11.366519927978516
-11.354434967041016
-11.337950706481934
-11.318897247314453
-11.330577850341797
-11.348965644836426
-11.3626070022583
-11.375105857849121
-11.368329048156738
-11.364407539367676
-11.354878425598145
-11.358500480651855
-11.349128723144531
-11.346826553344727
-11.346834182739258
-11.365721702575684
-11.352025032043457
-11.368358612060547
-11.370725631713867
-11.36497688293457
-11.355585098266602
-11.37041187286377
-11.360774993896484
-11.361041069030762
-11.362984657287598
-11.358389854431152
-11.36370849609375
-11.354050636291504
-11.357582092285156
-11.350666999816895
-11.343960762023926
-11.34022045135498
-11.341732025146484
-11.357264518737793
-11.363967895507812
-11.35715103149414
-11.370635032653809
-11.36073112487793
-11.33414077758789
-11.310534477233887
-11.299420356750488
-11.323589324951172
-11.356837272644043
-11.3659086227417
-11.37343692779541
-11.35413646697998
-11.300809860229492
-11.300497055053711
-11.320954322814941
-11.346903800964355
-11.367182731628418
-11.363544464111328
-11.36095142364502
-11.333633422851562
-11.31788444519043
-11.32485294342041
-11.344133377075195
-11.357213973999023
-11.367053031921387
-11.366177558898926
-11.349197387695312
-11.333595275878906
-11.306190490722656
-11.322859764099121
-11.350974082946777
-11.364131927490234
-11.363790512084961
-11.373571395874023
-11.370758056640625
-11.364044189453125
-11.36087417602539
-11.364544868469238
-11.361489295959473
-11.356160163879395
-11.344935417175293
-11.343031883239746
-11.354930877685547
-11.349631309509277
-11.353111267089844
-11.369494438171387
-11.369750022888184
-11.372539520263672
-11.371932983398438
-11.369636535644531
-11.364181518554688
-11.34919261932373
-11.322413444519043
-11.307487487792969
-11.31801700592041
-11.338824272155762
-11.36081600189209
-11.365145683288574
-11.36771297454834
-11.359968185424805
-11.334517478942871
-11.32678508758545
-11.33855152130127
-11.343862533569336
-11.361038208007812
-11.361737251281738
-11.3673095703125
-11.358732223510742
-11.359457969665527
-11.360321044921875
-11.369762420654297
-11.366073608398438
-11.364197731018066
-11.374102592468262
-11.370797157287598
-11.37414836883545
-11.378501892089844
-11.376252174377441
-11.37053394317627
-11.369969367980957
-11.371113777160645
-11.375016212463379
-11.368125915527344
-11.36975383758545
-11.368396759033203
-11.36678695678711
-11.357207298278809
-11.356752395629883
-11.355384826660156
-11.359100341796875
-11.367574691772461
-11.370468139648438
-11.3743896484375
-11.365761756896973
-11.378111839294434
-11.36660385131836
-11.363996505737305
-11.34418773651123
-11.313837051391602
-11.289155960083008
-11.29432201385498
-11.333182334899902
-11.361721992492676
-11.371328353881836
-11.376508712768555
-11.365605354309082
-11.353826522827148
-11.363079071044922
-11.357959747314453
-11.372173309326172
-11.371739387512207
-11.367880821228027
-11.342716217041016
-11.314901351928711
-11.302279472351074
-11.31338882446289
-11.349303245544434
-11.372849464416504
-11.375151634216309
-11.373680114746094
-11.366751670837402
-11.359667778015137
-11.351722717285156
-11.325709342956543
-11.313614845275879
-11.317319869995117
-11.327452659606934
-11.336660385131836
-11.349589347839355
-11.351728439331055
-11.352385520935059
-11.370972633361816
-11.370308876037598
-11.372772216796875
-11.3639554977417
-11.362152099609375
-11.325963973999023
-11.308541297912598
-11.308510780334473
-11.32483959197998
-11.335579872131348
-11.344853401184082
-11.375335693359375
-11.36075496673584
-11.323715209960938
-11.299423217773438
-11.333595275878906
-11.360349655151367
-11.367186546325684
-11.348295211791992
-11.301765441894531
-11.259881973266602
-11.2801513671875
-11.337306022644043
-11.364441871643066
-11.378005027770996
-11.371158599853516
-11.363408088684082
-11.358244895935059
-11.353461265563965
-11.348976135253906
-11.3441801071167
-11.349414825439453
-11.359562873840332
-11.364564895629883
-11.376906394958496
-11.370810508728027
-11.377546310424805
-11.379094123840332
-11.3806734085083
-11.377041816711426
-11.376204490661621
-11.370938301086426
-11.37492847442627
-11.36922836303711
-11.364640235900879
-11.342828750610352
-11.304849624633789
-11.297884941101074
-11.332551002502441
-11.358528137207031
-11.371719360351562
-11.379118919372559
-11.358235359191895
-11.313875198364258
-11.285730361938477
-11.322009086608887
-11.359328269958496
-11.378708839416504
-11.373800277709961
-11.376785278320312
-11.372560501098633
-11.376012802124023
-11.376555442810059
-11.372408866882324
-11.367165565490723
-11.366519927978516
-11.340862274169922
-11.33662223815918
-11.314275741577148
-11.315546035766602
-11.340564727783203
-11.359033584594727
-11.372735023498535
-11.386368751525879
-11.376099586486816
-11.378549575805664
-11.377836227416992
-11.380234718322754
-11.386889457702637
-11.384496688842773
-11.374905586242676
-11.376611709594727
-11.379777908325195
-11.38422679901123
-11.373274803161621
-11.38174819946289
-11.378988265991211
-11.374289512634277
-11.368316650390625
-11.346172332763672
-11.328789710998535
-11.326971054077148
-11.336779594421387
-11.331371307373047
-11.326200485229492
-11.339303970336914
-11.364429473876953
-11.367284774780273
-11.359404563903809
-11.37283706665039
-11.370339393615723
-11.35371208190918
-11.337163925170898
-11.34746265411377
-11.360834121704102
-11.378316879272461
-11.377552032470703
-11.375985145568848
-11.369728088378906
-11.358501434326172
-11.3533353805542
-11.34459400177002
-11.35281753540039
-11.337384223937988
-11.316247940063477
-11.313884735107422
-11.324512481689453
-11.358257293701172
-11.361844062805176
-11.364262580871582
-11.374202728271484
-11.374969482421875
-11.381741523742676
-11.376160621643066
-11.379087448120117
-11.367630958557129
-11.370451927185059
-11.358182907104492
-11.326411247253418
-11.308032035827637
-11.312006950378418
-11.347332000732422
-11.36147403717041
-11.382362365722656
-11.380901336669922
-11.377997398376465
-11.362005233764648
-11.332223892211914
-11.307143211364746
-11.308712005615234
-11.318450927734375
-11.345355033874512
-11.367786407470703
-11.376039505004883
-11.385688781738281
-11.374034881591797
-11.383055686950684
-11.38101577758789
-11.373172760009766
-11.370680809020996
-11.366567611694336
-11.365943908691406
-11.367965698242188
-11.369260787963867
-11.359187126159668
-11.363767623901367
-11.355266571044922
-11.36500358581543
-11.37252140045166
-11.38166618347168
-11.375922203063965
-11.34811019897461
-11.306588172912598
-11.284067153930664
-11.313131332397461
-11.351449012756348
-11.37565803527832
-11.377178192138672
-11.374138832092285
-11.353718757629395
-11.280526161193848
-11.243964195251465
-11.301451683044434
-11.347126007080078
-11.37598991394043
-11.38515567779541
-11.372676849365234
-11.355204582214355
-11.302845001220703
-11.252384185791016
-11.271987915039062
-11.327791213989258
-11.360857963562012
-11.360283851623535
-11.376887321472168
-11.368792533874512
-11.32079029083252
-11.278754234313965
-11.318883895874023
-11.359423637390137
-11.377955436706543
-11.379460334777832
-11.364851951599121
-11.341713905334473
-11.311180114746094
-11.31353759765625
-11.359975814819336
-11.385164260864258
-11.356916427612305
-11.313997268676758
-11.277547836303711
-11.299113273620605
-11.338733673095703
-11.373486518859863
-11.376688003540039
-11.382147789001465
-11.384435653686523
-11.376046180725098
-11.363887786865234
-11.349788665771484
-11.34299087524414
-11.346771240234375
-11.338722229003906
-11.361688613891602
-11.372026443481445
-11.385627746582031
-11.381096839904785
-11.374225616455078
-11.35025691986084
-11.329822540283203
-11.28995132446289
-11.310129165649414
-11.346006393432617
-11.375210762023926
-11.384445190429688
-11.372462272644043
-11.341503143310547
-11.304004669189453
-11.296163558959961
-11.33104419708252
-11.370532035827637
-11.384793281555176
-11.373922348022461
-11.338897705078125
-11.303215980529785
-11.282083511352539
-11.315888404846191
-11.361263275146484
-11.381536483764648
-11.369914054870605
-11.321202278137207
-11.242386817932129
-11.276392936706543
-11.352975845336914
-11.380176544189453
-11.369647026062012
-11.321894645690918
-11.25367259979248
-11.2967529296875
-11.355863571166992
-11.372698783874512
-11.353206634521484
-11.312797546386719
-11.328838348388672
-11.35580825805664
-11.37533950805664
-11.330991744995117
-11.26817512512207
-11.29957103729248
-11.372757911682129
-11.380107879638672
-11.329686164855957
-11.265096664428711
-11.28453254699707
-11.365419387817383
-11.375553131103516
-11.332478523254395
-11.27431869506836
-11.309659957885742
-11.359309196472168
-11.38022518157959
-11.37273120880127
-11.33803939819336
-11.316825866699219
-11.337438583374023
-11.370882987976074
-11.378907203674316
-11.347014427185059
-11.312944412231445
-11.2841157913208
-11.31591796875
-11.352034568786621
-11.377741813659668
-11.367264747619629
-11.318660736083984
-11.322358131408691
-11.362381935119629
-11.381805419921875
-11.370882034301758
-11.35351276397705
-11.329548835754395
-11.340516090393066
-11.34989070892334
-11.375061988830566
-11.379719734191895
-11.384117126464844
-11.384790420532227
-11.373299598693848
-11.373067855834961
-11.381246566772461
-11.382302284240723
-11.384517669677734
-11.389659881591797
-11.388373374938965
-11.386221885681152
-11.382084846496582
-11.377455711364746
-11.389349937438965
-11.382160186767578
-11.378276824951172
-11.372223854064941
-11.366857528686523
-11.366321563720703
-11.368612289428711
-11.380687713623047
-11.387176513671875
-11.386574745178223
-11.378525733947754
-11.358505249023438
-11.35550594329834
-11.368277549743652
-11.370370864868164
-11.37486743927002
-11.3848295211792
-11.389086723327637
-11.386459350585938
-11.391435623168945
-11.37765884399414
-11.351028442382812
-11.34091567993164
-11.340479850769043
-11.368300437927246
-11.386515617370605
-11.342544555664062
-11.295032501220703
-11.300525665283203
-11.341789245605469
-11.37645149230957
-11.391571044921875
-11.37921142578125
-11.375496864318848
-11.360081672668457
-11.362053871154785
-11.355496406555176
-11.349568367004395
-11.35513973236084
-11.374554634094238
-11.38837718963623
-11.361167907714844
-11.33358383178711
-11.344010353088379
-11.35782527923584
-11.377887725830078
-11.388814926147461
-11.387273788452148
-11.389183044433594
-11.390238761901855
-11.39100456237793
-11.390480995178223
-11.379307746887207
-11.393162727355957
-11.389810562133789
-11.39002799987793
-11.387357711791992
-11.389514923095703
-11.390962600708008
-11.391572952270508
-11.390684127807617
-11.392522811889648
-11.389034271240234
-11.385917663574219
-11.393122673034668
-11.390216827392578
-11.378941535949707
-11.368400573730469
-11.370041847229004
-11.368706703186035
-11.371456146240234
-11.375328063964844
-11.378910064697266
-11.38931941986084
-11.3875150680542
-11.39141845703125
-11.388672828674316
-11.382119178771973
-11.362202644348145
-11.356823921203613
-11.358545303344727
-11.361372947692871
-11.360067367553711
-11.36784553527832
-11.384944915771484
-11.389427185058594
-11.379465103149414
-11.364473342895508
-11.35329532623291
-11.337328910827637
-11.34292984008789
-11.361394882202148
-11.382023811340332
-11.393719673156738
-11.391175270080566
-11.382081985473633
-11.367140769958496
-11.349715232849121
-11.349065780639648
-11.366755485534668
-11.374974250793457
-11.380765914916992
-11.38785171508789
-11.398222923278809
-11.389314651489258
-11.390771865844727
-11.390036582946777
-11.379356384277344
-11.370157241821289
-11.363633155822754
-11.363615989685059
-11.378765106201172
-11.385161399841309
-11.384370803833008
-11.389359474182129
-11.380539894104004
-11.371979713439941
-11.360554695129395
-11.345303535461426
-11.34391975402832
-11.35787296295166
-11.36572265625
-11.37894058227539
-11.387983322143555
-11.392391204833984
-11.395158767700195
-11.39114761352539
-11.392148971557617
-11.399500846862793
-11.390633583068848
-11.39202880859375
-11.394545555114746
-11.400147438049316
-11.39663314819336
-11.393656730651855
-11.389491081237793
-11.395282745361328
-11.388206481933594
-11.392996788024902
-11.38502025604248
-11.36844253540039
-11.350841522216797
-11.326722145080566
-11.342354774475098
-11.374022483825684
-11.38302993774414
-11.389015197753906
-11.39087200164795
-11.383444786071777
-11.357802391052246
-11.34348201751709
-11.330084800720215
-11.356976509094238
-11.37798023223877
-11.38520336151123
-11.390533447265625
-11.37322998046875
-11.334739685058594
-11.313872337341309
-11.29503345489502
-11.321576118469238
-11.363052368164062
-11.38855266571045
-11.381379127502441
-11.345098495483398
-11.317310333251953
-11.321358680725098
-11.333343505859375
-11.356523513793945
-11.367660522460938
-11.375901222229004
-11.36914348602295
-11.375611305236816
-11.376991271972656
-11.35817813873291
-11.340681076049805
-11.356627464294434
-11.374094009399414
-11.36569595336914
-11.309833526611328
-11.275565147399902
-11.332046508789062
-11.38039779663086
-11.387063026428223
-11.354058265686035
-11.285547256469727
-11.267793655395508
-11.321269035339355
-11.374502182006836
-11.378243446350098
-11.307881355285645
-11.226210594177246
-11.281567573547363
-11.36982536315918
-11.396977424621582
-11.368904113769531
-11.322961807250977
-11.316361427307129
-11.354543685913086
-11.390711784362793
-11.378162384033203
-11.309887886047363
-11.259587287902832
-11.300397872924805
-11.375184059143066
-11.378377914428711
-11.269408226013184
-11.223773956298828
-11.316305160522461
-11.3740234375
-11.366164207458496
-11.265970230102539
-11.238504409790039
-11.34668254852295
-11.392824172973633
-11.366875648498535
-11.30665397644043
-11.305500984191895
-11.368518829345703
-11.39802360534668
-11.37189769744873
-11.345696449279785
-11.342945098876953
-11.371209144592285
-11.385760307312012
-11.384607315063477
-11.386748313903809
-11.38685131072998
-11.375053405761719
-11.381537437438965
-11.390525817871094
-11.39533519744873
-11.384099960327148
-11.368274688720703
-11.380708694458008
-11.373666763305664
-11.375475883483887
-11.377762794494629
-11.389511108398438
-11.396976470947266
-11.391494750976562
-11.377984046936035
-11.375570297241211
-11.390108108520508
-11.381855964660645
-11.377422332763672
-11.381402015686035
-11.385481834411621
-11.393115043640137
-11.388040542602539
-11.385108947753906
-11.390748023986816
-11.396661758422852
-11.397644996643066
-11.389674186706543
-11.39099407196045
-11.38228988647461
-11.35407543182373
-11.353100776672363
-11.36634635925293
-11.386140823364258
-11.377683639526367
-11.306046485900879
-11.27562427520752
-11.33466911315918
-11.39246940612793
-11.38605785369873
-11.314183235168457
-11.243535995483398
-11.312190055847168
-11.390202522277832
-11.373884201049805
-11.296932220458984
-11.267236709594727
-11.338677406311035
-11.388843536376953
-11.394519805908203
-11.36480712890625
-11.325174331665039
-11.316812515258789
-11.360822677612305
-11.396188735961914
-11.388875961303711
-11.357870101928711
-11.335342407226562
-11.344970703125
-11.368424415588379
-11.385438919067383
-11.391340255737305
-11.395751953125
-11.372770309448242
-11.338651657104492
-11.289294242858887
-11.27658748626709
-11.334670066833496
-11.389765739440918
-11.38286018371582
-11.30777359008789
-11.266436576843262
-11.327981948852539
-11.383752822875977
-11.398239135742188
-11.389497756958008
-11.376911163330078
-11.372611045837402
-11.378692626953125
-11.390795707702637
-11.391878128051758
-11.389864921569824
-11.365756034851074
-11.341354370117188
-11.348468780517578
-11.374884605407715
-11.391769409179688
-11.39562702178955
-11.381915092468262
-11.360922813415527
-11.354430198669434
-11.367927551269531
-11.384466171264648
-11.385137557983398
-11.394457817077637
-11.396933555603027
-11.396629333496094
-11.401134490966797
-11.401089668273926
-11.403436660766602
-11.40453052520752
-11.3894681930542
-11.393684387207031
-11.392592430114746
-11.385272979736328
-11.386584281921387
