loss_u
-4.134088516235352
-4.096948623657227
-4.124741554260254
-4.170497894287109
-4.15964937210083
-4.120584011077881
-4.217134952545166
-4.280439376831055
-4.236155986785889
-4.335626125335693
-4.309359073638916
-4.34772253036499
-4.526355266571045
-4.438183784484863
-4.463028907775879
-4.605889320373535
-4.630764484405518
-4.645716667175293
-4.793745994567871
-4.917405128479004
-4.982939720153809
-5.105057239532471
-5.353396415710449
-5.410543441772461
-5.603880405426025
-5.808229923248291
-6.050225257873535
-6.1991424560546875
-6.349047660827637
-6.342309951782227
-6.217175006866455
-6.063766956329346
-6.08420467376709
-6.034082889556885
-6.074751377105713
-6.097468376159668
-6.226883888244629
-6.265903949737549
-6.331114292144775
-6.337320327758789
-6.37656307220459
-6.3521552085876465
-6.34474515914917
-6.306292533874512
-6.334320545196533
-6.294872283935547
-6.397124767303467
-6.438614368438721
-6.495674133300781
-6.419853210449219
-6.476778984069824
-6.45770788192749
-6.448739528656006
-6.473773002624512
-6.471044063568115
-6.538478374481201
-6.564980983734131
-6.5332770347595215
-6.5847015380859375
-6.578906536102295
-6.5555291175842285
-6.506202220916748
-6.563182830810547
-6.607271194458008
-6.634748935699463
-6.631169319152832
-6.656167030334473
-6.64280366897583
-6.602270126342773
-6.629228115081787
-6.6954827308654785
-6.7027130126953125
-6.685525894165039
-6.718379974365234
-6.7439422607421875
-6.806416034698486
-6.749565601348877
-6.820785045623779
-6.8382768630981445
-6.891479969024658
-6.867034435272217
-6.890098571777344
-6.984643936157227
-6.991550922393799
-7.100653648376465
-7.0759992599487305
-7.209130764007568
-7.246570110321045
-7.216127872467041
-7.329110145568848
-7.36218786239624
-7.3596696853637695
-7.430691719055176
-7.529094219207764
-7.609182357788086
-7.671471118927002
-7.7976861000061035
-7.741062641143799
-7.762167930603027
-7.720542907714844
-7.856383323669434
-7.810366630554199
-7.748943328857422
-7.881593704223633
-7.888751983642578
-7.934759140014648
-7.908077239990234
-7.9709320068359375
-8.008800506591797
-8.03165054321289
-8.048860549926758
-8.009750366210938
-8.19324779510498
-7.997208118438721
-8.150561332702637
-8.16733169555664
-8.189172744750977
-8.247737884521484
-8.261265754699707
-8.21422004699707
-8.238630294799805
-8.297164916992188
-8.26013469696045
-8.361242294311523
-8.429831504821777
-8.434993743896484
-8.388980865478516
-8.480306625366211
-8.433150291442871
-8.554200172424316
-8.437787055969238
-8.45743179321289
-8.609187126159668
-8.50174331665039
-8.543771743774414
-8.586553573608398
-8.625734329223633
-8.71115779876709
-8.671882629394531
-8.670249938964844
-8.574385643005371
-8.691696166992188
-8.757725715637207
-8.821094512939453
-8.737889289855957
-8.787102699279785
-8.677481651306152
-8.75393009185791
-8.634818077087402
-8.798517227172852
-8.811336517333984
-8.801797866821289
-8.827608108520508
-8.79150676727295
-8.914652824401855
-8.71199893951416
-8.688308715820312
-8.995519638061523
-8.792875289916992
-9.016271591186523
-8.826894760131836
-8.93082332611084
-9.043508529663086
-8.924689292907715
-9.099111557006836
-9.054194450378418
-8.978808403015137
-9.007991790771484
-9.02749252319336
-9.062581062316895
-8.929912567138672
-9.043851852416992
-9.07103443145752
-9.1116943359375
-9.085948944091797
-8.96756649017334
-9.05987548828125
-9.07662582397461
-9.166784286499023
-9.138594627380371
-9.051957130432129
-9.165231704711914
-9.062005996704102
-9.1038236618042
-9.189258575439453
-9.012408256530762
-9.134944915771484
-9.212189674377441
-9.209639549255371
-9.191401481628418
-9.207529067993164
-9.212935447692871
-9.234832763671875
-9.215323448181152
-9.194451332092285
-9.250442504882812
-9.21180248260498
-9.291733741760254
-9.269654273986816
-9.276745796203613
-9.30564022064209
-9.388535499572754
-9.33731746673584
-9.321779251098633
-9.344038963317871
-9.510223388671875
-9.44614028930664
-9.362125396728516
-9.438626289367676
-9.350358009338379
-9.447720527648926
-9.485821723937988
-9.472710609436035
-9.484405517578125
-9.507003784179688
-9.547250747680664
-9.590353965759277
-9.445817947387695
-9.5433988571167
-9.54211139678955
-9.637452125549316
-9.53531551361084
-9.6010103225708
-9.570476531982422
-9.556415557861328
-9.661892890930176
-9.532824516296387
-9.865760803222656
-9.733078002929688
-9.746868133544922
-9.74573040008545
-9.735477447509766
-9.787455558776855
-9.748208045959473
-9.833232879638672
-9.758649826049805
-9.90927505493164
-10.01474380493164
-9.879326820373535
-9.923460006713867
-9.927810668945312
-10.005409240722656
-10.02718448638916
-9.991833686828613
-10.025843620300293
-10.04365062713623
-9.976289749145508
-10.15081787109375
-10.06454086303711
-10.123011589050293
-10.106614112854004
-10.133806228637695
-10.152067184448242
-10.17131233215332
-10.163446426391602
-10.195023536682129
-10.187935829162598
-10.20655345916748
-10.235087394714355
-10.251683235168457
-10.238181114196777
-10.2156343460083
-10.303075790405273
-10.354875564575195
-10.354188919067383
-10.41359806060791
-10.34168529510498
-10.370054244995117
-10.425395011901855
-10.312010765075684
-10.39887523651123
-10.452942848205566
-10.394110679626465
-10.34542465209961
-10.397594451904297
-10.319466590881348
-10.321754455566406
-10.467851638793945
-10.387897491455078
-10.384037017822266
-10.434471130371094
-10.455367088317871
-10.51271915435791
-10.476811408996582
-10.392600059509277
-10.433680534362793
-10.4993257522583
-10.440230369567871
-10.464494705200195
-10.473625183105469
-10.565508842468262
-10.4334135055542
-10.467129707336426
-10.518105506896973
-10.527311325073242
-10.471190452575684
-10.586506843566895
-10.514093399047852
-10.407587051391602
-10.563011169433594
-10.566315650939941
-10.404869079589844
-10.60447883605957
-10.579231262207031
-10.40272331237793
-10.592254638671875
-10.568316459655762
-10.509180068969727
-10.619690895080566
-10.543824195861816
-10.536452293395996
-10.607821464538574
-10.648744583129883
-10.591142654418945
-10.607278823852539
-10.613592147827148
-10.586524963378906
-10.701079368591309
-10.68116569519043
-10.656942367553711
-10.664880752563477
-10.670345306396484
-10.661913871765137
-10.67219352722168
-10.740056037902832
-10.697165489196777
-10.661079406738281
-10.702191352844238
-10.71099853515625
-10.715249061584473
-10.71333122253418
-10.740067481994629
-10.743230819702148
-10.71364688873291
-10.710355758666992
-10.750687599182129
-10.743220329284668
-10.73146915435791
-10.729682922363281
-10.730384826660156
-10.727012634277344
-10.74730396270752
-10.711491584777832
-10.792028427124023
-10.77884578704834
-10.73650074005127
-10.759902000427246
-10.794638633728027
-10.748430252075195
-10.74830436706543
-10.790702819824219
-10.78364086151123
-10.742860794067383
-10.723093032836914
-10.778129577636719
-10.807451248168945
-10.772488594055176
-10.718517303466797
-10.783451080322266
-10.796318054199219
-10.775527954101562
-10.77418041229248
-10.826254844665527
-10.800976753234863
-10.754672050476074
-10.786431312561035
-10.8109712600708
-10.79275894165039
-10.739659309387207
-10.783477783203125
-10.819476127624512
-10.785738945007324
-10.80024242401123
-10.837096214294434
-10.803742408752441
-10.800777435302734
-10.796374320983887
-10.837788581848145
-10.820269584655762
-10.801224708557129
-10.800216674804688
-10.838388442993164
-10.830500602722168
-10.779196739196777
-10.763938903808594
-10.845037460327148
-10.832878112792969
-10.829221725463867
-10.833831787109375
-10.86075210571289
-10.861166954040527
-10.840986251831055
-10.861007690429688
-10.863285064697266
-10.863359451293945
-10.8363676071167
-10.831564903259277
-10.859071731567383
-10.886590003967285
-10.868185043334961
-10.872894287109375
-10.835619926452637
-10.84795093536377
-10.869525909423828
-10.884307861328125
-10.866297721862793
-10.8348970413208
-10.866474151611328
-10.879704475402832
-10.869884490966797
-10.853862762451172
-10.85916805267334
-10.895339965820312
-10.900777816772461
-10.889403343200684
-10.912572860717773
-10.890530586242676
-10.916356086730957
-10.89761734008789
-10.906049728393555
-10.89724349975586
-10.905261039733887
-10.900623321533203
-10.899944305419922
-10.911994934082031
-10.896778106689453
-10.905667304992676
-10.915443420410156
-10.91374683380127
-10.910920143127441
-10.931214332580566
-10.909944534301758
-10.903446197509766
-10.91069221496582
-10.925886154174805
-10.91834831237793
-10.91945743560791
-10.90158462524414
-10.907827377319336
-10.905251502990723
-10.917115211486816
-10.926436424255371
-10.9371976852417
-10.91242504119873
-10.932611465454102
-10.926023483276367
-10.926896095275879
-10.929153442382812
-10.939565658569336
-10.923354148864746
-10.932628631591797
-10.92538070678711
-10.911492347717285
-10.911563873291016
-10.905943870544434
-10.916714668273926
-10.918766975402832
-10.94457721710205
-10.934216499328613
-10.942965507507324
-10.945586204528809
-10.930974960327148
-10.929069519042969
-10.9330472946167
-10.961418151855469
-10.954617500305176
-10.931901931762695
-10.955206871032715
-10.947946548461914
-10.950432777404785
-10.957765579223633
-10.967325210571289
-10.945880889892578
-10.921601295471191
-10.942246437072754
-10.929923057556152
-10.934528350830078
-10.897435188293457
-10.912740707397461
-10.916403770446777
-10.937455177307129
-10.969111442565918
-10.975120544433594
-10.946520805358887
-10.953052520751953
-10.936443328857422
-10.96456241607666
-10.9469633102417
-10.943438529968262
-10.935291290283203
-10.927885055541992
-10.934922218322754
-10.965319633483887
-10.952653884887695
-10.957611083984375
-10.974685668945312
-10.967381477355957
-10.971171379089355
-10.98290729522705
-10.982934951782227
-10.990360260009766
-10.971450805664062
-10.973995208740234
-10.969620704650879
-10.959975242614746
-10.930438995361328
-10.939655303955078
-10.950807571411133
-10.980902671813965
-10.97947883605957
-10.983131408691406
-10.982407569885254
-10.98455810546875
-10.968034744262695
-10.979994773864746
-10.982808113098145
-10.991588592529297
-10.986151695251465
-10.987030029296875
-10.974444389343262
-10.944786071777344
-10.916483879089355
-10.927959442138672
-10.97240924835205
-10.983145713806152
-10.99857234954834
-10.98636531829834
-10.994394302368164
-10.975187301635742
-10.974285125732422
-10.977187156677246
-10.958405494689941
-10.964069366455078
-10.97882080078125
-10.98983383178711
-11.001912117004395
-10.979375839233398
-10.975076675415039
-10.963008880615234
-10.983085632324219
-10.978788375854492
-10.973854064941406
-10.97559642791748
-10.986541748046875
-11.005237579345703
-10.959522247314453
-10.889189720153809
-10.907346725463867
-10.988468170166016
-11.010137557983398
-10.997719764709473
-10.941237449645996
-10.933372497558594
-10.970603942871094
-11.007227897644043
-11.016939163208008
-10.97548770904541
-10.914060592651367
-10.947598457336426
-10.992633819580078
-11.027494430541992
-11.021021842956543
-10.983494758605957
-10.976146697998047
-10.979507446289062
-11.001993179321289
-11.012372970581055
-11.003035545349121
-10.98857307434082
-10.972199440002441
-10.9857177734375
-11.013739585876465
-11.018966674804688
-11.03154468536377
-10.987150192260742
-10.980714797973633
-10.985528945922852
-10.995144844055176
-11.001575469970703
-11.028801918029785
-11.025858879089355
-11.032698631286621
-11.034870147705078
-11.028883934020996
-11.03085708618164
-11.016327857971191
-11.023175239562988
-11.02585220336914
-11.031203269958496
-11.03095817565918
-11.034585952758789
-11.028432846069336
-11.039612770080566
-11.04380989074707
-11.028249740600586
-11.012365341186523
-11.027116775512695
-11.006187438964844
-11.015878677368164
-11.018555641174316
-11.036775588989258
-11.046542167663574
-11.037675857543945
-11.031953811645508
-11.03333568572998
-11.044501304626465
-11.038793563842773
-11.04428768157959
-11.032421112060547
-11.043536186218262
-11.052353858947754
-11.042181015014648
-11.03442096710205
-11.038990020751953
-11.038617134094238
-11.036944389343262
-11.038474082946777
-11.045633316040039
-11.042015075683594
-11.043261528015137
-11.052958488464355
-11.050265312194824
-11.054040908813477
-11.049331665039062
-11.055116653442383
-11.046195983886719
-11.039395332336426
-11.056366920471191
-11.051179885864258
-11.047900199890137
-11.046255111694336
-11.050156593322754
-11.04140567779541
-11.024381637573242
-10.99247932434082
-10.99453353881836
-11.003521919250488
-11.022361755371094
-11.031942367553711
-11.052142143249512
-11.052352905273438
-11.052925109863281
-11.014812469482422
-10.986227035522461
-10.9558744430542
-11.005366325378418
-11.043001174926758
-11.056710243225098
-11.053675651550293
-11.054771423339844
-11.049880981445312
-11.063521385192871
-11.053120613098145
-11.053430557250977
-11.051127433776855
-11.054250717163086
-11.055122375488281
-11.060384750366211
-11.067562103271484
-11.05720329284668
-11.061519622802734
-11.065328598022461
-11.05834674835205
-11.053534507751465
-11.054323196411133
-11.053028106689453
-11.04858112335205
-11.043900489807129
-11.042013168334961
-11.049032211303711
-11.059488296508789
-11.054503440856934
-11.062749862670898
-11.055437088012695
-11.057574272155762
-11.064847946166992
-11.0660400390625
-11.060583114624023
-11.051609992980957
-11.032513618469238
-11.013516426086426
-11.009336471557617
-11.018292427062988
-11.040735244750977
-11.072772979736328
-11.069907188415527
-11.068035125732422
-11.070843696594238
-11.06793212890625
-11.065013885498047
-11.076240539550781
-11.078131675720215
-11.07658576965332
-11.073040962219238
-11.049805641174316
-11.023879051208496
-11.011063575744629
-11.003372192382812
-11.031270980834961
-11.047331809997559
-11.075898170471191
-11.071057319641113
-11.072332382202148
-11.080672264099121
-11.08226490020752
-11.081280708312988
-11.07735538482666
-11.076915740966797
-11.086297988891602
-11.071258544921875
-11.080525398254395
-11.081742286682129
-11.0835542678833
-11.074365615844727
-11.07741928100586
-11.082448959350586
-11.090461730957031
-11.090896606445312
-11.083365440368652
-11.075929641723633
-11.063606262207031
-11.077012062072754
-11.079146385192871
-11.068516731262207
-11.037249565124512
-11.04452896118164
-11.031238555908203
-11.043743133544922
-11.063580513000488
-11.068870544433594
-11.073587417602539
-11.08942985534668
-11.088204383850098
-11.08654499053955
-11.068803787231445
-11.051007270812988
-11.04591178894043
-11.062894821166992
-11.087990760803223
-11.097929000854492
-11.095437049865723
-11.089860916137695
-11.09555721282959
-11.097736358642578
-11.099514961242676
-11.087907791137695
-11.096030235290527
-11.092826843261719
-11.089984893798828
-11.068543434143066
-11.07958984375
-11.069595336914062
-11.085709571838379
-11.096212387084961
-11.097355842590332
-11.097502708435059
-11.10242748260498
-11.101689338684082
-11.102849960327148
-11.088991165161133
-11.095947265625
-11.091012001037598
-11.082130432128906
-11.08328914642334
-11.069870948791504
-11.049229621887207
-11.033529281616211
-11.055686950683594
-11.077873229980469
-11.10466480255127
-11.102149963378906
-11.110830307006836
-11.100175857543945
-11.110247611999512
-11.099863052368164
-11.075304985046387
-11.03288459777832
-11.024879455566406
-11.04156494140625
-11.101750373840332
-11.107699394226074
-11.075623512268066
-10.975363731384277
-10.992781639099121
-11.077167510986328
-11.111878395080566
-11.104608535766602
-11.080679893493652
-11.039822578430176
-11.019359588623047
-11.067571640014648
-11.119583129882812
-11.097168922424316
-11.030105590820312
-11.01025390625
-11.082627296447754
-11.115692138671875
-11.099550247192383
-11.03662395477295
-11.031561851501465
-11.081646919250488
-11.104546546936035
-11.119665145874023
-11.11375904083252
-11.0943603515625
-11.086441040039062
-11.101485252380371
-11.119190216064453
-11.119239807128906
-11.109418869018555
-11.108087539672852
-11.116772651672363
-11.121601104736328
-11.120320320129395
-11.123091697692871
-11.116292953491211
-11.132085800170898
-11.123722076416016
-11.132135391235352
-11.122320175170898
-11.129090309143066
-11.112159729003906
-11.114823341369629
-11.126900672912598
-11.123581886291504
-11.132331848144531
-11.136478424072266
-11.129730224609375
-11.133565902709961
-11.134542465209961
-11.133870124816895
-11.137036323547363
-11.128535270690918
-11.132189750671387
-11.127452850341797
-11.131491661071777
-11.129833221435547
-11.132428169250488
-11.120000839233398
-11.111231803894043
-11.105202674865723
-11.110187530517578
-11.107608795166016
-11.125896453857422
-11.129589080810547
-11.135859489440918
-11.134284019470215
-11.140135765075684
-11.141674041748047
-11.144970893859863
-11.141297340393066
-11.130712509155273
-11.119948387145996
-11.110920906066895
-11.109476089477539
-11.117103576660156
-11.115063667297363
-11.133914947509766
-11.14486026763916
-11.136012077331543
-11.143545150756836
-11.13784408569336
-11.134279251098633
-11.13593864440918
-11.128103256225586
-11.12578010559082
-11.123023986816406
-11.135247230529785
-11.147356033325195
-11.14667797088623
-11.144354820251465
-11.140523910522461
-11.145033836364746
-11.143588066101074
-11.141423225402832
-11.131421089172363
-11.112845420837402
-11.111237525939941
-11.11598014831543
-11.119303703308105
-11.131559371948242
-11.142916679382324
-11.138123512268066
-11.146248817443848
-11.115028381347656
-11.0994291305542
-11.104970932006836
-11.117339134216309
-11.133212089538574
-11.154204368591309
-11.154061317443848
-11.1449613571167
-11.152104377746582
-11.14162540435791
-11.123161315917969
-11.121772766113281
-11.120019912719727
-11.12440299987793
-11.116659164428711
-11.125648498535156
-11.109646797180176
-11.10023021697998
-11.097975730895996
-11.128951072692871
-11.154248237609863
-11.142248153686523
-11.136082649230957
-11.102437019348145
-11.113709449768066
-11.132278442382812
-11.153557777404785
-11.150644302368164
-11.12710189819336
-11.078832626342773
-11.064955711364746
-11.105648040771484
-11.143710136413574
-11.157946586608887
-11.14765739440918
-11.140728950500488
-11.128406524658203
-11.10747241973877
-11.110161781311035
-11.129817962646484
-11.157232284545898
-11.153766632080078
-11.1456880569458
-11.092385292053223
-11.088094711303711
-11.12086296081543
-11.151337623596191
-11.164998054504395
-11.12678337097168
-11.099081993103027
-11.10847282409668
-11.135934829711914
-11.151090621948242
-11.148914337158203
-11.119093894958496
-11.11336612701416
-11.120341300964355
-11.139297485351562
-11.156371116638184
-11.166281700134277
-11.142448425292969
-11.110857963562012
-11.119335174560547
-11.130412101745605
-11.149016380310059
-11.158400535583496
-11.162104606628418
-11.165072441101074
-11.164156913757324
-11.164935111999512
-11.164742469787598
-11.1613187789917
-11.168356895446777
-11.172794342041016
-11.156609535217285
-11.158869743347168
-11.163366317749023
-11.161517143249512
-11.163421630859375
-11.165909767150879
-11.155854225158691
-11.149609565734863
-11.15853500366211
-11.16035270690918
-11.15388298034668
-11.16154956817627
-11.163763999938965
-11.157183647155762
-11.157492637634277
-11.170246124267578
-11.173826217651367
-11.164352416992188
-11.163445472717285
-11.171109199523926
-11.168747901916504
-11.158832550048828
-11.160536766052246
-11.169365882873535
-11.17146110534668
-11.168745994567871
-11.146129608154297
-11.152436256408691
-11.14806079864502
-11.14872932434082
-11.165509223937988
-11.166838645935059
-11.171759605407715
-11.170919418334961
-11.17479419708252
-11.174298286437988
-11.170795440673828
-11.173909187316895
-11.17601490020752
-11.177067756652832
-11.175666809082031
-11.175162315368652
-11.182435989379883
-11.175643920898438
-11.177834510803223
-11.173027038574219
-11.17027759552002
-11.176138877868652
-11.168922424316406
-11.17152214050293
-11.177528381347656
-11.162001609802246
-11.170882225036621
-11.168079376220703
-11.170766830444336
-11.175970077514648
-11.172768592834473
-11.17675495147705
-11.15881061553955
-11.160599708557129
-11.159627914428711
-11.147539138793945
-11.151278495788574
-11.141228675842285
-11.138712882995605
-11.127602577209473
-11.144654273986816
-11.154012680053711
-11.17628002166748
-11.18152904510498
-11.17257308959961
-11.165839195251465
-11.140783309936523
-11.106739044189453
-11.103734970092773
-11.146268844604492
-11.17703914642334
-11.145292282104492
-11.112433433532715
-11.117409706115723
-11.142870903015137
-11.173521041870117
-11.183246612548828
-11.182878494262695
-11.170269966125488
-11.16425895690918
-11.157246589660645
-11.166142463684082
-11.167369842529297
-11.175336837768555
-11.188774108886719
-11.181330680847168
-11.187585830688477
-11.185994148254395
-11.185951232910156
-11.186927795410156
-11.184990882873535
-11.182174682617188
-11.177316665649414
-11.178622245788574
-11.178311347961426
-11.171225547790527
-11.158793449401855
-11.157925605773926
-11.177153587341309
-11.184408187866211
-11.182841300964355
-11.185378074645996
-11.17997932434082
-11.155941009521484
-11.168478965759277
-11.170591354370117
-11.177864074707031
-11.18354320526123
-11.191498756408691
-11.194165229797363
-11.182618141174316
-11.177852630615234
-11.141092300415039
-11.139312744140625
-11.14992618560791
-11.18100357055664
-11.189640045166016
-11.180680274963379
-11.141568183898926
-11.126882553100586
-11.158641815185547
-11.191034317016602
-11.19187068939209
-11.189424514770508
-11.184503555297852
-11.17544174194336
-11.173431396484375
-11.184052467346191
-11.186147689819336
-11.186643600463867
-11.197600364685059
-11.198515892028809
-11.19576358795166
-11.186023712158203
-11.166637420654297
-11.157401084899902
-11.167285919189453
-11.16197395324707
-11.155098915100098
-11.158413887023926
-11.180876731872559
-11.195843696594238
-11.190837860107422
-11.186323165893555
-11.171509742736816
-11.157111167907715
-11.140925407409668
-11.15066909790039
-11.178006172180176
-11.194571495056152
-11.187560081481934
-11.163490295410156
-11.154303550720215
-11.14456558227539
-11.158858299255371
-11.184263229370117
-11.2002534866333
-11.193045616149902
-11.170866012573242
-11.142606735229492
-11.160985946655273
-11.178983688354492
-11.198053359985352
-11.196477890014648
-11.176322937011719
-11.13359260559082
-11.125208854675293
-11.150299072265625
-11.188718795776367
-11.193428039550781
-11.170720100402832
-11.159012794494629
-11.14098072052002
-11.15534782409668
-11.187891960144043
-11.193395614624023
-11.18886947631836
-11.149255752563477
-11.105389595031738
-11.135963439941406
-11.183465957641602
-11.204028129577637
-11.20272159576416
-11.194533348083496
-11.200297355651855
-11.200071334838867
-11.201896667480469
-11.197197914123535
-11.200654029846191
-11.206583023071289
-11.207135200500488
-11.201193809509277
-11.197843551635742
-11.189706802368164
-11.186169624328613
-11.190645217895508
-11.19747257232666
-11.200594902038574
-11.198690414428711
-11.20427417755127
-11.206391334533691
-11.201961517333984
-11.202362060546875
-11.20015811920166
-11.198616027832031
-11.196968078613281
-11.201042175292969
-11.20809268951416
-11.204395294189453
-11.206158638000488
-11.207710266113281
-11.203791618347168
-11.201496124267578
-11.202153205871582
-11.207236289978027
-11.204543113708496
-11.199240684509277
-11.204856872558594
-11.212348937988281
-11.204461097717285
-11.208098411560059
-11.211600303649902
-11.205484390258789
-11.19532585144043
-11.195862770080566
-11.196853637695312
-11.202919960021973
-11.20260238647461
-11.209897994995117
-11.205283164978027
-11.20439338684082
-11.209643363952637
-11.196552276611328
-11.176130294799805
-11.179635047912598
-11.173895835876465
-11.182595252990723
-11.199101448059082
-11.213940620422363
-11.207210540771484
-11.197744369506836
-11.180917739868164
-11.161093711853027
-11.141974449157715
-11.143555641174316
-11.177958488464355
-11.19741153717041
-11.20998764038086
-11.210128784179688
-11.210798263549805
-11.209162712097168
-11.207876205444336
-11.213624954223633
-11.21554183959961
-11.213005065917969
-11.219902038574219
-11.210725784301758
-11.213546752929688
-11.208170890808105
-11.207016944885254
-11.21186637878418
-11.206972122192383
-11.2088623046875
-11.197383880615234
-11.207090377807617
-11.210664749145508
-11.21213150024414
-11.210735321044922
-11.210260391235352
-11.212634086608887
-11.212211608886719
-11.217731475830078
-11.211397171020508
-11.216248512268066
-11.213074684143066
-11.221423149108887
-11.217528343200684
-11.212076187133789
-11.217984199523926
-11.215187072753906
-11.212794303894043
-11.2186918258667
-11.222230911254883
-11.22196102142334
-11.21924877166748
-11.206924438476562
-11.210121154785156
-11.203734397888184
-11.197209358215332
-11.205817222595215
-11.196939468383789
-11.187633514404297
-11.185702323913574
-11.173750877380371
-11.177216529846191
-11.18648624420166
-11.203058242797852
-11.210558891296387
-11.21895980834961
-11.206843376159668
-11.17524528503418
-11.138906478881836
-11.146665573120117
-11.198433876037598
-11.213473320007324
-11.219198226928711
-11.209616661071777
-11.184467315673828
-11.180586814880371
-11.183059692382812
-11.197132110595703
-11.20356559753418
-11.19937801361084
-11.196680068969727
-11.201763153076172
-11.213046073913574
-11.206427574157715
-11.212654113769531
-11.21902847290039
-11.184102058410645
-11.134600639343262
-11.134116172790527
-11.176037788391113
-11.212854385375977
-11.21847152709961
-11.201108932495117
-11.206594467163086
-11.21287727355957
-11.20353889465332
-11.170851707458496
-11.179384231567383
-11.207499504089355
-11.222158432006836
-11.201227188110352
-11.133682250976562
-11.105463981628418
-11.165236473083496
-11.202980995178223
-11.21644401550293
-11.198729515075684
-11.172938346862793
-11.152327537536621
-11.172313690185547
-11.210155487060547
-11.220579147338867
-11.225968360900879
-11.216827392578125
-11.214941024780273
-11.204954147338867
-11.194068908691406
-11.21225643157959
-11.22281265258789
-11.217413902282715
-11.193102836608887
-11.186250686645508
-11.185023307800293
-11.195042610168457
-11.206558227539062
-11.225787162780762
-11.224929809570312
-11.217458724975586
-11.20273208618164
-11.178321838378906
-11.187216758728027
-11.216830253601074
-11.228856086730957
-11.220218658447266
-11.203782081604004
-11.19100570678711
-11.201889038085938
-11.220407485961914
-11.231200218200684
-11.224849700927734
-11.21871566772461
-11.210683822631836
-11.205411911010742
-11.209081649780273
-11.217958450317383
-11.222834587097168
-11.224164962768555
-11.225884437561035
-11.220866203308105
-11.209826469421387
-11.197440147399902
-11.20211410522461
-11.220711708068848
-11.224762916564941
-11.220287322998047
-11.194866180419922
-11.17081069946289
-11.190945625305176
-11.20760440826416
-11.22966194152832
-11.220991134643555
-11.19996166229248
-11.1863374710083
-11.178301811218262
-11.198262214660645
-11.21866512298584
-11.23060131072998
-11.232820510864258
-11.231036186218262
-11.215387344360352
-11.206869125366211
-11.21180248260498
-11.226175308227539
-11.231500625610352
-11.225671768188477
-11.226649284362793
-11.229896545410156
-11.230916976928711
-11.226360321044922
-11.22012710571289
-11.216651916503906
-11.206184387207031
-11.212450981140137
-11.215099334716797
-11.222411155700684
-11.234163284301758
-11.231308937072754
-11.227736473083496
-11.219619750976562
-11.207118034362793
-11.195858001708984
-11.201204299926758
-11.219460487365723
-11.235997200012207
-11.237591743469238
-11.232275009155273
-11.226311683654785
-11.219046592712402
-11.208938598632812
-11.201769828796387
-11.213098526000977
-11.223187446594238
-11.233642578125
-11.234354972839355
-11.219756126403809
-11.209046363830566
-11.185318946838379
-11.176813125610352
-11.185625076293945
-11.222784042358398
-11.229994773864746
-11.200187683105469
-11.159619331359863
-11.195528030395508
-11.229230880737305
-11.235997200012207
-11.220755577087402
-11.204985618591309
-11.19926643371582
-11.1854829788208
-11.187919616699219
-11.215457916259766
-11.232789993286133
-11.226505279541016
-11.198808670043945
-11.184465408325195
-11.200605392456055
-11.224696159362793
-11.233223915100098
-11.228541374206543
-11.201672554016113
-11.200515747070312
-11.214282989501953
-11.2212553024292
-11.224562644958496
-11.23318862915039
-11.232682228088379
-11.232613563537598
-11.235647201538086
-11.239426612854004
-11.236043930053711
-11.235198974609375
-11.24275016784668
-11.238326072692871
-11.240921020507812
-11.235727310180664
-11.235417366027832
-11.22936725616455
-11.232497215270996
-11.232124328613281
-11.240337371826172
-11.248294830322266
-11.2395601272583
-11.241887092590332
-11.23994255065918
-11.24000358581543
-11.237010955810547
-11.228293418884277
-11.231529235839844
-11.238117218017578
-11.240812301635742
-11.241124153137207
-11.244274139404297
-11.237862586975098
-11.241480827331543
-11.249775886535645
-11.240157127380371
-11.235185623168945
-11.241294860839844
-11.235989570617676
-11.240119934082031
-11.24278450012207
-11.24449348449707
-11.242072105407715
-11.241943359375
-11.246582984924316
-11.244128227233887
-11.240142822265625
-11.247233390808105
-11.245229721069336
-11.241843223571777
-11.242348670959473
-11.24043083190918
-11.241562843322754
-11.236024856567383
-11.235689163208008
-11.24294376373291
-11.242594718933105
-11.242389678955078
-11.244145393371582
-11.242971420288086
-11.242938995361328
-11.24800968170166
-11.247793197631836
-11.241386413574219
-11.244941711425781
-11.250777244567871
-11.2461576461792
-11.245150566101074
-11.24459171295166
-11.244836807250977
-11.24346923828125
-11.24349594116211
-11.242841720581055
-11.234945297241211
-11.232824325561523
-11.22745132446289
-11.226335525512695
-11.238893508911133
-11.245682716369629
-11.246992111206055
-11.24254035949707
-11.230012893676758
-11.216279029846191
-11.212041854858398
-11.205057144165039
-11.2122163772583
-11.211629867553711
-11.219032287597656
-11.22287654876709
-11.230423927307129
-11.239691734313965
-11.244933128356934
-11.238380432128906
-11.23030948638916
-11.216681480407715
-11.218082427978516
-11.236964225769043
-11.24603271484375
-11.246665954589844
-11.238393783569336
-11.233469009399414
-11.232769012451172
-11.218788146972656
-11.211748123168945
-11.209879875183105
-11.222874641418457
-11.231904983520508
-11.240195274353027
-11.250508308410645
-11.250406265258789
-11.252694129943848
-11.245771408081055
-11.246052742004395
-11.250677108764648
-11.244112968444824
-11.24535846710205
-11.242854118347168
-11.248119354248047
-11.248579978942871
-11.249563217163086
-11.242745399475098
-11.244430541992188
-11.241917610168457
-11.240805625915527
-11.237942695617676
-11.241256713867188
-11.234291076660156
-11.230363845825195
-11.236312866210938
-11.249170303344727
-11.241618156433105
-11.210679054260254
-11.174569129943848
-11.177424430847168
-11.210046768188477
-11.244105339050293
-11.253250122070312
-11.248883247375488
-11.234644889831543
-11.21223258972168
-11.176521301269531
-11.178833961486816
-11.224587440490723
-11.247694969177246
-11.23956298828125
-11.214251518249512
-11.199424743652344
-11.19257926940918
-11.217321395874023
-11.242998123168945
-11.248456954956055
-11.226987838745117
-11.210148811340332
-11.199333190917969
-11.232048988342285
-11.24860668182373
-11.234701156616211
-11.195879936218262
-11.178216934204102
-11.21377182006836
-11.24311637878418
-11.243896484375
-11.211579322814941
-11.175881385803223
-11.193172454833984
-11.227104187011719
-11.231815338134766
-11.237903594970703
-11.24810791015625
-11.2537202835083
-11.240164756774902
-11.229866027832031
-11.227519989013672
-11.215494155883789
-11.219890594482422
-11.238725662231445
-11.252833366394043
-11.250151634216309
-11.24819278717041
-11.239520072937012
-11.22424602508545
-11.214091300964355
-11.220667839050293
-11.24528694152832
-11.256950378417969
-11.238818168640137
-11.205289840698242
-11.191790580749512
-11.213337898254395
-11.234604835510254
-11.257923126220703
-11.251019477844238
-11.232141494750977
-11.192960739135742
-11.181548118591309
-11.222670555114746
-11.251282691955566
-11.243300437927246
-11.205361366271973
-11.199667930603027
-11.22024917602539
-11.244975090026855
-11.24795913696289
-11.238187789916992
-11.216667175292969
-11.214317321777344
-11.234732627868652
-11.255082130432129
-11.251224517822266
-11.247625350952148
-11.242749214172363
-11.247363090515137
-11.254171371459961
-11.259774208068848
-11.256562232971191
-11.24763011932373
-11.221379280090332
-11.214164733886719
-11.213028907775879
-11.231216430664062
-11.24833869934082
-11.250907897949219
-11.236627578735352
-11.223165512084961
-11.218427658081055
-11.217143058776855
-11.243699073791504
-11.253311157226562
-11.261223793029785
-11.24927043914795
-11.234941482543945
-11.220433235168457
-11.22577953338623
-11.239788055419922
-11.263598442077637
-11.241641998291016
-11.219011306762695
-11.207475662231445
-11.225208282470703
-11.245128631591797
-11.254524230957031
-11.256816864013672
-11.232260704040527
-11.218506813049316
-11.242056846618652
-11.252063751220703
-11.260720252990723
-11.245603561401367
-11.225576400756836
-11.22484016418457
-11.245915412902832
-11.263317108154297
-11.2616548538208
-11.255358695983887
-11.250100135803223
-11.255882263183594
-11.258997917175293
-11.257345199584961
-11.263510704040527
-11.260507583618164
-11.258254051208496
-11.261411666870117
-11.25926399230957
-11.262397766113281
-11.26073169708252
-11.26064682006836
-11.25937557220459
-11.257354736328125
-11.263349533081055
-11.264200210571289
-11.263708114624023
-11.262412071228027
-11.264069557189941
-11.26710033416748
-11.261605262756348
-11.262349128723145
-11.26284122467041
-11.265667915344238
-11.261457443237305
-11.264190673828125
-11.261661529541016
-11.261429786682129
-11.261329650878906
-11.253999710083008
-11.253308296203613
-11.258306503295898
-11.251629829406738
-11.258085250854492
-11.261271476745605
-11.260239601135254
-11.26103687286377
-11.261310577392578
-11.257246017456055
-11.259613037109375
-11.26184368133545
-11.260819435119629
-11.265098571777344
-11.261360168457031
-11.258529663085938
-11.254072189331055
-11.253426551818848
-11.25450611114502
-11.262184143066406
-11.265080451965332
-11.265110969543457
-11.261942863464355
-11.268898010253906
-11.262554168701172
-11.263062477111816
-11.263165473937988
-11.26168441772461
-11.258615493774414
-11.260560035705566
-11.261032104492188
-11.265792846679688
-11.264937400817871
-11.268193244934082
-11.267280578613281
-11.267434120178223
-11.262579917907715
-11.264267921447754
-11.270992279052734
-11.267179489135742
-11.267240524291992
-11.265352249145508
-11.268484115600586
-11.270618438720703
-11.264644622802734
-11.266469955444336
-11.268111228942871
-11.265534400939941
-11.261222839355469
-11.26081371307373
-11.251829147338867
-11.245749473571777
-11.235363960266113
-11.230406761169434
-11.22851276397705
-11.235747337341309
-11.245484352111816
-11.240389823913574
-11.226052284240723
-11.221442222595215
-11.241876602172852
-11.2666654586792
-11.260948181152344
-11.210289001464844
-11.173418998718262
-11.214237213134766
-11.255725860595703
-11.255047798156738
-11.253108978271484
-11.256994247436523
-11.258590698242188
-11.236108779907227
-11.19839096069336
-11.19725513458252
-11.225343704223633
-11.257566452026367
-11.263093948364258
-11.258764266967773
-11.228384017944336
-11.21165657043457
-11.19751262664795
-11.214550971984863
-11.231366157531738
-11.255925178527832
-11.257692337036133
-11.258509635925293
-11.263083457946777
-11.267276763916016
-11.261370658874512
-11.266024589538574
-11.251582145690918
-11.232182502746582
-11.223026275634766
-11.24189281463623
-11.260211944580078
-11.258784294128418
-11.237298965454102
-11.216363906860352
-11.244932174682617
-11.265132904052734
-11.267409324645996
-11.260303497314453
-11.232895851135254
-11.212346076965332
-11.213748931884766
-11.25611400604248
-11.269143104553223
-11.2428560256958
-11.211466789245605
-11.20170783996582
-11.238171577453613
-11.266566276550293
-11.260591506958008
-11.24371337890625
-11.235248565673828
-11.236512184143066
-11.25394058227539
-11.26836109161377
-11.263333320617676
-11.236681938171387
-11.22945499420166
-11.244912147521973
-11.26220417022705
-11.259444236755371
-11.254800796508789
-11.25163745880127
-11.257057189941406
-11.253424644470215
-11.240937232971191
-11.246683120727539
-11.261237144470215
-11.273009300231934
-11.265759468078613
-11.249730110168457
-11.20411491394043
-11.194320678710938
-11.229044914245605
-11.262259483337402
-11.265218734741211
-11.232635498046875
-11.210257530212402
-11.238799095153809
-11.268791198730469
-11.269500732421875
-11.254715919494629
-11.252171516418457
-11.26358413696289
-11.260862350463867
-11.252437591552734
-11.252202987670898
-11.255321502685547
-11.256389617919922
-11.259551048278809
-11.267884254455566
-11.269372940063477
-11.276141166687012
-11.270018577575684
-11.269882202148438
-11.271533012390137
-11.27564811706543
-11.271403312683105
-11.272370338439941
-11.267677307128906
-11.26657485961914
-11.269817352294922
-11.268546104431152
-11.272843360900879
-11.267998695373535
-11.273676872253418
-11.280949592590332
-11.27921199798584
-11.272412300109863
-11.263102531433105
-11.26525592803955
-11.279424667358398
-11.275997161865234
-11.269988059997559
-11.258771896362305
-11.247493743896484
-11.246230125427246
-11.26163387298584
-11.269854545593262
-11.2747220993042
-11.273492813110352
-11.268696784973145
-11.25996208190918
-11.264383316040039
-11.27365493774414
-11.27612590789795
-11.269583702087402
-11.251516342163086
-11.257277488708496
-11.266188621520996
-11.273064613342285
-11.262901306152344
-11.234553337097168
-11.223610877990723
-11.262088775634766
-11.274291038513184
-11.2689790725708
-11.244214057922363
-11.232572555541992
-11.248130798339844
-11.273698806762695
-11.248420715332031
-11.21259593963623
-11.197282791137695
-11.230376243591309
-11.268244743347168
-11.25562858581543
-11.246977806091309
-11.259600639343262
-11.262078285217285
-11.261734962463379
-11.264376640319824
-11.235978126525879
-11.193970680236816
-11.21689224243164
-11.263833999633789
-11.267632484436035
-11.223115921020508
-11.174824714660645
-11.223541259765625
-11.2671480178833
-11.23402214050293
-11.156246185302734
-11.199006080627441
-11.265405654907227
-11.261025428771973
-11.183572769165039
-11.1859130859375
-11.25924301147461
-11.256648063659668
-11.176379203796387
-11.1882963180542
-11.249420166015625
-11.262309074401855
-11.194170951843262
-11.193564414978027
-11.262430191040039
-11.244766235351562
-11.151202201843262
-11.21257209777832
-11.269599914550781
-11.220369338989258
-11.154243469238281
-11.22266960144043
-11.27064037322998
-11.24621868133545
-11.215853691101074
-11.235288619995117
-11.26577091217041
-11.256182670593262
-11.163134574890137
-11.156784057617188
-11.26245403289795
-11.240978240966797
-11.139126777648926
-11.185873985290527
-11.268716812133789
-11.23093032836914
-11.167731285095215
-11.231554985046387
-11.277040481567383
-11.250469207763672
-11.228232383728027
-11.25433349609375
-11.282173156738281
-11.272904396057129
-11.259069442749023
-11.262939453125
-11.276360511779785
-11.2755708694458
-11.26376724243164
-11.273028373718262
-11.283461570739746
-11.276674270629883
-11.278726577758789
-11.275216102600098
-11.27844524383545
-11.277771949768066
-11.279532432556152
-11.282641410827637
-11.28044605255127
-11.284120559692383
-11.286539077758789
-11.283282279968262
-11.277656555175781
-11.276878356933594
-11.280842781066895
-11.280688285827637
-11.280488014221191
-11.275619506835938
-11.277758598327637
-11.28076457977295
-11.282050132751465
-11.279685974121094
-11.282280921936035
-11.28191089630127
-11.283682823181152
-11.2838773727417
-11.281621932983398
-11.281526565551758
-11.277518272399902
-11.275571823120117
-11.280485153198242
-11.282415390014648
-11.27851390838623
-11.272607803344727
-11.274158477783203
-11.276300430297852
-11.281346321105957
-11.27989387512207
-11.278091430664062
-11.274353981018066
-11.281391143798828
-11.283989906311035
-11.28176212310791
-11.283855438232422
-11.277109146118164
-11.274198532104492
-11.278124809265137
-11.279683113098145
-11.282785415649414
-11.285225868225098
-11.282979965209961
-11.285346984863281
-11.286433219909668
-11.288476943969727
-11.283238410949707
-11.28331184387207
-11.28262710571289
-11.28451919555664
-11.282342910766602
-11.2862548828125
-11.285603523254395
-11.283236503601074
-11.283842086791992
-11.286771774291992
-11.286498069763184
-11.28298282623291
-11.287773132324219
-11.283963203430176
-11.286493301391602
-11.287352561950684
-11.282792091369629
-11.282715797424316
-11.285388946533203
-11.286288261413574
-11.283268928527832
-11.286026000976562
-11.287503242492676
-11.285006523132324
-11.281912803649902
-11.286653518676758
-11.282262802124023
-11.283403396606445
-11.282039642333984
-11.287491798400879
-11.28477954864502
-11.281221389770508
-11.283540725708008
-11.287629127502441
-11.283125877380371
-11.280023574829102
-11.284794807434082
-11.285910606384277
-11.286269187927246
-11.284817695617676
-11.287978172302246
-11.288243293762207
-11.288342475891113
-11.28923511505127
-11.2885103225708
-11.286850929260254
-11.284141540527344
-11.282676696777344
-11.28672981262207
-11.286031723022461
-11.288412094116211
-11.283708572387695
-11.287450790405273
-11.286755561828613
-11.288077354431152
-11.285845756530762
-11.28713321685791
-11.284585952758789
-11.282361030578613
-11.285879135131836
-11.288814544677734
-11.28748607635498
-11.291905403137207
-11.294075012207031
-11.288719177246094
-11.287611961364746
-11.290749549865723
-11.286502838134766
-11.288195610046387
-11.282526969909668
-11.291535377502441
-11.289782524108887
-11.287787437438965
-11.292625427246094
-11.288054466247559
-11.289664268493652
-11.283069610595703
-11.289773941040039
-11.288819313049316
-11.286056518554688
-11.287532806396484
-11.286186218261719
-11.289621353149414
-11.290581703186035
-11.291701316833496
-11.285325050354004
-11.283839225769043
-11.290894508361816
-11.290677070617676
-11.289999961853027
-11.291237831115723
-11.287127494812012
-11.288158416748047
-11.285399436950684
-11.29054069519043
-11.28840446472168
-11.283902168273926
-11.290406227111816
-11.28821086883545
-11.2877779006958
-11.289701461791992
-11.28857707977295
-11.288643836975098
-11.290874481201172
-11.287026405334473
-11.289549827575684
-11.290212631225586
-11.290605545043945
-11.291313171386719
-11.287273406982422
-11.291369438171387
-11.287965774536133
-11.287548065185547
-11.283205032348633
-11.286376953125
-11.284026145935059
-11.286003112792969
-11.289305686950684
-11.291752815246582
-11.291109085083008
-11.29017162322998
-11.288957595825195
-11.29078197479248
-11.2875394821167
-11.291452407836914
-11.288407325744629
-11.290833473205566
-11.289323806762695
-11.288711547851562
-11.289383888244629
-11.291910171508789
-11.29351806640625
-11.29057502746582
-11.288859367370605
-11.290739059448242
-11.287642478942871
-11.290419578552246
-11.289262771606445
-11.28628158569336
-11.290044784545898
-11.289012908935547
-11.288537979125977
-11.285151481628418
-11.283769607543945
-11.279314041137695
-11.271985054016113
-11.25090503692627
-11.24848747253418
-11.25985050201416
-11.265313148498535
-11.271051406860352
-11.276192665100098
-11.290079116821289
-11.282919883728027
-11.244949340820312
-11.209077835083008
-11.189236640930176
-11.224663734436035
-11.263948440551758
-11.283596992492676
-11.285980224609375
-11.286334991455078
-11.29099178314209
-11.2935152053833
-11.282479286193848
-11.258342742919922
-11.232916831970215
-11.210601806640625
-11.241022109985352
-11.270814895629883
-11.283310890197754
-11.285045623779297
-11.286724090576172
-11.291547775268555
-11.291693687438965
-11.294076919555664
-11.291617393493652
-11.295051574707031
-11.293537139892578
-11.29182243347168
-11.292020797729492
-11.292699813842773
-11.289080619812012
-11.284669876098633
-11.278590202331543
-11.274833679199219
-11.257366180419922
-11.258421897888184
-11.258562088012695
-11.27664852142334
-11.281220436096191
-11.28858757019043
-11.295991897583008
-11.289873123168945
-11.272579193115234
-11.263521194458008
-11.25613021850586
-11.266629219055176
-11.278122901916504
-11.283853530883789
-11.2951021194458
-11.291427612304688
-11.28640079498291
-11.266234397888184
-11.245388984680176
-11.230589866638184
-11.210622787475586
-11.253809928894043
-11.28736400604248
-11.280708312988281
-11.26175308227539
-11.247550964355469
-11.260087013244629
-11.283130645751953
-11.29262924194336
-11.293789863586426
-11.289199829101562
-11.28359603881836
-11.284623146057129
-11.28148365020752
-11.279664993286133
-11.279768943786621
-11.268126487731934
-11.262669563293457
-11.262555122375488
-11.27003002166748
-11.2711763381958
-11.270586013793945
-11.272899627685547
-11.290575981140137
-11.288723945617676
-11.295915603637695
-11.299476623535156
-11.288447380065918
-11.289910316467285
-11.2838716506958
-11.27133846282959
-11.26129150390625
-11.273133277893066
-11.271750450134277
-11.2783203125
-11.284558296203613
-11.294248580932617
-11.268747329711914
-11.231185913085938
-11.225955963134766
-11.260470390319824
-11.293174743652344
-11.290993690490723
-11.274868965148926
-11.24889087677002
-11.23143196105957
-11.240825653076172
-11.266343116760254
-11.285540580749512
-11.294833183288574
-11.288127899169922
-11.274824142456055
-11.265083312988281
-11.256556510925293
-11.26916217803955
-11.286725044250488
-11.29615306854248
-11.29150390625
-11.291523933410645
-11.291985511779785
-11.29970645904541
-11.29764461517334
-11.289106369018555
-11.292768478393555
-11.275815963745117
-11.25220012664795
-11.241247177124023
-11.255653381347656
-11.282358169555664
-11.293346405029297
-11.293371200561523
-11.28480052947998
-11.276773452758789
-11.26500129699707
-11.263705253601074
-11.273367881774902
-11.276266098022461
-11.272748947143555
-11.280029296875
-11.285901069641113
-11.290359497070312
-11.291990280151367
-11.286859512329102
-11.286857604980469
-11.271288871765137
-11.270977973937988
-11.282832145690918
-11.289708137512207
-11.299439430236816
-11.296868324279785
-11.292682647705078
-11.281875610351562
-11.275967597961426
-11.261795043945312
-11.263583183288574
-11.27678108215332
-11.29348373413086
-11.296380996704102
-11.280914306640625
-11.2440185546875
-11.212889671325684
-11.226205825805664
-11.263008117675781
-11.292969703674316
-11.285944938659668
-11.253898620605469
-11.22526741027832
-11.21597671508789
-11.208483695983887
-11.229737281799316
-11.264766693115234
-11.263017654418945
-11.254255294799805
-11.272275924682617
-11.284184455871582
-11.274499893188477
-11.27602767944336
-11.273238182067871
-11.278984069824219
-11.286910057067871
-11.291753768920898
-11.294963836669922
-11.280800819396973
-11.246442794799805
-11.239550590515137
-11.271624565124512
-11.290498733520508
-11.29738998413086
-11.290400505065918
-11.288187980651855
-11.288300514221191
-11.294394493103027
-11.291650772094727
-11.29515266418457
-11.2948637008667
-11.299276351928711
-11.295910835266113
-11.294960975646973
-11.295374870300293
-11.293766975402832
-11.292582511901855
-11.293612480163574
-11.293880462646484
-11.29179573059082
-11.296035766601562
-11.297876358032227
-11.299420356750488
-11.299320220947266
-11.295976638793945
-11.297890663146973
-11.29366683959961
-11.297821998596191
-11.300446510314941
-11.30080509185791
-11.3010835647583
-11.301877975463867
-11.297246932983398
-11.29332447052002
-11.294246673583984
-11.296002388000488
-11.301321983337402
-11.301011085510254
-11.300590515136719
-11.301438331604004
-11.297392845153809
-11.298131942749023
-11.294047355651855
-11.289034843444824
-11.292919158935547
-11.294634819030762
-11.293018341064453
-11.29597282409668
-11.298924446105957
-11.3043851852417
-11.295536994934082
-11.28803539276123
-11.276158332824707
-11.271918296813965
-11.28093147277832
-11.288980484008789
-11.301708221435547
-11.305672645568848
-11.298019409179688
-11.299115180969238
-11.299877166748047
-11.29991626739502
-11.302153587341309
-11.303467750549316
-11.29734992980957
-11.300630569458008
-11.303255081176758
-11.302714347839355
-11.303413391113281
-11.301227569580078
-11.30245590209961
-11.300915718078613
-11.303716659545898
-11.296934127807617
-11.302959442138672
-11.29924488067627
-11.28019905090332
-11.265570640563965
-11.257070541381836
-11.27093505859375
-11.285478591918945
-11.296127319335938
-11.300369262695312
-11.300355911254883
-11.294021606445312
-11.290966033935547
-11.287657737731934
-11.288224220275879
-11.283929824829102
-11.279058456420898
-11.276342391967773
-11.277149200439453
-11.288138389587402
-11.28981876373291
-11.301132202148438
-11.303082466125488
-11.303019523620605
-11.298425674438477
-11.291633605957031
-11.282347679138184
-11.278377532958984
-11.277979850769043
-11.27675724029541
-11.284276008605957
-11.288409233093262
-11.302066802978516
-11.30334186553955
-11.295193672180176
-11.29485034942627
-11.293760299682617
-11.288434982299805
-11.283857345581055
-11.27629566192627
-11.279019355773926
-11.279508590698242
-11.279924392700195
-11.282423973083496
-11.287662506103516
-11.29389476776123
-11.298788070678711
-11.30323314666748
-11.303421020507812
-11.305339813232422
-11.300375938415527
-11.303532600402832
-11.299675941467285
-11.299922943115234
-11.287702560424805
-11.287253379821777
-11.278729438781738
-11.282601356506348
-11.288615226745605
-11.289358139038086
-11.288129806518555
-11.300309181213379
-11.30323600769043
-11.300386428833008
-11.301892280578613
-11.305091857910156
-11.301849365234375
-11.30469799041748
-11.307397842407227
-11.30482006072998
-11.304505348205566
-11.301106452941895
-11.298636436462402
-11.291519165039062
-11.297649383544922
-11.29641342163086
-11.30240249633789
-11.305792808532715
-11.302248001098633
-11.30086898803711
-11.30294132232666
-11.30161190032959
-11.302379608154297
-11.302499771118164
-11.308258056640625
-11.304533004760742
-11.303803443908691
-11.297988891601562
-11.287142753601074
-11.266815185546875
-11.257753372192383
-11.268213272094727
-11.281883239746094
-11.298540115356445
-11.300605773925781
-11.300535202026367
-11.295663833618164
-11.286320686340332
-11.276042938232422
-11.275382995605469
-11.277496337890625
-11.279744148254395
-11.291390419006348
-11.292713165283203
-11.30234146118164
-11.307282447814941
-11.305594444274902
-11.30106258392334
-11.300641059875488
-11.306136131286621
-11.30101490020752
-11.30273151397705
-11.300278663635254
-11.292908668518066
-11.286871910095215
-11.288212776184082
-11.28366470336914
-11.284195899963379
-11.288422584533691
-11.29162883758545
-11.296218872070312
-11.300043106079102
-11.304482460021973
-11.305658340454102
-11.296481132507324
-11.28895092010498
-11.280104637145996
-11.270378112792969
-11.279561996459961
-11.284575462341309
-11.28785228729248
-11.289910316467285
-11.292305946350098
-11.287344932556152
-11.290628433227539
-11.298720359802246
-11.301355361938477
-11.3053560256958
-11.300942420959473
-11.274222373962402
-11.233083724975586
-11.226856231689453
-11.256629943847656
-11.291581153869629
-11.306031227111816
-11.303031921386719
-11.291990280151367
-11.276137351989746
-11.263494491577148
-11.266671180725098
-11.289695739746094
-11.300617218017578
-11.301458358764648
-11.299802780151367
-11.296760559082031
-11.29535961151123
-11.28824520111084
-11.287357330322266
-11.286704063415527
-11.296923637390137
-11.301037788391113
-11.31068229675293
-11.307171821594238
-11.300127029418945
-11.28138542175293
-11.271560668945312
-11.270406723022461
-11.29172134399414
-11.306684494018555
-11.304603576660156
-11.28304386138916
-11.260062217712402
-11.243409156799316
-11.267766952514648
-11.295917510986328
-11.30463695526123
-11.306400299072266
-11.301263809204102
-11.290914535522461
-11.259481430053711
-11.249479293823242
-11.260229110717773
-11.284846305847168
-11.30210018157959
-11.305858612060547
-11.30362319946289
-11.295230865478516
-11.287178993225098
-11.282617568969727
-11.286368370056152
-11.279193878173828
-11.291483879089355
-11.29991626739502
-11.298843383789062
-11.273122787475586
-11.251139640808105
-11.261238098144531
-11.289244651794434
-11.308277130126953
-11.30529499053955
-11.295804023742676
-11.310317993164062
-11.30463981628418
-11.288671493530273
-11.266719818115234
-11.263203620910645
-11.273595809936523
-11.27436637878418
-11.285409927368164
-11.293123245239258
-11.294896125793457
-11.302140235900879
-11.303842544555664
-11.297062873840332
-11.27843952178955
-11.286120414733887
-11.301176071166992
-11.305139541625977
-11.293116569519043
-11.270594596862793
-11.260632514953613
-11.258071899414062
-11.27847671508789
-11.294235229492188
-11.304247856140137
-11.305273056030273
-11.301568031311035
-11.30649185180664
-11.311607360839844
-11.305374145507812
-11.304201126098633
-11.307000160217285
-11.307387351989746
-11.304414749145508
-11.304861068725586
-11.307185173034668
-11.307985305786133
-11.310344696044922
-11.307948112487793
-11.30694580078125
-11.301682472229004
-11.286898612976074
-11.272287368774414
-11.260126113891602
-11.278554916381836
-11.297433853149414
-11.298107147216797
-11.30210018157959
-11.304120063781738
-11.310709953308105
-11.30881118774414
-11.305935859680176
-11.302729606628418
-11.299501419067383
-11.304436683654785
-11.306715965270996
-11.306446075439453
-11.308755874633789
-11.308173179626465
-11.304351806640625
-11.300337791442871
-11.296147346496582
-11.296137809753418
-11.303342819213867
-11.306870460510254
-11.308525085449219
-11.31106948852539
-11.303929328918457
-11.298428535461426
-11.310859680175781
-11.313669204711914
-11.310864448547363
-11.30203914642334
-11.276394844055176
-11.26156234741211
-11.26335620880127
-11.2760009765625
-11.296913146972656
-11.305129051208496
-11.310593605041504
-11.30463981628418
-11.292252540588379
-11.284326553344727
-11.280986785888672
-11.270447731018066
-11.263956069946289
-11.269172668457031
-11.2879056930542
-11.30693531036377
-11.311598777770996
-11.306224822998047
-11.302749633789062
-11.290230751037598
-11.28140640258789
-11.277962684631348
-11.28463077545166
-11.289501190185547
-11.296488761901855
-11.307487487792969
-11.31074047088623
-11.303384780883789
-11.291106224060059
-11.274991989135742
-11.267609596252441
-11.28764820098877
-11.308510780334473
-11.307585716247559
-11.281457901000977
-11.27047348022461
-11.280158042907715
-11.305912971496582
-11.307221412658691
-11.285846710205078
-11.261205673217773
-11.234044075012207
-11.23937702178955
-11.272441864013672
-11.301761627197266
-11.306570053100586
-11.292745590209961
-11.27918529510498
-11.27791690826416
-11.284607887268066
-11.292585372924805
-11.307764053344727
-11.310958862304688
-11.300771713256836
-11.296015739440918
-11.304747581481934
-11.310487747192383
-11.308818817138672
-11.306212425231934
-11.288883209228516
-11.275347709655762
-11.279991149902344
-11.289886474609375
-11.301041603088379
-11.306208610534668
-11.30936050415039
-11.29588794708252
-11.270071983337402
-11.269061088562012
-11.278244972229004
-11.302070617675781
-11.312500953674316
-11.313380241394043
-11.306777954101562
-11.290482521057129
-11.283661842346191
-11.287928581237793
-11.294970512390137
-11.30597972869873
-11.309240341186523
-11.309388160705566
-11.31098461151123
-11.314440727233887
-11.31024169921875
-11.313632011413574
-11.31104850769043
-11.31167221069336
-11.310463905334473
-11.312997817993164
-11.315634727478027
-11.313426971435547
-11.316388130187988
-11.31181526184082
-11.313064575195312
-11.314550399780273
-11.312701225280762
-11.31289291381836
-11.314637184143066
-11.312787055969238
-11.308173179626465
-11.311707496643066
-11.312405586242676
-11.31273078918457
-11.312289237976074
-11.313345909118652
-11.309146881103516
-11.307317733764648
-11.310953140258789
-11.314603805541992
-11.312653541564941
-11.311594009399414
-11.313896179199219
-11.31578254699707
-11.312761306762695
-11.312176704406738
-11.314187049865723
-11.312333106994629
-11.308756828308105
-11.307323455810547
-11.30702018737793
-11.296628952026367
-11.286407470703125
-11.294085502624512
-11.30358600616455
-11.312573432922363
-11.31832218170166
-11.317278861999512
-11.307901382446289
-11.303869247436523
-11.297868728637695
-11.296192169189453
-11.30007553100586
-11.309282302856445
-11.312522888183594
-11.31621265411377
-11.313453674316406
-11.313682556152344
-11.311559677124023
-11.305705070495605
-11.298035621643066
-11.293046951293945
-11.290095329284668
-11.287711143493652
-11.287689208984375
-11.28934383392334
-11.30016803741455
-11.309576988220215
-11.312131881713867
-11.317476272583008
-11.31423568725586
-11.311388969421387
-11.302260398864746
-11.277496337890625
-11.257452964782715
-11.246638298034668
-11.281055450439453
-11.305310249328613
-11.300299644470215
-11.258225440979004
-11.239097595214844
-11.266369819641113
-11.301911354064941
-11.270670890808105
-11.207606315612793
-11.215906143188477
-11.271169662475586
-11.302751541137695
-11.221847534179688
-11.085429191589355
-11.190136909484863
-11.289639472961426
-11.261037826538086
-11.201573371887207
-11.202119827270508
-11.26662826538086
-11.310415267944336
-11.310067176818848
-11.304256439208984
-11.303889274597168
-11.300697326660156
-11.293478965759277
-11.264594078063965
-11.2688570022583
-11.304258346557617
-11.314151763916016
-11.299657821655273
-11.260560989379883
-11.251562118530273
-11.282302856445312
-11.30379867553711
-11.286774635314941
-11.232133865356445
-11.216185569763184
-11.280348777770996
-11.309769630432129
-11.29576587677002
-11.239776611328125
-11.215554237365723
-11.261964797973633
-11.292978286743164
-11.309806823730469
-11.310822486877441
-11.306949615478516
-11.312583923339844
-11.305957794189453
-11.30577564239502
-11.308242797851562
-11.316487312316895
-11.314830780029297
-11.308820724487305
-11.296829223632812
-11.286304473876953
-11.290180206298828
-11.30905532836914
-11.313404083251953
-11.309256553649902
-11.301715850830078
-11.303942680358887
-11.313823699951172
-11.317595481872559
-11.310994148254395
-11.304057121276855
-11.301112174987793
-11.308761596679688
-11.316251754760742
-11.316261291503906
-11.313786506652832
-11.312933921813965
-11.312018394470215
-11.316969871520996
-11.315540313720703
-11.31932544708252
-11.315875053405762
-11.31624698638916
-11.314369201660156
-11.311455726623535
-11.313922882080078
-11.319031715393066
-11.320403099060059
-11.316722869873047
-11.316048622131348
-11.31441879272461
-11.316837310791016
-11.318293571472168
-11.317595481872559
-11.316908836364746
-11.315115928649902
-11.314648628234863
-11.316429138183594
-11.318692207336426
-11.316092491149902
-11.318696022033691
-11.318894386291504
-11.316226959228516
-11.317831039428711
-11.316422462463379
-11.319043159484863
-11.319096565246582
-11.315079689025879
-11.318350791931152
-11.317793846130371
-11.317610740661621
-11.31827163696289
-11.316176414489746
-11.317377090454102
-11.32072639465332
-11.314918518066406
-11.314347267150879
-11.316108703613281
-11.316390991210938
-11.319160461425781
-11.317750930786133
-11.31905460357666
-11.32081413269043
-11.317584037780762
-11.31883716583252
-11.322386741638184
-11.322366714477539
-11.320623397827148
-11.316919326782227
-11.318699836730957
-11.316637992858887
-11.317902565002441
-11.319626808166504
