loss_u
-4.442401885986328
-4.239466190338135
-4.247470855712891
-4.256031036376953
-4.131597995758057
-4.259756565093994
-4.188050270080566
-4.222969055175781
-4.339480400085449
-4.330037593841553
-4.333273887634277
-4.239729881286621
-4.489327430725098
-4.53394079208374
-4.526505947113037
-4.284027099609375
-4.43339729309082
-4.35965633392334
-4.322033405303955
-4.472333908081055
-4.558512210845947
-4.434206008911133
-4.53580379486084
-4.471122741699219
-4.353245735168457
-4.557999610900879
-4.557343006134033
-4.507364749908447
-4.631930828094482
-4.596447944641113
-4.562719821929932
-4.572647571563721
-4.507906436920166
-4.542128086090088
-4.709708213806152
-4.616332054138184
-4.743588924407959
-4.895503997802734
-4.768534183502197
-4.855859756469727
-4.6503753662109375
-4.766885757446289
-4.6989030838012695
-4.602564811706543
-4.7791361808776855
-4.782914638519287
-4.706027030944824
-4.737903594970703
-4.905880928039551
-4.6516432762146
-5.051845550537109
-4.740859031677246
-5.018046855926514
-4.9610981941223145
-4.936954498291016
-4.892857074737549
-4.868181228637695
-5.0521345138549805
-4.817044258117676
-4.963450908660889
-4.983360767364502
-4.736369609832764
-4.945084095001221
-4.932259559631348
-4.978616237640381
-5.077605247497559
-4.906838893890381
-4.891802787780762
-5.06256628036499
-5.127456188201904
-4.941523551940918
-5.146205425262451
-5.203860282897949
-5.02382230758667
-5.018526077270508
-5.241705894470215
-5.064606189727783
-5.0450029373168945
-5.328001976013184
-5.08180046081543
-5.160796642303467
-5.050940990447998
-5.234521389007568
-5.233567714691162
-5.272845268249512
-5.305081844329834
-5.39181661605835
-5.377175331115723
-5.375381946563721
-5.288668155670166
-5.336598873138428
-5.479917049407959
-5.39417839050293
-5.553825378417969
-5.615490913391113
-5.422561168670654
-5.524958610534668
-5.563073635101318
-5.663717269897461
-5.88757848739624
-5.552694797515869
-5.789637088775635
-5.932130813598633
-6.062140941619873
-5.879640579223633
-5.97405481338501
-5.870915412902832
-5.961194038391113
-5.944049835205078
-5.994112491607666
-6.213343620300293
-6.190761566162109
-6.289220809936523
-6.263314723968506
-6.317648410797119
-6.319540023803711
-6.370912551879883
-6.3966264724731445
-6.3909592628479
-6.443763256072998
-6.470498561859131
-6.530994892120361
-6.487051010131836
-6.467620372772217
-6.549441814422607
-6.550134181976318
-6.582999229431152
-6.580667018890381
-6.57464075088501
-6.575351715087891
-6.604587078094482
-6.604947566986084
-6.618855953216553
-6.618407249450684
-6.628903865814209
-6.63148832321167
-6.644318103790283
-6.681654453277588
-6.66361665725708
-6.680169105529785
-6.693271160125732
-6.702641010284424
-6.744945049285889
-6.729602813720703
-6.715014934539795
-6.787299156188965
-6.788327693939209
-6.782436370849609
-6.793149948120117
-6.84493350982666
-6.853527545928955
-6.862091541290283
-6.837109565734863
-6.898155689239502
-6.955559730529785
-7.002654552459717
-6.959555625915527
-7.0389580726623535
-7.0897345542907715
-7.0639142990112305
-7.0581583976745605
-7.154112815856934
-7.16015625
-7.302061557769775
-7.395969390869141
-7.369067192077637
-7.478309154510498
-7.564850807189941
-7.6491312980651855
-7.545758247375488
-7.696030139923096
-7.744299411773682
-7.953815460205078
-7.829896926879883
-8.0293550491333
-8.167157173156738
-7.9405999183654785
-8.11795711517334
-8.038986206054688
-8.082379341125488
-8.134176254272461
-8.187466621398926
-8.304259300231934
-8.156207084655762
-8.289177894592285
-8.239638328552246
-8.257896423339844
-8.321329116821289
-8.284049034118652
-8.387472152709961
-8.351207733154297
-8.454032897949219
-8.520329475402832
-8.424971580505371
-8.388764381408691
-8.412023544311523
-8.551535606384277
-8.48067569732666
-8.551114082336426
-8.594404220581055
-8.477267265319824
-8.611433029174805
-8.585540771484375
-8.523174285888672
-8.561691284179688
-8.648138046264648
-8.781229019165039
-8.723064422607422
-8.697590827941895
-8.733716011047363
-8.839863777160645
-8.745532989501953
-8.886354446411133
-8.74118709564209
-8.780526161193848
-8.85927963256836
-8.948119163513184
-8.948333740234375
-8.871943473815918
-8.955733299255371
-8.911127090454102
-9.00895881652832
-8.930448532104492
-8.997257232666016
-9.095428466796875
-8.968266487121582
-8.957387924194336
-9.10700798034668
-9.109395980834961
-9.03193473815918
-9.113086700439453
-9.284798622131348
-9.203512191772461
-9.17065715789795
-9.213586807250977
-9.236175537109375
-9.190195083618164
-9.181746482849121
-9.259634971618652
-9.244673728942871
-9.131860733032227
-9.285399436950684
-9.264586448669434
-9.213565826416016
-9.336008071899414
-9.371686935424805
-9.35190200805664
-9.338091850280762
-9.369492530822754
-9.34106159210205
-9.42364501953125
-9.280082702636719
-9.452433586120605
-9.377093315124512
-9.444790840148926
-9.5175199508667
-9.3186674118042
-9.557056427001953
-9.266968727111816
-9.642486572265625
-9.284611701965332
-9.69957447052002
-9.466209411621094
-9.58713436126709
-9.664874076843262
-9.367728233337402
-9.694005966186523
-9.300028800964355
-9.441559791564941
-9.50952434539795
-9.547737121582031
-9.619440078735352
-9.63658332824707
-9.589618682861328
-9.581055641174316
-9.671407699584961
-9.627182960510254
-9.825329780578613
-9.681425094604492
-9.795257568359375
-9.813106536865234
-9.775880813598633
-9.950098037719727
-9.836559295654297
-9.945029258728027
-9.913431167602539
-9.878368377685547
-9.945883750915527
-9.975536346435547
-10.003939628601074
-9.95165729522705
-10.049588203430176
-10.015925407409668
-10.076215744018555
-10.078651428222656
-10.034846305847168
-10.048446655273438
-10.108391761779785
-10.039072036743164
-10.09464168548584
-10.075464248657227
-10.169511795043945
-10.10345458984375
-10.039796829223633
-10.09516429901123
-10.083917617797852
-10.156967163085938
-10.101980209350586
-10.201736450195312
-10.192989349365234
-10.21146011352539
-10.144715309143066
-10.145674705505371
-10.218205451965332
-10.207209587097168
-10.09996509552002
-10.252498626708984
-10.21617317199707
-10.091629981994629
-10.162992477416992
-10.256141662597656
-10.099760055541992
-10.287805557250977
-10.338749885559082
-10.25011920928955
-10.32880973815918
-10.29373836517334
-10.259834289550781
-10.167536735534668
-10.308319091796875
-10.363086700439453
-10.30256175994873
-10.280970573425293
-10.355799674987793
-10.338080406188965
-10.372479438781738
-10.380489349365234
-10.335334777832031
-10.347098350524902
-10.336448669433594
-10.412775039672852
-10.400585174560547
-10.394834518432617
-10.383650779724121
-10.375335693359375
-10.3483247756958
-10.377775192260742
-10.438905715942383
-10.387213706970215
-10.415947914123535
-10.408907890319824
-10.391473770141602
-10.458876609802246
-10.458823204040527
-10.453908920288086
-10.471501350402832
-10.424983978271484
-10.44336986541748
-10.462976455688477
-10.481781005859375
-10.484518051147461
-10.454038619995117
-10.494527816772461
-10.47668743133545
-10.519659996032715
-10.455100059509277
-10.480079650878906
-10.389398574829102
-10.396458625793457
-10.477811813354492
-10.488370895385742
-10.52985954284668
-10.492229461669922
-10.428336143493652
-10.484971046447754
-10.517631530761719
-10.489814758300781
-10.532926559448242
-10.51308536529541
-10.510843276977539
-10.519867897033691
-10.534316062927246
-10.519512176513672
-10.515409469604492
-10.548008918762207
-10.5585355758667
-10.576781272888184
-10.538065910339355
-10.47603988647461
-10.457066535949707
-10.529141426086426
-10.572831153869629
-10.594449996948242
-10.556272506713867
-10.498634338378906
-10.525918960571289
-10.53913688659668
-10.553386688232422
-10.587989807128906
-10.567876815795898
-10.543984413146973
-10.58543586730957
-10.547748565673828
-10.530418395996094
-10.485664367675781
-10.454427719116211
-10.47213077545166
-10.570664405822754
-10.50687313079834
-10.334527015686035
-10.575597763061523
-10.603618621826172
-10.440661430358887
-10.423490524291992
-10.57244873046875
-10.561281204223633
-10.427614212036133
-10.527318954467773
-10.630207061767578
-10.617183685302734
-10.573980331420898
-10.558307647705078
-10.563432693481445
-10.587356567382812
-10.637914657592773
-10.613895416259766
-10.555242538452148
-10.552321434020996
-10.565460205078125
-10.65727424621582
-10.61780071258545
-10.561786651611328
-10.590401649475098
-10.687695503234863
-10.60704517364502
-10.637834548950195
-10.651206970214844
-10.631865501403809
-10.660514831542969
-10.6332368850708
-10.626874923706055
-10.657995223999023
-10.69114875793457
-10.687124252319336
-10.639945983886719
-10.635539054870605
-10.667046546936035
-10.675610542297363
-10.676275253295898
-10.685860633850098
-10.698890686035156
-10.688697814941406
-10.693778991699219
-10.69997501373291
-10.695099830627441
-10.732617378234863
-10.680595397949219
-10.72187614440918
-10.72240161895752
-10.715108871459961
-10.683919906616211
-10.69943618774414
-10.678836822509766
-10.67859172821045
-10.663610458374023
-10.688447952270508
-10.656936645507812
-10.662562370300293
-10.698728561401367
-10.734003067016602
-10.689498901367188
-10.627927780151367
-10.657299995422363
-10.696002960205078
-10.757889747619629
-10.679149627685547
-10.691184997558594
-10.601326942443848
-10.666849136352539
-10.7383394241333
-10.713118553161621
-10.647847175598145
-10.598334312438965
-10.739850044250488
-10.742921829223633
-10.723411560058594
-10.73479175567627
-10.705692291259766
-10.76732063293457
-10.705018043518066
-10.673810005187988
-10.703743934631348
-10.730998992919922
-10.722034454345703
-10.696499824523926
-10.64840316772461
-10.692665100097656
-10.754072189331055
-10.755350112915039
-10.725825309753418
-10.658565521240234
-10.678912162780762
-10.727071762084961
-10.74117660522461
-10.688899993896484
-10.69990348815918
-10.656953811645508
-10.708097457885742
-10.766541481018066
-10.739375114440918
-10.63840389251709
-10.676785469055176
-10.785147666931152
-10.75640869140625
-10.637053489685059
-10.71495532989502
-10.786362648010254
-10.664825439453125
-10.581230163574219
-10.740384101867676
-10.759087562561035
-10.62357234954834
-10.75059986114502
-10.778803825378418
-10.700519561767578
-10.711666107177734
-10.771294593811035
-10.803207397460938
-10.764513969421387
-10.763218879699707
-10.765653610229492
-10.802055358886719
-10.7764253616333
-10.790318489074707
-10.700640678405762
-10.781143188476562
-10.795737266540527
-10.811995506286621
-10.7921142578125
-10.718795776367188
-10.76826000213623
-10.845113754272461
-10.784614562988281
-10.760808944702148
-10.739079475402832
-10.795164108276367
-10.83690071105957
-10.807472229003906
-10.768105506896973
-10.791050910949707
-10.798747062683105
-10.816554069519043
-10.797001838684082
-10.808799743652344
-10.823559761047363
-10.81421184539795
-10.84047794342041
-10.76382827758789
-10.78138542175293
-10.850799560546875
-10.818438529968262
-10.837011337280273
-10.83525276184082
-10.878725051879883
-10.811054229736328
-10.869532585144043
-10.825162887573242
-10.860087394714355
-10.83622932434082
-10.810279846191406
-10.837964057922363
-10.791882514953613
-10.848323822021484
-10.838262557983398
-10.846907615661621
-10.856283187866211
-10.846795082092285
-10.864765167236328
-10.871893882751465
-10.870532035827637
-10.827425003051758
-10.842411994934082
-10.85303783416748
-10.809074401855469
-10.851749420166016
-10.851439476013184
-10.861894607543945
-10.85043716430664
-10.87132740020752
-10.845962524414062
-10.86470890045166
-10.840221405029297
-10.847453117370605
-10.8416166305542
-10.829124450683594
-10.86616039276123
-10.894121170043945
-10.874753952026367
-10.85482406616211
-10.902263641357422
-10.885075569152832
-10.85647201538086
-10.864063262939453
-10.808723449707031
-10.736207008361816
-10.816100120544434
-10.866433143615723
-10.893223762512207
-10.867117881774902
-10.86689567565918
-10.728731155395508
-10.78761100769043
-10.868988990783691
-10.897337913513184
-10.84762954711914
-10.79401683807373
-10.829718589782715
-10.854113578796387
-10.873281478881836
-10.838310241699219
-10.78424072265625
-10.821711540222168
-10.839057922363281
-10.892135620117188
-10.828932762145996
-10.762012481689453
-10.825904846191406
-10.894006729125977
-10.898061752319336
-10.890771865844727
-10.85958480834961
-10.854772567749023
-10.852975845336914
-10.89333438873291
-10.877504348754883
-10.865097045898438
-10.805171966552734
-10.895729064941406
-10.883111953735352
-10.831742286682129
-10.734001159667969
-10.850931167602539
-10.876348495483398
-10.91347885131836
-10.837867736816406
-10.79354476928711
-10.78561782836914
-10.893548965454102
-10.897537231445312
-10.929075241088867
-10.898580551147461
-10.880234718322754
-10.898231506347656
-10.906936645507812
-10.898392677307129
-10.906137466430664
-10.934693336486816
-10.904519081115723
-10.907190322875977
-10.908841133117676
-10.889135360717773
-10.879194259643555
-10.909043312072754
-10.940793991088867
-10.888136863708496
-10.899914741516113
-10.918533325195312
-10.886096000671387
-10.929022789001465
-10.94209098815918
-10.941061019897461
-10.898638725280762
-10.930158615112305
-10.886948585510254
-10.85240364074707
-10.868247985839844
-10.915812492370605
-10.932371139526367
-10.917365074157715
-10.906360626220703
-10.857275009155273
-10.894472122192383
-10.90621280670166
-10.960794448852539
-10.91207504272461
-10.931204795837402
-10.904326438903809
-10.89703369140625
-10.869831085205078
-10.84733772277832
-10.892956733703613
-10.92182445526123
-10.944108009338379
-10.930676460266113
-10.940254211425781
-10.931008338928223
-10.955804824829102
-10.89530086517334
-10.87612247467041
-10.915644645690918
-10.921416282653809
-10.950996398925781
-10.96811294555664
-10.929793357849121
-10.927977561950684
-10.876160621643066
-10.880780220031738
-10.925952911376953
-10.938873291015625
-10.926053047180176
-10.95895767211914
-10.964856147766113
-10.93730640411377
-10.88243293762207
-10.9157075881958
-10.914804458618164
-10.943327903747559
-10.964384078979492
-10.933794021606445
-10.96379280090332
-10.976509094238281
-10.970010757446289
-10.935735702514648
-10.89825439453125
-10.863236427307129
-10.904620170593262
-10.97153377532959
-10.962281227111816
-10.960143089294434
-10.955215454101562
-10.940974235534668
-10.927679061889648
-10.981781959533691
-10.984319686889648
-10.938984870910645
-10.921122550964355
-10.904595375061035
-10.940906524658203
-10.95399284362793
-10.935946464538574
-10.976811408996582
-10.965097427368164
-10.945491790771484
-10.935898780822754
-10.941424369812012
-10.891799926757812
-10.915103912353516
-10.91970157623291
-10.959421157836914
-10.970458984375
-11.005008697509766
-10.987214088439941
-10.971124649047852
-10.941303253173828
-10.931608200073242
-10.925655364990234
-10.938407897949219
-10.962743759155273
-10.984090805053711
-11.014098167419434
-10.992146492004395
-10.996346473693848
-10.995514869689941
-10.992881774902344
-11.01959228515625
-10.98268985748291
-10.961421012878418
-10.97034740447998
-10.95945930480957
-10.969955444335938
-10.927445411682129
-10.944308280944824
-10.954300880432129
-10.965429306030273
-10.99907112121582
-10.969985008239746
-10.99357795715332
-10.978109359741211
-10.967767715454102
-10.966176986694336
-10.923097610473633
-10.854538917541504
-10.866230010986328
-10.936518669128418
-10.998422622680664
-11.011720657348633
-10.966646194458008
-10.978233337402344
-10.9599027633667
-10.956511497497559
-10.989096641540527
-10.955406188964844
-10.937521934509277
-10.947990417480469
-10.94261646270752
-10.997761726379395
-10.989643096923828
-10.982970237731934
-10.98143196105957
-11.026785850524902
-11.005864143371582
-10.970331192016602
-10.9332857131958
-10.992583274841309
-11.01987361907959
-10.98363208770752
-10.986139297485352
-10.96531867980957
-10.927318572998047
-10.969136238098145
-11.011275291442871
-11.029908180236816
-10.987605094909668
-10.935431480407715
-10.918915748596191
-10.911396980285645
-11.021739959716797
-10.991933822631836
-10.968131065368652
-10.947420120239258
-10.9503755569458
-10.917908668518066
-10.960249900817871
-10.99164867401123
-11.00959587097168
-10.975855827331543
-10.911933898925781
-10.89870548248291
-10.942673683166504
-11.015746116638184
-11.017215728759766
-11.035594940185547
-11.02621841430664
-10.994840621948242
-10.997590065002441
-10.993408203125
-11.027017593383789
-11.005989074707031
-11.044801712036133
-11.030488014221191
-10.99919605255127
-11.025845527648926
-11.022418975830078
-11.045202255249023
-11.036504745483398
-11.027730941772461
-11.048914909362793
-10.999407768249512
-11.015483856201172
-11.031442642211914
-11.038963317871094
-11.026952743530273
-10.99534797668457
-10.966440200805664
-10.94780445098877
-10.965131759643555
-10.970062255859375
-11.016217231750488
-11.027122497558594
-11.02842903137207
-11.02108383178711
-11.033178329467773
-11.016846656799316
-10.951251983642578
-10.920584678649902
-10.932978630065918
-10.98367691040039
-11.011783599853516
-11.000862121582031
-10.937759399414062
-10.846681594848633
-10.934712409973145
-10.998408317565918
-10.994096755981445
-10.937224388122559
-10.910700798034668
-10.9780855178833
-11.03171157836914
-11.005476951599121
-10.91785717010498
-10.853922843933105
-10.985526084899902
-11.028726577758789
-10.997330665588379
-10.934199333190918
-10.920636177062988
-10.97468376159668
-11.025964736938477
-11.028236389160156
-11.033795356750488
-10.991761207580566
-10.916481971740723
-10.958906173706055
-11.006093978881836
-11.023937225341797
-11.0496187210083
-11.021784782409668
-10.990623474121094
-10.976604461669922
-11.012593269348145
-11.055832862854004
-11.053975105285645
-11.039944648742676
-11.020630836486816
-11.025365829467773
-11.025847434997559
-11.028656005859375
-11.011662483215332
-11.051915168762207
-11.029417991638184
-11.044801712036133
-11.045077323913574
-11.001897811889648
-11.04367733001709
-11.052766799926758
-11.057557106018066
-11.068634986877441
-11.033966064453125
-11.049345970153809
-11.055587768554688
-11.058858871459961
-11.062260627746582
-11.064593315124512
-11.06046199798584
-11.028227806091309
-11.054417610168457
-11.056622505187988
-11.060848236083984
-11.071235656738281
-11.061796188354492
-11.028329849243164
-11.032854080200195
-11.023642539978027
-10.979628562927246
-10.988356590270996
-10.992624282836914
-11.030861854553223
-11.055940628051758
-11.072966575622559
-11.049493789672852
-11.069589614868164
-11.06043815612793
-11.056962966918945
-11.054614067077637
-11.028311729431152
-11.004254341125488
-10.973074913024902
-10.990316390991211
-11.04666805267334
-11.078178405761719
-11.046271324157715
-11.013144493103027
-10.901911735534668
-10.970827102661133
-11.029489517211914
-11.058149337768555
-10.969779014587402
-10.924331665039062
-10.95836067199707
-11.039569854736328
-11.047075271606445
-11.049956321716309
-10.959683418273926
-10.948820114135742
-11.021810531616211
-11.05631160736084
-11.073217391967773
-11.046679496765137
-11.015641212463379
-10.972936630249023
-11.002784729003906
-11.068364143371582
-11.083354949951172
-11.031759262084961
-10.994171142578125
-10.905981063842773
-11.000984191894531
-11.047792434692383
-11.060408592224121
-10.946547508239746
-10.898178100585938
-11.04482650756836
-11.070878028869629
-10.947466850280762
-10.958894729614258
-11.0477876663208
-11.091721534729004
-11.039083480834961
-10.985088348388672
-11.037090301513672
-11.094511032104492
-11.062967300415039
-11.058566093444824
-11.02294635772705
-11.029656410217285
-11.071699142456055
-11.083113670349121
-11.084161758422852
-11.0568265914917
-11.062612533569336
-11.048712730407715
-11.063846588134766
-11.088726043701172
-11.0796480178833
-11.091439247131348
-11.077751159667969
-11.036445617675781
-11.013204574584961
-11.061293601989746
-11.073787689208984
-11.036267280578613
-11.032082557678223
-11.021598815917969
-11.027414321899414
-11.060630798339844
-11.07287883758545
-11.037633895874023
-11.005539894104004
-11.057523727416992
-11.085074424743652
-11.068902969360352
-11.075855255126953
-11.070266723632812
-11.042707443237305
-11.049408912658691
-11.065261840820312
-11.100632667541504
-11.091017723083496
-11.082386016845703
-11.063039779663086
-11.056554794311523
-11.080658912658691
-11.073836326599121
-11.090780258178711
-11.11343002319336
-11.103528022766113
-11.113699913024902
-11.113226890563965
-11.080700874328613
-11.062643051147461
-11.025594711303711
-11.038590431213379
-11.072122573852539
-11.077739715576172
-11.0929536819458
-11.114215850830078
-11.098429679870605
-11.082658767700195
-11.100993156433105
-11.077210426330566
-11.072564125061035
-11.055909156799316
-11.045392990112305
-11.055171012878418
-11.069000244140625
-11.082483291625977
-11.105419158935547
-11.11970329284668
-11.0999174118042
-11.114798545837402
-11.110299110412598
-11.081829071044922
-11.106724739074707
-11.091923713684082
-11.084342002868652
-11.065938949584961
-11.01438045501709
-11.064948081970215
-11.091238975524902
-11.123787879943848
-11.08714485168457
-11.065446853637695
-10.965021133422852
-11.020359992980957
-11.083069801330566
-11.127128601074219
-11.118002891540527
-11.123472213745117
-11.09750747680664
-11.03972339630127
-11.016863822937012
-11.047765731811523
-11.093428611755371
-11.112065315246582
-11.110734939575195
-11.054427146911621
-11.013982772827148
-11.086999893188477
-11.106515884399414
-11.08832836151123
-11.029666900634766
-11.057263374328613
-11.08047866821289
-11.121583938598633
-11.136807441711426
-11.093671798706055
-11.12657642364502
-11.095909118652344
-11.10462474822998
-11.026555061340332
-11.023473739624023
-11.054369926452637
-11.103117942810059
-11.124753952026367
-11.10789680480957
-11.08178424835205
-11.09050464630127
-11.123270988464355
-11.10406494140625
-11.140286445617676
-11.128427505493164
-11.134663581848145
-11.109304428100586
-11.130521774291992
-11.133831977844238
-11.13868522644043
-11.138666152954102
-11.074271202087402
-11.096189498901367
-11.073447227478027
-11.105287551879883
-11.108232498168945
-11.123147010803223
-11.12609577178955
-11.111915588378906
-11.10681438446045
-11.10465145111084
-11.122871398925781
-11.110483169555664
-11.133441925048828
-11.125787734985352
-11.129962921142578
-11.127608299255371
-11.137197494506836
-11.119096755981445
-11.105165481567383
-11.091695785522461
-11.11367416381836
-11.109870910644531
-11.097458839416504
-11.113587379455566
-11.063936233520508
-11.058319091796875
-11.098791122436523
-11.105646133422852
-11.108593940734863
-11.139915466308594
-11.145554542541504
-11.127704620361328
-11.125073432922363
-11.067179679870605
-11.051916122436523
-11.056975364685059
-11.10730266571045
-11.139508247375488
-11.134799003601074
-11.117925643920898
-11.093353271484375
-11.076772689819336
-11.084004402160645
-11.134282112121582
-11.121798515319824
-11.141297340393066
-11.15105152130127
-11.1259183883667
-11.129961967468262
-11.123956680297852
-11.121562957763672
-11.106436729431152
-11.133131980895996
-11.133159637451172
-11.138461112976074
-11.134448051452637
-11.168017387390137
-11.14989185333252
-11.12778091430664
-11.122781753540039
-11.090194702148438
-11.06803035736084
-11.066579818725586
-11.097412109375
-11.093421936035156
-11.115615844726562
-11.107998847961426
-11.153775215148926
-11.147889137268066
-11.119296073913574
-11.110219955444336
-11.128804206848145
-11.136935234069824
-11.117692947387695
-11.127342224121094
-11.10360050201416
-11.129858016967773
-11.115644454956055
-11.148967742919922
-11.160640716552734
-11.113907814025879
-11.135640144348145
-11.150814056396484
-11.14353084564209
-11.14820384979248
-11.13353443145752
-11.151841163635254
-11.144777297973633
-11.13625717163086
-11.139830589294434
-11.129181861877441
-11.113993644714355
-11.106324195861816
-11.096349716186523
-11.121089935302734
-11.125810623168945
-11.156302452087402
-11.14338207244873
-11.12291145324707
-11.123310089111328
-11.114428520202637
-11.12055778503418
-11.109688758850098
-11.109045028686523
-11.104021072387695
-11.109633445739746
-11.140960693359375
-11.163729667663574
-11.15876293182373
-11.16934871673584
-11.136642456054688
-11.13547420501709
-11.134873390197754
-11.134357452392578
-11.135416030883789
-11.143392562866211
-11.149923324584961
-11.147729873657227
-11.137581825256348
-11.114828109741211
-11.14152717590332
-11.110929489135742
-11.138891220092773
-11.141532897949219
-11.135272026062012
-11.141353607177734
-11.16931438446045
-11.166760444641113
-11.1388521194458
-11.157241821289062
-11.138016700744629
-11.090978622436523
-11.073074340820312
-11.080473899841309
-11.132231712341309
-11.151994705200195
-11.164993286132812
-11.144927978515625
-11.136490821838379
-11.089200019836426
-11.05119514465332
-11.102071762084961
-11.095232009887695
-11.09518814086914
-11.106701850891113
-11.150514602661133
-11.165209770202637
-11.162810325622559
-11.088943481445312
-11.059820175170898
-11.10132884979248
-11.159398078918457
-11.172615051269531
-11.16130542755127
-11.157061576843262
-11.189489364624023
-11.169412612915039
-11.174749374389648
-11.17556095123291
-11.167198181152344
-11.138428688049316
-11.17005729675293
-11.167648315429688
-11.177164077758789
-11.130197525024414
-11.161787986755371
-11.150177955627441
-11.158247947692871
-11.15076732635498
-11.157541275024414
-11.128274917602539
-11.120646476745605
-11.130412101745605
-11.140432357788086
-11.171573638916016
-11.1822509765625
-11.172550201416016
-11.155730247497559
-11.149675369262695
-11.128973960876465
-11.115004539489746
-11.113908767700195
-11.139650344848633
-11.160584449768066
-11.162960052490234
-11.18028736114502
-11.168278694152832
-11.176070213317871
-11.182522773742676
-11.1802396774292
-11.175942420959473
-11.18577766418457
-11.172220230102539
-11.161725997924805
-11.157626152038574
-11.161763191223145
-11.140595436096191
-11.144901275634766
-11.112287521362305
-11.147374153137207
-11.16824722290039
-11.180270195007324
-11.175057411193848
-11.139387130737305
-11.116972923278809
-11.091322898864746
-11.043278694152832
-11.119301795959473
-11.152997016906738
-11.177992820739746
-11.191020965576172
-11.188804626464844
-11.163095474243164
-11.161991119384766
-11.142402648925781
-11.14773941040039
-11.118091583251953
-11.104806900024414
-11.13327407836914
-11.165881156921387
-11.174567222595215
-11.16988468170166
-11.119693756103516
-11.006392478942871
-11.067374229431152
-11.166569709777832
-11.153844833374023
-11.029934883117676
-11.04853630065918
-11.154902458190918
-11.179232597351074
-11.07358455657959
-11.018980026245117
-11.11723518371582
-11.158578872680664
-11.132818222045898
-10.950533866882324
-11.028526306152344
-11.17715835571289
-11.11843204498291
-11.027815818786621
-11.088146209716797
-11.174009323120117
-11.189811706542969
-11.127341270446777
-11.092826843261719
-11.133705139160156
-11.176766395568848
-11.16556167602539
-11.133564949035645
-11.090896606445312
-11.139179229736328
-11.176854133605957
-11.195175170898438
-11.167280197143555
-11.121769905090332
-11.103920936584473
-11.142277717590332
-11.19117259979248
-11.189030647277832
-11.16861629486084
-11.131677627563477
-11.137798309326172
-11.157268524169922
-11.178768157958984
-11.180060386657715
-11.122610092163086
-11.098114967346191
-11.143698692321777
-11.176995277404785
-11.196609497070312
-11.195725440979004
-11.158727645874023
-11.181204795837402
-11.185535430908203
-11.199929237365723
-11.20368480682373
-11.18366527557373
-11.185089111328125
-11.192378044128418
-11.188557624816895
-11.198338508605957
-11.196128845214844
-11.1879301071167
-11.206326484680176
-11.198156356811523
-11.191627502441406
-11.202829360961914
-11.192949295043945
-11.19028377532959
-11.198596954345703
-11.209733963012695
-11.187188148498535
-11.187790870666504
-11.170173645019531
-11.173171997070312
-11.155526161193848
-11.183490753173828
-11.173471450805664
-11.199934959411621
-11.191972732543945
-11.183586120605469
-11.209920883178711
-11.198101043701172
-11.188470840454102
-11.21780776977539
-11.202424049377441
-11.217354774475098
-11.196410179138184
-11.21607780456543
-11.186245918273926
-11.1439208984375
-11.14657211303711
-11.16187858581543
-11.1948881149292
-11.190977096557617
-11.21946907043457
-11.209930419921875
-11.201419830322266
-11.179450035095215
-11.179085731506348
-11.133612632751465
-11.151894569396973
-11.169921875
-11.19882869720459
-11.187551498413086
-11.135976791381836
-11.10567855834961
-11.100420951843262
-11.162609100341797
-11.207219123840332
-11.204568862915039
-11.205373764038086
-11.181217193603516
-11.151744842529297
-11.122770309448242
-11.139490127563477
-11.174760818481445
-11.22005558013916
-11.204877853393555
-11.157108306884766
-11.131625175476074
-11.11275863647461
-11.179874420166016
-11.202263832092285
-11.204012870788574
-11.197434425354004
-11.16176986694336
-11.142085075378418
-11.164488792419434
-11.193288803100586
-11.201473236083984
-11.212539672851562
-11.202528953552246
-11.19422721862793
-11.196023941040039
-11.187365531921387
-11.187516212463379
-11.19621467590332
-11.19518756866455
-11.207079887390137
-11.22236156463623
-11.19522476196289
-11.202380180358887
-11.20249080657959
-11.215058326721191
-11.219202041625977
-11.190576553344727
-11.196587562561035
-11.172430038452148
-11.172784805297852
-11.178443908691406
-11.18358325958252
-11.186546325683594
-11.209697723388672
-11.213509559631348
-11.220647811889648
-11.212160110473633
-11.204237937927246
-11.21112060546875
-11.20572280883789
-11.16834545135498
-11.172492027282715
-11.171452522277832
-11.191808700561523
-11.175383567810059
-11.207792282104492
-11.1891450881958
-11.149231910705566
-11.133942604064941
-11.175684928894043
-11.197898864746094
-11.21094799041748
-11.201743125915527
-11.219470024108887
-11.207951545715332
-11.204800605773926
-11.192085266113281
-11.203217506408691
-11.192543983459473
-11.193755149841309
-11.200847625732422
-11.20228099822998
-11.170557975769043
-11.173722267150879
-11.18084716796875
-11.2128267288208
-11.22136402130127
-11.207647323608398
-11.209754943847656
-11.226598739624023
-11.20069694519043
-11.219708442687988
-11.209696769714355
-11.18899917602539
-11.18294620513916
-11.173966407775879
-11.191557884216309
-11.203490257263184
-11.211974143981934
-11.217636108398438
-11.232131004333496
-11.224631309509277
-11.226284980773926
-11.220329284667969
-11.211017608642578
-11.19068717956543
-11.217634201049805
-11.215448379516602
-11.212570190429688
-11.185639381408691
-11.147125244140625
-11.124741554260254
-11.144847869873047
-11.168957710266113
-11.208540916442871
-11.203109741210938
-11.192289352416992
-11.135480880737305
-11.107142448425293
-11.12964916229248
-11.209467887878418
-11.222997665405273
-11.219783782958984
-11.188810348510742
-11.151597023010254
-11.164538383483887
-11.168025970458984
-11.216217994689941
-11.241447448730469
-11.231405258178711
-11.225876808166504
-11.209251403808594
-11.216424942016602
-11.227027893066406
-11.210115432739258
-11.215932846069336
-11.216983795166016
-11.235818862915039
-11.220308303833008
-11.223601341247559
-11.221705436706543
-11.200277328491211
-11.164743423461914
-11.137118339538574
-11.208612442016602
-11.221145629882812
-11.238489151000977
-11.208558082580566
-11.110575675964355
-11.106592178344727
-11.166169166564941
-11.238516807556152
-11.155924797058105
-11.013516426086426
-11.156275749206543
-11.227238655090332
-11.190523147583008
-11.07975959777832
-11.07094669342041
-11.18267822265625
-11.260461807250977
-11.12026309967041
-11.024231910705566
-11.189496040344238
-11.222525596618652
-11.137787818908691
-11.028346061706543
-11.151845932006836
-11.211075782775879
-11.10937786102295
-11.073838233947754
-11.173062324523926
-11.21293830871582
-11.166687965393066
-11.097085952758789
-11.179739952087402
-11.225197792053223
-11.187899589538574
-11.12865924835205
-11.179386138916016
-11.227812767028809
-11.248745918273926
-11.217781066894531
-11.218552589416504
-11.21115493774414
-11.2327299118042
-11.225761413574219
-11.210884094238281
-11.203203201293945
-11.185587882995605
-11.228178024291992
-11.227532386779785
-11.226377487182617
-11.221430778503418
-11.224533081054688
-11.23253059387207
-11.241155624389648
-11.239093780517578
-11.23951244354248
-11.240180015563965
-11.239234924316406
-11.252942085266113
-11.235896110534668
-11.243699073791504
-11.240026473999023
-11.245368957519531
-11.232478141784668
-11.246153831481934
-11.227193832397461
-11.193079948425293
-11.178849220275879
-11.211061477661133
-11.21129322052002
-11.245990753173828
-11.2373628616333
-11.22041130065918
-11.230185508728027
-11.221405982971191
-11.224275588989258
-11.228177070617676
-11.223134994506836
-11.222450256347656
-11.233894348144531
-11.21413803100586
-11.220325469970703
-11.220091819763184
-11.210721015930176
-11.217486381530762
-11.221480369567871
-11.242372512817383
-11.245792388916016
-11.242561340332031
-11.234219551086426
-11.219514846801758
-11.234175682067871
-11.19803237915039
-11.182157516479492
-11.19255256652832
-11.239740371704102
-11.250853538513184
-11.244731903076172
-11.243583679199219
-11.193203926086426
-11.197892189025879
-11.193994522094727
-11.21308422088623
-11.226820945739746
-11.222286224365234
-11.221027374267578
-11.199921607971191
-11.174138069152832
-11.1620512008667
-11.212919235229492
-11.235087394714355
-11.237627029418945
-11.210687637329102
-11.17670726776123
-11.171981811523438
-11.203930854797363
-11.230457305908203
-11.234142303466797
-11.244199752807617
-11.210066795349121
-11.215770721435547
-11.214685440063477
-11.193382263183594
-11.215802192687988
-11.242097854614258
-11.220090866088867
-11.245718955993652
-11.257843017578125
-11.240496635437012
-11.216979026794434
-11.243148803710938
-11.239726066589355
-11.26606273651123
-11.254098892211914
-11.242572784423828
-11.229106903076172
-11.22844123840332
-11.192526817321777
-11.20885181427002
-11.21563720703125
-11.246798515319824
-11.248892784118652
-11.230300903320312
-11.224996566772461
-11.23426628112793
-11.255130767822266
-11.258523941040039
-11.229992866516113
-11.197297096252441
-11.188578605651855
-11.188725471496582
-11.212376594543457
-11.244196891784668
-11.266075134277344
-11.248185157775879
-11.246257781982422
-11.238564491271973
-11.235300064086914
-11.227701187133789
-11.236922264099121
-11.249905586242676
-11.253593444824219
-11.242372512817383
-11.259004592895508
-11.249536514282227
-11.247150421142578
-11.250123977661133
-11.210423469543457
-11.239947319030762
-11.242262840270996
-11.231221199035645
-11.244839668273926
-11.249324798583984
-11.25387954711914
-11.247342109680176
-11.247493743896484
-11.251914978027344
-11.246040344238281
-11.23784351348877
-11.23256778717041
-11.228045463562012
-11.23065185546875
-11.212291717529297
-11.17673110961914
-11.185811042785645
-11.217219352722168
-11.233159065246582
-11.256088256835938
-11.255419731140137
-11.255897521972656
-11.231844902038574
-11.248700141906738
-11.260034561157227
-11.264702796936035
-11.246110916137695
-11.243924140930176
-11.23460865020752
-11.180378913879395
-11.161843299865723
-11.173142433166504
-11.222277641296387
-11.25394344329834
-11.24581241607666
-11.24853515625
-11.221943855285645
-11.232463836669922
-11.23157787322998
-11.24547290802002
-11.240880012512207
-11.237528800964355
-11.247724533081055
-11.238625526428223
-11.241998672485352
-11.250560760498047
-11.25520133972168
-11.26555347442627
-11.260396957397461
-11.241942405700684
-11.242589950561523
-11.234050750732422
-11.240917205810547
-11.24121379852295
-11.252761840820312
-11.262001991271973
-11.258970260620117
-11.244977951049805
-11.262757301330566
-11.254799842834473
-11.25611400604248
-11.256644248962402
-11.261737823486328
-11.261506080627441
-11.247982025146484
-11.2381010055542
-11.240901947021484
-11.210803985595703
-11.206561088562012
-11.193161964416504
-11.210201263427734
-11.23866081237793
-11.258101463317871
-11.256804466247559
-11.26716136932373
-11.257079124450684
-11.241883277893066
-11.249593734741211
-11.215235710144043
-11.177827835083008
-11.17404842376709
-11.226507186889648
-11.239358901977539
-11.249115943908691
-11.265440940856934
-11.257689476013184
-11.26330280303955
-11.278493881225586
-11.247690200805664
-11.227331161499023
-11.210043907165527
-11.180147171020508
-11.19214153289795
-11.207669258117676
-11.253578186035156
-11.261594772338867
-11.247135162353516
-11.260732650756836
-11.240791320800781
-11.23416519165039
-11.211224555969238
-11.17200756072998
-11.180042266845703
-11.209588050842285
-11.228623390197754
-11.243058204650879
-11.26438045501709
-11.260581970214844
-11.273999214172363
-11.25417423248291
-11.231419563293457
-11.206321716308594
-11.219688415527344
-11.233877182006836
-11.248966217041016
-11.2777681350708
-11.253791809082031
-11.251821517944336
-11.228681564331055
-11.21932601928711
-11.210512161254883
-11.216004371643066
-11.231083869934082
-11.247218132019043
-11.263679504394531
-11.262298583984375
-11.248729705810547
-11.27011775970459
-11.262548446655273
-11.265654563903809
-11.26209831237793
-11.272847175598145
-11.276206970214844
-11.270164489746094
-11.279047966003418
-11.263614654541016
-11.270623207092285
-11.26846694946289
-11.274194717407227
-11.282620429992676
-11.275904655456543
-11.280285835266113
-11.265650749206543
-11.260414123535156
-11.263337135314941
-11.252819061279297
-11.264705657958984
-11.258919715881348
-11.27892017364502
-11.253835678100586
-11.266565322875977
-11.270530700683594
-11.278738021850586
-11.269305229187012
-11.22372055053711
-11.16804313659668
-11.154507637023926
-11.217872619628906
-11.242283821105957
-11.269418716430664
-11.267253875732422
-11.262131690979004
-11.26402473449707
-11.262166976928711
-11.276070594787598
-11.274178504943848
-11.275373458862305
-11.275886535644531
-11.271397590637207
-11.253684997558594
-11.236668586730957
-11.196087837219238
-11.157798767089844
-11.176593780517578
-11.247373580932617
-11.266775131225586
-11.268482208251953
-11.270784378051758
-11.263055801391602
-11.221817970275879
-11.16628360748291
-11.173583984375
-11.20738410949707
-11.245445251464844
-11.26546859741211
-11.282506942749023
-11.269887924194336
-11.276209831237793
-11.265378952026367
-11.258773803710938
-11.244330406188965
-11.245484352111816
-11.235252380371094
-11.246895790100098
-11.242387771606445
-11.233847618103027
-11.236223220825195
-11.228289604187012
-11.2344970703125
-11.253686904907227
-11.265242576599121
-11.274900436401367
-11.27051067352295
-11.269286155700684
-11.252147674560547
-11.222445487976074
-11.185565948486328
-11.186312675476074
-11.235702514648438
-11.231430053710938
-11.246221542358398
-11.263958930969238
-11.27932071685791
-11.281705856323242
-11.287044525146484
-11.277078628540039
-11.281354904174805
-11.276901245117188
-11.273630142211914
-11.255666732788086
-11.219977378845215
-11.211953163146973
-11.245756149291992
-11.267355918884277
-11.247642517089844
-11.266331672668457
-11.248793601989746
-11.206072807312012
-11.15381908416748
-11.164319038391113
-11.229164123535156
-11.274410247802734
-11.26845932006836
-11.289098739624023
-11.275259017944336
-11.269497871398926
-11.251235008239746
-11.261346817016602
-11.244619369506836
-11.238450050354004
-11.237035751342773
-11.22231674194336
-11.202229499816895
-11.218587875366211
-11.263273239135742
-11.2772855758667
-11.262431144714355
-11.289360046386719
-11.28246784210205
-11.297696113586426
-11.279634475708008
-11.26405143737793
-11.262215614318848
-11.257601737976074
-11.241374015808105
-11.253988265991211
-11.248506546020508
-11.254348754882812
-11.242010116577148
-11.231819152832031
-11.236183166503906
-11.254865646362305
-11.267955780029297
-11.279133796691895
-11.286870002746582
-11.286758422851562
-11.28471851348877
-11.268467903137207
-11.275635719299316
-11.256107330322266
-11.240214347839355
-11.240571975708008
-11.231042861938477
-11.245071411132812
-11.246264457702637
-11.263891220092773
-11.257913589477539
-11.284453392028809
-11.290019035339355
-11.286454200744629
-11.264957427978516
-11.268267631530762
-11.257800102233887
-11.23620319366455
-11.231085777282715
-11.206243515014648
-11.231450080871582
-11.271191596984863
-11.281649589538574
-11.265071868896484
-11.225440979003906
-11.214753150939941
-11.249068260192871
-11.253813743591309
-11.288054466247559
-11.181615829467773
-11.0636625289917
-11.213676452636719
-11.28763484954834
-11.264077186584473
-11.232745170593262
-11.194791793823242
-11.224352836608887
-11.282978057861328
-11.283577919006348
-11.227337837219238
-11.206538200378418
-11.197325706481934
-11.218151092529297
-11.26170825958252
-11.280500411987305
-11.276640892028809
-11.281181335449219
-11.2809476852417
-11.284990310668945
-11.249378204345703
-11.265287399291992
-11.27214241027832
-11.289685249328613
-11.298215866088867
-11.285553932189941
-11.268048286437988
-11.24003791809082
-11.236159324645996
-11.247224807739258
-11.256074905395508
-11.279196739196777
-11.280033111572266
-11.290201187133789
-11.291704177856445
-11.291399002075195
-11.29149055480957
-11.29148006439209
-11.287338256835938
-11.283578872680664
-11.289511680603027
-11.289441108703613
-11.284772872924805
-11.278843879699707
-11.25911808013916
-11.23966121673584
-11.2531099319458
-11.241411209106445
-11.241761207580566
-11.245651245117188
-11.252999305725098
-11.249934196472168
-11.260371208190918
-11.26057243347168
-11.269523620605469
-11.263906478881836
-11.257404327392578
-11.268718719482422
-11.284257888793945
-11.284891128540039
-11.293248176574707
-11.290502548217773
-11.297658920288086
-11.287332534790039
-11.302440643310547
-11.291708946228027
-11.2930908203125
-11.286547660827637
-11.253229141235352
-11.233959197998047
-11.212254524230957
-11.219611167907715
-11.231672286987305
-11.272562026977539
-11.277016639709473
-11.257875442504883
-11.173290252685547
-11.137327194213867
-11.221548080444336
-11.290471076965332
-11.29273796081543
-11.300314903259277
-11.300535202026367
-11.28124713897705
-11.27145004272461
-11.243852615356445
-11.247608184814453
-11.239062309265137
-11.260381698608398
-11.277772903442383
-11.297924041748047
-11.29869556427002
-11.281742095947266
-11.269659996032715
-11.251228332519531
-11.241000175476074
-11.239595413208008
-11.261321067810059
-11.296943664550781
-11.288375854492188
-11.295029640197754
-11.304255485534668
-11.29594898223877
-11.297933578491211
-11.301309585571289
-11.299341201782227
-11.290812492370605
-11.280319213867188
-11.264120101928711
-11.263669967651367
-11.244338035583496
-11.233561515808105
-11.263554573059082
-11.290482521057129
-11.284516334533691
-11.294384956359863
-11.305032730102539
-11.288372993469238
-11.266592025756836
-11.257425308227539
-11.239805221557617
-11.26328182220459
-11.273004531860352
-11.2743558883667
-11.28335952758789
-11.285176277160645
-11.293471336364746
-11.29478931427002
-11.286783218383789
-11.272140502929688
-11.276835441589355
-11.293227195739746
-11.296728134155273
-11.301969528198242
-11.299920082092285
-11.294281005859375
-11.256669044494629
-11.212926864624023
-11.190657615661621
-11.221315383911133
-11.257076263427734
-11.291826248168945
-11.311124801635742
-11.282428741455078
-11.220349311828613
-11.170032501220703
-11.20397663116455
-11.276318550109863
-11.286051750183105
-11.275700569152832
-11.28942584991455
-11.291857719421387
-11.302389144897461
-11.28946590423584
-11.290369987487793
-11.261452674865723
-11.264198303222656
-11.278077125549316
-11.273902893066406
-11.287322998046875
-11.29964828491211
-11.294151306152344
-11.306927680969238
-11.306815147399902
-11.305971145629883
-11.286025047302246
-11.281872749328613
-11.254379272460938
-11.267064094543457
-11.253107070922852
-11.264488220214844
-11.282583236694336
-11.287934303283691
-11.281373023986816
-11.284144401550293
-11.27993106842041
-11.276809692382812
-11.29770565032959
-11.288969993591309
-11.305418968200684
-11.301046371459961
-11.305487632751465
-11.28073787689209
-11.26133918762207
-11.229276657104492
-11.224287033081055
-11.235818862915039
-11.262561798095703
-11.294742584228516
-11.296486854553223
-11.304495811462402
-11.299768447875977
-11.286810874938965
-11.249241828918457
-11.22628402709961
-11.231927871704102
-11.26530933380127
-11.289346694946289
-11.293577194213867
-11.29577350616455
-11.302772521972656
-11.287333488464355
-11.242106437683105
-11.204933166503906
-11.203622817993164
-11.204022407531738
-11.225008010864258
-11.258027076721191
-11.287782669067383
-11.29946231842041
-11.305708885192871
-11.311372756958008
-11.290521621704102
-11.273903846740723
-11.24501895904541
-11.231108665466309
-11.259896278381348
-11.286843299865723
-11.29699420928955
-11.302739143371582
-11.302143096923828
-11.302846908569336
-11.309574127197266
-11.300847053527832
-11.297155380249023
-11.302437782287598
-11.277435302734375
-11.273746490478516
-11.284555435180664
-11.277521133422852
-11.298005104064941
-11.304272651672363
-11.294835090637207
-11.286333084106445
-11.262747764587402
-11.247454643249512
-11.28762149810791
-11.297884941101074
-11.307245254516602
-11.29876708984375
-11.293501853942871
-11.259875297546387
-11.220335006713867
-11.219663619995117
-11.251442909240723
-11.29061508178711
-11.310604095458984
-11.286157608032227
-11.309406280517578
-11.306586265563965
-11.27985954284668
-11.267821311950684
-11.220474243164062
-11.238487243652344
-11.276500701904297
-11.299219131469727
-11.29067611694336
-11.27994441986084
-11.214554786682129
-11.1804838180542
-11.260311126708984
-11.281819343566895
-11.155441284179688
-11.130066871643066
-11.245465278625488
-11.309505462646484
-11.268352508544922
-11.119542121887207
-11.14780044555664
-11.291131019592285
-11.316802024841309
-11.261390686035156
-11.201146125793457
-11.213275909423828
-11.271835327148438
-11.30836009979248
-11.299674034118652
-11.307125091552734
-11.24951171875
-11.191091537475586
-11.224753379821777
-11.27373218536377
-11.298748970031738
-11.315532684326172
-11.300622940063477
-11.284614562988281
-11.28489875793457
-11.260146141052246
-11.23221206665039
-11.238811492919922
-11.277424812316895
-11.289263725280762
-11.30663776397705
-11.308647155761719
-11.305089950561523
-11.308194160461426
-11.31364917755127
-11.321146965026855
-11.315192222595215
-11.294984817504883
-11.313162803649902
-11.302619934082031
-11.312666893005371
-11.29926586151123
-11.31990909576416
-11.316340446472168
-11.309032440185547
-11.3110990524292
-11.308158874511719
-11.297224044799805
-11.294851303100586
-11.285075187683105
-11.2710599899292
-11.275870323181152
-11.280145645141602
-11.292489051818848
-11.30367374420166
-11.299226760864258
-11.31235122680664
-11.317840576171875
-11.29475212097168
-11.302152633666992
-11.292625427246094
-11.277547836303711
-11.274362564086914
-11.297422409057617
-11.296761512756348
-11.311453819274902
-11.297152519226074
-11.29342269897461
-11.29269790649414
-11.302151679992676
-11.303182601928711
-11.306241035461426
-11.296332359313965
-11.293601989746094
-11.290251731872559
-11.319183349609375
-11.322318077087402
-11.320231437683105
-11.302031517028809
-11.310276985168457
-11.309061050415039
-11.301698684692383
-11.302154541015625
-11.277036666870117
-11.266223907470703
-11.258268356323242
-11.304824829101562
-11.317122459411621
-11.315864562988281
-11.311211585998535
-11.281517028808594
-11.27515983581543
-11.277847290039062
-11.295370101928711
-11.293216705322266
-11.2959623336792
-11.310526847839355
-11.319433212280273
-11.300034523010254
-11.283514976501465
-11.253389358520508
-11.246548652648926
-11.2705659866333
-11.30892276763916
-11.314589500427246
-11.292834281921387
-11.231511116027832
-11.235013961791992
-11.273894309997559
-11.291728973388672
-11.295910835266113
-11.251239776611328
-11.213923454284668
-11.243537902832031
-11.258216857910156
-11.289668083190918
-11.301843643188477
-11.323562622070312
-11.288310050964355
-11.192190170288086
-11.13323974609375
-11.218375205993652
-11.312346458435059
-11.274967193603516
-11.120091438293457
-11.154838562011719
-11.282953262329102
-11.322836875915527
-11.312520027160645
-11.2887544631958
-11.247384071350098
-11.227104187011719
-11.270590782165527
-11.305431365966797
-11.326266288757324
-11.306463241577148
-11.29349422454834
-11.269783020019531
-11.280322074890137
-11.30629825592041
-11.309918403625488
-11.318761825561523
-11.309290885925293
-11.282634735107422
-11.28349781036377
-11.309308052062988
-11.321507453918457
-11.318241119384766
-11.323185920715332
-11.30085563659668
-11.299554824829102
-11.308310508728027
-11.320388793945312
-11.321216583251953
-11.31528377532959
-11.32047176361084
-11.309844970703125
-11.288338661193848
-11.269864082336426
-11.248069763183594
-11.286203384399414
-11.299545288085938
-11.316766738891602
-11.31411075592041
-11.31734848022461
-11.304144859313965
-11.317854881286621
-11.318245887756348
-11.330681800842285
-11.323713302612305
-11.331991195678711
-11.319049835205078
-11.320490837097168
-11.322953224182129
-11.332551002502441
-11.3338623046875
-11.321593284606934
-11.318753242492676
-11.337834358215332
-11.334809303283691
-11.327288627624512
-11.327290534973145
-11.324769020080566
-11.32534408569336
-11.314920425415039
-11.33409309387207
-11.320188522338867
-11.31265926361084
-11.321635246276855
-11.320260047912598
-11.333429336547852
-11.31572151184082
-11.312225341796875
-11.296177864074707
-11.288146018981934
-11.271740913391113
-11.253060340881348
-11.269515991210938
-11.283916473388672
-11.305767059326172
-11.32557487487793
-11.319235801696777
-11.332531929016113
-11.328957557678223
-11.332023620605469
-11.330474853515625
-11.332426071166992
-11.320626258850098
-11.31747817993164
-11.29666519165039
-11.278616905212402
-11.271052360534668
-11.238838195800781
-11.236563682556152
-11.266427040100098
-11.292792320251465
-11.31982421875
-11.319884300231934
-11.310322761535645
-11.305035591125488
-11.26034927368164
-11.181933403015137
-11.203673362731934
-11.282210350036621
-11.302014350891113
-11.33663558959961
-11.336081504821777
-11.329824447631836
-11.324014663696289
-11.322525978088379
-11.315662384033203
-11.310672760009766
-11.301996231079102
-11.275214195251465
-11.282649040222168
-11.289132118225098
-11.288630485534668
-11.289409637451172
-11.27568531036377
-11.272387504577637
-11.278483390808105
-11.305802345275879
-11.330337524414062
-11.321834564208984
-11.31087589263916
-11.285697937011719
-11.285943031311035
-11.257676124572754
-11.274539947509766
-11.268417358398438
-11.267619132995605
-11.260699272155762
-11.290297508239746
-11.31959056854248
-11.335498809814453
-11.326956748962402
-11.316514015197754
-11.324458122253418
-11.332077026367188
-11.323681831359863
-11.328900337219238
-11.337353706359863
-11.325087547302246
-11.331507682800293
-11.317051887512207
-11.33556842803955
-11.332422256469727
-11.330229759216309
-11.328773498535156
-11.3311185836792
-11.32851505279541
-11.314074516296387
-11.295161247253418
-11.280045509338379
-11.307276725769043
-11.304878234863281
-11.318428993225098
-11.335807800292969
-11.331564903259277
-11.335291862487793
-11.325948715209961
-11.322659492492676
-11.30162239074707
-11.301345825195312
-11.277984619140625
-11.244657516479492
-11.24746322631836
-11.282143592834473
-11.310935020446777
-11.317534446716309
-11.32797908782959
-11.333234786987305
-11.322503089904785
-11.333775520324707
-11.319457054138184
-11.316336631774902
-11.290781021118164
-11.260359764099121
-11.254530906677246
-11.301093101501465
-11.308294296264648
-11.306782722473145
-11.306877136230469
-11.294921875
-11.301870346069336
-11.303414344787598
-11.270403861999512
-11.24557113647461
-11.199968338012695
-11.272726058959961
-11.320748329162598
-11.311494827270508
-11.247573852539062
-11.235076904296875
-11.265351295471191
-11.314249992370605
-11.329459190368652
-11.247633934020996
-11.164339065551758
-11.196471214294434
-11.293126106262207
-11.336912155151367
-11.289494514465332
-11.222050666809082
-11.223851203918457
-11.303820610046387
-11.32303237915039
-11.258442878723145
-11.221658706665039
-11.247282981872559
-11.31910228729248
-11.27752685546875
-11.134836196899414
-11.15903091430664
-11.302438735961914
-11.261658668518066
-11.026627540588379
-11.185102462768555
-11.323606491088867
-11.284910202026367
-11.177199363708496
-11.237007141113281
-11.307049751281738
-11.318175315856934
-11.293837547302246
-11.254413604736328
-11.24116325378418
-11.282185554504395
-11.328657150268555
-11.321756362915039
-11.308793067932129
-11.253824234008789
-11.25912094116211
-11.294620513916016
-11.330326080322266
-11.328275680541992
-11.32939624786377
-11.334005355834961
-11.332466125488281
-11.34050464630127
-11.331879615783691
-11.346155166625977
-11.340463638305664
-11.334442138671875
-11.3344087600708
-11.344269752502441
-11.330196380615234
-11.33198356628418
-11.330707550048828
-11.325322151184082
-11.33130931854248
-11.335555076599121
-11.34210205078125
-11.337973594665527
-11.3397798538208
-11.336507797241211
-11.32365608215332
-11.33307933807373
-11.335680961608887
-11.330743789672852
-11.317545890808105
-11.30734920501709
-11.313806533813477
-11.319289207458496
-11.325068473815918
-11.320158958435059
-11.310981750488281
-11.320181846618652
-11.322074890136719
-11.329891204833984
-11.335723876953125
-11.336585998535156
-11.329813957214355
-11.31961441040039
-11.317501068115234
-11.311284065246582
-11.311678886413574
-11.324015617370605
-11.30888843536377
-11.316093444824219
-11.320764541625977
-11.326153755187988
-11.31634521484375
-11.312057495117188
-11.312553405761719
-11.311431884765625
-11.30360221862793
-11.282203674316406
-11.290227890014648
-11.308218955993652
-11.305109977722168
-11.31173038482666
-11.310328483581543
-11.317564010620117
-11.319634437561035
-11.318024635314941
-11.315688133239746
-11.314720153808594
-11.330273628234863
-11.311419486999512
-11.281684875488281
-11.237464904785156
-11.26688003540039
-11.30522346496582
-11.31381607055664
-11.32483959197998
-11.321301460266113
-11.321114540100098
-11.31365966796875
-11.319448471069336
-11.317492485046387
-11.312664031982422
-11.311239242553711
-11.31448745727539
-11.31503963470459
-11.313080787658691
-11.295045852661133
-11.290929794311523
-11.297616958618164
-11.296163558959961
-11.305185317993164
-11.331269264221191
-11.32310962677002
-11.341958045959473
-11.334227561950684
-11.305318832397461
-11.272558212280273
-11.265313148498535
-11.276299476623535
-11.2959566116333
-11.336060523986816
-11.33137321472168
-11.297693252563477
-11.278393745422363
-11.287832260131836
-11.328553199768066
-11.331758499145508
-11.318532943725586
-11.300251960754395
-11.257305145263672
-11.270722389221191
-11.288865089416504
-11.329446792602539
-11.33889102935791
-11.334267616271973
-11.334938049316406
-11.322175979614258
-11.310275077819824
-11.322915077209473
-11.326459884643555
-11.32861042022705
-11.326986312866211
-11.33084774017334
-11.32033920288086
-11.3118896484375
-11.294819831848145
-11.293383598327637
-11.293432235717773
-11.287917137145996
-11.311012268066406
-11.333586692810059
-11.323938369750977
-11.33279037475586
-11.335235595703125
-11.330220222473145
-11.332914352416992
-11.337512016296387
-11.322128295898438
-11.318323135375977
-11.317477226257324
-11.323204040527344
-11.333391189575195
-11.332783699035645
-11.33240795135498
-11.334707260131836
-11.340950965881348
-11.322789192199707
-11.328953742980957
-11.319921493530273
-11.320542335510254
-11.326290130615234
-11.3141450881958
-11.32728099822998
-11.315823554992676
-11.317635536193848
-11.315191268920898
-11.317423820495605
-11.324699401855469
-11.330498695373535
-11.336617469787598
-11.32327651977539
-11.340238571166992
-11.33920955657959
-11.338805198669434
-11.32879638671875
-11.3013277053833
-11.270984649658203
-11.278017044067383
-11.288753509521484
-11.323540687561035
-11.337620735168457
-11.344243049621582
-11.341347694396973
-11.331393241882324
-11.335010528564453
-11.332520484924316
-11.329744338989258
-11.331659317016602
-11.329634666442871
-11.33371353149414
-11.336770057678223
-11.333067893981934
-11.328577041625977
-11.329936027526855
-11.329861640930176
-11.335929870605469
-11.342655181884766
-11.336136817932129
-11.343868255615234
-11.318352699279785
-11.329244613647461
-11.325340270996094
-11.330878257751465
-11.331307411193848
-11.332205772399902
-11.33662223815918
-11.347467422485352
-11.333023071289062
-11.327589988708496
-11.328557968139648
-11.312055587768555
-11.299022674560547
-11.267843246459961
-11.277386665344238
-11.303802490234375
-11.321588516235352
-11.323945045471191
-11.314826011657715
-11.30445384979248
-11.304125785827637
-11.30367374420166
-11.307865142822266
-11.327497482299805
-11.318726539611816
-11.326391220092773
-11.315150260925293
-11.328890800476074
-11.324434280395508
-11.337760925292969
-11.34660816192627
-11.338476181030273
-11.311369895935059
-11.318839073181152
-11.329411506652832
-11.330965995788574
-11.323568344116211
-11.310123443603516
-11.306021690368652
-11.294327735900879
-11.320652961730957
-11.335858345031738
-11.344339370727539
-11.329657554626465
-11.315152168273926
-11.28538990020752
-11.247364044189453
-11.263643264770508
-11.295561790466309
-11.308570861816406
-11.297953605651855
-11.293545722961426
-11.290877342224121
-11.298670768737793
-11.312198638916016
-11.309134483337402
-11.339202880859375
-11.326607704162598
-11.318203926086426
-11.332596778869629
-11.342592239379883
-11.33519458770752
-11.331271171569824
-11.319233894348145
-11.292608261108398
-11.276556968688965
-11.279741287231445
-11.29443359375
-11.30738353729248
-11.323159217834473
-11.325387954711914
-11.324073791503906
-11.332655906677246
-11.327949523925781
-11.333183288574219
-11.337921142578125
-11.333608627319336
-11.336676597595215
-11.339609146118164
-11.329521179199219
-11.327119827270508
-11.29091739654541
-11.233162879943848
-11.2764892578125
-11.30725383758545
-11.327356338500977
-11.34072494506836
-11.343583106994629
-11.34273624420166
-11.326567649841309
-11.319583892822266
-11.306685447692871
-11.29536247253418
-11.292365074157715
-11.305240631103516
-11.306456565856934
-11.307180404663086
-11.312291145324707
-11.333998680114746
-11.340681076049805
-11.337924003601074
-11.338006973266602
-11.315372467041016
-11.300566673278809
-11.28860092163086
-11.289103507995605
-11.309021949768066
-11.332353591918945
-11.337957382202148
-11.350104331970215
-11.340917587280273
-11.348548889160156
-11.354776382446289
-11.343897819519043
-11.341720581054688
-11.343732833862305
-11.347373008728027
-11.34371280670166
-11.340476989746094
-11.343649864196777
-11.342144966125488
-11.340209007263184
-11.329960823059082
-11.342185974121094
-11.337890625
-11.329353332519531
-11.330513954162598
-11.32038688659668
-11.293437004089355
-11.285240173339844
-11.287703514099121
-11.292917251586914
-11.298851013183594
-11.28707504272461
-11.295256614685059
-11.312198638916016
-11.338770866394043
-11.34813404083252
-11.340575218200684
-11.3449068069458
-11.339643478393555
-11.3192720413208
-11.29328727722168
-11.278132438659668
-11.301373481750488
-11.335121154785156
-11.347607612609863
-11.343300819396973
-11.341226577758789
-11.340300559997559
-11.335220336914062
-11.344145774841309
-11.348514556884766
-11.331582069396973
-11.30282211303711
