loss_v
-5.988374710083008
-6.12136697769165
-5.960290431976318
-6.081488132476807
-6.314631938934326
-6.182621955871582
-6.183859348297119
-6.454448223114014
-6.430390357971191
-6.4718780517578125
-6.674200534820557
-6.720343589782715
-6.90748405456543
-6.799661159515381
-7.044280052185059
-6.467383861541748
-6.652338981628418
-6.817320346832275
-6.797644138336182
-6.6331562995910645
-6.965879440307617
-6.959489345550537
-6.8130083084106445
-6.939883708953857
-7.07366943359375
-6.960793972015381
-6.743358135223389
-6.86594820022583
-6.826343536376953
-6.621460437774658
-6.922003269195557
-6.7549872398376465
-6.9572038650512695
-6.901226997375488
-6.8914899826049805
-7.042603969573975
-6.786317825317383
-6.779113292694092
-7.001221656799316
-7.076323509216309
-6.970587253570557
-6.993117332458496
-7.198599815368652
-7.094933986663818
-7.2032647132873535
-6.9600653648376465
-7.1767258644104
-7.019143581390381
-7.018097877502441
-6.899960517883301
-7.208617687225342
-7.090693473815918
-7.203095436096191
-7.054847240447998
-7.050412178039551
-7.21472692489624
-7.224813461303711
-7.015989303588867
-7.043355941772461
-7.162041187286377
-7.234442234039307
-7.369887351989746
-7.182277202606201
-7.31467342376709
-7.189564228057861
-7.449359893798828
-7.408385276794434
-7.170877933502197
-7.3802666664123535
-7.213799953460693
-7.176243305206299
-7.322106838226318
-7.316697120666504
-7.573676586151123
-7.405826568603516
-7.3213653564453125
-7.368234634399414
-7.446292877197266
-7.365415096282959
-7.341385364532471
-7.424964904785156
-7.200016021728516
-7.428735733032227
-7.5501203536987305
-7.3598713874816895
-7.532522201538086
-7.364421844482422
-7.369046688079834
-7.1382365226745605
-7.450639247894287
-7.397871971130371
-7.37312126159668
-7.440824508666992
-7.298099040985107
-7.480597019195557
-7.68717098236084
-7.626143455505371
-7.439958572387695
-7.613602638244629
-7.506079196929932
-7.6036458015441895
-7.655421733856201
-7.681936740875244
-7.375115394592285
-7.62360954284668
-7.640034198760986
-7.6559834480285645
-7.617130279541016
-7.658527374267578
-7.775973796844482
-7.61741828918457
-7.496825695037842
-7.66824197769165
-7.783474922180176
-7.670423984527588
-7.845122814178467
-7.853221893310547
-7.690231800079346
-7.921067714691162
-7.86310338973999
-7.841500759124756
-7.6934356689453125
-7.890847682952881
-7.841634750366211
-7.954663276672363
-7.973767280578613
-8.030207633972168
-7.973330974578857
-7.897111415863037
-8.123025894165039
-7.896786212921143
-8.116951942443848
-8.124914169311523
-8.200177192687988
-8.18148136138916
-8.311439514160156
-8.194955825805664
-8.332395553588867
-8.398829460144043
-8.34632396697998
-8.474187850952148
-8.513662338256836
-8.485637664794922
-8.668182373046875
-8.539178848266602
-8.64914608001709
-8.785355567932129
-8.701481819152832
-8.807878494262695
-8.726374626159668
-8.912914276123047
-8.909238815307617
-9.0474271774292
-9.10682201385498
-8.928543090820312
-9.216826438903809
-9.205673217773438
-9.274560928344727
-9.406786918640137
-9.378289222717285
-9.469157218933105
-9.46549129486084
-9.452422142028809
-9.473971366882324
-9.556988716125488
-9.480820655822754
-9.510584831237793
-9.59956169128418
-9.498712539672852
-9.363638877868652
-9.571086883544922
-9.63099479675293
-9.427634239196777
-9.59031867980957
-9.657404899597168
-9.515769958496094
-9.684334754943848
-9.58893871307373
-9.732110977172852
-9.718376159667969
-9.645601272583008
-9.810734748840332
-9.747910499572754
-9.775177001953125
-9.792707443237305
-9.783940315246582
-9.678584098815918
-9.895965576171875
-9.74100112915039
-9.906898498535156
-9.677952766418457
-9.885143280029297
-9.833298683166504
-9.764932632446289
-9.854036331176758
-9.835668563842773
-9.885540008544922
-9.854925155639648
-9.99145221710205
-9.76875114440918
-9.940258979797363
-9.770873069763184
-9.9673433303833
-9.719961166381836
-9.860133171081543
-9.798286437988281
-9.71279239654541
-9.869779586791992
-9.810274124145508
-9.94754409790039
-9.89191722869873
-10.074268341064453
-9.9304838180542
-10.031693458557129
-9.993088722229004
-10.074518203735352
-10.011990547180176
-10.04648208618164
-10.075353622436523
-10.06361198425293
-10.074419975280762
-10.103094100952148
-10.085653305053711
-10.133655548095703
-10.121152877807617
-10.095682144165039
-10.11410903930664
-10.148858070373535
-10.149022102355957
-10.154914855957031
-10.189397811889648
-10.117185592651367
-10.164433479309082
-10.153368949890137
-10.152382850646973
-10.192230224609375
-10.208415031433105
-10.171426773071289
-10.204858779907227
-10.119874954223633
-10.224315643310547
-10.222331047058105
-10.211859703063965
-10.207976341247559
-10.231132507324219
-10.235673904418945
-10.237482070922852
-10.222723007202148
-10.217026710510254
-10.271987915039062
-10.287734985351562
-10.258941650390625
-10.223031044006348
-10.274890899658203
-10.302276611328125
-10.247159957885742
-10.315980911254883
-10.318916320800781
-10.339906692504883
-10.30617904663086
-10.300071716308594
-10.300249099731445
-10.307275772094727
-10.353309631347656
-10.358255386352539
-10.320372581481934
-10.366565704345703
-10.350213050842285
-10.35190486907959
-10.422561645507812
-10.337691307067871
-10.396053314208984
-10.382412910461426
-10.352575302124023
-10.33930492401123
-10.363283157348633
-10.363221168518066
-10.39146614074707
-10.408102989196777
-10.411187171936035
-10.373614311218262
-10.434067726135254
-10.419116973876953
-10.417901992797852
-10.443048477172852
-10.409221649169922
-10.44689655303955
-10.455018997192383
-10.467459678649902
-10.449238777160645
-10.467665672302246
-10.487750053405762
-10.476688385009766
-10.468489646911621
-10.486976623535156
-10.478913307189941
-10.445494651794434
-10.522619247436523
-10.527424812316895
-10.48729133605957
-10.513358116149902
-10.520110130310059
-10.512836456298828
-10.51286506652832
-10.526970863342285
-10.580747604370117
-10.562108993530273
-10.544736862182617
-10.58119010925293
-10.529924392700195
-10.570793151855469
-10.5418701171875
-10.484585762023926
-10.46464729309082
-10.480685234069824
-10.597674369812012
-10.623458862304688
-10.521893501281738
-10.583394050598145
-10.597506523132324
-10.564249038696289
-10.553762435913086
-10.518838882446289
-10.461950302124023
-10.584595680236816
-10.641301155090332
-10.569782257080078
-10.577439308166504
-10.651976585388184
-10.642489433288574
-10.649749755859375
-10.67972183227539
-10.654561996459961
-10.665624618530273
-10.643404960632324
-10.651576042175293
-10.638995170593262
-10.620291709899902
-10.680325508117676
-10.680902481079102
-10.593839645385742
-10.576319694519043
-10.594369888305664
-10.698043823242188
-10.617629051208496
-10.625130653381348
-10.696712493896484
-10.699727058410645
-10.652491569519043
-10.640275955200195
-10.701851844787598
-10.725369453430176
-10.72327995300293
-10.705602645874023
-10.717022895812988
-10.709263801574707
-10.727633476257324
-10.72772216796875
-10.72514820098877
-10.747234344482422
-10.785868644714355
-10.748841285705566
-10.739506721496582
-10.766756057739258
-10.765191078186035
-10.772933959960938
-10.75011157989502
-10.762393951416016
-10.703252792358398
-10.73984432220459
-10.782739639282227
-10.777555465698242
-10.803483963012695
-10.777045249938965
-10.76583480834961
-10.743853569030762
-10.737614631652832
-10.780080795288086
-10.799365043640137
-10.834129333496094
-10.79222297668457
-10.790626525878906
-10.731180191040039
-10.792481422424316
-10.818196296691895
-10.817132949829102
-10.771888732910156
-10.766348838806152
-10.773871421813965
-10.812187194824219
-10.855549812316895
-10.8167724609375
-10.837361335754395
-10.813925743103027
-10.834866523742676
-10.84462833404541
-10.843165397644043
-10.853059768676758
-10.840753555297852
-10.838576316833496
-10.853300094604492
-10.877630233764648
-10.909933090209961
-10.897123336791992
-10.920341491699219
-10.88595962524414
-10.9133939743042
-10.909533500671387
-10.914385795593262
-10.904961585998535
-10.91987419128418
-10.907057762145996
-10.941699981689453
-10.936458587646484
-10.93802261352539
-10.923940658569336
-10.879725456237793
-10.856179237365723
-10.90954303741455
-10.896598815917969
-10.920619010925293
-10.957962036132812
-10.935046195983887
-10.954440116882324
-10.88735294342041
-10.845155715942383
-10.874789237976074
-10.953411102294922
-10.981246948242188
-10.970391273498535
-10.930505752563477
-10.849897384643555
-10.91648006439209
-10.996503829956055
-10.987621307373047
-10.924043655395508
-10.888702392578125
-10.945043563842773
-10.98475170135498
-10.994858741760254
-10.945551872253418
-10.970869064331055
-10.976956367492676
-11.01285457611084
-11.005642890930176
-10.990923881530762
-10.997588157653809
-10.977542877197266
-11.019392013549805
-10.994821548461914
-10.99936580657959
-10.955948829650879
-10.959539413452148
-10.996499061584473
-11.04911994934082
-11.020464897155762
-11.042637825012207
-11.017012596130371
-11.025443077087402
-11.032752990722656
-11.048279762268066
-11.006074905395508
-11.03577995300293
-11.047933578491211
-11.036036491394043
-11.014439582824707
-11.048081398010254
-11.029772758483887
-11.043466567993164
-11.034795761108398
-11.027543067932129
-11.046592712402344
-11.031140327453613
-11.03979778289795
-11.036919593811035
-11.031693458557129
-11.030466079711914
-11.002925872802734
-11.011022567749023
-10.977980613708496
-10.994841575622559
-11.012582778930664
-11.029814720153809
-11.045732498168945
-10.987972259521484
-10.941155433654785
-10.945151329040527
-11.038243293762207
-11.06045150756836
-11.047993659973145
-10.997930526733398
-10.991743087768555
-11.034796714782715
-11.073741912841797
-11.077077865600586
-11.079670906066895
-11.070927619934082
-11.071093559265137
-11.072333335876465
-11.0711030960083
-11.057719230651855
-11.046387672424316
-11.031453132629395
-11.031462669372559
-11.05195140838623
-11.055919647216797
-11.0600004196167
-11.075252532958984
-11.081110954284668
-11.02381706237793
-11.023566246032715
-11.037189483642578
-11.066397666931152
-11.059741020202637
-11.07798957824707
-11.086545944213867
-11.058070182800293
-11.048834800720215
-11.071235656738281
-11.07579517364502
-11.085065841674805
-11.063331604003906
-11.10021686553955
-11.107951164245605
-11.079188346862793
-11.102095603942871
-11.099491119384766
-11.005545616149902
-10.938129425048828
-11.038042068481445
-11.095244407653809
-11.06350040435791
-11.024415969848633
-11.006674766540527
-11.08154582977295
-11.091571807861328
-11.061777114868164
-11.039238929748535
-11.046695709228516
-11.098825454711914
-11.110502243041992
-11.100189208984375
-11.072129249572754
-11.069307327270508
-11.09049129486084
-11.114937782287598
-11.108014106750488
-11.099676132202148
-11.07122802734375
-11.082117080688477
-11.077712059020996
-11.120620727539062
-11.088651657104492
-11.05640983581543
-11.070752143859863
-11.091940879821777
-11.118288040161133
-11.119253158569336
-11.104776382446289
-11.067452430725098
-11.051531791687012
-11.112739562988281
-11.112241744995117
-11.104310989379883
-11.091297149658203
-11.060481071472168
-11.096038818359375
-11.121256828308105
-11.115227699279785
-11.039340019226074
-11.059123992919922
-11.08707046508789
-11.116962432861328
-11.095958709716797
-11.044371604919434
-11.034358978271484
-11.11141586303711
-11.121743202209473
-11.081035614013672
-11.077592849731445
-11.111202239990234
-11.140987396240234
-11.122304916381836
-11.1111478805542
-11.101813316345215
-11.09632396697998
-11.130972862243652
-11.146299362182617
-11.134932518005371
-11.13487434387207
-11.093193054199219
-11.121131896972656
-11.130428314208984
-11.12990951538086
-11.113049507141113
-11.117316246032715
-11.118844985961914
-11.158956527709961
-11.145824432373047
-11.151956558227539
-11.125945091247559
-11.154523849487305
-11.14594841003418
-11.13297176361084
-11.158798217773438
-11.13828182220459
-11.146778106689453
-11.143375396728516
-11.153796195983887
-11.140290260314941
-11.144709587097168
-11.16076374053955
-11.145220756530762
-11.14221477508545
-11.14811897277832
-11.146623611450195
-11.156604766845703
-11.148975372314453
-11.156853675842285
-11.147995948791504
-11.140193939208984
-11.134321212768555
-11.152461051940918
-11.144219398498535
-11.14813232421875
-11.158241271972656
-11.147293090820312
-11.126160621643066
-11.152703285217285
-11.166951179504395
-11.148548126220703
-11.131722450256348
-11.14606761932373
-11.121317863464355
-11.13068962097168
-11.153314590454102
-11.168502807617188
-11.160645484924316
-11.162261009216309
-11.144158363342285
-11.091583251953125
-11.09841537475586
-11.12014102935791
-11.156503677368164
-11.159432411193848
-11.142217636108398
-11.14537525177002
-11.134082794189453
-11.145296096801758
-11.160563468933105
-11.158977508544922
-11.166825294494629
-11.176898956298828
-11.180011749267578
-11.17759895324707
-11.176068305969238
-11.159247398376465
-11.174856185913086
-11.154298782348633
-11.17084789276123
-11.170795440673828
-11.16226863861084
-11.155484199523926
-11.170184135437012
-11.154887199401855
-11.17021656036377
-11.174320220947266
-11.165702819824219
-11.177749633789062
-11.148149490356445
-11.1494722366333
-11.142740249633789
-11.141706466674805
-11.142346382141113
-11.176399230957031
-11.18922233581543
-11.166335105895996
-11.17883014678955
-11.162196159362793
-11.168996810913086
-11.162027359008789
-11.15318775177002
-11.174604415893555
-11.17694091796875
-11.190988540649414
-11.184296607971191
-11.178802490234375
-11.173357009887695
-11.182305335998535
-11.181442260742188
-11.166735649108887
-11.18991470336914
-11.17900276184082
-11.181732177734375
-11.204029083251953
-11.196813583374023
-11.185224533081055
-11.17332649230957
-11.180728912353516
-11.187378883361816
-11.192546844482422
-11.185948371887207
-11.153258323669434
-11.147756576538086
-11.120370864868164
-11.137557983398438
-11.169127464294434
-11.199209213256836
-11.180200576782227
-11.167725563049316
-11.145302772521973
-11.127482414245605
-11.153419494628906
-11.170848846435547
-11.197010040283203
-11.205048561096191
-11.174208641052246
-11.154061317443848
-11.145161628723145
-11.192924499511719
-11.19637393951416
-11.188885688781738
-11.203656196594238
-11.190327644348145
-11.193523406982422
-11.190861701965332
-11.183516502380371
-11.173249244689941
-11.181974411010742
-11.187256813049316
-11.186965942382812
-11.188872337341309
-11.20932388305664
-11.204350471496582
-11.207971572875977
-11.204197883605957
-11.210267066955566
-11.183111190795898
-11.203046798706055
-11.215829849243164
-11.203226089477539
-11.194791793823242
-11.188397407531738
-11.15936279296875
-11.168149948120117
-11.188460350036621
-11.209193229675293
-11.211783409118652
-11.19429874420166
-11.184676170349121
-11.184577941894531
-11.180829048156738
-11.204825401306152
-11.214658737182617
-11.224024772644043
-11.217193603515625
-11.2207612991333
-11.206036567687988
-11.183365821838379
-11.173644065856934
-11.194607734680176
-11.204070091247559
-11.214153289794922
-11.21574878692627
-11.223625183105469
-11.208471298217773
-11.218276977539062
-11.214872360229492
-11.226287841796875
-11.219817161560059
-11.231446266174316
-11.2291259765625
-11.230270385742188
-11.213844299316406
-11.199186325073242
-11.204202651977539
-11.194890022277832
-11.17891788482666
-11.190552711486816
-11.20919418334961
-11.215279579162598
-11.207572937011719
-11.205724716186523
-11.214675903320312
-11.225728034973145
-11.223980903625488
-11.206689834594727
-11.222208023071289
-11.219470977783203
-11.217817306518555
-11.234297752380371
-11.226828575134277
-11.231893539428711
-11.22734260559082
-11.241072654724121
-11.231374740600586
-11.230813026428223
-11.243059158325195
-11.24244499206543
-11.235305786132812
-11.230979919433594
-11.237771987915039
-11.241073608398438
-11.24550724029541
-11.251832962036133
-11.248291015625
-11.258092880249023
-11.245561599731445
-11.241108894348145
-11.2509126663208
-11.25662899017334
-11.247588157653809
-11.250981330871582
-11.245713233947754
-11.245705604553223
-11.25036907196045
-11.244839668273926
-11.210498809814453
-11.205971717834473
-11.205914497375488
-11.207112312316895
-11.212342262268066
-11.22059440612793
-11.2210111618042
-11.235971450805664
-11.23432731628418
-11.259295463562012
-11.2564115524292
-11.23940658569336
-11.225646018981934
-11.207955360412598
-11.18747329711914
-11.188592910766602
-11.21524429321289
-11.245163917541504
-11.264729499816895
-11.255016326904297
-11.239569664001465
-11.221677780151367
-11.213262557983398
-11.203614234924316
-11.22498607635498
-11.253939628601074
-11.26187801361084
-11.255683898925781
-11.247529983520508
-11.22741985321045
-11.195943832397461
-11.198918342590332
-11.223058700561523
-11.249393463134766
-11.262223243713379
-11.243342399597168
-11.180537223815918
-11.149853706359863
-11.22843074798584
-11.263306617736816
-11.236701965332031
-11.188275337219238
-11.184528350830078
-11.250442504882812
-11.272876739501953
-11.244519233703613
-11.20788860321045
-11.204788208007812
-11.250333786010742
-11.276045799255371
-11.250523567199707
-11.21273136138916
-11.217137336730957
-11.2650146484375
-11.26296615600586
-11.23279094696045
-11.21872615814209
-11.234598159790039
-11.254469871520996
-11.274813652038574
-11.264841079711914
-11.239446640014648
-11.223170280456543
-11.249356269836426
-11.27252197265625
-11.278609275817871
-11.27485179901123
-11.260540008544922
-11.25535774230957
-11.26833724975586
-11.271100044250488
-11.275751113891602
-11.277654647827148
-11.271096229553223
-11.270483016967773
-11.268930435180664
-11.26684856414795
-11.279569625854492
-11.273138999938965
-11.288534164428711
-11.279195785522461
-11.272287368774414
-11.274539947509766
-11.280296325683594
-11.275764465332031
-11.274847984313965
-11.284429550170898
-11.287886619567871
-11.284099578857422
-11.286088943481445
-11.286365509033203
-11.288284301757812
-11.283777236938477
-11.290242195129395
-11.286471366882324
-11.284326553344727
-11.286230087280273
-11.290315628051758
-11.2832612991333
-11.288849830627441
-11.28730583190918
-11.289681434631348
-11.288066864013672
-11.283556938171387
-11.280879974365234
-11.276095390319824
-11.28732967376709
-11.286246299743652
-11.293930053710938
-11.287230491638184
-11.293949127197266
-11.289616584777832
-11.286932945251465
-11.286773681640625
-11.291236877441406
-11.274662017822266
-11.264533996582031
-11.248363494873047
-11.251762390136719
-11.258770942687988
-11.265488624572754
-11.27642822265625
-11.282917976379395
-11.29272747039795
-11.28723430633545
-11.290583610534668
-11.295363426208496
-11.296501159667969
-11.296041488647461
-11.28994369506836
-11.28072738647461
-11.285334587097168
-11.276449203491211
-11.2799654006958
-11.27987289428711
-11.2946138381958
-11.291776657104492
-11.296170234680176
-11.293989181518555
-11.295483589172363
-11.297015190124512
-11.288813591003418
-11.290029525756836
-11.284078598022461
-11.279093742370605
-11.277091979980469
-11.253015518188477
-11.231222152709961
-11.245866775512695
-11.24963092803955
-11.276211738586426
-11.294060707092285
-11.283302307128906
-11.276217460632324
-11.267988204956055
-11.27253532409668
-11.278075218200684
-11.290793418884277
-11.300650596618652
-11.299492835998535
-11.295568466186523
-11.283864974975586
-11.270312309265137
-11.275772094726562
-11.28215217590332
-11.288473129272461
-11.29481315612793
-11.305312156677246
-11.29454231262207
-11.275018692016602
-11.254451751708984
-11.261360168457031
-11.275498390197754
-11.294779777526855
-11.303682327270508
-11.288888931274414
-11.258493423461914
-11.23148250579834
-11.257686614990234
-11.281553268432617
-11.299249649047852
-11.307770729064941
-11.295546531677246
-11.290081977844238
-11.272704124450684
-11.271703720092773
-11.275503158569336
-11.282373428344727
-11.293890953063965
-11.296714782714844
-11.294857025146484
-11.301433563232422
-11.311538696289062
-11.306781768798828
-11.307171821594238
-11.2978515625
-11.292327880859375
-11.306512832641602
-11.310454368591309
-11.307692527770996
-11.308263778686523
-11.307716369628906
-11.313240051269531
-11.314009666442871
-11.311372756958008
-11.309526443481445
-11.311474800109863
-11.307373046875
-11.3109769821167
-11.314962387084961
-11.311203002929688
-11.309849739074707
-11.316692352294922
-11.308100700378418
-11.308849334716797
-11.309942245483398
-11.309834480285645
-11.307329177856445
-11.307427406311035
-11.305320739746094
-11.301701545715332
-11.30343246459961
-11.296310424804688
-11.302492141723633
-11.307779312133789
-11.302499771118164
-11.306150436401367
-11.31080150604248
-11.316256523132324
-11.320024490356445
-11.313620567321777
-11.31850814819336
-11.317636489868164
-11.313230514526367
-11.307584762573242
-11.317008018493652
-11.311641693115234
-11.309579849243164
-11.315195083618164
-11.304841041564941
-11.28380298614502
-11.2711181640625
-11.258062362670898
-11.264680862426758
-11.288366317749023
-11.306928634643555
-11.313859939575195
-11.281272888183594
-11.243837356567383
-11.214266777038574
-11.238697052001953
-11.278100967407227
-11.308025360107422
-11.315560340881348
-11.295763969421387
-11.267132759094238
-11.24599838256836
-11.262992858886719
-11.293802261352539
-11.30560302734375
-11.323101997375488
-11.316872596740723
-11.302114486694336
-11.281163215637207
-11.268157005310059
-11.277365684509277
-11.308989524841309
-11.318910598754883
-11.31926155090332
-11.307044982910156
-11.303949356079102
-11.308883666992188
-11.29708480834961
-11.279443740844727
-11.27940559387207
-11.292196273803711
-11.308379173278809
-11.322343826293945
-11.311864852905273
-11.294296264648438
-11.281058311462402
-11.274336814880371
-11.298585891723633
-11.315258026123047
-11.3236665725708
-11.31948184967041
-11.307299613952637
-11.286352157592773
-11.270913124084473
-11.29299545288086
-11.31188678741455
-11.327153205871582
-11.314345359802246
-11.301702499389648
-11.288558006286621
-11.294116973876953
-11.308793067932129
-11.320516586303711
-11.323654174804688
-11.315756797790527
-11.298172950744629
-11.299324989318848
-11.296360969543457
-11.311115264892578
-11.321712493896484
-11.32178783416748
-11.32775592803955
-11.324919700622559
-11.331207275390625
-11.327143669128418
-11.328356742858887
-11.318710327148438
-11.300036430358887
-11.295162200927734
-11.299968719482422
-11.307839393615723
-11.315582275390625
-11.322227478027344
-11.33034896850586
-11.329157829284668
-11.299483299255371
-11.263813018798828
-11.24879264831543
-11.29240894317627
-11.322752952575684
-11.330942153930664
-11.303117752075195
-11.269928932189941
-11.255785942077637
-11.285832405090332
-11.323149681091309
-11.325044631958008
-11.32066535949707
-11.312235832214355
-11.30522632598877
-11.29845142364502
-11.2972993850708
-11.32066822052002
-11.325922966003418
-11.317530632019043
-11.299097061157227
-11.2728853225708
-11.271082878112793
-11.296673774719238
-11.321222305297852
-11.32810115814209
-11.329438209533691
-11.328704833984375
-11.330892562866211
-11.324204444885254
-11.330056190490723
-11.323118209838867
-11.33029842376709
-11.327592849731445
-11.320737838745117
-11.317174911499023
-11.314773559570312
-11.319523811340332
-11.303454399108887
-11.303234100341797
-11.2953462600708
-11.293900489807129
-11.308599472045898
-11.318304061889648
-11.333093643188477
-11.338826179504395
-11.339092254638672
-11.336084365844727
-11.332733154296875
-11.326452255249023
-11.319209098815918
-11.296516418457031
-11.287202835083008
-11.291680335998535
-11.315778732299805
-11.328857421875
-11.33674430847168
-11.34146785736084
-11.33809757232666
-11.337342262268066
-11.339221000671387
-11.342825889587402
-11.344146728515625
-11.339957237243652
-11.343971252441406
-11.345277786254883
-11.344523429870605
-11.34553337097168
-11.348491668701172
-11.344466209411621
-11.345795631408691
-11.347151756286621
-11.344529151916504
-11.332646369934082
-11.285552978515625
-11.21519947052002
-11.1976900100708
-11.301027297973633
-11.344883918762207
-11.339302062988281
-11.311769485473633
-11.270174026489258
-11.282976150512695
-11.307999610900879
-11.32500171661377
-11.338611602783203
-11.352797508239746
-11.349117279052734
-11.332963943481445
-11.31640911102295
-11.306720733642578
-11.30600643157959
-11.316851615905762
-11.334627151489258
-11.342958450317383
-11.347792625427246
-11.343950271606445
-11.32761001586914
-11.3073148727417
-11.29931926727295
-11.316678047180176
-11.332025527954102
-11.349055290222168
-11.355664253234863
-11.350072860717773
-11.34375286102295
-11.329751014709473
-11.324234008789062
-11.31771183013916
-11.313605308532715
-11.322880744934082
-11.330583572387695
-11.34753131866455
-11.350740432739258
-11.356306076049805
-11.351069450378418
-11.344961166381836
-11.334789276123047
-11.328839302062988
-11.3148193359375
-11.311728477478027
-11.326274871826172
-11.336832046508789
-11.343549728393555
-11.347822189331055
-11.350263595581055
-11.34839153289795
-11.348434448242188
-11.351611137390137
-11.351571083068848
-11.355968475341797
-11.350264549255371
-11.351516723632812
-11.355335235595703
-11.350643157958984
-11.353001594543457
-11.350003242492676
-11.338448524475098
-11.33481502532959
-11.324942588806152
-11.327436447143555
-11.333418846130371
-11.346758842468262
-11.351428031921387
-11.355423927307129
-11.354838371276855
-11.35693073272705
-11.354458808898926
-11.356404304504395
-11.359977722167969
-11.359039306640625
-11.354413032531738
-11.353312492370605
-11.347719192504883
-11.341092109680176
-11.338377952575684
-11.328102111816406
-11.328474998474121
-11.335558891296387
-11.351320266723633
-11.35749626159668
-11.353472709655762
-11.356646537780762
-11.35842514038086
-11.358746528625488
-11.3530855178833
-11.341988563537598
-11.332733154296875
-11.317161560058594
-11.312310218811035
-11.311467170715332
-11.335460662841797
-11.350152015686035
-11.356439590454102
-11.351702690124512
-11.341850280761719
-11.325728416442871
-11.306944847106934
-11.30064868927002
-11.332281112670898
-11.353921890258789
-11.360300064086914
-11.350318908691406
-11.316511154174805
-11.27514934539795
-11.27721881866455
-11.319997787475586
-11.343854904174805
-11.353078842163086
-11.324297904968262
-11.269105911254883
-11.276123046875
-11.32590389251709
-11.35644245147705
-11.355101585388184
-11.345379829406738
-11.329928398132324
-11.31741714477539
-11.323941230773926
-11.343070983886719
-11.35996150970459
-11.352622985839844
-11.334665298461914
-11.3286771774292
-11.3324613571167
-11.352278709411621
-11.358562469482422
-11.346898078918457
-11.309955596923828
-11.289183616638184
-11.32063102722168
-11.353282928466797
-11.362971305847168
-11.346906661987305
-11.329283714294434
-11.323834419250488
-11.326103210449219
-11.345282554626465
-11.361510276794434
-11.356025695800781
-11.356974601745605
-11.351659774780273
-11.34565258026123
-11.347097396850586
-11.3557710647583
-11.361359596252441
-11.354289054870605
-11.343255043029785
-11.339531898498535
-11.3440523147583
-11.356871604919434
-11.36487102508545
-11.359845161437988
-11.359076499938965
-11.352242469787598
-11.346673011779785
-11.346936225891113
-11.349087715148926
-11.365121841430664
-11.361791610717773
-11.369709968566895
-11.366443634033203
-11.362894058227539
-11.368579864501953
-11.36751937866211
-11.368538856506348
-11.367095947265625
-11.370868682861328
-11.361512184143066
-11.36879825592041
-11.369598388671875
-11.364485740661621
-11.36408805847168
-11.363831520080566
-11.365826606750488
-11.36612319946289
-11.360365867614746
-11.361599922180176
-11.365795135498047
-11.364320755004883
-11.365708351135254
-11.36391830444336
-11.366119384765625
-11.365287780761719
-11.363182067871094
-11.360453605651855
-11.35495662689209
-11.343262672424316
-11.332403182983398
-11.333819389343262
-11.342249870300293
-11.349169731140137
-11.354783058166504
-11.363751411437988
-11.362441062927246
-11.366653442382812
-11.366738319396973
-11.366711616516113
-11.369556427001953
-11.367189407348633
-11.360136985778809
-11.357128143310547
-11.338961601257324
-11.338109016418457
-11.338579177856445
-11.350488662719727
-11.361207008361816
-11.356947898864746
-11.352591514587402
-11.346343994140625
-11.343818664550781
-11.349267959594727
-11.353957176208496
-11.359515190124512
-11.362669944763184
-11.369361877441406
-11.367101669311523
-11.362287521362305
-11.348265647888184
-11.336297035217285
-11.340039253234863
-11.343531608581543
-11.350995063781738
-11.355000495910645
-11.357833862304688
-11.359169006347656
-11.366655349731445
-11.364712715148926
-11.3720703125
-11.370262145996094
-11.367737770080566
-11.365317344665527
-11.370401382446289
-11.369233131408691
-11.371477127075195
-11.375404357910156
-11.374030113220215
-11.367047309875488
-11.369291305541992
-11.365862846374512
-11.358263969421387
-11.346593856811523
-11.344282150268555
-11.343070983886719
-11.349888801574707
-11.35673713684082
-11.364274978637695
-11.371556282043457
-11.375091552734375
-11.374759674072266
-11.372712135314941
-11.37421989440918
-11.36980152130127
-11.37008285522461
-11.373802185058594
-11.372520446777344
-11.367969512939453
-11.365653991699219
-11.364734649658203
-11.368236541748047
-11.369452476501465
-11.371472358703613
-11.374204635620117
-11.371395111083984
-11.37451457977295
-11.371442794799805
-11.371023178100586
-11.368972778320312
-11.366533279418945
-11.36414623260498
-11.356597900390625
-11.345370292663574
-11.330591201782227
-11.325875282287598
-11.329297065734863
-11.332756042480469
-11.34672737121582
-11.358120918273926
-11.359874725341797
-11.353252410888672
-11.340530395507812
-11.337469100952148
-11.3329496383667
-11.328473091125488
-11.32397174835205
-11.333984375
-11.353410720825195
-11.372603416442871
-11.369956970214844
-11.341437339782715
-11.298543930053711
-11.277910232543945
-11.306135177612305
-11.343013763427734
-11.365143775939941
-11.375370979309082
-11.368791580200195
-11.366649627685547
-11.36813735961914
-11.371329307556152
-11.369422912597656
-11.36953067779541
-11.375618934631348
-11.373560905456543
-11.373343467712402
-11.375754356384277
-11.375130653381348
-11.371378898620605
-11.37020206451416
-11.368852615356445
-11.365421295166016
-11.363312721252441
-11.371417045593262
-11.373449325561523
-11.375312805175781
-11.378768920898438
-11.377901077270508
-11.377166748046875
-11.371821403503418
-11.366429328918457
-11.366555213928223
-11.36904525756836
-11.36982536315918
-11.373600959777832
-11.3677339553833
-11.369053840637207
-11.363879203796387
-11.371047973632812
-11.369243621826172
-11.378418922424316
-11.375371932983398
-11.373215675354004
-11.358963966369629
-11.35416030883789
-11.349952697753906
-11.352383613586426
-11.356968879699707
-11.358489990234375
-11.359728813171387
-11.366942405700684
-11.374420166015625
-11.36771297454834
-11.341715812683105
-11.303644180297852
-11.304750442504883
-11.324427604675293
-11.352158546447754
-11.372014999389648
-11.37724494934082
-11.376399993896484
-11.379761695861816
-11.377471923828125
-11.380553245544434
-11.378927230834961
-11.37588119506836
-11.374603271484375
-11.368427276611328
-11.360331535339355
-11.348432540893555
-11.353930473327637
-11.356911659240723
-11.366371154785156
-11.373055458068848
-11.377239227294922
-11.373570442199707
-11.362176895141602
-11.346476554870605
-11.332496643066406
-11.327438354492188
-11.339844703674316
-11.357502937316895
-11.372977256774902
-11.37757682800293
-11.373614311218262
-11.372587203979492
-11.37098503112793
-11.37291145324707
-11.373985290527344
-11.377764701843262
-11.37984561920166
-11.379219055175781
-11.3783597946167
-11.378623962402344
-11.377346992492676
-11.373449325561523
-11.37472915649414
-11.374246597290039
-11.377392768859863
-11.378303527832031
-11.382061004638672
-11.380060195922852
-11.382476806640625
-11.375385284423828
-11.374349594116211
-11.369558334350586
-11.364215850830078
-11.352073669433594
-11.339948654174805
-11.324417114257812
-11.31551456451416
-11.331743240356445
-11.359600067138672
-11.37906265258789
-11.378549575805664
-11.36776351928711
-11.350817680358887
-11.33648681640625
-11.327593803405762
-11.33742904663086
-11.356654167175293
-11.373466491699219
-11.380653381347656
-11.380874633789062
-11.382460594177246
-11.379583358764648
-11.378849029541016
-11.379638671875
-11.377852439880371
-11.376029014587402
-11.375057220458984
-11.3707914352417
-11.373860359191895
-11.376263618469238
-11.379242897033691
-11.383472442626953
-11.380733489990234
-11.381794929504395
-11.381073951721191
-11.37910270690918
-11.372771263122559
-11.36548137664795
-11.36009693145752
-11.345881462097168
-11.338496208190918
-11.331186294555664
-11.348021507263184
-11.359757423400879
-11.363199234008789
-11.373074531555176
-11.377280235290527
-11.384355545043945
-11.384002685546875
-11.381998062133789
-11.379890441894531
-11.381421089172363
-11.381636619567871
-11.38154125213623
-11.380903244018555
-11.376631736755371
-11.36388111114502
-11.355857849121094
-11.34740161895752
-11.341001510620117
-11.342549324035645
-11.35342025756836
-11.35708999633789
-11.35586929321289
-11.359073638916016
-11.361328125
-11.371368408203125
-11.374809265136719
-11.37939739227295
-11.382906913757324
-11.381698608398438
-11.387503623962402
-11.382567405700684
-11.383070945739746
-11.383325576782227
-11.384592056274414
-11.382246017456055
-11.3807373046875
-11.379528045654297
-11.373368263244629
-11.362201690673828
-11.351652145385742
-11.34444808959961
-11.34472370147705
-11.342384338378906
-11.35379409790039
-11.372812271118164
-11.383889198303223
-11.386202812194824
-11.381028175354004
-11.371356010437012
-11.358781814575195
-11.353486061096191
-11.357553482055664
-11.361692428588867
-11.371190071105957
-11.381783485412598
-11.38623046875
-11.382318496704102
-11.384069442749023
-11.383044242858887
-11.383734703063965
-11.379720687866211
-11.372509002685547
-11.354777336120605
-11.335718154907227
-11.324847221374512
-11.3497953414917
-11.374314308166504
-11.385708808898926
-11.380446434020996
-11.358491897583008
-11.33570671081543
-11.323519706726074
-11.34013557434082
-11.363516807556152
-11.376872062683105
-11.376851081848145
-11.381980895996094
-11.38272762298584
-11.380547523498535
-11.372164726257324
-11.365668296813965
-11.368953704833984
-11.372586250305176
-11.379046440124512
-11.379415512084961
-11.374713897705078
-11.374526977539062
-11.375566482543945
-11.368749618530273
-11.362360954284668
-11.358169555664062
-11.36388111114502
-11.368244171142578
-11.37679386138916
-11.367181777954102
-11.358121871948242
-11.344012260437012
-11.345061302185059
-11.357091903686523
-11.378983497619629
-11.383200645446777
-11.371467590332031
-11.331710815429688
-11.300235748291016
-11.330254554748535
-11.37307357788086
-11.350916862487793
-11.232501983642578
-11.187172889709473
-11.351395606994629
-11.376663208007812
-11.307657241821289
-11.276928901672363
-11.345840454101562
-11.3844575881958
-11.368885040283203
-11.334402084350586
-11.33020305633545
-11.362473487854004
-11.384987831115723
-11.371306419372559
-11.345231056213379
-11.34367561340332
-11.37343692779541
-11.389090538024902
-11.38052749633789
-11.36595344543457
-11.35562515258789
-11.356209754943848
-11.377165794372559
-11.389509201049805
-11.387496948242188
-11.377074241638184
-11.371264457702637
-11.373052597045898
-11.378695487976074
-11.386676788330078
-11.389786720275879
-11.378872871398926
-11.366365432739258
-11.362770080566406
-11.369443893432617
-11.380664825439453
-11.384459495544434
-11.387497901916504
-11.388627052307129
-11.379287719726562
-11.364039421081543
-11.355334281921387
-11.357861518859863
-11.370183944702148
-11.385878562927246
-11.38792610168457
-11.385333061218262
-11.377339363098145
-11.372570991516113
-11.377751350402832
-11.384845733642578
-11.3875093460083
-11.383456230163574
-11.37942886352539
-11.369529724121094
-11.363039016723633
-11.368830680847168
-11.38595199584961
-11.391153335571289
-11.387731552124023
-11.381635665893555
-11.377704620361328
-11.375723838806152
-11.379219055175781
-11.386761665344238
-11.386632919311523
-11.393357276916504
-11.390896797180176
-11.389115333557129
-11.3859224319458
-11.384455680847168
-11.38228988647461
-11.38197135925293
-11.384481430053711
-11.384739875793457
-11.388051986694336
-11.391693115234375
-11.390430450439453
-11.3890962600708
-11.387941360473633
-11.387862205505371
-11.383732795715332
-11.38532543182373
-11.385518074035645
-11.388246536254883
-11.386370658874512
-11.385258674621582
-11.386510848999023
-11.385786056518555
-11.388577461242676
-11.392854690551758
-11.393497467041016
-11.389552116394043
-11.388219833374023
-11.384077072143555
-11.385621070861816
-11.38541316986084
-11.389616012573242
-11.39124584197998
-11.387887954711914
-11.392863273620605
-11.392202377319336
-11.391873359680176
-11.39236831665039
-11.3906831741333
-11.387676239013672
-11.385419845581055
-11.38770580291748
-11.389664649963379
-11.388285636901855
-11.390295028686523
-11.385795593261719
-11.38790225982666
-11.388127326965332
-11.390403747558594
-11.390416145324707
-11.387697219848633
-11.391440391540527
-11.391009330749512
-11.393271446228027
-11.390223503112793
-11.393509864807129
-11.393058776855469
-11.392670631408691
-11.393406867980957
-11.393014907836914
-11.39581298828125
-11.392794609069824
-11.38740062713623
-11.382518768310547
-11.378013610839844
-11.372174263000488
-11.36367416381836
-11.357247352600098
-11.3519926071167
-11.362763404846191
-11.3798246383667
-11.390604019165039
-11.391542434692383
-11.391160011291504
-11.385560989379883
-11.378863334655762
-11.373980522155762
-11.368047714233398
-11.364683151245117
-11.362035751342773
-11.362103462219238
-11.367500305175781
-11.378022193908691
-11.382207870483398
-11.388219833374023
-11.39112377166748
-11.39173698425293
-11.391695022583008
-11.390563011169434
-11.386205673217773
-11.37389850616455
-11.364806175231934
-11.356568336486816
-11.35523509979248
-11.363886833190918
-11.377598762512207
-11.385096549987793
-11.39192008972168
-11.391745567321777
-11.3941650390625
-11.393464088439941
-11.39310073852539
-11.391448974609375
-11.39108657836914
-11.390165328979492
-11.390264511108398
-11.392358779907227
-11.392708778381348
-11.39077377319336
-11.380509376525879
-11.366167068481445
-11.35362434387207
-11.35195255279541
-11.366929054260254
-11.379864692687988
-11.385665893554688
-11.389182090759277
-11.393930435180664
-11.394864082336426
-11.392526626586914
-11.391819953918457
-11.393494606018066
-11.389863014221191
-11.384089469909668
-11.376227378845215
-11.360997200012207
-11.347877502441406
-11.342312812805176
-11.359901428222656
-11.382198333740234
-11.395343780517578
-11.391921043395996
-11.383129119873047
-11.383910179138184
-11.38717269897461
-11.395254135131836
-11.394330978393555
-11.391406059265137
-11.38922119140625
-11.389801025390625
-11.391676902770996
-11.39200210571289
-11.393383026123047
-11.395059585571289
-11.394036293029785
-11.392255783081055
-11.388978004455566
-11.38611125946045
-11.382013320922852
-11.37849235534668
-11.374676704406738
-11.371535301208496
-11.365311622619629
-11.354877471923828
-11.34572696685791
-11.348241806030273
-11.36002254486084
-11.376782417297363
-11.390091896057129
-11.388810157775879
-11.374109268188477
-11.346014976501465
-11.340679168701172
-11.351238250732422
-11.374382019042969
-11.391657829284668
-11.392609596252441
-11.394103050231934
-11.390165328979492
-11.39330005645752
-11.391194343566895
-11.395139694213867
-11.393146514892578
-11.394956588745117
-11.394699096679688
-11.396077156066895
-11.391733169555664
-11.383749008178711
-11.376346588134766
-11.368082046508789
-11.36664867401123
-11.367661476135254
-11.376056671142578
-11.380976676940918
-11.385833740234375
-11.395160675048828
-11.396953582763672
-11.393648147583008
-11.386849403381348
-11.374442100524902
-11.36380672454834
-11.364094734191895
-11.373250961303711
-11.379902839660645
-11.388094902038574
-11.392412185668945
-11.396230697631836
-11.395563125610352
-11.392157554626465
-11.379752159118652
-11.361124992370605
-11.345223426818848
-11.345958709716797
-11.360547065734863
-11.375041961669922
-11.387771606445312
-11.394124031066895
-11.397859573364258
-11.398295402526855
-11.392393112182617
-11.38929557800293
-11.376434326171875
-11.355698585510254
-11.339871406555176
-11.341848373413086
-11.354644775390625
-11.36584758758545
-11.383602142333984
-11.394320487976074
-11.394965171813965
-11.395954132080078
-11.395939826965332
-11.395609855651855
-11.39652156829834
-11.389398574829102
-11.386134147644043
-11.382246971130371
-11.384927749633789
-11.387283325195312
-11.384793281555176
-11.380535125732422
-11.376734733581543
-11.365827560424805
-11.367147445678711
-11.3797025680542
-11.390443801879883
-11.392814636230469
-11.394203186035156
-11.384060859680176
-11.368156433105469
-11.34221076965332
-11.341751098632812
-11.356261253356934
-11.374833106994629
-11.39204216003418
-11.396134376525879
-11.396577835083008
-11.396259307861328
-11.395427703857422
-11.396355628967285
-11.399470329284668
-11.398374557495117
-11.39497184753418
-11.39435863494873
-11.394729614257812
-11.395241737365723
-11.393321990966797
-11.392837524414062
-11.397978782653809
-11.397146224975586
-11.396655082702637
-11.39141845703125
-11.375338554382324
-11.353208541870117
-11.341018676757812
-11.352850914001465
-11.36230182647705
-11.369373321533203
-11.369976997375488
-11.376762390136719
-11.388202667236328
-11.394779205322266
-11.399676322937012
-11.395079612731934
-11.392779350280762
-11.389440536499023
-11.3865966796875
-11.384057998657227
-11.383426666259766
-11.389595985412598
-11.398334503173828
-11.389931678771973
-11.370342254638672
-11.345834732055664
-11.33695125579834
-11.355300903320312
-11.378026962280273
-11.395419120788574
-11.39292049407959
-11.360569953918457
-11.315335273742676
-11.311988830566406
-11.360678672790527
-11.389975547790527
-11.395906448364258
-11.371346473693848
-11.351798057556152
-11.371724128723145
-11.3937406539917
-11.393230438232422
-11.377863883972168
-11.351513862609863
-11.343615531921387
-11.367656707763672
-11.389163970947266
-11.393980979919434
-11.377426147460938
-11.361945152282715
-11.365408897399902
-11.387494087219238
-11.391483306884766
-11.380736351013184
-11.367573738098145
-11.3532075881958
-11.348939895629883
-11.367207527160645
-11.390026092529297
-11.397507667541504
-11.393546104431152
-11.381982803344727
-11.371410369873047
-11.380264282226562
-11.39163875579834
-11.40021800994873
-11.396041870117188
-11.385115623474121
-11.379390716552734
-11.386001586914062
-11.397693634033203
-11.40034008026123
-11.400216102600098
-11.392536163330078
-11.38797378540039
-11.384476661682129
-11.383459091186523
-11.38970947265625
-11.388588905334473
-11.392572402954102
-11.396039962768555
-11.40041446685791
-11.399801254272461
-11.400065422058105
-11.398589134216309
-11.395059585571289
-11.395556449890137
-11.394817352294922
-11.397629737854004
-11.40218734741211
-11.402466773986816
-11.400840759277344
-11.402240753173828
-11.401090621948242
-11.398746490478516
-11.3998441696167
-11.401185035705566
-11.402485847473145
-11.402796745300293
-11.402170181274414
-11.401641845703125
-11.402663230895996
-11.399446487426758
-11.39673900604248
-11.395262718200684
-11.39706802368164
-11.399896621704102
-11.401533126831055
-11.402456283569336
-11.400569915771484
-11.403483390808105
-11.401896476745605
-11.40371322631836
-11.402310371398926
-11.402256965637207
-11.40219783782959
-11.402256965637207
-11.403022766113281
-11.401604652404785
-11.402563095092773
-11.399911880493164
-11.402220726013184
-11.401437759399414
-11.398482322692871
-11.397297859191895
-11.395095825195312
-11.391485214233398
-11.393823623657227
-11.385509490966797
-11.385507583618164
-11.386696815490723
-11.392657279968262
-11.397298812866211
-11.40019702911377
-11.402315139770508
-11.402336120605469
-11.398019790649414
-11.39527416229248
-11.394492149353027
-11.390941619873047
-11.388065338134766
-11.381437301635742
-11.378020286560059
-11.375808715820312
-11.381227493286133
-11.387452125549316
-11.39638900756836
-11.40029239654541
-11.39913558959961
-11.400556564331055
-11.4015474319458
-11.403971672058105
-11.401989936828613
-11.402543067932129
-11.400089263916016
-11.39981746673584
-11.399147987365723
-11.392716407775879
-11.385018348693848
-11.3743896484375
-11.3681001663208
-11.36702823638916
-11.372203826904297
-11.381539344787598
-11.395075798034668
-11.398513793945312
-11.404284477233887
-11.402676582336426
-11.403053283691406
-11.401586532592773
-11.398931503295898
-11.396090507507324
-11.388591766357422
-11.386241912841797
-11.382250785827637
-11.380823135375977
-11.38248348236084
-11.383527755737305
-11.3879976272583
-11.394068717956543
-11.400582313537598
-11.399469375610352
-11.401033401489258
-11.403450012207031
-11.403977394104004
-11.402557373046875
-11.400396347045898
-11.402953147888184
-11.402822494506836
-11.404340744018555
-11.39882755279541
-11.396753311157227
-11.389554977416992
-11.382650375366211
-11.38135051727295
-11.374699592590332
-11.37497329711914
-11.372693061828613
-11.371664047241211
-11.37381649017334
-11.380108833312988
-11.383892059326172
-11.391517639160156
-11.39920711517334
-11.40317440032959
-11.40385627746582
-11.403592109680176
-11.402447700500488
-11.399885177612305
-11.394960403442383
-11.394700050354004
-11.394052505493164
-11.392646789550781
-11.39197826385498
-11.394258499145508
-11.389822959899902
-11.389683723449707
-11.38962459564209
-11.38865852355957
-11.384920120239258
-11.38359260559082
-11.386815071105957
-11.38431167602539
-11.37673282623291
-11.371915817260742
-11.371932983398438
-11.37051010131836
-11.380621910095215
-11.393082618713379
-11.399249076843262
-11.385942459106445
-11.361371040344238
-11.342144966125488
-11.349539756774902
-11.382462501525879
-11.401277542114258
-11.401514053344727
-11.390073776245117
-11.368590354919434
-11.352214813232422
-11.359732627868652
-11.381152153015137
-11.40123176574707
-11.39942455291748
-11.386643409729004
-11.370579719543457
-11.36888599395752
-11.380675315856934
-11.388486862182617
-11.388639450073242
-11.384051322937012
-11.381433486938477
-11.378211975097656
-11.384392738342285
-11.39798355102539
-11.39143180847168
-11.360433578491211
-11.341883659362793
-11.35089111328125
-11.384490013122559
-11.401713371276855
-11.403328895568848
-11.39341926574707
-11.381153106689453
-11.366739273071289
-11.362871170043945
-11.378432273864746
-11.39829158782959
-11.402932167053223
-11.39345645904541
-11.385955810546875
-11.383715629577637
-11.389426231384277
-11.394906044006348
-11.402914047241211
-11.405900955200195
-11.405929565429688
-11.393134117126465
-11.38136100769043
-11.368496894836426
-11.366314888000488
-11.370349884033203
-11.389646530151367
-11.401739120483398
-11.403306007385254
-11.401276588439941
-11.399608612060547
-11.402194023132324
-11.403083801269531
-11.40313720703125
-11.402915954589844
-11.398313522338867
-11.386809349060059
-11.378898620605469
-11.37669563293457
-11.383221626281738
-11.390789031982422
-11.402254104614258
-11.40571117401123
-11.403027534484863
-11.394328117370605
-11.380486488342285
-11.36989688873291
-11.370898246765137
-11.37935733795166
-11.387521743774414
-11.392020225524902
-11.397383689880371
-11.399447441101074
-11.395906448364258
-11.393634796142578
-11.379192352294922
-11.363529205322266
-11.345046997070312
-11.343646049499512
-11.37159252166748
-11.388569831848145
-11.401843070983887
-11.39113998413086
-11.354351043701172
-11.32895278930664
-11.353012084960938
-11.38465404510498
-11.404836654663086
-11.397453308105469
-11.382644653320312
-11.379648208618164
-11.388581275939941
-11.400224685668945
-11.399022102355957
-11.385818481445312
-11.380637168884277
-11.383743286132812
-11.394434928894043
-11.401642799377441
-11.402405738830566
-11.39248275756836
-11.375899314880371
-11.3793363571167
-11.394739151000977
-11.406318664550781
-11.406805992126465
-11.403702735900879
-11.40180778503418
-11.39991569519043
-11.401103973388672
-11.404239654541016
-11.406517028808594
-11.40548324584961
-11.407355308532715
-11.406941413879395
-11.407078742980957
-11.409610748291016
-11.405084609985352
-11.407685279846191
-11.405263900756836
-11.40597152709961
-11.406112670898438
-11.407414436340332
-11.405211448669434
-11.405447959899902
-11.407066345214844
-11.406436920166016
-11.40661907196045
-11.407167434692383
-11.405081748962402
-11.406761169433594
-11.404767990112305
-11.408095359802246
-11.406831741333008
-11.406623840332031
-11.407816886901855
-11.408205032348633
-11.40889835357666
-11.409296989440918
-11.408924102783203
-11.408628463745117
-11.406522750854492
-11.40611743927002
-11.407390594482422
-11.406218528747559
-11.405990600585938
-11.40902042388916
-11.409342765808105
-11.407180786132812
-11.406926155090332
-11.405763626098633
-11.405162811279297
-11.401651382446289
-11.399148941040039
-11.395788192749023
-11.395027160644531
-11.393508911132812
-11.395050048828125
-11.398209571838379
-11.400890350341797
-11.404860496520996
-11.407917022705078
-11.406360626220703
-11.396049499511719
-11.389493942260742
-11.378121376037598
-11.365848541259766
-11.357009887695312
-11.365791320800781
-11.382128715515137
-11.398415565490723
-11.406208992004395
-11.409382820129395
-11.407769203186035
-11.405978202819824
-11.40331745147705
-11.398233413696289
-11.398885726928711
-11.396178245544434
-11.399487495422363
-11.40488338470459
-11.405000686645508
-11.379570007324219
-11.3449125289917
-11.339406967163086
-11.364991188049316
-11.396562576293945
-11.408868789672852
-11.400224685668945
-11.386324882507324
-11.368982315063477
-11.371281623840332
-11.390037536621094
-11.404396057128906
-11.39862060546875
-11.368294715881348
-11.33411979675293
-11.326322555541992
-11.366156578063965
-11.402091026306152
-11.393982887268066
-11.351977348327637
-11.337194442749023
-11.36443042755127
-11.393815040588379
-11.404537200927734
-11.400213241577148
-11.37212085723877
-11.341821670532227
-11.346529960632324
-11.384907722473145
-11.405278205871582
-11.399194717407227
-11.384739875793457
-11.372136116027832
-11.37472915649414
-11.38723373413086
-11.400240898132324
-11.408166885375977
-11.40579605102539
-11.400613784790039
-11.393866539001465
-11.390506744384766
-11.391398429870605
-11.399275779724121
-11.40539264678955
-11.408236503601074
-11.412622451782227
-11.40976333618164
-11.407318115234375
-11.409406661987305
-11.409168243408203
-11.410377502441406
-11.409841537475586
-11.409011840820312
-11.409418106079102
-11.4113130569458
-11.409013748168945
-11.40969181060791
-11.408562660217285
-11.4091796875
-11.409613609313965
-11.408652305603027
-11.402482986450195
-11.398962020874023
-11.39747142791748
-11.401244163513184
-11.403308868408203
-11.40634536743164
-11.409967422485352
-11.409600257873535
-11.410058975219727
-11.409045219421387
-11.410799026489258
-11.409700393676758
-11.409699440002441
-11.408560752868652
-11.410656929016113
-11.407933235168457
-11.409628868103027
-11.410374641418457
-11.40987777709961
-11.410293579101562
-11.411599159240723
-11.408927917480469
-11.405991554260254
-11.409794807434082
-11.410181045532227
-11.409724235534668
-11.409711837768555
-11.409838676452637
-11.408426284790039
-11.40989875793457
-11.409878730773926
-11.411982536315918
-11.409913063049316
-11.410326957702637
-11.408125877380371
-11.405838966369629
-11.403810501098633
-11.404178619384766
-11.405355453491211
-11.405473709106445
-11.407394409179688
-11.409539222717285
-11.407181739807129
-11.41225814819336
-11.410394668579102
-11.411580085754395
-11.407940864562988
-11.405473709106445
-11.401789665222168
-11.404144287109375
-11.4044828414917
-11.40481948852539
-11.403779029846191
-11.400559425354004
-11.396713256835938
-11.39139461517334
-11.387492179870605
-11.384896278381348
-11.388321876525879
-11.397991180419922
-11.403278350830078
-11.405475616455078
-11.405783653259277
-11.406303405761719
-11.406879425048828
-11.410243034362793
-11.407000541687012
-11.407612800598145
-11.405643463134766
-11.396683692932129
-11.391623497009277
-11.38659381866455
-11.38791275024414
-11.394028663635254
-11.398330688476562
-11.398676872253418
-11.396501541137695
-11.393153190612793
-11.392416000366211
-11.395761489868164
-11.395870208740234
-11.399471282958984
-11.399423599243164
-11.39874267578125
-11.398513793945312
-11.395599365234375
-11.390192985534668
-11.381778717041016
-11.373616218566895
-11.368912696838379
-11.364313125610352
-11.36888599395752
-11.382250785827637
-11.394552230834961
-11.40792465209961
-11.40985107421875
-11.398994445800781
-11.37048625946045
-11.333362579345703
-11.332164764404297
-11.362812042236328
-11.391619682312012
-11.399469375610352
-11.399901390075684
-11.3992280960083
-11.398735046386719
-11.400774955749512
-11.407442092895508
-11.409300804138184
-11.40853214263916
-11.411809921264648
-11.409956932067871
-11.411346435546875
-11.410785675048828
-11.407536506652832
-11.401613235473633
-11.392507553100586
-11.379693984985352
-11.358733177185059
-11.359654426574707
-11.378228187561035
-11.397396087646484
-11.406681060791016
-11.409345626831055
-11.411928176879883
-11.410787582397461
-11.410901069641113
-11.408620834350586
-11.407343864440918
-11.402984619140625
-11.395467758178711
-11.384119033813477
-11.377240180969238
-11.37302303314209
-11.380127906799316
-11.387191772460938
-11.395242691040039
-11.404054641723633
-11.409972190856934
-11.410605430603027
-11.41065502166748
-11.409786224365234
-11.40396499633789
-11.398340225219727
-11.393844604492188
-11.393357276916504
-11.39399528503418
-11.392313957214355
-11.388466835021973
-11.38560962677002
-11.386861801147461
-11.391491889953613
-11.401382446289062
-11.408443450927734
-11.41156005859375
-11.413708686828613
-11.411027908325195
-11.40593433380127
-11.406966209411621
-11.404548645019531
-11.401351928710938
-11.398870468139648
-11.394248008728027
-11.39009952545166
-11.392352104187012
-11.398422241210938
-11.404287338256836
-11.407124519348145
-11.411637306213379
-11.409631729125977
-11.407522201538086
-11.406085014343262
-11.406447410583496
-11.40721607208252
-11.41091251373291
-11.410992622375488
-11.413409233093262
-11.412528038024902
-11.410622596740723
-11.405961990356445
-11.402237892150879
-11.395984649658203
-11.38927173614502
-11.382925033569336
-11.384803771972656
-11.384912490844727
-11.393827438354492
-11.400313377380371
-11.39913272857666
-11.396621704101562
-11.39665699005127
-11.401503562927246
-11.409278869628906
-11.413640975952148
-11.407519340515137
-11.403999328613281
-11.390021324157715
-11.378849983215332
-11.374844551086426
-11.385139465332031
-11.40186882019043
-11.409042358398438
-11.412569999694824
-11.405169486999512
-11.392048835754395
-11.37313175201416
-11.361407279968262
-11.363463401794434
-11.386480331420898
-11.405458450317383
-11.410646438598633
-11.395307540893555
-11.369996070861816
-11.364781379699707
-11.375900268554688
-11.396442413330078
-11.409322738647461
-11.409597396850586
-11.394633293151855
-11.352410316467285
-11.329352378845215
-11.353019714355469
-11.398172378540039
-11.411577224731445
-11.374090194702148
-11.314122200012207
-11.322853088378906
-11.389853477478027
-11.412315368652344
-11.381564140319824
-11.336295127868652
-11.326676368713379
-11.37833309173584
-11.410067558288574
-11.407571792602539
-11.388011932373047
-11.379178047180176
-11.384867668151855
-11.397208213806152
-11.411534309387207
-11.413182258605957
-11.401823043823242
-11.38932991027832
-11.390178680419922
-11.399280548095703
-11.411099433898926
-11.413984298706055
-11.412205696105957
-11.405104637145996
-11.400481224060059
-11.393804550170898
-11.391755104064941
-11.399020195007324
-11.405386924743652
-11.411460876464844
-11.41392707824707
-11.413971900939941
-11.412805557250977
-11.413243293762207
-11.4131441116333
-11.412056922912598
-11.410504341125488
-11.406452178955078
-11.403464317321777
-11.404865264892578
-11.404167175292969
-11.40634536743164
-11.414192199707031
-11.41498851776123
-11.408564567565918
-11.403355598449707
-11.398602485656738
-11.39908504486084
-11.401817321777344
-11.409065246582031
-11.409233093261719
-11.411887168884277
-11.414731979370117
-11.412689208984375
-11.4111909866333
-11.40838623046875
-11.410513877868652
-11.411836624145508
-11.412847518920898
-11.411794662475586
-11.41330623626709
-11.413965225219727
-11.412270545959473
-11.414070129394531
-11.414618492126465
-11.414734840393066
-11.412464141845703
-11.41321086883545
-11.412443161010742
-11.412416458129883
-11.413121223449707
-11.411858558654785
-11.410638809204102
-11.410505294799805
-11.411885261535645
-11.41252613067627
-11.41161060333252
-11.41348648071289
-11.411348342895508
-11.408426284790039
-11.406532287597656
-11.409422874450684
-11.410146713256836
-11.413928031921387
-11.41537094116211
-11.415472030639648
-11.41563606262207
-11.415266036987305
-11.412013053894043
-11.410714149475098
-11.410412788391113
-11.40771770477295
-11.406342506408691
-11.408304214477539
-11.40954303741455
-11.410443305969238
-11.411945343017578
-11.414496421813965
-11.412919998168945
-11.414978981018066
-11.41446590423584
-11.41428279876709
-11.41494369506836
-11.416019439697266
-11.415660858154297
-11.414510726928711
-11.414239883422852
-11.416291236877441
-11.415059089660645
-11.413948059082031
-11.411844253540039
-11.413373947143555
-11.412332534790039
-11.412650108337402
-11.412201881408691
-11.407623291015625
-11.404157638549805
-11.401335716247559
-11.401472091674805
-11.402520179748535
-11.402920722961426
-11.406453132629395
-11.410161018371582
-11.413630485534668
-11.414834022521973
-11.415090560913086
-11.410395622253418
-11.403766632080078
-11.401416778564453
-11.395852088928223
-11.39650821685791
-11.399322509765625
-11.404197692871094
-11.40826416015625
-11.41049575805664
-11.406380653381348
-11.406091690063477
-11.402032852172852
-11.403334617614746
-11.399224281311035
-11.397494316101074
-11.400142669677734
-11.402185440063477
-11.411042213439941
-11.414754867553711
-11.413875579833984
-11.414902687072754
-11.41528034210205
-11.415302276611328
-11.407301902770996
-11.39804458618164
-11.387617111206055
-11.380005836486816
-11.382983207702637
-11.394742965698242
-11.407197952270508
-11.414917945861816
-11.414043426513672
-11.4144287109375
-11.415908813476562
-11.415145874023438
-11.415875434875488
-11.4146089553833
-11.415176391601562
-11.411752700805664
-11.407519340515137
-11.402643203735352
-11.396081924438477
-11.396008491516113
-11.40341854095459
-11.411261558532715
-11.408943176269531
-11.371556282043457
-11.31545352935791
-11.30709171295166
-11.378600120544434
-11.409137725830078
-11.369385719299316
-11.305220603942871
-11.299396514892578
-11.37491226196289
-11.413691520690918
-11.405006408691406
-11.381693840026855
-11.362019538879395
-11.367867469787598
-11.38564395904541
-11.405521392822266
-11.413631439208984
-11.408002853393555
-11.402746200561523
-11.399507522583008
-11.402745246887207
-11.409651756286621
-11.415359497070312
-11.413982391357422
-11.416975975036621
-11.409733772277832
-11.405550003051758
-11.398009300231934
-11.396621704101562
-11.398751258850098
-11.397748947143555
-11.405803680419922
-11.409219741821289
-11.406222343444824
-11.403060913085938
-11.39195728302002
-11.386662483215332
-11.380167007446289
-11.384259223937988
-11.392478942871094
-11.409262657165527
