loss_v
-5.3684282302856445
-5.6673665046691895
-5.735744953155518
-5.6787214279174805
-5.862652778625488
-5.7551422119140625
-5.645542144775391
-5.918007850646973
-5.612521171569824
-5.846058368682861
-5.943016529083252
-5.777292728424072
-6.004048824310303
-6.005047798156738
-5.9249982833862305
-5.969976902008057
-6.080286502838135
-6.186104774475098
-5.812481880187988
-6.113609790802002
-6.1097846031188965
-6.244135856628418
-6.021403789520264
-6.028684616088867
-6.084497928619385
-6.154712677001953
-6.05066442489624
-6.244137763977051
-6.1058173179626465
-6.154026508331299
-6.235611438751221
-6.307248115539551
-6.25678825378418
-6.155213832855225
-6.333745956420898
-6.216163158416748
-6.246464729309082
-6.225406169891357
-6.404760837554932
-6.458711624145508
-6.236352443695068
-6.319166660308838
-6.224623203277588
-6.108090400695801
-6.275796413421631
-6.4638566970825195
-6.104482650756836
-6.452225208282471
-6.299760341644287
-6.342956066131592
-6.2993292808532715
-6.284544467926025
-6.399774551391602
-6.512013912200928
-6.301191806793213
-6.6184186935424805
-6.502808094024658
-6.562168598175049
-6.359088897705078
-6.546631813049316
-6.622518062591553
-6.515668869018555
-6.670188903808594
-6.723774433135986
-6.551194667816162
-6.578566551208496
-6.599702835083008
-6.635923862457275
-6.593315124511719
-6.875171661376953
-6.639479160308838
-6.621264457702637
-6.738316535949707
-6.637744426727295
-6.657594680786133
-6.58473539352417
-6.722744464874268
-6.726615905761719
-6.756004333496094
-6.563658714294434
-6.835450172424316
-6.935089588165283
-6.848630905151367
-6.854859352111816
-6.733344078063965
-6.880261421203613
-6.926505088806152
-6.866512775421143
-6.96537971496582
-6.93146276473999
-6.851649761199951
-6.91741943359375
-6.957642555236816
-7.058063507080078
-7.013445854187012
-7.053756237030029
-7.22636604309082
-7.033912658691406
-7.128358364105225
-6.9251322746276855
-7.204380989074707
-7.1609206199646
-7.320932388305664
-7.204721927642822
-7.218001365661621
-7.23568058013916
-7.378833770751953
-7.489202499389648
-7.314907550811768
-7.334820747375488
-7.518378734588623
-7.593000888824463
-7.545034408569336
-7.625840187072754
-7.6405415534973145
-7.6508989334106445
-7.708245754241943
-7.7337965965271
-7.74908447265625
-7.81535005569458
-7.832807540893555
-7.89725923538208
-7.93373966217041
-7.980834484100342
-7.943670272827148
-7.986988067626953
-8.172628402709961
-8.165620803833008
-8.149415016174316
-8.259454727172852
-8.278138160705566
-8.274816513061523
-8.463811874389648
-8.507280349731445
-8.502967834472656
-8.560714721679688
-8.59402847290039
-8.687358856201172
-8.796040534973145
-8.908834457397461
-8.840243339538574
-9.046570777893066
-9.026830673217773
-8.993850708007812
-9.082282066345215
-9.219130516052246
-9.170282363891602
-9.340628623962402
-9.187225341796875
-9.305424690246582
-9.254597663879395
-9.432421684265137
-9.137121200561523
-9.310811996459961
-9.266609191894531
-9.334342002868652
-9.508734703063965
-9.331155776977539
-9.475324630737305
-9.436224937438965
-9.510475158691406
-9.54617977142334
-9.528611183166504
-9.674193382263184
-9.585197448730469
-9.685592651367188
-9.63851547241211
-9.69747543334961
-9.66028881072998
-9.6869478225708
-9.679015159606934
-9.731073379516602
-9.812773704528809
-9.75487995147705
-9.807948112487793
-9.745284080505371
-9.880948066711426
-9.825695037841797
-9.90164852142334
-9.817344665527344
-9.782696723937988
-9.856257438659668
-9.878458023071289
-9.917823791503906
-9.958288192749023
-9.921001434326172
-9.975183486938477
-9.954861640930176
-9.983810424804688
-9.947223663330078
-9.968432426452637
-9.940228462219238
-10.003013610839844
-10.012405395507812
-9.981891632080078
-10.022629737854004
-10.013471603393555
-9.994159698486328
-10.064533233642578
-10.012031555175781
-10.041666984558105
-10.103547096252441
-10.043588638305664
-10.074544906616211
-10.033098220825195
-10.168285369873047
-10.091540336608887
-10.137835502624512
-10.114117622375488
-10.035823822021484
-10.166791915893555
-10.124237060546875
-10.141435623168945
-10.159385681152344
-10.216659545898438
-10.171590805053711
-10.107478141784668
-10.175328254699707
-10.15435791015625
-10.107423782348633
-10.170912742614746
-10.228693962097168
-10.131865501403809
-10.21475601196289
-10.140028953552246
-10.211214065551758
-10.218563079833984
-10.165892601013184
-10.271350860595703
-10.192656517028809
-10.179553031921387
-10.152887344360352
-10.212398529052734
-10.262045860290527
-10.130032539367676
-10.205742835998535
-10.228850364685059
-10.260403633117676
-10.223462104797363
-10.232702255249023
-10.26444149017334
-10.22924518585205
-10.259136199951172
-10.251473426818848
-10.281282424926758
-10.262703895568848
-10.29754638671875
-10.332291603088379
-10.240425109863281
-10.296021461486816
-10.295024871826172
-10.286389350891113
-10.322023391723633
-10.334331512451172
-10.385322570800781
-10.35204792022705
-10.316927909851074
-10.313009262084961
-10.348123550415039
-10.342981338500977
-10.319847106933594
-10.323225021362305
-10.359116554260254
-10.33320140838623
-10.309614181518555
-10.394156455993652
-10.407958984375
-10.3884859085083
-10.399025917053223
-10.442468643188477
-10.386037826538086
-10.37845516204834
-10.358562469482422
-10.355230331420898
-10.34805965423584
-10.380268096923828
-10.38408088684082
-10.440776824951172
-10.446100234985352
-10.376258850097656
-10.40388298034668
-10.428092956542969
-10.414278984069824
-10.327244758605957
-10.433450698852539
-10.441465377807617
-10.413067817687988
-10.378182411193848
-10.41964340209961
-10.479188919067383
-10.41431713104248
-10.43259334564209
-10.437883377075195
-10.424933433532715
-10.477361679077148
-10.41999626159668
-10.470047950744629
-10.448028564453125
-10.437687873840332
-10.505475044250488
-10.48190975189209
-10.49740982055664
-10.420222282409668
-10.481938362121582
-10.486513137817383
-10.482794761657715
-10.47674560546875
-10.465364456176758
-10.465618133544922
-10.499650001525879
-10.492513656616211
-10.47183895111084
-10.548134803771973
-10.510586738586426
-10.504072189331055
-10.527174949645996
-10.524516105651855
-10.536185264587402
-10.517431259155273
-10.5272855758667
-10.56325912475586
-10.509184837341309
-10.466500282287598
-10.499845504760742
-10.53132438659668
-10.57682991027832
-10.566023826599121
-10.525223731994629
-10.5910005569458
-10.57194995880127
-10.53464412689209
-10.56786823272705
-10.544198036193848
-10.539732933044434
-10.574248313903809
-10.554646492004395
-10.57081413269043
-10.604037284851074
-10.57752799987793
-10.559259414672852
-10.611804962158203
-10.572113037109375
-10.590263366699219
-10.610111236572266
-10.57612419128418
-10.601906776428223
-10.631718635559082
-10.56296443939209
-10.613040924072266
-10.612932205200195
-10.588800430297852
-10.681288719177246
-10.598804473876953
-10.585253715515137
-10.567425727844238
-10.561378479003906
-10.570968627929688
-10.609678268432617
-10.666796684265137
-10.608485221862793
-10.594698905944824
-10.55472183227539
-10.627549171447754
-10.642056465148926
-10.618667602539062
-10.601767539978027
-10.590400695800781
-10.638324737548828
-10.628412246704102
-10.6236572265625
-10.585648536682129
-10.636780738830566
-10.665080070495605
-10.648904800415039
-10.648125648498535
-10.643041610717773
-10.689903259277344
-10.626797676086426
-10.606429100036621
-10.657413482666016
-10.654800415039062
-10.677976608276367
-10.636594772338867
-10.653338432312012
-10.692498207092285
-10.62066650390625
-10.649134635925293
-10.629383087158203
-10.67733383178711
-10.675667762756348
-10.693260192871094
-10.67812728881836
-10.700236320495605
-10.685776710510254
-10.69266128540039
-10.684066772460938
-10.697770118713379
-10.696185111999512
-10.696447372436523
-10.691938400268555
-10.71627140045166
-10.73778247833252
-10.704264640808105
-10.703620910644531
-10.713921546936035
-10.684407234191895
-10.717885971069336
-10.732781410217285
-10.700072288513184
-10.709931373596191
-10.7398681640625
-10.729143142700195
-10.747162818908691
-10.711630821228027
-10.724127769470215
-10.718127250671387
-10.72663402557373
-10.741578102111816
-10.725831985473633
-10.744481086730957
-10.72674560546875
-10.722386360168457
-10.739952087402344
-10.753721237182617
-10.77674388885498
-10.751607894897461
-10.738141059875488
-10.725791931152344
-10.752639770507812
-10.735249519348145
-10.765946388244629
-10.73430061340332
-10.733809471130371
-10.745420455932617
-10.728928565979004
-10.664776802062988
-10.690144538879395
-10.7391996383667
-10.746289253234863
-10.731406211853027
-10.687990188598633
-10.731047630310059
-10.777643203735352
-10.778085708618164
-10.764751434326172
-10.773340225219727
-10.768732070922852
-10.761795043945312
-10.784875869750977
-10.769675254821777
-10.77338695526123
-10.789840698242188
-10.762107849121094
-10.811443328857422
-10.795194625854492
-10.766490936279297
-10.766426086425781
-10.769922256469727
-10.81912612915039
-10.790679931640625
-10.784759521484375
-10.81580924987793
-10.813718795776367
-10.811697959899902
-10.787491798400879
-10.820602416992188
-10.821799278259277
-10.77087688446045
-10.774097442626953
-10.767200469970703
-10.797830581665039
-10.808914184570312
-10.805541038513184
-10.81210994720459
-10.814212799072266
-10.774809837341309
-10.793063163757324
-10.826374053955078
-10.826129913330078
-10.822813034057617
-10.839543342590332
-10.82082462310791
-10.822023391723633
-10.827441215515137
-10.840046882629395
-10.853157997131348
-10.84423828125
-10.838647842407227
-10.828253746032715
-10.854588508605957
-10.833639144897461
-10.834548950195312
-10.858745574951172
-10.872138023376465
-10.859918594360352
-10.864952087402344
-10.827357292175293
-10.838081359863281
-10.826008796691895
-10.851003646850586
-10.869317054748535
-10.84554386138916
-10.85865306854248
-10.815269470214844
-10.822074890136719
-10.8444185256958
-10.864649772644043
-10.855420112609863
-10.827003479003906
-10.855671882629395
-10.838730812072754
-10.854080200195312
-10.87437915802002
-10.878230094909668
-10.861787796020508
-10.846822738647461
-10.846508026123047
-10.84947395324707
-10.854690551757812
-10.885969161987305
-10.883440971374512
-10.882001876831055
-10.885643005371094
-10.865982055664062
-10.871654510498047
-10.867059707641602
-10.900125503540039
-10.89600658416748
-10.883914947509766
-10.877312660217285
-10.865121841430664
-10.891818046569824
-10.89704704284668
-10.883708953857422
-10.900854110717773
-10.902113914489746
-10.90471076965332
-10.889278411865234
-10.889742851257324
-10.900135040283203
-10.89116096496582
-10.910148620605469
-10.898250579833984
-10.898590087890625
-10.901458740234375
-10.900189399719238
-10.906251907348633
-10.901215553283691
-10.902118682861328
-10.89300537109375
-10.91561508178711
-10.917879104614258
-10.905256271362305
-10.883771896362305
-10.906583786010742
-10.905118942260742
-10.863892555236816
-10.88855266571045
-10.923860549926758
-10.904776573181152
-10.922355651855469
-10.910651206970215
-10.917966842651367
-10.923079490661621
-10.917555809020996
-10.915214538574219
-10.928560256958008
-10.929926872253418
-10.901069641113281
-10.948183059692383
-10.94653034210205
-10.912592887878418
-10.918181419372559
-10.944068908691406
-10.94202709197998
-10.943635940551758
-10.921006202697754
-10.944656372070312
-10.923840522766113
-10.942315101623535
-10.923445701599121
-10.948774337768555
-10.932868003845215
-10.954303741455078
-10.934718132019043
-10.923095703125
-10.939374923706055
-10.95114517211914
-10.940776824951172
-10.932178497314453
-10.937061309814453
-10.940190315246582
-10.9525146484375
-10.93439769744873
-10.955266952514648
-10.905778884887695
-10.890548706054688
-10.91248607635498
-10.906283378601074
-10.959580421447754
-10.964863777160645
-10.904838562011719
-10.899116516113281
-10.875837326049805
-10.914582252502441
-10.905874252319336
-10.954841613769531
-10.95254135131836
-10.976946830749512
-10.95268440246582
-10.921222686767578
-10.932613372802734
-10.924525260925293
-10.90056324005127
-10.947820663452148
-10.95578384399414
-10.967108726501465
-10.947508811950684
-10.949280738830566
-10.947367668151855
-10.950569152832031
-10.954891204833984
-10.950494766235352
-10.975543022155762
-10.988485336303711
-10.967708587646484
-10.9828519821167
-10.972915649414062
-10.948770523071289
-10.957956314086914
-10.97993278503418
-10.97618293762207
-10.979348182678223
-10.955427169799805
-10.960881233215332
-10.879965782165527
-10.94544792175293
-10.979979515075684
-10.946045875549316
-10.897317886352539
-10.944552421569824
-10.964604377746582
-10.959739685058594
-10.93191909790039
-10.92818546295166
-10.971599578857422
-10.977434158325195
-10.86835765838623
-10.920465469360352
-10.984481811523438
-10.950040817260742
-10.91518783569336
-10.956639289855957
-10.999841690063477
-10.91796875
-10.92569351196289
-10.969263076782227
-10.990148544311523
-10.978392601013184
-10.976214408874512
-10.991000175476074
-11.00291919708252
-10.970675468444824
-10.986163139343262
-10.9937162399292
-11.004667282104492
-10.981131553649902
-10.978846549987793
-10.98583984375
-11.003521919250488
-10.996790885925293
-10.994253158569336
-11.000650405883789
-10.99450397491455
-10.990548133850098
-11.014053344726562
-10.999776840209961
-10.973389625549316
-11.013340950012207
-10.997371673583984
-10.980033874511719
-11.003829956054688
-11.007549285888672
-11.01920223236084
-11.012523651123047
-10.999879837036133
-10.990264892578125
-11.019267082214355
-10.988741874694824
-11.00451946258545
-11.019323348999023
-11.018630027770996
-11.027902603149414
-11.00721263885498
-11.030917167663574
-11.004380226135254
-11.001811027526855
-11.017884254455566
-11.016488075256348
-11.012229919433594
-11.028693199157715
-11.016938209533691
-11.005667686462402
-11.017953872680664
-11.012643814086914
-11.014229774475098
-11.023241996765137
-11.01319694519043
-11.016129493713379
-11.03604507446289
-11.0204496383667
-11.0030517578125
-11.039873123168945
-11.011031150817871
-11.02031135559082
-11.026851654052734
-11.036540985107422
-11.017793655395508
-11.016721725463867
-11.026856422424316
-11.024275779724121
-11.013032913208008
-11.030320167541504
-11.003802299499512
-11.028106689453125
-11.035391807556152
-11.042624473571777
-11.030158996582031
-11.038095474243164
-11.029980659484863
-11.037904739379883
-11.030304908752441
-11.03490924835205
-11.04497241973877
-11.02970027923584
-11.01673412322998
-10.99758243560791
-11.03407096862793
-11.019597053527832
-11.00157356262207
-11.015545845031738
-11.042569160461426
-11.047141075134277
-11.028974533081055
-11.043447494506836
-11.05056381225586
-11.032159805297852
-11.007220268249512
-10.974844932556152
-11.000863075256348
-11.029529571533203
-11.043523788452148
-11.04246711730957
-11.037888526916504
-11.054657936096191
-11.019783973693848
-11.013599395751953
-10.982157707214355
-10.957913398742676
-11.015398025512695
-11.040430068969727
-11.045061111450195
-10.935481071472168
-10.924779891967773
-11.011934280395508
-11.045099258422852
-10.967692375183105
-10.915575981140137
-11.009562492370605
-11.067904472351074
-11.000041961669922
-10.977964401245117
-11.04033088684082
-11.04269790649414
-11.085116386413574
-11.029643058776855
-11.014533996582031
-11.026679039001465
-11.042174339294434
-11.098819732666016
-11.069183349609375
-11.030851364135742
-11.031255722045898
-11.054058074951172
-11.064967155456543
-11.061880111694336
-11.051616668701172
-11.040732383728027
-11.04967212677002
-11.062933921813965
-11.046241760253906
-11.014939308166504
-11.044502258300781
-11.058466911315918
-11.085620880126953
-11.048982620239258
-11.01120662689209
-11.019366264343262
-11.066364288330078
-11.110390663146973
-11.077841758728027
-11.04124641418457
-11.059186935424805
-11.095773696899414
-11.06667423248291
-11.059784889221191
-10.999930381774902
-10.996845245361328
-11.041485786437988
-11.078068733215332
-11.081787109375
-11.042078018188477
-11.043740272521973
-11.0704984664917
-11.076985359191895
-11.074440002441406
-11.059247970581055
-11.0487642288208
-11.056670188903809
-11.067957878112793
-11.095525741577148
-11.081568717956543
-11.066683769226074
-11.079516410827637
-11.063558578491211
-11.101034164428711
-11.065855979919434
-11.093476295471191
-11.08031177520752
-11.133755683898926
-11.09386920928955
-11.090062141418457
-11.107242584228516
-11.123418807983398
-11.093755722045898
-11.1259183883667
-11.135581016540527
-11.110989570617676
-11.113808631896973
-11.103278160095215
-11.078459739685059
-11.047760963439941
-11.006999969482422
-10.987778663635254
-11.049280166625977
-11.120444297790527
-11.133992195129395
-11.11833667755127
-11.065083503723145
-11.058419227600098
-11.074335098266602
-11.069462776184082
-11.111817359924316
-11.113273620605469
-11.121696472167969
-11.073190689086914
-11.106459617614746
-11.081221580505371
-11.069000244140625
-11.099529266357422
-11.11574935913086
-11.127972602844238
-11.100800514221191
-11.069060325622559
-11.072553634643555
-11.071663856506348
-11.124364852905273
-11.128228187561035
-11.089400291442871
-11.08346939086914
-11.081816673278809
-11.102348327636719
-11.141213417053223
-11.123760223388672
-11.149694442749023
-11.112543106079102
-11.128403663635254
-11.115989685058594
-11.126317024230957
-11.13519287109375
-11.120654106140137
-11.133776664733887
-11.11262035369873
-11.122727394104004
-11.13362979888916
-11.124021530151367
-11.139178276062012
-11.128973007202148
-11.123224258422852
-11.152791023254395
-11.118961334228516
-11.09399127960205
-11.098262786865234
-11.10012149810791
-11.106684684753418
-11.131505966186523
-11.156631469726562
-11.139911651611328
-11.139835357666016
-11.125080108642578
-11.115348815917969
-11.107566833496094
-11.124778747558594
-11.138379096984863
-11.14760684967041
-11.116655349731445
-11.140279769897461
-11.148843765258789
-11.14338493347168
-11.156286239624023
-11.157214164733887
-11.147116661071777
-11.116637229919434
-11.13314437866211
-11.159744262695312
-11.141461372375488
-11.129494667053223
-11.152402877807617
-11.173089027404785
-11.17078685760498
-11.154265403747559
-11.126084327697754
-11.166024208068848
-11.132429122924805
-11.158989906311035
-11.12848949432373
-11.144049644470215
-11.163578987121582
-11.172694206237793
-11.156810760498047
-11.15346622467041
-11.159543991088867
-11.171112060546875
-11.175046920776367
-11.176881790161133
-11.157217979431152
-11.158602714538574
-11.133752822875977
-11.13278579711914
-11.118730545043945
-11.139141082763672
-11.103041648864746
-11.118802070617676
-11.150352478027344
-11.162524223327637
-11.154309272766113
-11.146366119384766
-11.142061233520508
-11.136171340942383
-11.116796493530273
-11.129652976989746
-11.145195960998535
-11.152312278747559
-11.162033081054688
-11.174491882324219
-11.11169719696045
-11.099077224731445
-11.136287689208984
-11.164714813232422
-11.1564302444458
-11.1522216796875
-11.156233787536621
-11.132284164428711
-11.101557731628418
-11.1506929397583
-11.149345397949219
-11.14051342010498
-11.19235897064209
-11.174779891967773
-11.143692016601562
-11.137757301330566
-11.15177059173584
-11.155579566955566
-11.178839683532715
-11.156113624572754
-11.179422378540039
-11.189287185668945
-11.156861305236816
-11.158940315246582
-11.188218116760254
-11.159907341003418
-11.162721633911133
-11.149382591247559
-11.165360450744629
-11.14150333404541
-11.144460678100586
-11.139484405517578
-11.146650314331055
-11.151391983032227
-11.169716835021973
-11.164384841918945
-11.138875961303711
-11.094355583190918
-11.097135543823242
-11.123980522155762
-11.176203727722168
-11.186742782592773
-11.184050559997559
-11.158856391906738
-11.145426750183105
-11.126216888427734
-11.129499435424805
-11.151019096374512
-11.180074691772461
-11.177090644836426
-11.168237686157227
-11.182007789611816
-11.163541793823242
-11.166975021362305
-11.160212516784668
-11.145598411560059
-11.157695770263672
-11.163054466247559
-11.189779281616211
-11.181174278259277
-11.165360450744629
-11.195418357849121
-11.182255744934082
-11.184846878051758
-11.209256172180176
-11.17695426940918
-11.175274848937988
-11.188981056213379
-11.17967414855957
-11.175559043884277
-11.16899299621582
-11.184529304504395
-11.192139625549316
-11.193610191345215
-11.198990821838379
-11.193840026855469
-11.193463325500488
-11.192938804626465
-11.18196964263916
-11.195446014404297
-11.18825626373291
-11.189371109008789
-11.184612274169922
-11.166216850280762
-11.185872077941895
-11.20078182220459
-11.175198554992676
-11.186921119689941
-11.173027992248535
-11.173951148986816
-11.177807807922363
-11.17765998840332
-11.191195487976074
-11.202482223510742
-11.190790176391602
-11.185649871826172
-11.21265983581543
-11.183833122253418
-11.216940879821777
-11.223381996154785
-11.190773963928223
-11.19710636138916
-11.180656433105469
-11.15345287322998
-11.138066291809082
-11.141846656799316
-11.115697860717773
-11.157221794128418
-11.178506851196289
-11.18875503540039
-11.195786476135254
-11.187968254089355
-11.172203063964844
-11.195497512817383
-11.190632820129395
-11.187421798706055
-11.178574562072754
-11.146129608154297
-11.143348693847656
-11.160816192626953
-11.189371109008789
-11.16879940032959
-11.193879127502441
-11.15973949432373
-11.063210487365723
-11.102333068847656
-11.186551094055176
-11.178315162658691
-11.101696968078613
-11.047155380249023
-11.076128005981445
-11.209086418151855
-11.177590370178223
-11.121855735778809
-11.13502025604248
-11.153579711914062
-11.203640937805176
-11.186068534851074
-11.19833755493164
-11.196661949157715
-11.177607536315918
-11.163122177124023
-11.130699157714844
-11.131616592407227
-11.17198657989502
-11.209760665893555
-11.189149856567383
-11.114075660705566
-11.15373420715332
-11.19156551361084
-11.193787574768066
-11.149836540222168
-11.118551254272461
-11.173773765563965
-11.208215713500977
-11.18029499053955
-11.142629623413086
-11.191264152526855
-11.218146324157715
-11.181918144226074
-11.139087677001953
-11.143503189086914
-11.206883430480957
-11.186442375183105
-11.157312393188477
-11.204926490783691
-11.200119018554688
-11.202167510986328
-11.215485572814941
-11.19580364227295
-11.209291458129883
-11.216081619262695
-11.205926895141602
-11.209301948547363
-11.203327178955078
-11.225367546081543
-11.226288795471191
-11.220043182373047
-11.209746360778809
-11.2156400680542
-11.211713790893555
-11.225262641906738
-11.20905590057373
-11.228564262390137
-11.223039627075195
-11.226015090942383
-11.220819473266602
-11.228008270263672
-11.232146263122559
-11.222588539123535
-11.21309757232666
-11.206117630004883
-11.226114273071289
-11.236383438110352
-11.209458351135254
-11.224321365356445
-11.2198486328125
-11.226805686950684
-11.22342300415039
-11.232782363891602
-11.214863777160645
-11.224924087524414
-11.22092342376709
-11.22446346282959
-11.22280502319336
-11.216171264648438
-11.225408554077148
-11.233694076538086
-11.232622146606445
-11.224251747131348
-11.214752197265625
-11.2167387008667
-11.234221458435059
-11.229375839233398
-11.210467338562012
-11.238941192626953
-11.223974227905273
-11.238565444946289
-11.226996421813965
-11.22455883026123
-11.211615562438965
-11.235522270202637
-11.220974922180176
-11.237573623657227
-11.237382888793945
-11.244791984558105
-11.225028991699219
-11.222519874572754
-11.207497596740723
-11.166858673095703
-11.142065048217773
-11.193138122558594
-11.219439506530762
-11.2180757522583
-11.231966018676758
-11.218502044677734
-11.20217514038086
-11.166905403137207
-11.160204887390137
-11.180268287658691
-11.216248512268066
-11.21674633026123
-11.231104850769043
-11.21540355682373
-11.194547653198242
-11.199573516845703
-11.234128952026367
-11.230420112609863
-11.231233596801758
-11.214241027832031
-11.199128150939941
-11.213141441345215
-11.186080932617188
-11.16525650024414
-11.179707527160645
-11.179009437561035
-11.244282722473145
-11.234149932861328
-11.243483543395996
-11.241159439086914
-11.234312057495117
-11.204581260681152
-11.154683113098145
-11.178181648254395
-11.223871231079102
-11.246722221374512
-11.222847938537598
-11.226375579833984
-11.211772918701172
-11.208578109741211
-11.224725723266602
-11.227025985717773
-11.240677833557129
-11.24611759185791
-11.23781967163086
-11.228182792663574
-11.232783317565918
-11.242975234985352
-11.222147941589355
-11.22032642364502
-11.215530395507812
-11.210453033447266
-11.210124969482422
-11.2247896194458
-11.23260498046875
-11.244523048400879
-11.237610816955566
-11.226480484008789
-11.214786529541016
-11.22624683380127
-11.235076904296875
-11.240653038024902
-11.24129581451416
-11.257524490356445
-11.235307693481445
-11.240949630737305
-11.239968299865723
-11.232463836669922
-11.227860450744629
-11.197059631347656
-11.207283020019531
-11.207810401916504
-11.22868537902832
-11.26450252532959
-11.242387771606445
-11.212037086486816
-11.214288711547852
-11.201581001281738
-11.217848777770996
-11.232026100158691
-11.258285522460938
-11.251882553100586
-11.213799476623535
-11.216032028198242
-11.240981101989746
-11.22722053527832
-11.240654945373535
-11.235076904296875
-11.243816375732422
-11.239317893981934
-11.258447647094727
-11.245820999145508
-11.230130195617676
-11.259263038635254
-11.241086959838867
-11.242508888244629
-11.226840019226074
-11.247891426086426
-11.233242988586426
-11.25703239440918
-11.24726676940918
-11.264913558959961
-11.255491256713867
-11.239090919494629
-11.242545127868652
-11.221054077148438
-11.208656311035156
-11.233325958251953
-11.224567413330078
-11.247408866882324
-11.24808120727539
-11.262513160705566
-11.241582870483398
-11.25742244720459
-11.228832244873047
-11.25539493560791
-11.253477096557617
-11.243396759033203
-11.228410720825195
-11.24880599975586
-11.219148635864258
-11.195127487182617
-11.210561752319336
-11.231249809265137
-11.24438190460205
-11.242987632751465
-11.271527290344238
-11.2616548538208
-11.240457534790039
-11.225162506103516
-11.213578224182129
-11.184995651245117
-11.212821960449219
-11.23177719116211
-11.23414134979248
-11.251279830932617
-11.252805709838867
-11.268510818481445
-11.242229461669922
-11.252215385437012
-11.249133110046387
-11.259007453918457
-11.249972343444824
-11.267492294311523
-11.258798599243164
-11.257922172546387
-11.261637687683105
-11.272234916687012
-11.231793403625488
-11.214787483215332
-11.187426567077637
-11.175192832946777
-11.238556861877441
-11.2545747756958
-11.245140075683594
-11.241311073303223
-11.211149215698242
-11.202573776245117
-11.230979919433594
-11.259485244750977
-11.267821311950684
-11.243209838867188
-11.230001449584961
-11.234786033630371
-11.233461380004883
-11.255281448364258
-11.268486022949219
-11.263287544250488
-11.260554313659668
-11.255656242370605
-11.263131141662598
-11.270249366760254
-11.271129608154297
-11.271291732788086
-11.270540237426758
-11.265447616577148
-11.260478019714355
-11.257304191589355
-11.257743835449219
-11.274539947509766
-11.250188827514648
-11.269561767578125
-11.25880241394043
-11.278031349182129
-11.274187088012695
-11.25881576538086
-11.25673770904541
-11.239251136779785
-11.235462188720703
-11.237338066101074
-11.242298126220703
-11.223641395568848
-11.210166931152344
-11.248377799987793
-11.2622709274292
-11.274362564086914
-11.276840209960938
-11.25297737121582
-11.2511568069458
-11.248468399047852
-11.252920150756836
-11.256561279296875
-11.245148658752441
-11.274606704711914
-11.248520851135254
-11.261961936950684
-11.27037525177002
-11.24532699584961
-11.262849807739258
-11.263455390930176
-11.245462417602539
-11.223958969116211
-11.207040786743164
-11.231484413146973
-11.255868911743164
-11.268345832824707
-11.272730827331543
-11.266419410705566
-11.261022567749023
-11.276084899902344
-11.269213676452637
-11.261850357055664
-11.272747993469238
-11.288089752197266
-11.293910026550293
-11.277321815490723
-11.271821022033691
-11.276159286499023
-11.271034240722656
-11.275712966918945
-11.260778427124023
-11.261909484863281
-11.25167179107666
-11.262918472290039
-11.25122356414795
-11.252511024475098
-11.255529403686523
-11.2501802444458
-11.2606201171875
-11.266178131103516
-11.280900955200195
-11.267790794372559
-11.27568244934082
-11.245595932006836
-11.241364479064941
-11.229065895080566
-11.256280899047852
-11.24325942993164
-11.24343204498291
-11.236981391906738
-11.270124435424805
-11.272603988647461
-11.244767189025879
-11.248741149902344
-11.263606071472168
-11.266122817993164
-11.2799711227417
-11.293567657470703
-11.28130054473877
-11.266058921813965
-11.273515701293945
-11.280397415161133
-11.263797760009766
-11.255399703979492
-11.26303768157959
-11.26976203918457
-11.248605728149414
-11.241476058959961
-11.243948936462402
-11.276512145996094
-11.276637077331543
-11.247748374938965
-11.150738716125488
-11.153311729431152
-11.240394592285156
-11.27639102935791
-11.278775215148926
-11.273153305053711
-11.246955871582031
-11.216203689575195
-11.237966537475586
-11.254375457763672
-11.278932571411133
-11.276650428771973
-11.295063018798828
-11.267045021057129
-11.27110767364502
-11.273905754089355
-11.298558235168457
-11.284590721130371
-11.2742280960083
-11.260132789611816
-11.248190879821777
-11.26905632019043
-11.253800392150879
-11.255172729492188
-11.265558242797852
-11.261707305908203
-11.288895606994629
-11.291692733764648
-11.283832550048828
-11.276129722595215
-11.269651412963867
-11.262216567993164
-11.26906681060791
-11.279067993164062
-11.269843101501465
-11.248021125793457
-11.225643157958984
-11.23338508605957
-11.244024276733398
-11.263581275939941
-11.293147087097168
-11.287941932678223
-11.296586990356445
-11.290950775146484
-11.277934074401855
-11.267274856567383
-11.271072387695312
-11.267802238464355
-11.273665428161621
-11.267882347106934
-11.278290748596191
-11.292202949523926
-11.27786636352539
-11.285492897033691
-11.283260345458984
-11.289703369140625
-11.288633346557617
-11.288286209106445
-11.289308547973633
-11.286925315856934
-11.289996147155762
-11.268159866333008
-11.260149002075195
-11.260064125061035
-11.269068717956543
-11.264786720275879
-11.27359390258789
-11.281986236572266
-11.290120124816895
-11.293025016784668
-11.288566589355469
-11.285710334777832
-11.281548500061035
-11.25366497039795
-11.236804962158203
-11.250085830688477
-11.258268356323242
-11.260751724243164
-11.283895492553711
-11.301040649414062
-11.296849250793457
-11.28480052947998
-11.284612655639648
-11.281249046325684
-11.296369552612305
-11.285659790039062
-11.290874481201172
-11.283672332763672
-11.289094924926758
-11.289081573486328
-11.25650405883789
-11.260701179504395
-11.268548965454102
-11.25539493560791
-11.273368835449219
-11.2566556930542
-11.255756378173828
-11.268890380859375
-11.28239631652832
-11.286942481994629
-11.302652359008789
-11.290604591369629
-11.273567199707031
-11.260701179504395
-11.244240760803223
-11.254033088684082
-11.27276611328125
-11.271089553833008
-11.290719032287598
-11.293769836425781
-11.296988487243652
-11.277792930603027
-11.25438117980957
-11.210246086120605
-11.213613510131836
-11.244721412658691
-11.280069351196289
-11.299988746643066
-11.238950729370117
-11.222713470458984
-11.242355346679688
-11.293255805969238
-11.276459693908691
-11.232970237731934
-11.155415534973145
-11.230851173400879
-11.297211647033691
-11.27590560913086
-11.181944847106934
-11.211357116699219
-11.267359733581543
-11.29741096496582
-11.28962230682373
-11.253852844238281
-11.256278038024902
-11.272298812866211
-11.294849395751953
-11.279829025268555
-11.29500961303711
-11.299099922180176
-11.30723762512207
-11.286008834838867
-11.27579402923584
-11.256016731262207
-11.28581714630127
-11.292139053344727
-11.299019813537598
-11.29903507232666
-11.289253234863281
-11.280848503112793
-11.293252944946289
-11.303559303283691
-11.290801048278809
-11.290563583374023
-11.293318748474121
-11.293937683105469
-11.29067325592041
-11.291129112243652
-11.306378364562988
-11.294706344604492
-11.291287422180176
-11.274539947509766
-11.279688835144043
-11.28651237487793
-11.286384582519531
-11.300517082214355
-11.288634300231934
-11.290838241577148
-11.301752090454102
-11.302411079406738
-11.301294326782227
-11.306201934814453
-11.30016803741455
-11.288089752197266
-11.28785228729248
-11.303688049316406
-11.298859596252441
-11.315730094909668
-11.284746170043945
-11.292207717895508
-11.277915000915527
-11.283638954162598
-11.282193183898926
-11.280240058898926
-11.29577350616455
-11.298002243041992
-11.297881126403809
-11.300217628479004
-11.294055938720703
-11.312740325927734
-11.307183265686035
-11.295853614807129
-11.303788185119629
-11.310321807861328
-11.301737785339355
-11.31234073638916
-11.306087493896484
-11.287240982055664
-11.263751983642578
-11.238557815551758
-11.247148513793945
-11.267934799194336
-11.299823760986328
-11.295955657958984
-11.294831275939941
-11.282524108886719
-11.29204273223877
-11.277093887329102
-11.281670570373535
-11.292627334594727
-11.31486988067627
-11.314621925354004
-11.307012557983398
-11.312331199645996
-11.309322357177734
-11.309229850769043
-11.297896385192871
-11.294885635375977
-11.292279243469238
-11.300368309020996
-11.30571174621582
-11.309295654296875
-11.317486763000488
-11.306581497192383
-11.311373710632324
-11.301005363464355
-11.299076080322266
-11.304361343383789
-11.29739761352539
-11.296646118164062
-11.282283782958984
-11.279224395751953
-11.286087989807129
-11.291089057922363
-11.295897483825684
-11.299057960510254
-11.2994966506958
-11.298479080200195
-11.303994178771973
-11.307418823242188
-11.29647445678711
-11.308414459228516
-11.314160346984863
-11.308073997497559
-11.29347038269043
-11.293136596679688
-11.318523406982422
-11.309102058410645
-11.319901466369629
-11.2902193069458
-11.281468391418457
-11.281542778015137
-11.26404857635498
-11.267061233520508
-11.275022506713867
-11.291509628295898
-11.292570114135742
-11.289746284484863
-11.285309791564941
-11.287110328674316
-11.29104995727539
-11.277369499206543
-11.287221908569336
-11.286948204040527
-11.294441223144531
-11.301801681518555
-11.313687324523926
-11.312721252441406
-11.30785083770752
-11.295171737670898
-11.298928260803223
-11.279764175415039
-11.272239685058594
-11.269455909729004
-11.2959566116333
-11.30434799194336
-11.320013999938965
-11.313711166381836
-11.303718566894531
-11.30638313293457
-11.276912689208984
-11.260415077209473
-11.269983291625977
-11.303678512573242
-11.312445640563965
-11.31525993347168
-11.2998628616333
-11.275031089782715
-11.26073169708252
-11.27031135559082
-11.308362007141113
-11.310322761535645
-11.303296089172363
-11.31298828125
-11.313394546508789
-11.280533790588379
-11.274518013000488
-11.28832721710205
-11.290138244628906
-11.292257308959961
-11.324518203735352
-11.311758995056152
-11.296730995178223
-11.274626731872559
-11.277443885803223
-11.270147323608398
-11.303434371948242
-11.307086944580078
-11.302020072937012
-11.286091804504395
-11.235689163208008
-11.228779792785645
-11.235591888427734
-11.27760124206543
-11.311646461486816
-11.271424293518066
-11.221152305603027
-11.221327781677246
-11.288620948791504
-11.301737785339355
-11.313360214233398
-11.281086921691895
-11.284199714660645
-11.291129112243652
-11.31822395324707
-11.300374984741211
-11.26735782623291
-11.266097068786621
-11.278011322021484
-11.300545692443848
-11.293329238891602
-11.309563636779785
-11.308023452758789
-11.311863899230957
-11.32318115234375
-11.303074836730957
-11.304430961608887
-11.303496360778809
-11.316559791564941
-11.321871757507324
-11.31425666809082
-11.307161331176758
-11.310452461242676
-11.298667907714844
-11.290513038635254
-11.304692268371582
-11.310172080993652
-11.315088272094727
-11.315847396850586
-11.318758964538574
-11.308713912963867
-11.302144050598145
-11.293614387512207
-11.305269241333008
-11.320734977722168
-11.315875053405762
-11.291714668273926
-11.252315521240234
-11.258298873901367
-11.302251815795898
-11.297016143798828
-11.233657836914062
-11.199002265930176
-11.265310287475586
-11.308355331420898
-11.257451057434082
-11.211932182312012
-11.250917434692383
-11.304340362548828
-11.303102493286133
-11.265359878540039
-11.236784934997559
-11.297829627990723
-11.313519477844238
-11.314260482788086
-11.29822826385498
-11.27194881439209
-11.270903587341309
-11.31020736694336
-11.320706367492676
-11.305432319641113
-11.283190727233887
-11.30118179321289
-11.312444686889648
-11.317343711853027
-11.313058853149414
-11.316680908203125
-11.314155578613281
-11.317652702331543
-11.322843551635742
-11.331330299377441
-11.32681655883789
-11.3284912109375
-11.320588111877441
-11.32938003540039
-11.3184814453125
-11.330402374267578
-11.320714950561523
-11.319815635681152
-11.314329147338867
-11.318922996520996
-11.320767402648926
-11.327861785888672
-11.321216583251953
-11.325387954711914
-11.308795928955078
-11.322081565856934
-11.325998306274414
-11.32792854309082
-11.314488410949707
-11.326915740966797
-11.319270133972168
-11.319586753845215
-11.316654205322266
-11.32194995880127
-11.327226638793945
-11.321065902709961
-11.319875717163086
-11.316291809082031
-11.29775619506836
-11.306876182556152
-11.30728816986084
-11.318245887756348
-11.333464622497559
-11.329802513122559
-11.323901176452637
-11.325090408325195
-11.328204154968262
-11.31629467010498
-11.332184791564941
-11.323351860046387
-11.327241897583008
-11.309524536132812
-11.314909934997559
-11.301356315612793
-11.314020156860352
-11.325249671936035
-11.321675300598145
-11.321172714233398
-11.324557304382324
-11.327910423278809
-11.322259902954102
-11.323379516601562
-11.329318046569824
-11.321155548095703
-11.315301895141602
-11.32650375366211
-11.3240966796875
-11.322572708129883
-11.312801361083984
-11.31812572479248
-11.320185661315918
-11.330260276794434
-11.322837829589844
-11.334691047668457
-11.331409454345703
-11.308039665222168
-11.314167976379395
-11.298388481140137
-11.269359588623047
-11.2598237991333
-11.284457206726074
-11.313825607299805
-11.332894325256348
-11.329549789428711
-11.308454513549805
-11.288887023925781
-11.289010047912598
-11.290291786193848
-11.299565315246582
-11.309026718139648
-11.325716018676758
-11.326931953430176
-11.326458930969238
-11.325068473815918
-11.326461791992188
-11.324585914611816
-11.335197448730469
-11.33370590209961
-11.334617614746094
-11.328146934509277
-11.317679405212402
-11.308913230895996
-11.305771827697754
-11.313438415527344
-11.334308624267578
-11.322127342224121
-11.317666053771973
-11.318870544433594
-11.332406997680664
-11.337076187133789
-11.322491645812988
-11.32470703125
-11.332674026489258
-11.337197303771973
-11.328757286071777
-11.333582878112793
-11.322332382202148
-11.32348918914795
-11.308938980102539
-11.312636375427246
-11.294937133789062
-11.313708305358887
-11.331822395324707
-11.339068412780762
-11.324055671691895
-11.312032699584961
-11.309531211853027
-11.314375877380371
-11.32448673248291
-11.335000038146973
-11.321884155273438
-11.332015991210938
-11.331727981567383
-11.334929466247559
-11.328550338745117
-11.330251693725586
-11.316494941711426
-11.306488990783691
-11.294404029846191
-11.304022789001465
-11.320310592651367
-11.325715065002441
-11.331216812133789
-11.327902793884277
-11.335000991821289
-11.33517837524414
-11.335338592529297
-11.328022956848145
-11.342578887939453
-11.333368301391602
-11.331067085266113
-11.330093383789062
-11.318225860595703
-11.306684494018555
-11.295943260192871
-11.299644470214844
-11.310958862304688
-11.311338424682617
-11.325115203857422
-11.326326370239258
-11.301064491271973
-11.24785327911377
-11.241317749023438
-11.272640228271484
-11.313868522644043
-11.327176094055176
-11.33164119720459
-11.313989639282227
-11.288873672485352
-11.289774894714355
-11.303779602050781
-11.330239295959473
-11.342971801757812
-11.333990097045898
-11.31368637084961
-11.283520698547363
-11.26283073425293
-11.279634475708008
-11.306158065795898
-11.336812019348145
-11.326973915100098
-11.289054870605469
-11.26552677154541
-11.279867172241211
-11.315218925476074
-11.338582038879395
-11.336865425109863
-11.310490608215332
-11.29130744934082
-11.306342124938965
-11.303988456726074
-11.339367866516113
-11.343494415283203
-11.339681625366211
-11.3245210647583
-11.31550121307373
-11.302891731262207
-11.289379119873047
-11.305044174194336
-11.336809158325195
-11.332465171813965
-11.317276954650879
-11.284981727600098
-11.264766693115234
-11.294838905334473
-11.334878921508789
-11.335801124572754
-11.298421859741211
-11.2687349319458
-11.269292831420898
-11.307952880859375
-11.336694717407227
-11.33142375946045
-11.316267967224121
-11.286744117736816
-11.277519226074219
-11.3207368850708
-11.336843490600586
-11.321263313293457
-11.284585952758789
-11.280683517456055
-11.311943054199219
-11.329556465148926
-11.339707374572754
-11.309342384338379
-11.295689582824707
-11.321269035339355
-11.33471393585205
-11.33080005645752
-11.314164161682129
-11.294746398925781
-11.294487953186035
-11.325871467590332
-11.333758354187012
-11.339327812194824
-11.340469360351562
-11.338701248168945
-11.336228370666504
-11.333484649658203
-11.344834327697754
-11.33354663848877
-11.331246376037598
-11.3411283493042
-11.332168579101562
-11.337169647216797
-11.333968162536621
-11.320305824279785
-11.342899322509766
-11.336392402648926
-11.342597961425781
-11.327723503112793
-11.330530166625977
-11.344937324523926
-11.336814880371094
-11.338146209716797
-11.3396577835083
-11.339235305786133
-11.344223976135254
-11.334750175476074
-11.3266019821167
-11.332207679748535
-11.335368156433105
-11.334259986877441
-11.341180801391602
-11.334148406982422
-11.339021682739258
-11.329873085021973
-11.3253755569458
-11.32979679107666
-11.338987350463867
-11.33908748626709
-11.340173721313477
-11.339882850646973
-11.332765579223633
-11.33580493927002
-11.339120864868164
-11.342304229736328
-11.344529151916504
-11.340502738952637
-11.330718040466309
-11.328286170959473
-11.332898139953613
-11.329984664916992
-11.334370613098145
-11.329959869384766
-11.33657169342041
-11.342376708984375
-11.339537620544434
-11.335603713989258
-11.345847129821777
-11.343171119689941
-11.342188835144043
-11.330240249633789
-11.33871078491211
-11.338851928710938
-11.330028533935547
-11.340536117553711
-11.341940879821777
-11.336238861083984
-11.340530395507812
-11.338912963867188
-11.34331226348877
-11.345449447631836
-11.347881317138672
-11.34340763092041
-11.342965126037598
-11.340271949768066
-11.340697288513184
-11.341123580932617
-11.34296703338623
-11.344637870788574
-11.337546348571777
-11.3595609664917
-11.347616195678711
-11.341726303100586
-11.337401390075684
-11.34066104888916
-11.340309143066406
-11.341002464294434
-11.334407806396484
-11.319389343261719
-11.2904691696167
-11.276472091674805
-11.279666900634766
-11.305229187011719
-11.325782775878906
-11.336477279663086
-11.338912010192871
-11.34721565246582
-11.341787338256836
-11.335799217224121
-11.335092544555664
-11.332371711730957
-11.309959411621094
-11.303777694702148
-11.306897163391113
-11.315932273864746
-11.317837715148926
-11.303885459899902
-11.308513641357422
-11.30704402923584
-11.333051681518555
-11.33919620513916
-11.349455833435059
-11.341767311096191
-11.336507797241211
-11.330249786376953
-11.313668251037598
-11.310912132263184
-11.31143856048584
-11.31879997253418
-11.334794044494629
-11.335766792297363
-11.343771934509277
-11.345773696899414
-11.348240852355957
-11.344273567199707
-11.333295822143555
-11.343634605407715
-11.34543514251709
-11.340344429016113
-11.354060173034668
-11.32606315612793
-11.325342178344727
-11.324507713317871
-11.31895637512207
-11.315986633300781
-11.33308219909668
-11.33583927154541
-11.302545547485352
-11.267010688781738
-11.260870933532715
-11.300843238830566
-11.340888023376465
-11.33454418182373
-11.347935676574707
-11.337372779846191
-11.334657669067383
-11.341733932495117
-11.339547157287598
-11.337961196899414
-11.342708587646484
-11.322489738464355
-11.32333755493164
-11.313990592956543
-11.318243980407715
-11.330202102661133
-11.329695701599121
-11.328608512878418
-11.335872650146484
-11.337303161621094
-11.345577239990234
-11.344335556030273
-11.349178314208984
-11.346500396728516
-11.345236778259277
-11.34714412689209
-11.349047660827637
-11.344021797180176
-11.3430757522583
-11.346880912780762
-11.336080551147461
-11.351274490356445
-11.35335922241211
-11.35253620147705
-11.337873458862305
-11.328152656555176
-11.331522941589355
-11.333065032958984
-11.342750549316406
-11.334211349487305
-11.348991394042969
-11.354331970214844
-11.34936809539795
-11.350395202636719
-11.344226837158203
-11.35474681854248
-11.347846984863281
-11.3513765335083
-11.345381736755371
-11.344307899475098
-11.347017288208008
-11.344308853149414
-11.332448959350586
-11.3287353515625
-11.319941520690918
-11.32919979095459
-11.328542709350586
-11.343256950378418
-11.334453582763672
-11.351158142089844
-11.349675178527832
-11.335733413696289
-11.324325561523438
-11.334904670715332
-11.331494331359863
-11.351248741149902
-11.356337547302246
-11.332938194274902
-11.29784870147705
-11.266716957092285
-11.275267601013184
-11.31386947631836
-11.324928283691406
-11.351659774780273
-11.34964370727539
-11.342850685119629
-11.31471061706543
-11.301100730895996
-11.294755935668945
-11.307198524475098
-11.333810806274414
-11.350769996643066
-11.33870792388916
-11.310832977294922
-11.276114463806152
-11.298574447631836
-11.335060119628906
-11.347709655761719
-11.325228691101074
-11.287301063537598
-11.272891998291016
-11.300203323364258
-11.331945419311523
-11.350237846374512
-11.353636741638184
-11.345988273620605
-11.337128639221191
-11.321301460266113
-11.32441520690918
-11.330066680908203
-11.337489128112793
-11.342925071716309
-11.34150218963623
-11.347453117370605
-11.347168922424316
-11.363825798034668
-11.346675872802734
-11.359604835510254
-11.357769012451172
-11.354072570800781
-11.345457077026367
-11.350198745727539
-11.339924812316895
-11.347884178161621
-11.351943016052246
-11.345582008361816
-11.347164154052734
-11.359170913696289
-11.34622859954834
-11.350738525390625
-11.358721733093262
-11.359173774719238
-11.350255012512207
-11.357465744018555
-11.359356880187988
-11.357019424438477
-11.349316596984863
-11.354538917541504
-11.344010353088379
-11.34501838684082
-11.34987735748291
-11.343110084533691
-11.342795372009277
-11.346776008605957
-11.340764999389648
-11.343385696411133
-11.3417387008667
-11.331083297729492
-11.346254348754883
-11.346853256225586
-11.350790977478027
-11.345308303833008
-11.352421760559082
-11.355748176574707
-11.353904724121094
-11.356614112854004
-11.347404479980469
-11.353584289550781
-11.35806941986084
-11.35172176361084
-11.355504035949707
-11.353891372680664
-11.353129386901855
-11.351441383361816
-11.347787857055664
-11.352301597595215
-11.353548049926758
-11.352313995361328
-11.35435676574707
-11.348130226135254
-11.348068237304688
-11.338362693786621
-11.34416675567627
-11.336152076721191
-11.33752155303955
-11.336150169372559
-11.337145805358887
-11.335545539855957
-11.338071823120117
-11.33309555053711
-11.332447052001953
-11.319878578186035
-11.322651863098145
-11.329227447509766
-11.351079940795898
-11.358628273010254
-11.349613189697266
-11.346953392028809
-11.332576751708984
-11.324443817138672
-11.315147399902344
-11.30467414855957
-11.310296058654785
-11.313645362854004
-11.324281692504883
-11.341014862060547
-11.353933334350586
-11.357522964477539
-11.351982116699219
-11.3265962600708
-11.298074722290039
-11.279579162597656
-11.304506301879883
-11.339643478393555
-11.349196434020996
-11.358139991760254
-11.356745719909668
-11.357532501220703
-11.358122825622559
-11.349331855773926
-11.352322578430176
-11.355949401855469
-11.351972579956055
-11.355020523071289
-11.361199378967285
-11.355382919311523
-11.360274314880371
-11.362844467163086
-11.358635902404785
-11.35843563079834
-11.350142478942871
-11.35452651977539
-11.363777160644531
-11.359238624572754
-11.345512390136719
-11.356006622314453
-11.349236488342285
-11.345179557800293
-11.335350036621094
-11.340142250061035
-11.349101066589355
-11.34160041809082
-11.348885536193848
-11.34420108795166
-11.343385696411133
-11.35502815246582
-11.350614547729492
-11.365293502807617
-11.358784675598145
-11.352801322937012
-11.35893726348877
-11.362435340881348
-11.354398727416992
-11.358948707580566
-11.363312721252441
-11.357057571411133
-11.356439590454102
-11.343948364257812
-11.330657958984375
-11.329493522644043
-11.333321571350098
-11.338748931884766
-11.342289924621582
-11.349379539489746
-11.364823341369629
-11.362035751342773
-11.35682487487793
-11.361372947692871
-11.359026908874512
-11.357216835021973
-11.361156463623047
-11.357245445251465
-11.361713409423828
-11.359968185424805
-11.36159610748291
-11.35636043548584
-11.353167533874512
-11.342447280883789
-11.334835052490234
-11.316679000854492
-11.310296058654785
-11.298094749450684
-11.303608894348145
-11.326534271240234
-11.343633651733398
-11.343859672546387
-11.34306526184082
-11.340049743652344
-11.345364570617676
-11.350711822509766
-11.340705871582031
-11.353676795959473
-11.355429649353027
-11.35684871673584
-11.345465660095215
-11.34475040435791
-11.327859878540039
-11.330536842346191
-11.334024429321289
-11.351822853088379
-11.363694190979004
-11.362890243530273
-11.352010726928711
-11.351057052612305
-11.341754913330078
-11.328224182128906
-11.29832935333252
-11.30875015258789
-11.325726509094238
-11.344098091125488
-11.35359001159668
-11.358366012573242
-11.359638214111328
-11.352787017822266
-11.325873374938965
-11.284802436828613
-11.288520812988281
-11.334877014160156
-11.362507820129395
-11.337267875671387
-11.276806831359863
-11.259344100952148
-11.2996187210083
-11.34514331817627
-11.35737419128418
-11.318522453308105
-11.243595123291016
-11.246400833129883
-11.332655906677246
-11.361299514770508
-11.314725875854492
-11.210162162780762
-11.23331356048584
-11.335771560668945
-11.35240650177002
-11.30762004852295
-11.263307571411133
-11.302658081054688
-11.35527515411377
-11.353405952453613
-11.31025218963623
-11.28337574005127
-11.297070503234863
-11.338157653808594
-11.36384391784668
-11.34085750579834
-11.310707092285156
-11.304906845092773
-11.324844360351562
-11.354819297790527
-11.360374450683594
-11.346993446350098
-11.343749046325684
-11.34666919708252
-11.36370849609375
-11.36154556274414
-11.36317253112793
-11.35672378540039
-11.352089881896973
-11.3583984375
-11.360329627990723
-11.351755142211914
-11.356861114501953
-11.347182273864746
-11.341479301452637
-11.352831840515137
-11.360952377319336
-11.361504554748535
-11.355062484741211
-11.353676795959473
-11.344956398010254
-11.352787017822266
-11.353174209594727
-11.366034507751465
-11.359416007995605
-11.362937927246094
-11.363641738891602
-11.365535736083984
-11.363900184631348
-11.359771728515625
-11.36123275756836
-11.360825538635254
-11.36095142364502
-11.355813980102539
-11.367246627807617
-11.364676475524902
-11.365752220153809
-11.365691184997559
-11.364121437072754
-11.364166259765625
-11.37267780303955
-11.366938591003418
-11.363686561584473
-11.365220069885254
-11.360882759094238
-11.36043643951416
-11.35964298248291
-11.3594388961792
-11.359410285949707
-11.364006042480469
-11.356437683105469
-11.364501953125
-11.367178916931152
-11.367913246154785
-11.369856834411621
-11.36854362487793
-11.366652488708496
-11.363874435424805
-11.369876861572266
-11.366623878479004
-11.363285064697266
-11.364006996154785
-11.354681015014648
-11.364614486694336
-11.367500305175781
-11.356841087341309
-11.350967407226562
-11.344280242919922
-11.352787971496582
-11.345342636108398
-11.344841003417969
-11.349635124206543
-11.347912788391113
-11.354341506958008
-11.358003616333008
-11.357535362243652
-11.368525505065918
-11.365570068359375
-11.364384651184082
-11.35870361328125
-11.352523803710938
-11.35240364074707
-11.350574493408203
-11.353148460388184
-11.351615905761719
-11.354313850402832
-11.347372055053711
-11.35338306427002
-11.359604835510254
-11.363945007324219
-11.367020606994629
-11.367773056030273
-11.3676118850708
-11.36847972869873
-11.367615699768066
-11.36872386932373
-11.364638328552246
-11.354327201843262
-11.355016708374023
-11.357255935668945
-11.346112251281738
-11.348636627197266
-11.352097511291504
-11.347222328186035
-11.35931396484375
-11.36437702178955
-11.364246368408203
-11.369147300720215
-11.363425254821777
-11.365586280822754
-11.359443664550781
-11.361796379089355
-11.34205436706543
-11.326800346374512
-11.322657585144043
-11.344776153564453
-11.362285614013672
-11.362699508666992
-11.360483169555664
-11.332362174987793
-11.305331230163574
-11.288776397705078
-11.311112403869629
-11.34044075012207
-11.366816520690918
-11.356549263000488
-11.318601608276367
-11.282292366027832
-11.282621383666992
-11.321621894836426
-11.359540939331055
-11.357590675354004
-11.347888946533203
-11.32105541229248
-11.305058479309082
-11.31718921661377
-11.347000122070312
-11.367210388183594
-11.365616798400879
-11.3585205078125
-11.361459732055664
-11.360221862792969
-11.367778778076172
-11.363837242126465
-11.360791206359863
-11.35205078125
-11.349465370178223
-11.334823608398438
-11.329155921936035
-11.339665412902832
-11.34907054901123
-11.359045028686523
-11.362686157226562
-11.360025405883789
-11.36607551574707
-11.365588188171387
-11.364481925964355
-11.368473052978516
-11.367149353027344
-11.365617752075195
-11.371377944946289
-11.36271858215332
-11.371858596801758
-11.367720603942871
-11.371203422546387
-11.363377571105957
-11.37012004852295
-11.364562034606934
-11.365962982177734
-11.361912727355957
-11.367131233215332
-11.369379043579102
-11.371545791625977
-11.362502098083496
-11.358474731445312
-11.363317489624023
-11.369668006896973
-11.360966682434082
-11.369073867797852
-11.360108375549316
-11.368412017822266
-11.370962142944336
-11.369489669799805
-11.357269287109375
-11.36082935333252
-11.369029998779297
-11.362190246582031
-11.351194381713867
-11.363710403442383
-11.355987548828125
-11.365866661071777
-11.359569549560547
-11.364136695861816
-11.36286449432373
-11.364752769470215
-11.358880996704102
-11.360013008117676
-11.358990669250488
-11.365897178649902
-11.359644889831543
-11.370685577392578
-11.365995407104492
-11.367260932922363
-11.353034019470215
-11.35504150390625
-11.341108322143555
-11.34788990020752
-11.353090286254883
-11.364291191101074
-11.371623992919922
-11.368809700012207
-11.369340896606445
-11.36233139038086
-11.36172103881836
-11.346893310546875
-11.333451271057129
-11.33617877960205
-11.32861328125
-11.328204154968262
-11.345062255859375
-11.340813636779785
-11.342754364013672
-11.331705093383789
-11.350481033325195
-11.358744621276855
-11.361810684204102
-11.367727279663086
-11.358057975769043
-11.370009422302246
-11.36793327331543
-11.368609428405762
-11.368091583251953
-11.370217323303223
-11.363327026367188
-11.354241371154785
-11.366338729858398
-11.367319107055664
-11.369319915771484
-11.372129440307617
-11.367259979248047
-11.370491027832031
-11.361435890197754
-11.359917640686035
-11.36637020111084
-11.363235473632812
-11.351495742797852
-11.346098899841309
-11.354364395141602
-11.345788955688477
-11.3606538772583
-11.368202209472656
-11.36876106262207
-11.3623046875
-11.357194900512695
-11.356080055236816
-11.357622146606445
-11.361099243164062
-11.357769966125488
-11.369332313537598
-11.365653038024902
-11.370305061340332
-11.369699478149414
-11.363151550292969
-11.363272666931152
-11.360339164733887
-11.347894668579102
-11.343311309814453
-11.339274406433105
-11.3408784866333
-11.325669288635254
-11.33950424194336
-11.354046821594238
-11.362957954406738
-11.365087509155273
-11.370012283325195
-11.371942520141602
-11.367424964904785
-11.353617668151855
-11.358006477355957
-11.343915939331055
-11.333786010742188
-11.337404251098633
-11.349663734436035
-11.353888511657715
-11.365276336669922
-11.366066932678223
-11.37194538116455
-11.378406524658203
-11.371108055114746
-11.363316535949707
-11.340106010437012
-11.328285217285156
-11.327077865600586
-11.335395812988281
-11.346598625183105
-11.352632522583008
-11.351766586303711
-11.34934139251709
-11.347007751464844
-11.352852821350098
-11.358329772949219
-11.359342575073242
-11.355398178100586
-11.357385635375977
-11.353143692016602
-11.361449241638184
-11.3572359085083
-11.356328964233398
-11.360047340393066
-11.373342514038086
-11.370341300964355
-11.367647171020508
-11.362893104553223
-11.354384422302246
-11.35098934173584
-11.350326538085938
-11.350275993347168
-11.356768608093262
-11.367733001708984
-11.367526054382324
-11.34030532836914
-11.313173294067383
-11.28995132446289
-11.315756797790527
-11.362044334411621
-11.370100021362305
-11.364736557006836
-11.345845222473145
-11.336725234985352
-11.335702896118164
-11.349268913269043
-11.362547874450684
-11.368293762207031
-11.364359855651855
-11.369466781616211
-11.35938835144043
-11.346687316894531
-11.352157592773438
-11.354626655578613
-11.368060111999512
-11.354474067687988
-11.336421012878418
-11.323953628540039
-11.332321166992188
-11.343886375427246
-11.363443374633789
-11.374205589294434
-11.367226600646973
-11.343372344970703
-11.312484741210938
-11.278696060180664
-11.297826766967773
-11.341407775878906
-11.367494583129883
-11.350830078125
-11.306408882141113
-11.307352066040039
-11.347973823547363
-11.360595703125
-11.357352256774902
-11.313979148864746
-11.309258460998535
-11.338781356811523
-11.361544609069824
-11.340431213378906
-11.2748384475708
-11.265206336975098
-11.34506607055664
-11.373185157775879
-11.342552185058594
-11.303291320800781
-11.309651374816895
-11.34345817565918
-11.369858741760254
-11.369598388671875
-11.35935115814209
-11.328068733215332
-11.32848072052002
-11.347696304321289
-11.367128372192383
-11.373957633972168
-11.345223426818848
-11.312726020812988
-11.313204765319824
-11.34797191619873
-11.365498542785645
-11.327218055725098
-11.285843849182129
-11.291715621948242
-11.352638244628906
-11.370409965515137
-11.345099449157715
-11.32622241973877
-11.334090232849121
-11.36290168762207
-11.371274948120117
-11.355195999145508
-11.335684776306152
-11.341371536254883
-11.357954978942871
-11.365689277648926
-11.372455596923828
-11.371155738830566
-11.363171577453613
-11.365147590637207
-11.37515640258789
-11.3767671585083
-11.3678617477417
-11.36449146270752
-11.366914749145508
-11.376547813415527
-11.374385833740234
-11.37585735321045
-11.379136085510254
-11.376081466674805
-11.379819869995117
-11.371414184570312
-11.369425773620605
-11.374691009521484
-11.378372192382812
-11.372790336608887
-11.374354362487793
-11.372392654418945
-11.370475769042969
-11.37867546081543
-11.372100830078125
-11.374679565429688
-11.370387077331543
-11.3771390914917
-11.375072479248047
-11.374923706054688
-11.373387336730957
-11.373332977294922
-11.376699447631836
-11.376754760742188
-11.36999225616455
-11.373689651489258
-11.36621379852295
-11.376867294311523
-11.379075050354004
-11.37846565246582
-11.371358871459961
-11.381492614746094
-11.37166690826416
-11.375494003295898
-11.37758731842041
-11.3726806640625
-11.37318229675293
-11.374926567077637
-11.373855590820312
-11.370237350463867
-11.3760404586792
-11.36956787109375
-11.376642227172852
-11.375514030456543
-11.374563217163086
-11.377442359924316
-11.376184463500977
-11.371707916259766
-11.376472473144531
-11.373700141906738
