loss_s
-3.7437705993652344
-3.791590929031372
-3.845388412475586
-3.764382839202881
-3.6878323554992676
-3.7374017238616943
-3.927170753479004
-3.785510540008545
-3.892141819000244
-3.825165271759033
-3.8340723514556885
-3.9152889251708984
-3.822568893432617
-3.852928638458252
-3.8955812454223633
-3.882690906524658
-3.9500715732574463
-3.9212522506713867
-4.035032749176025
-3.9122400283813477
-3.944032669067383
-3.875758647918701
-4.000822067260742
-3.954035520553589
-4.174766540527344
-3.9880454540252686
-4.175544261932373
-4.198076248168945
-4.243903636932373
-4.243890285491943
-4.155517578125
-4.293300151824951
-4.223255634307861
-4.258684158325195
-4.408267021179199
-4.434055805206299
-4.494341850280762
-4.567750930786133
-4.498546123504639
-4.610665798187256
-4.726789474487305
-4.78513765335083
-4.911374568939209
-4.965859413146973
-4.916337013244629
-4.914927005767822
-5.183326244354248
-5.122703552246094
-5.14933967590332
-5.182458877563477
-5.255448341369629
-5.1251654624938965
-5.1529154777526855
-5.193009376525879
-5.135083198547363
-5.1454925537109375
-5.0957770347595215
-5.189148902893066
-5.214329719543457
-5.09785795211792
-5.166497230529785
-5.242669582366943
-5.239389896392822
-5.158966064453125
-5.218926906585693
-5.270074844360352
-5.239590167999268
-5.218717098236084
-5.271767616271973
-5.282503128051758
-5.311307907104492
-5.2565507888793945
-5.2570271492004395
-5.161285400390625
-5.302558898925781
-5.367725849151611
-5.167313098907471
-5.304079532623291
-5.340767860412598
-5.342260837554932
-5.345702171325684
-5.397306442260742
-5.279054641723633
-5.300396919250488
-5.313820838928223
-5.337822437286377
-5.371284008026123
-5.32951545715332
-5.435882091522217
-5.375160217285156
-5.338482856750488
-5.39207124710083
-5.434128761291504
-5.323661804199219
-5.485478401184082
-5.380189895629883
-5.381158351898193
-5.3979949951171875
-5.46519660949707
-5.462524890899658
-5.51452112197876
-5.537586688995361
-5.504649639129639
-5.49749755859375
-5.552958965301514
-5.4776082038879395
-5.583098411560059
-5.535470962524414
-5.526928424835205
-5.6143670082092285
-5.614248752593994
-5.619804382324219
-5.633901596069336
-5.717893123626709
-5.682556629180908
-5.668839931488037
-5.626882076263428
-5.75368070602417
-5.750039100646973
-5.715446949005127
-5.822179794311523
-5.838112831115723
-5.754016876220703
-5.889822006225586
-5.884039878845215
-5.876880645751953
-5.986990451812744
-5.971164703369141
-5.954388618469238
-6.038060188293457
-6.053682804107666
-5.974582195281982
-6.174349784851074
-6.2476348876953125
-6.113433361053467
-6.253364562988281
-6.329414367675781
-6.245453834533691
-6.296452522277832
-6.477247714996338
-6.546566963195801
-6.5451459884643555
-6.596126556396484
-6.593114376068115
-6.695774555206299
-6.629978179931641
-6.952571392059326
-6.566649913787842
-6.665363311767578
-6.761390686035156
-6.792848587036133
-6.887452602386475
-6.6372575759887695
-6.749660491943359
-6.711465358734131
-6.810171604156494
-6.686924457550049
-6.921474933624268
-6.938424587249756
-6.8353118896484375
-6.758531093597412
-6.648711681365967
-6.891927719116211
-6.765063285827637
-7.019626140594482
-6.936359405517578
-6.956227779388428
-7.002561092376709
-6.840127944946289
-7.042341709136963
-7.029556751251221
-6.988515853881836
-7.107726097106934
-7.069854259490967
-6.987693786621094
-6.8536200523376465
-7.118017673492432
-7.179112434387207
-7.280346393585205
-7.168851375579834
-6.818065643310547
-7.074400901794434
-6.994393348693848
-7.086681365966797
-7.035881519317627
-7.111323356628418
-7.27539587020874
-7.155305862426758
-7.204769134521484
-7.072043418884277
-7.286746501922607
-7.253747463226318
-7.135432720184326
-7.273952960968018
-7.140567779541016
-7.31729793548584
-7.263986110687256
-7.283945560455322
-7.31318998336792
-7.254672527313232
-7.432610511779785
-7.393136978149414
-7.439966678619385
-7.5010576248168945
-7.531946182250977
-7.512094020843506
-7.50595760345459
-7.514598846435547
-7.311237335205078
-7.496436595916748
-7.390391826629639
-7.483251571655273
-7.677701473236084
-7.353748798370361
-7.520607948303223
-7.61846923828125
-7.54581880569458
-7.5531439781188965
-7.619090557098389
-7.668584823608398
-7.46405029296875
-7.48201847076416
-7.726245403289795
-7.626657485961914
-7.522816181182861
-7.688584804534912
-7.666843414306641
-7.574832439422607
-7.7316813468933105
-7.760684013366699
-7.596322536468506
-7.671192169189453
-7.676044464111328
-7.722034454345703
-7.664543151855469
-7.755351543426514
-7.712603569030762
-7.727584362030029
-7.689208507537842
-7.628907680511475
-7.617454528808594
-7.61602258682251
-7.714343070983887
-7.522482872009277
-7.582507610321045
-7.657896041870117
-7.617108345031738
-7.628503799438477
-7.61607551574707
-7.706816673278809
-7.701045036315918
-7.783227443695068
-7.703400611877441
-7.737301349639893
-7.744428634643555
-7.630496025085449
-7.6821980476379395
-7.728699207305908
-7.771679878234863
-7.770971298217773
-7.641635417938232
-7.739820957183838
-7.6990156173706055
-7.738157749176025
-7.766960620880127
-7.666072845458984
-7.591701030731201
-7.801640510559082
-7.712531089782715
-7.728028774261475
-7.653229713439941
-7.69489049911499
-7.674631595611572
-7.709543228149414
-7.698592662811279
-7.730990886688232
-7.791746616363525
-7.797473907470703
-7.725071430206299
-7.780033111572266
-7.772464752197266
-7.745321750640869
-7.741855144500732
-7.76674222946167
-7.738082408905029
-7.760634422302246
-7.751890182495117
-7.75238037109375
-7.766683101654053
-7.656310558319092
-7.768352508544922
-7.76008415222168
-7.722381591796875
-7.749318599700928
-7.8205437660217285
-7.751008987426758
-7.837363243103027
-7.739943504333496
-7.7296247482299805
-7.7650957107543945
-7.792891025543213
-7.727478981018066
-7.736387252807617
-7.771151065826416
-7.784565448760986
-7.757351398468018
-7.769055366516113
-7.790134429931641
-7.797488689422607
-7.769058704376221
-7.7768096923828125
-7.7923502922058105
-7.765929698944092
-7.769936561584473
-7.773104667663574
-7.843411922454834
-7.8081889152526855
-7.776170253753662
-7.815510272979736
-7.765142440795898
-7.740514278411865
-7.7893571853637695
-7.753780364990234
-7.701611042022705
-7.716943740844727
-7.7935872077941895
-7.788483142852783
-7.808882236480713
-7.8323445320129395
-7.799174785614014
-7.814675807952881
-7.787219524383545
-7.8298773765563965
-7.762734889984131
-7.846189022064209
-7.781373500823975
-7.946070194244385
-7.8496904373168945
-7.7600555419921875
-7.834826469421387
-7.824731349945068
-7.822796821594238
-7.755534648895264
-7.855372905731201
-7.776145935058594
-7.806241035461426
-7.831765174865723
-7.852121353149414
-7.866095066070557
-7.765650272369385
-7.8308868408203125
-7.860758304595947
-7.851818561553955
-7.902734756469727
-7.75408935546875
-7.795548439025879
-7.786738872528076
-7.786149024963379
-7.817816734313965
-7.70388126373291
-7.804815769195557
-7.831574440002441
-7.835414886474609
-7.848062992095947
-7.7970662117004395
-7.866929054260254
-7.76958703994751
-7.825621604919434
-7.8177103996276855
-7.827376365661621
-7.840009689331055
-7.9086594581604
-7.717756271362305
-7.783015727996826
-7.734955787658691
-7.8639068603515625
-7.726223468780518
-7.734533309936523
-7.864234924316406
-7.743843078613281
-7.829046726226807
-7.80362606048584
-7.797405242919922
-7.710452079772949
-7.855057716369629
-7.781527042388916
-7.809271335601807
-7.858152866363525
-7.711794853210449
-7.892696380615234
-7.839494228363037
-7.8332390785217285
-7.796454429626465
-7.8192901611328125
-7.917316913604736
-7.809833526611328
-7.890814304351807
-7.818969249725342
-7.790615558624268
-7.7867302894592285
-7.883967399597168
-7.728782653808594
-7.839203834533691
-7.773446559906006
-7.804155349731445
-7.731973648071289
-7.760449409484863
-7.803302764892578
-7.787235736846924
-7.809031963348389
-7.859940052032471
-7.7914252281188965
-7.837041854858398
-7.874353408813477
-7.8444414138793945
-7.793981075286865
-7.8552937507629395
-7.871239185333252
-7.794568061828613
-7.865773677825928
-7.820979595184326
-7.881694793701172
-7.749115943908691
-7.857297420501709
-7.819276332855225
-7.890758514404297
-7.793670177459717
-7.900789737701416
-7.916162967681885
-7.836816787719727
-7.839701175689697
-7.865610122680664
-7.8902788162231445
-7.861568450927734
-7.906252861022949
-7.863759994506836
-7.758035182952881
-7.852230548858643
-7.922297954559326
-7.847090244293213
-7.856320858001709
-7.835689544677734
-7.8261308670043945
-7.860917568206787
-7.899552822113037
-7.903542995452881
-7.911866664886475
-7.880543231964111
-7.8717474937438965
-7.874851703643799
-7.882118225097656
-7.8373236656188965
-7.893027305603027
-7.89142370223999
-7.894693374633789
-7.869327545166016
-7.833297252655029
-7.846645355224609
-7.872851848602295
-7.868430137634277
-7.850873947143555
-7.87559175491333
-7.878591537475586
-7.889092445373535
-7.921871662139893
-7.885708332061768
-7.794066905975342
-7.898927688598633
-7.845199108123779
-7.884190559387207
-7.911167144775391
-7.872175216674805
-7.8973469734191895
-7.911169528961182
-7.866844177246094
-7.853260517120361
-7.898101329803467
-7.849297046661377
-7.863037586212158
-7.900817394256592
-7.854487895965576
-7.890397071838379
-7.898654937744141
-7.792177677154541
-7.868047714233398
-7.852072715759277
-7.878387451171875
-7.86863899230957
-7.838665962219238
-7.927213191986084
-7.885603427886963
-7.885412216186523
-7.885159969329834
-7.880797863006592
-7.8287835121154785
-7.880980014801025
-7.896846771240234
-7.901611804962158
-7.8877787590026855
-7.895723342895508
-7.959277153015137
-7.9549174308776855
-7.894932270050049
-7.879509925842285
-7.904551982879639
-7.929629802703857
-7.942379474639893
-7.839714050292969
-7.876412391662598
-7.908509731292725
-7.924333095550537
-7.925459861755371
-7.8574748039245605
-7.935262203216553
-7.8853864669799805
-7.912368297576904
-7.907118797302246
-7.9555230140686035
-7.8205389976501465
-7.960995674133301
-7.902782440185547
-7.88102912902832
-7.838677406311035
-7.948532581329346
-7.913244247436523
-7.737955570220947
-7.851669788360596
-7.795230865478516
-7.805570125579834
-7.911866188049316
-7.7465386390686035
-7.859582901000977
-7.924767017364502
-7.840909957885742
-7.830399036407471
-7.928150177001953
-7.831482887268066
-7.847932815551758
-7.932042121887207
-7.893908500671387
-7.891376495361328
-7.889118194580078
-7.905129432678223
-7.904492378234863
-7.932715892791748
-7.897616863250732
-7.922284126281738
-7.888375282287598
-7.895112991333008
-7.89283561706543
-7.930419445037842
-7.897476673126221
-7.8911967277526855
-7.930831432342529
-7.898623943328857
-7.908294677734375
-7.908055782318115
-7.914612770080566
-7.889763832092285
-7.877949237823486
-7.963240146636963
-7.863955497741699
-7.881535530090332
-7.935129165649414
-7.911879539489746
-7.897524356842041
-7.889896869659424
-7.915894508361816
-7.9064555168151855
-7.9201555252075195
-7.889403820037842
-7.919716835021973
-7.937817573547363
-7.875800132751465
-7.982860565185547
-7.9484357833862305
-7.9156494140625
-7.903282642364502
-7.914547920227051
-7.939119338989258
-7.915219306945801
-7.903295040130615
-7.92140007019043
-7.957325458526611
-7.928992748260498
-7.937762260437012
-7.930884838104248
-7.90653657913208
-7.890425682067871
-7.940329551696777
-7.927959442138672
-7.904069900512695
-8.003303527832031
-7.883301258087158
-7.880437850952148
-7.902909755706787
-7.894306182861328
-7.855868816375732
-7.93360710144043
-7.951093673706055
-7.942733287811279
-7.908485412597656
-7.897295951843262
-7.9237260818481445
-7.892533302307129
-7.9189019203186035
-7.911105155944824
-7.8070387840271
-7.96436882019043
-7.855260848999023
-7.896224021911621
-7.947670936584473
-7.832932472229004
-7.890428066253662
-7.916083335876465
-7.900181770324707
-7.866627216339111
-7.909046173095703
-7.910076141357422
-7.898754596710205
-7.946564674377441
-7.917468070983887
-7.902492523193359
-7.915124416351318
-7.948292255401611
-7.8993377685546875
-7.876706123352051
-7.954480171203613
-7.928201675415039
-7.932673454284668
-7.9455413818359375
-7.924395561218262
-7.889127254486084
-7.918979167938232
-7.91509485244751
-7.888149261474609
-7.960452556610107
-7.9551544189453125
-7.877079963684082
-7.893482208251953
-7.8698225021362305
-7.87364387512207
-7.924971580505371
-7.931027412414551
-7.8764801025390625
-7.965390682220459
-7.892319679260254
-7.869012832641602
-7.938685894012451
-7.901516437530518
-7.9767255783081055
-7.885142803192139
-7.937982082366943
-7.884646415710449
-7.918251991271973
-7.953525543212891
-7.907025337219238
-7.897758960723877
-7.915255069732666
-7.904792308807373
-7.893399715423584
-7.91531229019165
-7.80926513671875
-7.875551223754883
-7.889927387237549
-7.745765209197998
-7.897763252258301
-7.910182476043701
-7.8719868659973145
-7.945181369781494
-7.93717622756958
-7.898090839385986
-7.888763904571533
-7.956669807434082
-7.931642532348633
-7.901410102844238
-7.977656841278076
-7.942709445953369
-7.922946929931641
-7.930315017700195
-7.9572038650512695
-7.920317649841309
-7.9384541511535645
-7.935588836669922
-7.910526752471924
-7.943958282470703
-7.953855514526367
-7.938483238220215
-7.89088249206543
-7.922178268432617
-7.896764278411865
-7.921352863311768
-7.971917152404785
-7.831875801086426
-7.8774333000183105
-7.952771186828613
-7.921071529388428
-7.871354579925537
-7.9444899559021
-7.879720687866211
-7.9624552726745605
-7.958646297454834
-7.9328718185424805
-7.918148517608643
-7.913745403289795
-7.928077697753906
-7.962488651275635
-7.926766395568848
-7.955355167388916
-7.965567588806152
-7.952197551727295
-7.943535327911377
-7.9398193359375
-7.949406623840332
-7.946290493011475
-7.955305099487305
-7.953444480895996
-7.931602478027344
-7.920627593994141
-7.962498188018799
-7.941927909851074
-7.960541248321533
-7.948538780212402
-7.946075439453125
-7.944348335266113
-7.951513290405273
-7.942803382873535
-7.950071811676025
-7.945822238922119
-7.941535949707031
-7.951892852783203
-7.908853054046631
-7.948468208312988
-7.957056999206543
-7.840388774871826
-7.941544055938721
-7.9249982833862305
-7.8389763832092285
-7.950843811035156
-7.9164814949035645
-7.86819314956665
-7.917704105377197
-7.903203964233398
-7.8078813552856445
-7.893996715545654
-7.8702192306518555
-7.762260913848877
-7.904378890991211
-7.945554256439209
-7.752871513366699
-7.899257659912109
-7.945624828338623
-7.874157428741455
-7.804703712463379
-7.879238128662109
-7.930652141571045
-7.786518573760986
-7.784019947052002
-7.9568705558776855
-7.819249629974365
-7.856039524078369
-7.957495212554932
-7.871899604797363
-7.890120029449463
-7.929230690002441
-7.9646220207214355
-7.977749824523926
-7.92800235748291
-7.912023067474365
-7.906416893005371
-7.897878646850586
-7.948244094848633
-7.962526321411133
-7.9247236251831055
-7.924979209899902
-7.947762489318848
-7.920537948608398
-7.915008544921875
-7.943108081817627
-7.927734851837158
-7.9554033279418945
-7.924210071563721
-7.943620681762695
-7.910325527191162
-7.882742404937744
-7.957747936248779
-7.9621663093566895
-7.822198390960693
-7.9395856857299805
-7.943247318267822
-7.88531494140625
-7.8727006912231445
-7.952827453613281
-7.884138107299805
-7.954897880554199
-7.919497013092041
-7.939929485321045
-7.944650173187256
-7.914485454559326
-7.93595027923584
-7.924789905548096
-7.919300079345703
-7.946594715118408
-7.928167819976807
-7.9254150390625
-7.947070598602295
-7.9388532638549805
-7.907044887542725
-7.959140777587891
-7.9480671882629395
-7.9486212730407715
-7.962973594665527
-7.948803901672363
-7.958220481872559
-7.93931245803833
-7.9374589920043945
-7.9511213302612305
-7.952438831329346
-7.92789363861084
-7.958054542541504
-7.958224296569824
-7.938809871673584
-7.92842435836792
-7.947729110717773
-7.980360984802246
-7.939239501953125
-7.981361389160156
-7.935467720031738
-7.957942962646484
-7.951216697692871
-7.970824718475342
-7.961123466491699
-7.955286979675293
-7.981966018676758
-7.966228008270264
-7.97840690612793
-7.956643104553223
-7.919029712677002
-7.964879989624023
-7.948331832885742
-7.973877429962158
-7.953894138336182
-7.9689154624938965
-7.951111316680908
-7.9570817947387695
-7.9502973556518555
-7.954691410064697
-7.958246231079102
-7.956346035003662
-7.953907012939453
-7.966263771057129
-7.954257965087891
-7.937162399291992
-7.953489303588867
-7.9807448387146
-7.953319072723389
-7.9231038093566895
-7.961618423461914
-7.956488132476807
-7.942469120025635
-7.953989028930664
-7.975709438323975
-7.906743049621582
-7.8833465576171875
-7.946961402893066
-7.905881404876709
-7.928344249725342
-7.9506611824035645
-7.952753067016602
-7.9393630027771
-7.95889949798584
-7.9532551765441895
-7.911677837371826
-7.931549549102783
-7.966336727142334
-7.901283264160156
-7.915917873382568
-7.969052314758301
-7.9403862953186035
-7.85167932510376
-7.961283206939697
-7.928643226623535
-7.867733001708984
-7.941967964172363
-7.958662509918213
-7.9549431800842285
-7.893501281738281
-7.945371150970459
-7.913798809051514
-7.883862018585205
-7.957237243652344
-7.959860801696777
-7.874454498291016
-7.8709797859191895
-7.96861457824707
-7.919397830963135
-7.879796028137207
-7.931055545806885
-7.927558898925781
-7.853510856628418
-7.88281774520874
-7.914730072021484
-7.885456562042236
-7.942571640014648
-7.9720282554626465
-7.931957721710205
-7.889434814453125
-7.941209316253662
-7.905982971191406
-7.89131498336792
-7.949285507202148
-7.932397365570068
-7.932812690734863
-7.932240962982178
-7.952864170074463
-7.9271769523620605
-7.953464031219482
-7.968640327453613
-7.957019805908203
-7.942134380340576
-7.9512505531311035
-7.982223987579346
-7.89654541015625
-7.944650650024414
-7.9717230796813965
-7.872164249420166
-7.901998519897461
-7.975334167480469
-7.893733024597168
-7.858799457550049
-7.947029113769531
-7.913909435272217
-7.8945698738098145
-7.957911968231201
-7.973381996154785
-7.886518478393555
-7.901106834411621
-7.955357074737549
-7.941550254821777
-7.9631476402282715
-8.004721641540527
-7.922448635101318
-7.777851104736328
-7.9757537841796875
-7.936217784881592
-7.899827480316162
-7.933992862701416
-7.961777210235596
-7.988689422607422
-7.8875732421875
-7.979164123535156
-7.944220066070557
-7.9544148445129395
-7.976464748382568
-7.939177513122559
-7.919219493865967
-7.971614837646484
-7.943881034851074
-7.973233699798584
-7.922346591949463
-7.942512035369873
-7.945141315460205
-7.948477745056152
-7.948936462402344
-7.938555717468262
-7.924947261810303
-7.973833084106445
-7.98082160949707
-7.947078704833984
-7.972484111785889
-7.976497650146484
-7.915090084075928
-7.951878547668457
-7.959944725036621
-7.960173606872559
-7.9895524978637695
-7.927649021148682
-8.001115798950195
-7.940586566925049
-7.981622219085693
-7.971651554107666
-7.972313404083252
-7.948651313781738
-7.941959857940674
-7.952093601226807
-7.919301509857178
-7.946794509887695
-7.970135688781738
-7.9867072105407715
-7.964832305908203
-7.96296501159668
-7.974052906036377
-7.971997261047363
-8.009052276611328
-7.971928596496582
-7.915729999542236
-8.008870124816895
-7.934438705444336
-7.94254732131958
-7.9422807693481445
-7.970069408416748
-7.914849281311035
-7.913044452667236
-7.950039386749268
-7.94623327255249
-7.94043493270874
-7.944790363311768
-7.9502339363098145
-7.9363861083984375
-7.955326080322266
-7.93925142288208
-7.932936191558838
-7.945797920227051
-7.979249000549316
-7.937480926513672
-7.906927585601807
-7.9588623046875
-7.935729503631592
-7.9579267501831055
-7.973770618438721
-7.913088798522949
-7.965544700622559
-7.976836681365967
-7.9571943283081055
-7.937971115112305
-7.970931053161621
-7.953096389770508
-7.962470054626465
-7.952367305755615
-7.956979751586914
-7.9646124839782715
-7.978857040405273
-7.9587836265563965
-7.963527679443359
-7.959386825561523
-7.9677815437316895
-7.974018096923828
-7.961671829223633
-7.964996814727783
-7.964725494384766
-7.946261882781982
-7.970429420471191
-7.976944446563721
-7.972867965698242
-7.960910320281982
-7.940695285797119
-7.965303897857666
-7.972649097442627
-7.9892683029174805
-7.972414493560791
-7.926856994628906
-7.960416316986084
-7.948055744171143
-7.942249298095703
-7.923702239990234
-7.943829536437988
-7.923360824584961
-7.9738078117370605
-7.979121208190918
-7.96387243270874
-7.968857288360596
-7.975122451782227
-7.9309539794921875
-8.015595436096191
-7.972748279571533
-7.96312952041626
-7.950789928436279
-7.97745943069458
-7.9581828117370605
-7.947601318359375
-7.961404323577881
-7.959309101104736
-7.9654083251953125
-7.97054386138916
-7.936925888061523
-7.9418230056762695
-7.964922904968262
-7.954121112823486
-7.968566417694092
-7.96000337600708
-7.974354267120361
-7.972537994384766
-7.9742536544799805
-7.950695991516113
-7.950003623962402
-7.964707374572754
-7.948229789733887
-7.968963623046875
-7.966269493103027
-7.967837333679199
-7.972329139709473
-7.9619598388671875
-7.9607319831848145
-7.972090721130371
-7.95282506942749
-7.966823101043701
-7.956607818603516
-7.985452175140381
-7.979489803314209
-7.9487810134887695
-7.971485614776611
-7.973417282104492
-7.9745869636535645
-7.982831001281738
-7.956945419311523
-7.993302345275879
-7.933789253234863
-7.9846954345703125
-7.942301273345947
-7.951995849609375
-7.936798572540283
-7.952012538909912
-7.951120376586914
-7.941428184509277
-7.972333908081055
-7.958532810211182
-7.915369033813477
-7.933944225311279
-7.953268051147461
-7.902675628662109
-7.9699931144714355
-7.978219509124756
-7.923196792602539
-7.96224308013916
-7.9487152099609375
-7.948570728302002
-7.972355842590332
-7.98714542388916
-7.93009090423584
-7.970675468444824
-7.955686569213867
-7.977352619171143
-7.966854095458984
-7.974074840545654
-7.967411994934082
-7.971363544464111
-8.008106231689453
-7.934273719787598
-7.956035614013672
-7.968225002288818
-7.9442243576049805
-7.9478759765625
-8.007660865783691
-7.986415863037109
-7.915981292724609
-7.981469631195068
-7.948901176452637
-7.926890850067139
-7.951916694641113
-7.978975296020508
-7.927788734436035
-7.88961935043335
-7.975429058074951
-7.919506072998047
-7.964970111846924
-7.973454475402832
-8.000414848327637
-7.943070411682129
-8.005108833312988
-7.978771209716797
-7.946539402008057
-7.949099540710449
-7.931344509124756
-7.967465877532959
-7.964507579803467
-7.972920894622803
-7.977205276489258
-7.975162506103516
-7.9585394859313965
-7.996674060821533
-7.968031406402588
-7.971076965332031
-7.957050323486328
-7.968359470367432
-7.980863094329834
-7.951022624969482
-7.961295127868652
-7.98675537109375
-7.965847015380859
-7.981191635131836
-7.967289924621582
-7.968595027923584
-7.986964702606201
-7.959347724914551
-7.963168144226074
-7.975442886352539
-7.971399307250977
-7.982519626617432
-7.972383975982666
-7.972325801849365
-7.954945087432861
-7.971996307373047
-7.971155643463135
-7.971829891204834
-7.95347261428833
-7.9682087898254395
-7.942875385284424
-8.015632629394531
-7.864451885223389
-7.920070648193359
-7.9734416007995605
-7.886920928955078
-7.891782760620117
-7.992473602294922
-7.89538049697876
-7.912713050842285
-7.966834545135498
-7.916039943695068
-7.918523788452148
-7.952199935913086
-7.972022533416748
-7.888059139251709
-7.935420513153076
-7.960464954376221
-7.922513008117676
-7.869436264038086
-7.952410697937012
-7.911797523498535
-7.908968925476074
-7.971564769744873
-7.954360008239746
-7.969174861907959
-7.97462272644043
-7.945772647857666
-7.958558559417725
-7.959396839141846
-7.992763042449951
-7.960347652435303
-7.975754737854004
-7.967573642730713
-7.981775760650635
-7.963104724884033
-7.968401908874512
-7.968992710113525
-7.960145473480225
-7.977588176727295
-7.969650745391846
-7.975255966186523
-7.980433940887451
-7.959877967834473
-7.970355987548828
-7.974906921386719
-7.970734119415283
-7.991849899291992
-7.92797327041626
-7.983579635620117
-7.924192428588867
-7.985030174255371
-7.982386589050293
-7.896091461181641
-7.9587836265563965
-7.972593307495117
-7.925642967224121
-7.920962810516357
-7.93846321105957
-7.901754856109619
-7.908186912536621
-7.982840538024902
-7.9641947746276855
-7.932625770568848
-7.949705600738525
-7.932982444763184
-7.95275354385376
-7.99130392074585
-7.964138507843018
-7.9393181800842285
-7.979585647583008
-7.960263729095459
-7.926210403442383
-7.9648332595825195
-7.963184356689453
-7.93222713470459
-7.9672136306762695
-7.965194225311279
-7.973551273345947
-7.9738898277282715
-7.953588008880615
-7.960038185119629
-7.973133563995361
-7.951910495758057
-7.96013069152832
-7.972308158874512
-7.988600730895996
-7.986363887786865
-7.948700428009033
-7.968263149261475
-7.9269700050354
-7.97340202331543
-7.920820236206055
-7.886284351348877
-7.948169708251953
-7.933821201324463
-7.825987339019775
-7.910336017608643
-7.94401741027832
-7.876778602600098
-7.9871087074279785
-7.966676712036133
-7.940694808959961
-7.889914512634277
-7.958600044250488
-7.956869125366211
-7.936831474304199
-7.937704086303711
-7.969043731689453
-7.93828010559082
-7.94305419921875
-7.9379048347473145
-7.940918922424316
-7.977380752563477
-7.977797031402588
-7.965738773345947
-7.971930980682373
-7.973872184753418
-7.948212146759033
-7.9619059562683105
-7.9789838790893555
-7.969757080078125
-7.971525192260742
-7.973114967346191
-7.97567081451416
-7.946589469909668
-7.957849502563477
-7.984793186187744
-7.935844421386719
-7.931288719177246
-7.996325969696045
-7.913086891174316
-7.8878021240234375
-7.983005523681641
-7.9490742683410645
-7.954070091247559
-7.928467750549316
-7.975708961486816
-7.905215740203857
-7.989058494567871
-7.960476875305176
-7.949057579040527
-7.9420857429504395
-7.943291187286377
-7.987826347351074
-7.914573669433594
-7.893630504608154
-7.977662086486816
-7.900485038757324
-7.9257659912109375
-7.966207981109619
-7.951968193054199
-7.880740642547607
-7.9623918533325195
-7.931520462036133
-7.882264614105225
-7.924891948699951
-7.93470573425293
-7.915307998657227
-7.942231178283691
-7.982446670532227
-7.894567012786865
-7.923767566680908
-7.986493110656738
-7.868215560913086
-7.9511590003967285
-7.970289707183838
-7.9659199714660645
-7.930417060852051
-7.954342365264893
-7.988489627838135
-7.974200248718262
-7.920726299285889
-7.9751386642456055
-7.955129146575928
-7.9906487464904785
-7.974565029144287
-7.972357749938965
-7.936262607574463
-7.98592472076416
-7.965176582336426
-7.965765476226807
-7.9928083419799805
-7.9662041664123535
-7.9171552658081055
-7.984521865844727
-7.9815545082092285
-7.959611892700195
-7.959453105926514
-7.942989826202393
-7.961692810058594
-7.9537224769592285
-7.977672576904297
-7.954504489898682
-7.948988437652588
-7.991603851318359
-7.9228596687316895
-7.974667072296143
-7.99259090423584
-7.950901031494141
-7.943370819091797
-7.964973449707031
-7.952098369598389
-7.960168361663818
-7.964640140533447
-7.957057952880859
-7.996561527252197
-7.970157623291016
-7.964875221252441
-7.970503330230713
-7.970251560211182
-7.973104953765869
-7.947337627410889
-7.975517749786377
-7.967990875244141
-7.968263626098633
-8.017436027526855
-7.824151992797852
-7.997095584869385
-7.975582122802734
-7.957764625549316
-7.967459678649902
-7.992489814758301
-7.962028980255127
-8.012853622436523
-7.920476913452148
-7.986946105957031
-7.973993301391602
-7.953664302825928
-7.97702169418335
-7.957725524902344
-7.984274864196777
-7.987897872924805
-7.993566989898682
-7.973206043243408
-7.986535549163818
-7.9663872718811035
-7.979707717895508
-7.954512119293213
-7.982625484466553
-7.949743747711182
-7.966667652130127
-7.928188323974609
-7.986258506774902
-7.9741740226745605
-7.897308349609375
-7.952599048614502
-7.959898948669434
-7.932888031005859
-7.944212436676025
-7.957449913024902
-7.972647190093994
-7.956860542297363
-7.97684907913208
-7.950406551361084
-7.966977119445801
-7.976439476013184
-7.964040756225586
-7.9445953369140625
-7.940217018127441
-7.966699600219727
-7.914553642272949
-7.9575090408325195
-7.972009658813477
-7.956830978393555
-7.963408946990967
-7.977051258087158
-7.951738357543945
-7.9741597175598145
-7.995370864868164
-7.9889421463012695
-7.970761775970459
-7.962570667266846
-7.9732890129089355
-7.955942630767822
-7.981583118438721
-7.971008777618408
-7.968589782714844
-7.992298603057861
-7.970953464508057
-7.991594314575195
-7.986713886260986
-7.9823198318481445
-7.989222049713135
-7.97313117980957
-7.966691017150879
-7.9766316413879395
-7.953524589538574
-7.993936538696289
-7.993378639221191
-7.921968460083008
-7.9807658195495605
-7.962960720062256
-7.952040672302246
-7.927788257598877
-7.980928897857666
-7.9634599685668945
-7.9373297691345215
-7.970183372497559
-7.96127462387085
-7.977447032928467
-7.973971366882324
-7.981274604797363
-7.979898929595947
-7.934889316558838
-7.982059478759766
-7.979107856750488
-7.956719875335693
-7.973459243774414
-7.957524299621582
-7.987088680267334
-7.982664108276367
-7.992551803588867
-7.973535060882568
-7.992642402648926
-7.968310356140137
-7.978399276733398
-7.976174831390381
-7.985606670379639
-7.984691619873047
-7.973156452178955
-7.984454154968262
-7.99516487121582
-7.9875288009643555
-7.9711737632751465
-7.981044769287109
-7.967703819274902
-7.986038684844971
-7.951835632324219
-7.965482711791992
-7.972311019897461
-7.97080135345459
-7.9836297035217285
-8.002368927001953
-7.985620498657227
-7.976019859313965
-7.997516632080078
-7.963777542114258
-7.986629009246826
-8.005325317382812
-8.015406608581543
-7.98852014541626
-7.973642349243164
-7.985595226287842
-7.963906764984131
-7.970131874084473
-7.954741477966309
-7.9561920166015625
-7.945291042327881
-7.979062080383301
-7.986729145050049
-7.972923278808594
-7.987649917602539
-7.966447830200195
-7.966854095458984
-7.968116283416748
-7.986876487731934
-7.971063137054443
-7.998628616333008
-7.970361709594727
-7.970566272735596
-7.973139762878418
-7.98936653137207
-7.993426322937012
-7.971767425537109
-7.983977794647217
-7.981220245361328
-7.966925144195557
-7.977858066558838
-7.9751715660095215
-7.986346244812012
-7.972105503082275
-7.948891639709473
-7.971514701843262
-7.96044921875
-7.971785545349121
-7.976262092590332
-7.959000110626221
-7.983004570007324
-7.981225967407227
-7.972599029541016
-7.982035160064697
-7.976937294006348
-7.989542484283447
-7.963997840881348
-8.002102851867676
-7.962686538696289
-7.972356796264648
-7.984352111816406
-8.006158828735352
-7.942757606506348
-7.981690883636475
-7.994333267211914
-7.994237899780273
-7.969517230987549
-7.964277267456055
-7.987709999084473
-7.952713966369629
-7.970082759857178
-7.931958198547363
-7.963210582733154
-8.011856079101562
-7.957364559173584
-7.954057216644287
-7.971791744232178
-7.976964950561523
-7.99683141708374
-7.950806140899658
-8.01587963104248
-7.981222629547119
-7.967895030975342
-7.979339599609375
-7.963042259216309
-7.972583293914795
-7.991882801055908
-7.9966816902160645
-8.000287055969238
-7.9546637535095215
-7.967807292938232
-7.951595306396484
-7.939632415771484
-7.970085620880127
-7.9139275550842285
-7.944000720977783
-7.9936842918396
-7.974391460418701
-7.968053817749023
-7.976661682128906
-7.997097015380859
-7.897496223449707
-7.968042850494385
-7.983991622924805
-7.926711082458496
-7.996852874755859
-7.928357124328613
-7.958517074584961
-7.99011754989624
-7.965029716491699
-7.969392776489258
-7.963980674743652
-7.983173847198486
-7.952442169189453
-7.961400032043457
-7.971797943115234
-7.983769416809082
-7.971555709838867
-7.979434013366699
-7.981695652008057
-7.985243320465088
-7.995506286621094
-7.957276821136475
-7.971731185913086
-7.97269344329834
-7.962577819824219
-7.973774433135986
-8.036372184753418
-7.955353736877441
-7.927243232727051
-7.9775872230529785
-7.937767028808594
-7.877892017364502
-7.966106414794922
-7.926196575164795
-7.870725631713867
-7.95863676071167
-7.9634013175964355
-7.88931941986084
-7.96320104598999
-7.989797115325928
-8.000631332397461
-7.950875759124756
-7.95187520980835
-7.936777591705322
-7.931783199310303
-7.99210786819458
-7.987210750579834
-7.848489761352539
-8.00195026397705
-7.995777606964111
-7.946457862854004
-7.976611137390137
-7.990712642669678
-7.906190872192383
-8.014708518981934
-7.984715938568115
-7.973644733428955
-7.985518455505371
-7.993561267852783
-7.942050933837891
-7.925087928771973
-7.97711181640625
-7.931392192840576
-7.970170974731445
-7.984845161437988
-7.915740966796875
-7.968373775482178
-7.9858598709106445
-7.948843955993652
-7.975422382354736
-7.983492851257324
-7.981492519378662
-7.991071701049805
-7.974281311035156
-7.992766857147217
-7.976437091827393
-7.98854923248291
-7.988152980804443
-8.008993148803711
-7.902257919311523
-7.992650508880615
-7.960944652557373
-7.952390193939209
-7.975101470947266
-7.951892852783203
-7.880418300628662
-7.9971232414245605
-7.964221000671387
-7.97936487197876
-8.00778579711914
-7.9171671867370605
-7.908355236053467
-7.999744892120361
-7.952951431274414
-7.982922077178955
-7.933207035064697
-7.940423965454102
-7.962929725646973
-7.944522857666016
-7.93745756149292
-7.987390041351318
-7.910252094268799
-7.937467575073242
-7.981230735778809
-7.941582202911377
-7.954618453979492
-7.976707935333252
-7.958515644073486
-8.010502815246582
-7.98480224609375
-7.978886127471924
-7.9756269454956055
-7.985387802124023
-7.97797155380249
-7.982277870178223
-7.9984636306762695
-7.975907802581787
-7.982787132263184
-7.978926181793213
-7.995129585266113
-7.992185115814209
-7.961157321929932
-7.980591773986816
-7.9749226570129395
-7.95873498916626
-7.95440673828125
-7.94530725479126
-7.925974369049072
-7.972550868988037
-7.9776387214660645
-7.898178577423096
-7.978404521942139
-7.9630913734436035
-7.965356349945068
-8.001084327697754
-7.9861273765563965
-7.974826335906982
-7.994908809661865
-7.967739582061768
-7.971456050872803
-7.976798057556152
-7.991765022277832
-7.975848197937012
-7.97772741317749
-7.956162929534912
-7.991288661956787
-7.985438346862793
-7.973411560058594
-7.9731621742248535
-7.974271297454834
-7.985762119293213
-7.9601898193359375
-7.997734546661377
-7.974183559417725
-7.984225749969482
-7.9972758293151855
-7.966285705566406
-8.006715774536133
-7.964189529418945
-7.996952533721924
-7.985401630401611
-7.950408458709717
-7.995316982269287
-7.962905406951904
-8.003039360046387
-7.980307579040527
-7.970192909240723
-7.967304229736328
-7.965524196624756
-8.006085395812988
-7.984001159667969
-7.968433380126953
-7.985622882843018
-7.974551677703857
-7.9645867347717285
-7.931258678436279
-7.969660758972168
-7.939229488372803
-7.932178974151611
-7.976749420166016
-7.9739603996276855
-7.927873611450195
-7.953754425048828
-8.007181167602539
-7.792454719543457
-7.926881313323975
-7.98915433883667
-7.900905132293701
-7.914182662963867
-7.973706245422363
-7.978272438049316
-7.9535417556762695
-7.959039688110352
-7.982959747314453
-7.949837684631348
-7.894068241119385
-7.926461219787598
-7.962730884552002
-7.842779159545898
-7.91374397277832
-7.988521099090576
-7.936952590942383
-7.8999199867248535
-7.964181900024414
-7.95657205581665
-7.856699466705322
-7.959421634674072
-7.985848426818848
-7.922919273376465
-7.9577741622924805
-7.995326042175293
-7.941956996917725
-7.934909820556641
-7.982749938964844
-7.945162296295166
-7.967442035675049
-7.953627586364746
-7.9731597900390625
-7.984410285949707
-7.970800876617432
-7.968307018280029
-7.96891975402832
-7.978984355926514
-8.008881568908691
-7.95106315612793
-7.937042236328125
-8.00234603881836
-7.980414390563965
-7.952981472015381
-7.991241455078125
-7.944777488708496
-7.986555576324463
-7.9967498779296875
-8.005718231201172
-7.979609489440918
-7.964014530181885
-8.01315689086914
-7.98378849029541
-7.972434997558594
-8.003182411193848
-7.992222785949707
-7.998122692108154
-7.948404312133789
-7.975963115692139
-7.949485778808594
-7.93206262588501
-7.958590030670166
-7.949065685272217
-7.9433441162109375
-7.978680610656738
-7.986869812011719
-7.979978561401367
-7.976005554199219
-7.993255138397217
-8.005114555358887
-7.975583553314209
-7.992115497589111
-7.997304439544678
-7.9948649406433105
-7.978694915771484
-7.988770008087158
-8.010689735412598
-8.001996994018555
-8.00905990600586
-7.99255895614624
-7.987521648406982
-8.009270668029785
-8.032442092895508
-7.944239616394043
-7.96650505065918
-7.971197605133057
-7.9659624099731445
-7.984869480133057
-7.971458911895752
-7.980578422546387
-7.9796366691589355
-7.985680103302002
-7.990342617034912
-7.970919609069824
-7.982184410095215
-7.993608474731445
-8.018830299377441
-7.985647678375244
-7.937754154205322
-7.995604991912842
-7.98832893371582
-7.993995189666748
-7.99310302734375
-8.005256652832031
-7.994479656219482
-7.939929485321045
-8.001514434814453
-7.981861114501953
-7.9725341796875
-7.982625961303711
-7.98752498626709
-7.9921040534973145
-7.986008167266846
-7.978013038635254
-7.978252410888672
-7.972206115722656
-7.967793941497803
-7.971519947052002
-8.00363826751709
-7.975572109222412
-7.990254878997803
-7.998713493347168
-7.977351188659668
-7.979543209075928
-8.0005521774292
-8.007079124450684
-7.991754531860352
-8.007144927978516
-8.004064559936523
-7.936547756195068
-7.971745491027832
-7.9280171394348145
-7.950359344482422
-7.980109691619873
-7.916984558105469
-7.963202476501465
-7.980871677398682
-7.955981731414795
-7.9568586349487305
-7.9816060066223145
-7.948881149291992
-7.934465408325195
-8.004460334777832
-7.9548749923706055
-7.924570560455322
-7.98537015914917
-7.930172443389893
-7.94779109954834
-7.977972030639648
-7.968551158905029
-7.961294651031494
-7.985934734344482
-7.964227199554443
-7.94566535949707
-7.986928462982178
-7.987687587738037
-7.981034278869629
-7.989423751831055
-7.978747844696045
-7.994626998901367
-7.998175144195557
-7.963799953460693
-7.969374656677246
-7.957961559295654
-7.951472759246826
-7.9886155128479
-7.938223361968994
-7.971993446350098
-7.972347736358643
-7.980598449707031
-7.988396167755127
-7.9781084060668945
-7.981616973876953
-7.984356880187988
-7.972417831420898
-7.997276306152344
-7.985065937042236
-7.92241907119751
-8.033651351928711
-8.007040977478027
-7.979563236236572
-7.994609832763672
-7.983214378356934
-7.987217903137207
-7.982068061828613
-7.96077299118042
-7.987995147705078
-7.9662089347839355
-7.987736701965332
-7.970654010772705
-7.954897880554199
-7.971123695373535
-7.993040561676025
-7.974501609802246
-7.973883628845215
-7.987681865692139
-7.992852687835693
-7.9661736488342285
-7.967338562011719
-7.982779502868652
-7.959915637969971
-7.977317810058594
-7.989511013031006
-7.974539756774902
-7.940143585205078
-7.974350452423096
-7.923609733581543
-7.977569580078125
-7.97779655456543
-7.974764347076416
-7.98286247253418
-7.981342792510986
-7.965081214904785
-7.983023643493652
-7.99716854095459
-7.980332851409912
-7.9685282707214355
-7.973991394042969
-7.977471828460693
-7.969844341278076
-8.000432014465332
-7.974827766418457
-7.980162143707275
-7.947268962860107
-7.988533020019531
-7.933030128479004
-7.950179100036621
-7.99273157119751
-7.966297626495361
-7.9698028564453125
-7.9563889503479
-7.983963489532471
-7.939003944396973
-7.883857727050781
-7.996811389923096
-8.000179290771484
-7.8833208084106445
-7.89767599105835
-7.954880237579346
-7.834855556488037
-7.922933101654053
-7.993196964263916
-7.901184558868408
-7.884130001068115
-7.937273979187012
-7.904429912567139
-7.87621545791626
-7.912420749664307
-7.972060680389404
-7.837662696838379
-7.837532997131348
-7.999629497528076
-7.949891090393066
-7.923478126525879
-7.954066276550293
-7.986110687255859
-7.886211395263672
-7.9262003898620605
-7.991847515106201
-7.889153480529785
-7.885239124298096
-7.992379188537598
-7.996524810791016
-7.912154674530029
-7.9788055419921875
-7.995570182800293
-7.941279411315918
-7.9565510749816895
-7.983525276184082
-7.935068130493164
-7.924358367919922
-7.989999771118164
-7.965037822723389
-7.9650983810424805
-7.982266902923584
-7.993997573852539
-7.991514205932617
-7.9865875244140625
-7.9755144119262695
-7.988040447235107
-7.986602783203125
-7.983614444732666
-7.997045516967773
-7.9904022216796875
-7.993788242340088
-7.984401226043701
-7.98491907119751
-7.986878871917725
-7.957094669342041
-7.987485885620117
-7.985746383666992
-7.991901397705078
-7.991511821746826
-7.991602420806885
-7.9842095375061035
-7.988025188446045
-7.970028400421143
-7.968095779418945
-7.979037761688232
-7.961485862731934
-7.978830337524414
-8.003329277038574
-8.003432273864746
-7.951492786407471
-7.960451602935791
-7.972282409667969
-7.9515380859375
-7.975787162780762
-7.993890285491943
-7.967858791351318
-7.974193096160889
-8.008132934570312
-7.984616756439209
-7.973827838897705
-7.983428478240967
-7.971541404724121
-8.011662483215332
-7.990074634552002
-7.9901123046875
-7.9635725021362305
-7.983147621154785
-7.957228660583496
-7.980858325958252
-8.000844955444336
-7.976762771606445
-7.9878058433532715
-7.977613925933838
-7.998291015625
-7.963435173034668
-7.957862854003906
-7.999804496765137
-7.973309516906738
-8.020330429077148
-7.97484016418457
-7.993681907653809
-7.976722717285156
-7.996716499328613
-7.979623794555664
-7.993023872375488
-7.973031520843506
-7.998158931732178
-8.004495620727539
-7.991016864776611
-7.9946608543396
-8.006162643432617
-7.994625091552734
-7.991280555725098
-7.979049205780029
-7.976855278015137
-7.986747741699219
-7.973642826080322
-7.981794357299805
-7.970539569854736
-7.980982303619385
-8.004676818847656
-7.937957286834717
-7.967423439025879
-7.991016864776611
-7.9727277755737305
-7.951336860656738
-7.972586631774902
-7.994189739227295
-7.932326793670654
-7.969904899597168
-7.9693803787231445
-7.975125312805176
-7.956136703491211
-7.966816425323486
-8.003430366516113
-7.954723358154297
-7.9398417472839355
-7.996772766113281
-7.966888427734375
-7.910404682159424
-7.982691287994385
-8.012626647949219
-7.876988887786865
-7.954570293426514
-7.981017589569092
-7.9484663009643555
-7.956206798553467
-7.992121696472168
-7.939812183380127
-7.949326515197754
-7.997354984283447
-7.980360984802246
-7.9318528175354
-7.948695659637451
-7.983028411865234
-7.955911159515381
-7.877996921539307
-7.982784748077393
-7.949760913848877
-7.920595645904541
-7.950958251953125
-7.976712703704834
-7.930855751037598
-7.867096900939941
-8.00037956237793
-7.9084062576293945
-7.974704742431641
-7.986091136932373
-7.977921485900879
-7.984145641326904
-7.9843316078186035
-7.996136665344238
-7.999722480773926
-7.987590789794922
-8.011701583862305
-8.003232955932617
-8.008718490600586
-7.994232177734375
-8.02975845336914
-7.980935573577881
-7.979856491088867
-8.023443222045898
-7.973807334899902
-7.9647111892700195
-7.966099262237549
-7.97482442855835
-7.98586368560791
-7.976433277130127
-7.989501476287842
-7.981381416320801
-7.993935585021973
-7.9707722663879395
-7.9756951332092285
-7.993463516235352
-8.012816429138184
-7.923817157745361
-8.009446144104004
-7.977258205413818
-7.967485427856445
-7.9767069816589355
-7.995464324951172
-8.015397071838379
-7.947225093841553
-7.993938446044922
-7.991732597351074
-7.9782915115356445
-7.958837509155273
-8.008102416992188
-7.977128982543945
-7.958085060119629
-8.022406578063965
-7.978581428527832
-7.992451190948486
-8.015393257141113
-8.00657844543457
-7.948513031005859
-7.9640069007873535
-7.980320453643799
-7.94863748550415
-7.984893321990967
-8.004005432128906
-8.005440711975098
-7.963024139404297
-7.964932441711426
-7.991734981536865
-7.961911678314209
-7.965426921844482
-7.990947246551514
-7.956223964691162
-7.958179473876953
-7.9902119636535645
-7.989233016967773
-7.973771095275879
-7.9838128089904785
-7.969308376312256
-7.9881181716918945
-8.005631446838379
-7.979017734527588
-7.993947982788086
-7.989569664001465
-7.999118804931641
-7.981261730194092
-7.981342315673828
-7.975984573364258
-7.980413913726807
-7.986229419708252
-7.98595666885376
-7.961554527282715
-8.000516891479492
-7.983887672424316
-7.9923996925354
-7.979464530944824
-7.989500522613525
-7.985503196716309
-7.983230113983154
-7.9655680656433105
-7.970592021942139
-7.9999542236328125
-8.004814147949219
-7.9369611740112305
-7.987462997436523
-7.988998889923096
-7.989336967468262
-7.978404521942139
-7.999843120574951
-7.977535724639893
-7.998134613037109
-7.9752326011657715
-7.982997894287109
-7.967142581939697
-8.0004301071167
-7.988955020904541
-7.9813408851623535
-7.972750663757324
-7.98271369934082
-7.974700927734375
-7.935029983520508
-7.992335319519043
-7.957962512969971
-7.9609694480896
-7.956076622009277
-7.980062961578369
-7.880171775817871
-7.973301887512207
-8.004426002502441
-8.004692077636719
-7.938315391540527
-7.974522590637207
-7.960392951965332
-7.904547214508057
-7.965341567993164
-8.003124237060547
-7.8894758224487305
-7.973531246185303
-7.989438056945801
-7.951106548309326
-7.947148323059082
-7.991866588592529
-7.959007263183594
-7.9475016593933105
-8.0148344039917
-8.000053405761719
-7.970548152923584
-7.979224681854248
-7.990434646606445
-7.981689929962158
-8.011116981506348
-8.0202054977417
-7.985903739929199
-7.97434139251709
-7.9866509437561035
-7.994124889373779
-7.989632606506348
-7.986252307891846
-7.982119560241699
-7.9766974449157715
-7.993021011352539
-7.986670970916748
-7.985341548919678
-8.005976676940918
-7.986965179443359
-7.995096683502197
-7.991183757781982
-7.994161128997803
-7.978280067443848
-8.002910614013672
-7.998310089111328
-7.988437652587891
-7.990260601043701
-7.982279300689697
-7.980066776275635
-7.993443965911865
-8.005476951599121
-7.960277557373047
-7.973984718322754
-7.9907002449035645
-7.97361421585083
-7.955054759979248
-7.999590873718262
-7.944433689117432
-7.997246742248535
-7.994694709777832
-7.96736478805542
-7.968128204345703
-7.996120452880859
-7.976776123046875
-7.972076416015625
-8.000520706176758
-8.003800392150879
-7.967370510101318
-7.994985580444336
-7.9784040451049805
-7.971978187561035
-7.986030101776123
-7.978010177612305
-8.004135131835938
-7.946779251098633
-8.002448081970215
-7.986575126647949
-7.976673603057861
-7.986945629119873
-7.973031044006348
-7.9892683029174805
-7.995316028594971
-7.993011951446533
-7.995306015014648
-8.000737190246582
-7.979454040527344
-7.996438980102539
-7.996322154998779
-7.991668701171875
-8.004716873168945
-7.93956995010376
-7.98271369934082
-7.924078941345215
-7.998366355895996
-7.990030288696289
-7.987877368927002
-7.99514102935791
-7.985077857971191
-7.969440460205078
-7.9695634841918945
-7.939446449279785
-7.992027282714844
-7.982081413269043
-7.970834255218506
-7.962924003601074
-7.961690425872803
-8.000170707702637
-7.964006423950195
-7.988953113555908
-8.004810333251953
-7.991302967071533
-7.991367816925049
-7.999504566192627
-7.97255802154541
-7.983510494232178
-8.001855850219727
-8.003705978393555
-8.000604629516602
-7.97780179977417
-8.017355918884277
-7.983689785003662
-8.000778198242188
-7.998260021209717
-7.991420269012451
-7.974305152893066
-7.986245155334473
-7.99833345413208
-7.981071472167969
-7.983515739440918
-7.981018543243408
-7.978822708129883
-7.98655366897583
-7.9756035804748535
-7.962244987487793
-7.976628303527832
-8.008456230163574
-7.981203556060791
-7.959536552429199
-7.973608016967773
-7.99361515045166
-7.983861446380615
-8.012093544006348
-7.98262882232666
-7.982564926147461
-7.985897541046143
-7.992120265960693
-7.9806976318359375
-8.0152006149292
-7.89981746673584
-7.989129543304443
-7.958676815032959
-7.97524356842041
-8.01431655883789
-7.941871643066406
-7.975717067718506
-8.00540542602539
-7.979732990264893
-7.9638471603393555
-8.002646446228027
-8.001900672912598
-7.94249153137207
-7.980749607086182
-7.984279155731201
-7.939000129699707
-7.992290019989014
-7.950842380523682
-7.921817779541016
-8.010367393493652
-7.99114990234375
-7.969659805297852
-7.976833343505859
-7.999469757080078
-7.966364860534668
-8.003525733947754
-7.970881462097168
-7.981412410736084
-7.994482517242432
-7.99161434173584
-8.014841079711914
-7.947834491729736
-7.992832183837891
-7.987091064453125
-7.984134197235107
-8.00611400604248
-8.030340194702148
-8.00949478149414
-7.926580429077148
-7.982295513153076
-7.980134010314941
-7.971303939819336
-7.976426124572754
-7.986217975616455
-7.982204914093018
-7.937049388885498
-7.9736199378967285
-7.974760055541992
-7.978000640869141
-7.999567031860352
-7.971153736114502
-7.9650044441223145
-7.96865701675415
-7.989696979522705
-7.911550998687744
-7.97135066986084
-7.995114326477051
-7.938197135925293
-7.947479724884033
-8.010943412780762
-7.982657432556152
-7.998049736022949
-7.999894142150879
-7.979689598083496
-8.004292488098145
-7.9726433753967285
-7.985203742980957
-7.954019546508789
-7.983271598815918
-7.993917465209961
-7.982583522796631
-7.980942726135254
-7.988588333129883
-7.975428104400635
-7.986627578735352
-8.000736236572266
-7.9330549240112305
-7.983982563018799
-7.973860740661621
-7.9871745109558105
-7.9737114906311035
-7.979184150695801
-7.994426250457764
-7.937858581542969
-7.964033126831055
-8.001300811767578
-7.955019474029541
-7.958987712860107
-7.9897356033325195
-7.987675666809082
-7.955275535583496
-7.97815465927124
-7.963765621185303
-7.989865303039551
-7.999105453491211
-8.000421524047852
-7.977334022521973
-7.998956203460693
-7.995269298553467
-7.996517181396484
-7.994689464569092
-7.99737548828125
-7.999161243438721
-7.995708465576172
-7.975046157836914
-7.982726097106934
-7.9961676597595215
-7.993453025817871
-7.9788408279418945
-8.004742622375488
-8.005025863647461
-7.9968461990356445
-7.994645118713379
-7.991085529327393
-7.994256496429443
-7.969252109527588
-7.98630428314209
-7.975444316864014
-7.978189945220947
-7.994411945343018
-7.988317012786865
-7.95512580871582
-7.991830825805664
-7.9328293800354
-7.981132984161377
-8.03093433380127
-7.908397197723389
-7.990753650665283
-7.974691390991211
-7.988128185272217
-7.920125961303711
-7.990859031677246
-7.967959880828857
-8.018168449401855
-7.987813949584961
-8.00298023223877
-7.989978313446045
-7.983022212982178
-7.999264240264893
-8.002227783203125
-7.995613098144531
-8.001372337341309
-8.00700855255127
-8.000662803649902
-7.969144344329834
-7.973927021026611
-7.993260860443115
-8.0227632522583
-8.006869316101074
-7.927285194396973
-7.959230899810791
-7.988781929016113
-7.903275489807129
-7.924478530883789
-7.994474411010742
-7.898929595947266
-7.858949661254883
-7.992664813995361
-7.949804306030273
-7.914641857147217
-7.946956157684326
-7.989311695098877
-7.92606258392334
-7.98642635345459
-7.973377704620361
-7.969849109649658
-7.89224910736084
-7.9778642654418945
-7.946634292602539
-7.965132713317871
-7.887022495269775
-8.003249168395996
-7.884871482849121
-7.836355209350586
-7.974071502685547
-7.9856367111206055
-7.950137615203857
-7.930736541748047
-7.990773677825928
-7.967096328735352
-7.975865364074707
-7.99031400680542
-7.979441165924072
-7.985843658447266
-8.002304077148438
-7.994443416595459
-7.98616361618042
-7.9836530685424805
-7.982536315917969
-8.004743576049805
-8.0060396194458
-7.95716667175293
-7.966585159301758
-7.9513702392578125
-7.964716911315918
-7.991783618927002
-7.997105121612549
-7.964965343475342
-7.991481781005859
-7.9981303215026855
-7.997987747192383
-7.9906086921691895
-8.0037260055542
-7.990023136138916
-8.031023025512695
-7.995288372039795
-7.963700294494629
-8.019253730773926
-7.988046646118164
-7.960561752319336
-7.977531433105469
-8.018838882446289
-7.935521602630615
-7.994773864746094
-8.012300491333008
-7.978687763214111
-7.995030879974365
-7.986517429351807
-7.971551418304443
-7.978386402130127
-8.011285781860352
-7.909398078918457
-7.92535400390625
-7.980970859527588
-7.937289714813232
-7.9768242835998535
-7.994200706481934
-7.939702987670898
-7.992058753967285
-7.982088088989258
-7.997857570648193
-7.957018852233887
-8.003174781799316
-7.973544120788574
-7.976966857910156
-8.000602722167969
-7.990642070770264
-7.971068382263184
-7.9877238273620605
-7.984772205352783
-7.987267017364502
-7.988974571228027
-7.984690189361572
-7.970709323883057
-7.9854326248168945
-7.994050979614258
-7.987017631530762
-7.990419864654541
-7.995203495025635
-7.976433277130127
-7.971349239349365
-7.98544454574585
-7.985516548156738
-8.01318359375
-7.974517822265625
-8.021193504333496
-8.010677337646484
-7.953979969024658
-8.013623237609863
-7.985363483428955
-7.990014553070068
-7.9925079345703125
-7.986323833465576
-7.993261814117432
-7.999746799468994
-7.976325988769531
-7.988401412963867
-8.002227783203125
-7.989543914794922
-7.964047908782959
-7.995293140411377
-7.996469020843506
-7.992610931396484
-7.963765621185303
-7.9829912185668945
-7.976959705352783
-7.960128307342529
-7.962281703948975
-7.9755353927612305
-7.949655055999756
-7.953006267547607
-7.976077079772949
-7.94478178024292
-7.918315410614014
-8.013978958129883
-7.957953453063965
-7.965791702270508
-7.980474472045898
-7.980216979980469
-7.983971118927002
-7.982395172119141
-7.971458911895752
-7.979144096374512
-7.969196319580078
-8.00719928741455
-7.982161045074463
-7.948406219482422
-7.998356342315674
-7.990896701812744
-7.9982452392578125
-7.999816417694092
-8.001058578491211
-7.985686302185059
-8.003775596618652
-7.998873710632324
-7.998964309692383
-7.971312046051025
-7.972728729248047
-7.971712112426758
-7.981739521026611
-7.976378917694092
-7.991097450256348
-7.978397846221924
-7.992225170135498
-7.980842590332031
-7.97268009185791
-7.991748809814453
-7.977745056152344
-7.987767219543457
-8.00754451751709
-7.986701011657715
-7.9928178787231445
-7.9843549728393555
-8.00401782989502
-7.990077495574951
-8.001952171325684
-7.997647285461426
-8.005718231201172
-7.987151622772217
-7.977315902709961
-7.980777740478516
-7.993040084838867
-8.002511024475098
-7.997494697570801
-7.958549499511719
-8.008940696716309
-8.017008781433105
-7.987917900085449
-8.013630867004395
-7.975499153137207
-8.000471115112305
-7.97609281539917
-7.986199378967285
-7.999131202697754
-7.985145568847656
-8.004979133605957
-8.014628410339355
-7.994962692260742
-7.967947006225586
-8.036181449890137
-8.01057243347168
-8.020525932312012
-7.9736247062683105
-7.994692802429199
-8.022931098937988
-7.974414348602295
-7.969110488891602
-7.989608287811279
-8.004253387451172
-7.982626914978027
-7.966953754425049
-7.998887062072754
-7.990802764892578
-7.996941089630127
-8.000898361206055
-7.990902900695801
-7.982669830322266
-7.977384567260742
-7.977746486663818
-7.9924211502075195
-8.00124740600586
-7.959655284881592
-7.984059810638428
-7.978393077850342
-7.987181186676025
-7.997941017150879
-7.993060111999512
-8.000994682312012
-7.981799602508545
-7.9679741859436035
-7.991340160369873
-7.988955974578857
-7.98954963684082
-7.991275787353516
-8.008044242858887
-7.968083381652832
-7.988884925842285
-7.984899520874023
-7.972873687744141
-7.964241981506348
-8.007925987243652
-7.959971904754639
-7.896193981170654
-7.9971513748168945
-7.968783855438232
-7.899248123168945
-7.972789764404297
-7.982179641723633
-7.853132724761963
-8.006072044372559
-7.985537052154541
-7.946699619293213
-7.8947248458862305
-7.977975368499756
-7.971141338348389
-7.898448944091797
-7.994240760803223
-7.9706525802612305
-7.919932842254639
-7.985921382904053
-7.988739490509033
-7.992188930511475
-7.973466396331787
-7.970520496368408
-7.96152400970459
-7.964715480804443
-7.991159439086914
-7.997605323791504
-8.005412101745605
-7.965212821960449
-7.986319541931152
-7.953295707702637
-7.980677604675293
-7.995065212249756
-7.975872039794922
-7.936385631561279
-7.962957859039307
-7.968567371368408
-7.957254886627197
-7.973386287689209
-7.984779357910156
-7.986496448516846
-7.856634616851807
-7.994912624359131
-7.966496467590332
-7.934860706329346
-7.972774028778076
-7.993720531463623
-7.890501022338867
-7.9927568435668945
-7.996087551116943
-7.956936359405518
-7.963088512420654
-7.994996070861816
-7.948488235473633
-7.934032917022705
-8.010979652404785
-7.958083152770996
-7.992166996002197
-7.945794582366943
-7.981390953063965
-7.991316795349121
-7.999549388885498
-8.003478050231934
-7.987968444824219
-8.001466751098633
-7.981545448303223
-7.985324382781982
-8.00117015838623
-7.993658065795898
-7.997415542602539
-8.003454208374023
-8.023910522460938
-7.976750373840332
-7.978923797607422
-8.005070686340332
-7.969645023345947
-7.978391170501709
-8.008666038513184
-7.999488830566406
-7.984960556030273
-7.9775590896606445
-8.014976501464844
-7.965882301330566
-8.00373363494873
-8.012004852294922
-7.892523288726807
-7.974464416503906
-8.030106544494629
-8.003320693969727
-7.985725402832031
-7.997889995574951
-7.977303504943848
-7.991177558898926
-8.000255584716797
-7.996007442474365
-8.006936073303223
-7.994330883026123
-7.978831768035889
-7.990094184875488
-7.941232204437256
-7.975155830383301
-7.980860710144043
-8.01671314239502
-7.87978458404541
-8.020843505859375
-8.000567436218262
-7.977035045623779
-7.976962566375732
-7.997689247131348
-7.978348255157471
-7.993227005004883
-7.989767551422119
-7.999472618103027
-7.991549491882324
-7.977300643920898
-7.97243595123291
-8.006912231445312
-7.989833831787109
-7.990838527679443
-8.003861427307129
-7.990009784698486
-7.988412857055664
-7.987040996551514
-7.990469932556152
-7.970524787902832
-7.967080593109131
-7.986302375793457
-7.959374904632568
-7.983382225036621
-7.991692543029785
-7.998359680175781
-7.968969821929932
-7.981929302215576
-7.980824947357178
-7.991782188415527
