loss_total
-18.87963104248047
-18.960542678833008
-19.041336059570312
-19.1390438079834
-19.284360885620117
-19.323556900024414
-19.4842472076416
-19.477218627929688
-19.60110855102539
-19.61827850341797
-19.77260398864746
-19.830236434936523
-19.811140060424805
-20.053308486938477
-19.831375122070312
-19.911001205444336
-20.004581451416016
-20.324434280395508
-20.403425216674805
-20.27701187133789
-20.60329246520996
-20.679588317871094
-20.757230758666992
-20.670127868652344
-20.66225814819336
-20.830339431762695
-20.961381912231445
-21.097251892089844
-21.105127334594727
-21.193302154541016
-21.47267723083496
-21.379594802856445
-21.302581787109375
-21.54323959350586
-21.525379180908203
-21.696456909179688
-21.626880645751953
-21.629985809326172
-21.923192977905273
-21.944351196289062
-22.081989288330078
-22.17898178100586
-22.023540496826172
-22.255081176757812
-22.47662925720215
-22.482707977294922
-22.696369171142578
-22.742677688598633
-22.852815628051758
-22.907014846801758
-23.14498519897461
-23.372772216796875
-23.377161026000977
-23.57251739501953
-23.757408142089844
-23.98648452758789
-24.1239013671875
-24.32627296447754
-24.662307739257812
-24.903047561645508
-25.159074783325195
-25.42270851135254
-25.814794540405273
-26.353639602661133
-26.692462921142578
-27.06281280517578
-27.910791397094727
-28.521400451660156
-29.14055061340332
-29.54723358154297
-29.709510803222656
-29.367006301879883
-28.98150062561035
-29.056180953979492
-28.76029396057129
-29.25356101989746
-29.915916442871094
-30.135562896728516
-30.312185287475586
-30.44112777709961
-30.645883560180664
-30.516387939453125
-30.68634033203125
-30.672142028808594
-30.862022399902344
-31.004392623901367
-31.463726043701172
-31.45461654663086
-31.84035873413086
-32.057125091552734
-32.25331115722656
-32.47612380981445
-32.65840530395508
-32.97872543334961
-33.398170471191406
-33.6734619140625
-33.93292999267578
-33.97842025756836
-34.232120513916016
-34.10630416870117
-34.127159118652344
-34.216819763183594
-34.51494216918945
-34.65922546386719
-34.941627502441406
-35.09465789794922
-35.35052490234375
-35.41535186767578
-35.60732650756836
-35.796630859375
-35.800785064697266
-36.16414260864258
-36.28593444824219
-36.22029495239258
-36.61259078979492
-36.55648422241211
-36.98180389404297
-37.0145378112793
-37.39226531982422
-37.28648376464844
-37.713069915771484
-37.996551513671875
-38.13134765625
-38.43398666381836
-38.62156677246094
-38.7607421875
-39.09839630126953
-39.11425018310547
-39.33292770385742
-39.051605224609375
-39.4427604675293
-39.11494064331055
-39.450660705566406
-39.27486038208008
-39.567787170410156
-39.358314514160156
-39.74536895751953
-39.63340759277344
-39.88550567626953
-39.89809799194336
-39.993080139160156
-40.199527740478516
-40.330135345458984
-40.32246780395508
-40.37556076049805
-40.58302688598633
-40.52210235595703
-40.80804443359375
-40.778045654296875
-40.96641540527344
-41.140499114990234
-41.24332046508789
-41.096107482910156
-41.425601959228516
-41.37469482421875
-41.52522659301758
-41.807861328125
-41.89088439941406
-41.932373046875
-41.93745803833008
-42.28822708129883
-42.06562042236328
-42.25074768066406
-42.09661865234375
-42.18330383300781
-42.24407958984375
-42.400943756103516
-42.215518951416016
-42.40384292602539
-42.207489013671875
-42.41138458251953
-42.35614013671875
-42.500980377197266
-42.556968688964844
-42.54143524169922
-42.731475830078125
-42.68246841430664
-42.6135139465332
-42.89537811279297
-42.64387512207031
-42.96014404296875
-42.93097686767578
-43.01070785522461
-43.22929382324219
-43.19304656982422
-43.0194091796875
-43.304473876953125
-43.217002868652344
-43.36022186279297
-43.35655212402344
-43.38983154296875
-43.5239143371582
-43.32207107543945
-43.72397994995117
-43.44243621826172
-43.66995620727539
-43.64683151245117
-43.69044876098633
-43.8255729675293
-43.805152893066406
-43.921409606933594
-43.91831970214844
-43.91914367675781
-44.0361213684082
-43.843631744384766
-44.04880905151367
-43.95326614379883
-44.00893783569336
-44.14472579956055
-44.06724548339844
-44.242881774902344
-44.53400421142578
-44.26040267944336
-44.33489990234375
-44.39153289794922
-44.46486282348633
-44.41822052001953
-44.51207733154297
-44.5426139831543
-44.60605239868164
-44.68730926513672
-44.79542541503906
-44.495182037353516
-44.70001220703125
-44.867984771728516
-44.73621368408203
-44.87954330444336
-44.83229064941406
-45.038536071777344
-44.882144927978516
-45.04025650024414
-45.01814651489258
-45.0281867980957
-45.02478790283203
-45.026241302490234
-45.07746505737305
-45.05978012084961
-45.108577728271484
-45.193359375
-45.174232482910156
-45.37298583984375
-45.358280181884766
-45.35927963256836
-45.41710662841797
-45.405757904052734
-45.46245193481445
-45.49308776855469
-45.42078399658203
-45.570045471191406
-45.49854278564453
-45.58167266845703
-45.692779541015625
-45.554039001464844
-45.71234893798828
-45.48918151855469
-45.590553283691406
-45.694374084472656
-45.80329895019531
-45.78618240356445
-45.72207260131836
-45.81358337402344
-45.881675720214844
-45.85881805419922
-45.930198669433594
-45.8914794921875
-45.93672561645508
-46.10572052001953
-46.02466583251953
-46.081504821777344
-46.192626953125
-46.02424621582031
-46.2425537109375
-46.08924865722656
-46.087562561035156
-46.274330139160156
-46.16120147705078
-46.29192352294922
-46.24079132080078
-46.300235748291016
-46.346893310546875
-46.27558517456055
-46.3707160949707
-46.480812072753906
-46.474143981933594
-46.43754196166992
-46.47981262207031
-46.44185256958008
-46.44926452636719
-46.55848693847656
-46.56498718261719
-46.56724548339844
-46.53912353515625
-46.571800231933594
-46.52238464355469
-46.77367401123047
-46.79045486450195
-46.70890808105469
-46.623565673828125
-46.701602935791016
-46.784542083740234
-46.733131408691406
-46.783363342285156
-46.84358215332031
-47.004432678222656
-46.85979461669922
-46.78934860229492
-47.10051727294922
-47.07957458496094
-47.02130889892578
-46.988739013671875
-47.03951644897461
-47.144248962402344
-47.08070373535156
-47.287261962890625
-47.18689727783203
-47.14240646362305
-47.5192985534668
-47.27582931518555
-47.5799674987793
-47.37530517578125
-47.569740295410156
-47.6234130859375
-47.46985626220703
-47.64213943481445
-47.80470275878906
-47.85603332519531
-47.875083923339844
-48.014652252197266
-48.150299072265625
-48.24909973144531
-48.24186325073242
-48.27223587036133
-48.36067199707031
-48.496402740478516
-48.08179473876953
-48.178199768066406
-48.4676513671875
-48.32826232910156
-48.46685028076172
-48.61864471435547
-48.5723991394043
-48.59294509887695
-48.58128356933594
-48.59055709838867
-48.798011779785156
-48.55506134033203
-48.62234878540039
-48.7178840637207
-48.75993347167969
-48.7946662902832
-48.73731231689453
-48.7183952331543
-48.768917083740234
-48.73234176635742
-48.83417510986328
-48.905818939208984
-48.81650924682617
-48.81025695800781
-48.951480865478516
-48.56686782836914
-48.93149948120117
-48.944820404052734
-48.873985290527344
-48.86419677734375
-48.84254837036133
-48.866424560546875
-48.928382873535156
-48.886940002441406
-49.051212310791016
-48.90514373779297
-49.03029251098633
-49.02704620361328
-48.94776153564453
-49.04502487182617
-48.969573974609375
-49.06062316894531
-49.034637451171875
-49.09992218017578
-49.13105392456055
-48.923866271972656
-49.068580627441406
-49.10973358154297
-49.032554626464844
-48.99995803833008
-49.08826446533203
-49.256805419921875
-49.22782897949219
-49.082794189453125
-49.2042236328125
-49.14509582519531
-49.21344757080078
-49.252140045166016
-49.20062255859375
-49.15489196777344
-49.248512268066406
-49.23650360107422
-49.23533630371094
-49.33733367919922
-49.258575439453125
-49.32128143310547
-49.32155990600586
-49.356117248535156
-49.308082580566406
-49.29184341430664
-49.28269958496094
-49.349822998046875
-49.34661865234375
-49.3906135559082
-49.302032470703125
-49.26127624511719
-49.3245849609375
-49.32426071166992
-49.35198974609375
-49.45829391479492
-49.32551574707031
-49.29615783691406
-49.28459930419922
-49.36894226074219
-49.41913604736328
-49.24574661254883
-49.42634582519531
-49.35047912597656
-49.41970443725586
-49.4139289855957
-49.49001693725586
-49.52149200439453
-49.518795013427734
-49.42821502685547
-49.364986419677734
-49.4992790222168
-49.442440032958984
-49.444366455078125
-49.55183792114258
-49.36843490600586
-49.33965301513672
-49.515716552734375
-49.49941635131836
-49.344764709472656
-49.482120513916016
-49.55475616455078
-49.473384857177734
-49.60260772705078
-49.54735565185547
-49.42745590209961
-49.54378128051758
-49.38677215576172
-49.36033630371094
-49.44606018066406
-49.52486801147461
-49.515907287597656
-49.458744049072266
-49.204345703125
-49.49686050415039
-49.56801223754883
-49.6026611328125
-49.60242462158203
-49.47886276245117
-49.4993896484375
-49.56553649902344
-49.51879119873047
-49.61456298828125
-49.667762756347656
-49.68248748779297
-49.604286193847656
-49.53474426269531
-49.614620208740234
-49.73274612426758
-49.733577728271484
-49.7197265625
-49.68612289428711
-49.71805191040039
-49.71997833251953
-49.826595306396484
-49.75959014892578
-49.688419342041016
-49.765357971191406
-49.796478271484375
-49.76887512207031
-49.8649787902832
-49.84170150756836
-49.75347900390625
-49.73782730102539
-49.77937316894531
-49.8001823425293
-49.79383850097656
-49.80386734008789
-49.77402114868164
-49.805397033691406
-49.634098052978516
-49.6442756652832
-49.85486602783203
-49.73234558105469
-49.628910064697266
-49.80572509765625
-49.5338020324707
-49.75732421875
-49.717796325683594
-49.733009338378906
-49.749610900878906
-49.84004211425781
-49.81199264526367
-49.80826950073242
-49.77518844604492
-49.605628967285156
-49.7560920715332
-49.87074661254883
-49.62711715698242
-49.81334686279297
-49.782474517822266
-49.75527572631836
-49.92767333984375
-49.87372589111328
-49.734073638916016
-49.94343948364258
-49.903900146484375
-49.78681182861328
-49.91304016113281
-49.92860794067383
-49.846595764160156
-49.99174880981445
-49.902523040771484
-49.955326080322266
-50.0200309753418
-49.992340087890625
-49.86215591430664
-49.962135314941406
-49.98890686035156
-49.972015380859375
-49.990962982177734
-50.017295837402344
-49.97826385498047
-49.96949768066406
-49.91832733154297
-49.95719528198242
-49.97705078125
-49.97011184692383
-50.06415557861328
-50.101070404052734
-50.029151916503906
-49.9935302734375
-50.046974182128906
-50.08549499511719
-50.09546661376953
-50.08012008666992
-50.04686737060547
-50.02904510498047
-50.11769485473633
-50.14461135864258
-50.11499786376953
-50.078216552734375
-50.05363845825195
-50.08745574951172
-50.13203811645508
-50.15711212158203
-50.19760513305664
-50.18077087402344
-50.1722412109375
-50.13615417480469
-50.211402893066406
-50.185237884521484
-50.14726257324219
-50.21803283691406
-50.207908630371094
-50.18152618408203
-50.189453125
-50.09709548950195
-50.119483947753906
-50.02509689331055
-50.15677261352539
-49.99347686767578
-50.001617431640625
-50.18603515625
-50.17048645019531
-49.871925354003906
-50.16138458251953
-50.10367202758789
-50.043312072753906
-50.17124938964844
-50.10397720336914
-50.10880661010742
-50.22432327270508
-50.07699203491211
-50.10533905029297
-50.206851959228516
-50.18715286254883
-50.18434524536133
-50.23619842529297
-50.117671966552734
-50.097862243652344
-50.24580764770508
-50.23965835571289
-50.25358581542969
-50.297035217285156
-50.16957092285156
-50.11515808105469
-50.17814254760742
-50.06621170043945
-50.25938034057617
-50.27121353149414
-49.986846923828125
-50.12035369873047
-50.27720260620117
-50.09375
-50.19463348388672
-50.33228302001953
-50.19465637207031
-50.37906265258789
-50.270198822021484
-50.205570220947266
-50.34675979614258
-50.3328857421875
-50.327030181884766
-50.32615661621094
-50.33726501464844
-50.42619323730469
-50.408573150634766
-50.23871612548828
-50.22832489013672
-50.299903869628906
-50.32447052001953
-50.32249450683594
-50.339927673339844
-50.25176239013672
-50.324676513671875
-50.40421676635742
-50.19855880737305
-50.222373962402344
-50.35340118408203
-50.21327590942383
-50.39083480834961
-50.20338439941406
-50.26468276977539
-50.34789276123047
-50.22066879272461
-50.34385681152344
-50.25047302246094
-50.2520866394043
-50.33243179321289
-50.34442901611328
-50.42363739013672
-50.38563537597656
-50.179813385009766
-50.48627853393555
-50.345458984375
-50.413700103759766
-50.4605712890625
-50.285919189453125
-50.410552978515625
-50.42634963989258
-50.306358337402344
-50.48674774169922
-50.40592575073242
-50.32442092895508
-50.54658508300781
-50.23186492919922
-50.456871032714844
-50.44550704956055
-50.395267486572266
-50.448463439941406
-50.401729583740234
-50.48077392578125
-50.49243927001953
-50.444435119628906
-50.48162841796875
-50.47100067138672
-50.48975372314453
-50.556514739990234
-50.44746398925781
-50.471649169921875
-50.60602951049805
-50.57264709472656
-50.54710388183594
-50.376686096191406
-50.53846740722656
-50.57307434082031
-50.557701110839844
-50.57390213012695
-50.403629302978516
-50.52678680419922
-50.56837844848633
-50.508827209472656
-50.54753112792969
-50.546905517578125
-50.391963958740234
-50.479156494140625
-50.637672424316406
-50.40593719482422
-50.29799270629883
-50.56689453125
-50.49630355834961
-50.3503303527832
-50.485992431640625
-50.40534973144531
-50.3881950378418
-50.48838806152344
-50.37337875366211
-50.06964874267578
-50.53561782836914
-50.494747161865234
-50.18495178222656
-50.417266845703125
-50.60862731933594
-50.371978759765625
-50.36054229736328
-50.58122634887695
-50.491756439208984
-50.464088439941406
-50.66239929199219
-50.525054931640625
-50.55728530883789
-50.696372985839844
-50.55656051635742
-50.543121337890625
-50.69463348388672
-50.50641632080078
-50.594337463378906
-50.61436462402344
-50.62753677368164
-50.53965759277344
-50.7335319519043
-50.58811569213867
-50.52853012084961
-50.65397644042969
-50.72311782836914
-50.70038604736328
-50.60517120361328
-50.616695404052734
-50.592041015625
-50.58057403564453
-50.64600372314453
-50.56272888183594
-50.724403381347656
-50.73307800292969
-50.56279754638672
-50.53386688232422
-50.74365997314453
-50.6744384765625
-50.65200424194336
-50.703914642333984
-50.676788330078125
-50.740726470947266
-50.62678527832031
-50.673439025878906
-50.74125289916992
-50.76054382324219
-50.73782730102539
-50.76145553588867
-50.74407958984375
-50.76362609863281
-50.781333923339844
-50.70176315307617
-50.72715377807617
-50.77228927612305
-50.774471282958984
-50.74258804321289
-50.691646575927734
-50.74351119995117
-50.774131774902344
-50.77336502075195
-50.780494689941406
-50.67011260986328
-50.758426666259766
-50.77445983886719
-50.69574737548828
-50.61083221435547
-50.683876037597656
-50.767608642578125
-50.72657775878906
-50.59486770629883
-50.59723663330078
-50.71525573730469
-50.71043395996094
-50.69723892211914
-50.60874938964844
-50.770721435546875
-50.70073318481445
-50.757572174072266
-50.674312591552734
-50.765220642089844
-50.79827117919922
-50.77947235107422
-50.699180603027344
-50.77039337158203
-50.86514663696289
-50.78403091430664
-50.75391387939453
-50.787837982177734
-50.67283630371094
-50.762901306152344
-50.89704895019531
-50.75685119628906
-50.5831298828125
-50.75623321533203
-50.704715728759766
-50.77494812011719
-50.83656311035156
-50.747074127197266
-50.63795471191406
-50.82642364501953
-50.86411666870117
-50.71198654174805
-50.760597229003906
-50.820587158203125
-50.72391891479492
-50.71419906616211
-50.79081726074219
-50.7264404296875
-50.85842514038086
-50.88087463378906
-50.85535430908203
-50.70903015136719
-50.88865661621094
-50.88320541381836
-50.84793472290039
-50.79883575439453
-50.80195999145508
-50.91360855102539
-50.8415641784668
-50.81438064575195
-50.7322883605957
-50.908447265625
-50.93813705444336
-50.90507507324219
-50.91618728637695
-50.91381072998047
-50.93309020996094
-50.89164352416992
-50.845645904541016
-50.82674026489258
-50.89727020263672
-50.866294860839844
-50.92298889160156
-50.870521545410156
-50.90830993652344
-50.93031692504883
-50.9215202331543
-50.94930648803711
-50.95931625366211
-50.94316864013672
-50.93656539916992
-50.88924026489258
-50.886619567871094
-50.912723541259766
-50.917232513427734
-50.898193359375
-50.794795989990234
-50.95613479614258
-50.992286682128906
-50.9710693359375
-50.91374969482422
-50.94758987426758
-50.95470428466797
-50.920833587646484
-50.9719352722168
-50.97643280029297
-51.00823211669922
-51.02027893066406
-51.012184143066406
-50.98458480834961
-51.00592803955078
-51.02862548828125
-51.017333984375
-51.00554275512695
-50.87041091918945
-50.93310546875
-50.98523712158203
-50.866661071777344
-50.84088134765625
-50.89491271972656
-51.00248718261719
-50.914337158203125
-50.94129180908203
-50.94164276123047
-50.974525451660156
-51.00257110595703
-50.85858154296875
-50.938907623291016
-50.960044860839844
-50.94879913330078
-50.89580535888672
-50.85169982910156
-50.94224548339844
-51.07374572753906
-51.02204513549805
-50.99569320678711
-50.9948844909668
-50.974525451660156
-51.05616760253906
-51.08267593383789
-50.94281005859375
-50.918373107910156
-50.855316162109375
-51.01036071777344
-50.99675750732422
-51.00137710571289
-50.975990295410156
-51.0717658996582
-50.97704315185547
-50.86326599121094
-51.00065231323242
-50.97740173339844
-50.908226013183594
-50.97774124145508
-51.11326599121094
-51.01157760620117
-50.88909912109375
-50.99358367919922
-51.04840850830078
-51.02457046508789
-51.02463150024414
-51.06243133544922
-51.10783767700195
-51.098026275634766
-51.03014373779297
-51.074951171875
-51.05952453613281
-51.0296630859375
-51.11355972290039
-51.109004974365234
-50.95957565307617
-50.99473190307617
-51.01279830932617
-50.93091583251953
-50.99041748046875
-51.07547378540039
-51.03767013549805
-50.986907958984375
-51.001522064208984
-51.05533981323242
-51.00325393676758
-51.0013427734375
-51.11362075805664
-51.051910400390625
-50.93614959716797
-51.03443145751953
-51.07743835449219
-51.04436492919922
-51.08747100830078
-51.13603210449219
-51.09944534301758
-51.023345947265625
-51.037967681884766
-51.06266784667969
-51.11838150024414
-51.10160827636719
-51.03770446777344
-51.06423568725586
-51.07508850097656
-51.09864044189453
-51.054054260253906
-51.06401443481445
-51.139625549316406
-51.15972137451172
-51.16789245605469
-51.157371520996094
-51.134796142578125
-51.15670394897461
-51.133827209472656
-51.168949127197266
-51.162109375
-51.15469741821289
-51.03721618652344
-51.13667297363281
-51.15262985229492
-51.09498977661133
-51.150306701660156
-51.14196014404297
-51.16788864135742
-51.07025909423828
-51.05855178833008
-51.165645599365234
-51.128501892089844
-51.04993438720703
-51.04627990722656
-51.12779235839844
-51.17908477783203
-51.097537994384766
-51.10477066040039
-51.16191482543945
-51.10798645019531
-51.10645294189453
-51.094322204589844
-51.11962890625
-51.1573600769043
-51.0524787902832
-51.08045196533203
-51.213905334472656
-51.18444061279297
-51.1466178894043
-51.17845916748047
-51.23688507080078
-51.13294219970703
-51.07914733886719
-51.14131164550781
-51.19568634033203
-51.18731689453125
-51.15913391113281
-51.157535552978516
-51.23509216308594
-51.19493865966797
-51.1412239074707
-51.14657974243164
-51.19169616699219
-51.209991455078125
-51.2019157409668
-51.16582489013672
-51.12078857421875
-51.22230911254883
-51.21478271484375
-51.094703674316406
-51.066009521484375
-51.15509033203125
-51.133155822753906
-51.1366081237793
-51.162078857421875
-51.16917419433594
-51.18511199951172
-51.28066635131836
-51.144927978515625
-51.12566375732422
-51.21490478515625
-51.09858703613281
-51.14461898803711
-51.06900405883789
-51.22298049926758
-51.29279327392578
-51.16377258300781
-51.08915710449219
-51.1632080078125
-51.221710205078125
-51.17843246459961
-51.209808349609375
-51.188018798828125
-51.22621154785156
-51.20289993286133
-51.13501739501953
-51.242252349853516
-51.124366760253906
-51.08509826660156
-51.141380310058594
-51.22803497314453
-51.2302131652832
-51.25118637084961
-51.23434829711914
-51.21364974975586
-51.22216033935547
-51.26082229614258
-51.2512321472168
-51.242523193359375
-51.25926971435547
-51.30415344238281
-51.2210693359375
-51.21784591674805
-51.154788970947266
-51.119686126708984
-51.272281646728516
-51.25688171386719
-51.278106689453125
-51.300880432128906
-51.17957305908203
-51.202720642089844
-51.18575668334961
-51.2394905090332
-51.2187385559082
-51.321590423583984
-51.220455169677734
-51.3177375793457
-51.33592224121094
-51.30488204956055
-51.31526184082031
-51.30656433105469
-51.341644287109375
-51.321754455566406
-51.26255416870117
-51.2383918762207
-51.29930877685547
-51.3420524597168
-51.354583740234375
-51.34710693359375
-51.33978271484375
-51.33935546875
-51.302024841308594
-51.28934860229492
-51.30450439453125
-51.27328109741211
-51.222293853759766
-51.20697021484375
-51.21278762817383
-51.321231842041016
-51.322914123535156
-51.29218673706055
-51.145477294921875
-51.12263107299805
-51.246543884277344
-51.27927017211914
-51.26557540893555
-51.2396354675293
-51.34156036376953
-51.337806701660156
-51.26948547363281
-51.277587890625
-51.33544921875
-51.35715103149414
-51.411746978759766
-51.32017135620117
-51.23769760131836
-51.17938232421875
-51.31843566894531
-51.34526824951172
-51.275447845458984
-51.25497055053711
-51.26744842529297
-51.187984466552734
-51.33183670043945
-51.29389190673828
-51.24449157714844
-51.26477813720703
-51.307003021240234
-51.33181381225586
-51.33636474609375
-51.31606674194336
-51.17903518676758
-51.26845932006836
-51.359615325927734
-51.35417938232422
-51.37480545043945
-51.20897674560547
-51.26248550415039
-51.431968688964844
-51.25291061401367
-51.34746551513672
-51.26194763183594
-51.20041275024414
-51.29354476928711
-51.42742156982422
-51.293212890625
-51.28947830200195
-51.34441375732422
-51.37272262573242
-51.24052047729492
-51.28795623779297
-51.36830139160156
-51.35399627685547
-51.35292434692383
-51.323001861572266
-51.38717269897461
-51.43217849731445
-51.27653503417969
-51.24864196777344
-51.40699768066406
-51.37601852416992
-51.369224548339844
-51.229774475097656
-51.208763122558594
-51.385498046875
-51.43349838256836
-51.393802642822266
-51.33456039428711
-51.310455322265625
-51.326438903808594
-51.308414459228516
-51.31864547729492
-51.24827575683594
-51.36298370361328
-51.38630294799805
-51.40282440185547
-51.43212890625
-51.459102630615234
-51.40779495239258
-51.39005661010742
-51.39090347290039
-51.440799713134766
-51.45304870605469
-51.485374450683594
-51.43342971801758
-51.38066101074219
-51.38746643066406
-51.36429977416992
-51.364097595214844
-51.355899810791016
-51.35060119628906
-51.421669006347656
-51.465293884277344
-51.36583709716797
-51.33921813964844
-51.45634078979492
-51.52253723144531
-51.44388198852539
-51.43229675292969
-51.39916229248047
-51.440162658691406
-51.466644287109375
-51.362152099609375
-51.452232360839844
-51.481361389160156
-51.47882080078125
-51.45304489135742
-51.49732208251953
-51.516822814941406
-51.55364990234375
-51.47651290893555
-51.44264602661133
-51.375247955322266
-51.42249298095703
-51.385719299316406
-51.467567443847656
-51.522605895996094
-51.5516471862793
-51.502708435058594
-51.48638916015625
-51.47246170043945
-51.42597198486328
-51.54216003417969
-51.51484680175781
-51.47709655761719
-51.51015090942383
-51.4653205871582
-51.571533203125
-51.537269592285156
-51.542240142822266
-51.50362014770508
-51.4911994934082
-51.460262298583984
-51.46202850341797
-51.48440933227539
-51.51115036010742
-51.50959396362305
-51.5540771484375
-51.58119201660156
-51.52448272705078
-51.451072692871094
-51.454856872558594
-51.49836730957031
-51.529579162597656
-51.56151580810547
-51.509605407714844
-51.56476974487305
-51.52937316894531
-51.53989791870117
-51.53244400024414
-51.48588943481445
-51.50225830078125
-51.54339599609375
-51.52801513671875
-51.54590606689453
-51.568565368652344
-51.59140396118164
-51.57573699951172
-51.55522918701172
-51.54761505126953
-51.541786193847656
-51.50177001953125
-51.58945083618164
-51.57447052001953
-51.53270721435547
-51.55814743041992
