loss_total
-25.185199737548828
-25.210037231445312
-25.315330505371094
-25.43739128112793
-25.49515151977539
-25.563589096069336
-25.549333572387695
-25.697301864624023
-25.68815040588379
-25.740312576293945
-26.03890037536621
-25.91983985900879
-26.06528663635254
-26.09349250793457
-26.108959197998047
-26.201580047607422
-26.097871780395508
-26.324716567993164
-26.35820198059082
-26.37444305419922
-26.46453857421875
-26.57748794555664
-26.54536247253418
-26.573448181152344
-26.632503509521484
-26.67178726196289
-26.719268798828125
-26.783248901367188
-26.90483856201172
-26.918685913085938
-26.957265853881836
-26.967350006103516
-27.097440719604492
-27.058698654174805
-27.1597843170166
-27.275793075561523
-27.333818435668945
-27.53441619873047
-27.506872177124023
-27.736616134643555
-27.895282745361328
-27.855989456176758
-28.228084564208984
-28.356998443603516
-28.543554306030273
-28.750404357910156
-29.20170783996582
-29.524030685424805
-29.695968627929688
-29.882556915283203
-29.844072341918945
-30.08889389038086
-30.121091842651367
-30.040054321289062
-30.058902740478516
-30.41350555419922
-30.375255584716797
-30.82999038696289
-30.812828063964844
-31.119518280029297
-31.333532333374023
-31.525074005126953
-31.858627319335938
-32.06922912597656
-32.22563552856445
-32.00988006591797
-32.32524108886719
-32.16443634033203
-32.33821487426758
-32.39035415649414
-32.424949645996094
-32.35334014892578
-32.65108871459961
-32.57969665527344
-32.806785583496094
-33.061767578125
-33.15576934814453
-33.10991287231445
-33.2125129699707
-33.39288330078125
-33.403656005859375
-33.752479553222656
-33.67575454711914
-33.60835266113281
-33.713783264160156
-33.83515930175781
-33.994224548339844
-34.261940002441406
-34.25545883178711
-34.38753890991211
-34.47322463989258
-34.72058868408203
-34.92626953125
-35.19496154785156
-35.1959114074707
-35.53322219848633
-35.760189056396484
-36.03619384765625
-36.22573471069336
-36.54118347167969
-36.60318374633789
-36.85719680786133
-37.259212493896484
-37.28109359741211
-37.345401763916016
-37.56150436401367
-37.720115661621094
-38.0208625793457
-37.994171142578125
-38.35374450683594
-38.39237976074219
-38.59932327270508
-38.79646682739258
-38.858699798583984
-38.87177276611328
-39.28667449951172
-39.151214599609375
-39.121273040771484
-39.44281768798828
-39.38457489013672
-39.54850769042969
-39.8038444519043
-39.37907409667969
-39.591373443603516
-39.68745803833008
-39.550209045410156
-39.93986511230469
-39.95526885986328
-40.05216979980469
-40.19239807128906
-40.03002166748047
-40.142784118652344
-40.24460220336914
-40.10124206542969
-40.60029983520508
-40.612518310546875
-40.49348449707031
-40.48675537109375
-40.703712463378906
-40.63794708251953
-40.8380241394043
-40.81156539916992
-40.980796813964844
-41.23235321044922
-40.97069549560547
-41.459999084472656
-41.7623176574707
-41.422115325927734
-41.589508056640625
-41.82127380371094
-42.04555892944336
-42.05863952636719
-42.193084716796875
-42.34784698486328
-42.64363098144531
-42.97153854370117
-43.12320327758789
-43.131954193115234
-43.288291931152344
-43.400978088378906
-43.60661315917969
-43.38321304321289
-43.72595977783203
-43.65644073486328
-43.74905776977539
-43.89324188232422
-44.293819427490234
-43.92355728149414
-44.18450927734375
-44.086700439453125
-44.120113372802734
-44.64421081542969
-44.69951248168945
-44.257476806640625
-44.9915771484375
-44.65901184082031
-44.64476776123047
-44.90982437133789
-44.5935173034668
-44.721038818359375
-45.10612487792969
-44.87785339355469
-45.16918182373047
-45.20741653442383
-45.16423034667969
-45.09510803222656
-45.23100280761719
-45.21027374267578
-45.31072998046875
-45.47454071044922
-45.33534240722656
-45.541900634765625
-45.49603271484375
-45.3990364074707
-45.69554901123047
-45.54495620727539
-45.80477523803711
-45.656333923339844
-45.82212829589844
-45.88471603393555
-45.73872756958008
-45.83161926269531
-45.96189498901367
-45.84965515136719
-46.028350830078125
-46.081748962402344
-46.04657745361328
-46.169044494628906
-46.19340133666992
-46.061012268066406
-46.21541213989258
-46.03429412841797
-46.241905212402344
-46.25956726074219
-46.07958984375
-46.26884841918945
-46.403778076171875
-46.377540588378906
-46.32147216796875
-46.335304260253906
-46.449161529541016
-46.2795524597168
-46.499427795410156
-46.3045654296875
-46.421043395996094
-46.48285675048828
-46.50079345703125
-46.60945129394531
-46.62923812866211
-46.610107421875
-46.706546783447266
-46.678836822509766
-46.66554641723633
-46.61332702636719
-46.6574592590332
-46.86723327636719
-46.8803825378418
-46.88175964355469
-46.92377853393555
-46.865543365478516
-46.889312744140625
-46.88154602050781
-46.95753860473633
-46.95110321044922
-47.045005798339844
-47.01153564453125
-47.03868865966797
-47.060028076171875
-47.11115646362305
-47.20845413208008
-47.08026885986328
-47.163047790527344
-47.1494255065918
-47.300628662109375
-47.217529296875
-47.26884841918945
-47.33747863769531
-47.31421661376953
-47.223445892333984
-47.229522705078125
-47.462894439697266
-47.3306999206543
-47.428890228271484
-47.39356994628906
-47.459503173828125
-47.541873931884766
-47.444854736328125
-47.27728271484375
-47.434593200683594
-47.222938537597656
-47.43315124511719
-47.40180206298828
-47.512123107910156
-47.529144287109375
-47.55525588989258
-47.46628189086914
-47.440399169921875
-47.533809661865234
-47.500450134277344
-47.41928482055664
-47.52993392944336
-47.746341705322266
-47.474937438964844
-47.72795104980469
-47.56624984741211
-47.765708923339844
-47.714046478271484
-47.81834411621094
-47.81768035888672
-47.94053649902344
-47.80705642700195
-47.93254089355469
-47.61201858520508
-47.862754821777344
-47.83814239501953
-47.81451416015625
-47.84300994873047
-48.06572723388672
-47.91770935058594
-47.87453079223633
-47.82979965209961
-47.8568229675293
-48.09642791748047
-47.89820098876953
-47.96039581298828
-47.88176727294922
-48.08966064453125
-47.90605545043945
-48.22288131713867
-48.19880294799805
-48.20447540283203
-48.12004470825195
-48.30885314941406
-48.212406158447266
-48.213226318359375
-48.29097366333008
-48.24754333496094
-48.2680778503418
-48.24848937988281
-48.34071350097656
-48.355525970458984
-48.37366485595703
-48.29132080078125
-48.28774642944336
-48.38965606689453
-48.34581756591797
-48.36603546142578
-48.221397399902344
-48.398834228515625
-48.40611267089844
-48.36164855957031
-48.459320068359375
-48.487125396728516
-48.53471374511719
-48.451324462890625
-48.483768463134766
-48.48734664916992
-48.55414581298828
-48.35143280029297
-48.59144973754883
-48.45502471923828
-48.354103088378906
-48.41803741455078
-48.513916015625
-48.54194259643555
-48.37369918823242
-48.56298065185547
-48.4687614440918
-48.65776824951172
-48.56769943237305
-48.63450622558594
-48.51751708984375
-48.717369079589844
-48.48910140991211
-48.79339599609375
-48.61823272705078
-48.71983337402344
-48.680259704589844
-48.7667236328125
-48.76077651977539
-48.740760803222656
-48.851417541503906
-48.83479690551758
-48.79475784301758
-48.82884979248047
-48.76948547363281
-48.79630661010742
-48.87250518798828
-48.91253662109375
-48.88053894042969
-48.879066467285156
-48.941978454589844
-48.907371520996094
-48.90935516357422
-49.040428161621094
-48.94505310058594
-48.978057861328125
-49.020782470703125
-48.972206115722656
-49.044837951660156
-49.01791763305664
-49.0123405456543
-49.02768325805664
-49.08063507080078
-49.08836364746094
-49.02200698852539
-49.060302734375
-49.06639862060547
-49.09293746948242
-49.12030029296875
-49.01671600341797
-49.108787536621094
-49.15947723388672
-49.08918762207031
-49.09477233886719
-49.10504150390625
-49.146331787109375
-49.2055549621582
-49.13312530517578
-49.12639236450195
-49.205848693847656
-49.1511116027832
-49.14371109008789
-49.21065139770508
-49.11042404174805
-49.218505859375
-49.227867126464844
-49.26301193237305
-49.2158203125
-49.1991081237793
-49.24908447265625
-49.24016189575195
-49.22076416015625
-49.30309295654297
-49.30967712402344
-49.29145050048828
-49.19255828857422
-49.24656677246094
-49.249507904052734
-49.24861526489258
-49.2880859375
-49.32630157470703
-49.207794189453125
-49.26626205444336
-49.4032096862793
-49.28994369506836
-49.27399444580078
-49.294097900390625
-49.315032958984375
-49.25270080566406
-49.44268798828125
-49.40560531616211
-49.378170013427734
-49.3524284362793
-49.34461212158203
-49.42380905151367
-49.46860122680664
-49.33353805541992
-49.44618225097656
-49.406009674072266
-49.46052551269531
-49.36345672607422
-49.42190933227539
-49.40825271606445
-49.435333251953125
-49.447208404541016
-49.45028305053711
-49.485633850097656
-49.48999786376953
-49.54374313354492
-49.46167755126953
-49.46989822387695
-49.477901458740234
-49.52898406982422
-49.53080749511719
-49.598079681396484
-49.528934478759766
-49.454551696777344
-49.610740661621094
-49.501625061035156
-49.520259857177734
-49.525177001953125
-49.63507843017578
-49.625221252441406
-49.571590423583984
-49.47323989868164
-49.59605407714844
-49.617637634277344
-49.582115173339844
-49.62089920043945
-49.573631286621094
-49.59532928466797
-49.612632751464844
-49.60319900512695
-49.643070220947266
-49.667388916015625
-49.61333084106445
-49.61790084838867
-49.636871337890625
-49.548988342285156
-49.65216064453125
-49.59853744506836
-49.705345153808594
-49.63502502441406
-49.65007019042969
-49.7176628112793
-49.546607971191406
-49.621925354003906
-49.65802764892578
-49.617584228515625
-49.681068420410156
-49.67811965942383
-49.69466781616211
-49.68207931518555
-49.647789001464844
-49.69845962524414
-49.76173782348633
-49.68635940551758
-49.71958541870117
-49.71259307861328
-49.71205139160156
-49.67025375366211
-49.64469909667969
-49.779258728027344
-49.7951545715332
-49.70884323120117
-49.77692413330078
-49.79549026489258
-49.73036193847656
-49.70952224731445
-49.73027801513672
-49.7838020324707
-49.77123260498047
-49.75473403930664
-49.7303466796875
-49.76682662963867
-49.85193634033203
-49.75628662109375
-49.81925964355469
-49.86203384399414
-49.81644058227539
-49.77878189086914
-49.70690155029297
-49.78385925292969
-49.749664306640625
-49.865325927734375
-49.83115768432617
-49.72340774536133
-49.77830505371094
-49.714134216308594
-49.74591064453125
-49.869964599609375
-49.81562042236328
-49.73028564453125
-49.811912536621094
-49.81911849975586
-49.86398696899414
-49.90679168701172
-49.814659118652344
-49.843994140625
-49.89454650878906
-49.83726119995117
-49.89474105834961
-49.787635803222656
-49.79695510864258
-49.931514739990234
-49.866310119628906
-49.95040512084961
-49.885902404785156
-49.922000885009766
-49.860076904296875
-49.95796203613281
-49.88917922973633
-49.932777404785156
-49.928741455078125
-50.00749588012695
-49.95554733276367
-49.947784423828125
-49.943206787109375
-49.9345588684082
-49.9670524597168
-49.97698974609375
-49.92069625854492
-49.98380661010742
-49.972042083740234
-50.00011444091797
-50.00754928588867
-49.951141357421875
-49.973445892333984
-50.01158905029297
-49.9811897277832
-50.008522033691406
-49.93104934692383
-49.98786544799805
-50.00051498413086
-49.93830108642578
-50.05229187011719
-49.92466354370117
-49.97534942626953
-49.959617614746094
-49.978179931640625
-50.05046463012695
-50.01304626464844
-49.95903778076172
-49.973663330078125
-50.042877197265625
-49.92961502075195
-50.00278854370117
-49.99075698852539
-49.967262268066406
-49.98542785644531
-49.965904235839844
-50.0674934387207
-50.043697357177734
-50.02778244018555
-49.94823455810547
-50.07272720336914
-50.008827209472656
-50.006431579589844
-50.002723693847656
-50.00718688964844
-50.070701599121094
-50.12232208251953
-50.1461296081543
-50.03642272949219
-49.965423583984375
-50.02988815307617
-50.030277252197266
-50.11042785644531
-50.10508346557617
-50.13438034057617
-50.1812744140625
-50.10283279418945
-50.11234664916992
-50.038543701171875
-50.115562438964844
-50.079254150390625
-50.106346130371094
-50.11943054199219
-50.129486083984375
-50.09209442138672
-50.12112808227539
-50.142555236816406
-50.215110778808594
-50.21084976196289
-50.09972381591797
-50.14619064331055
-50.15056610107422
-50.084922790527344
-50.07366180419922
-50.069786071777344
-50.10749053955078
-50.160003662109375
-50.15629577636719
-50.101539611816406
-50.212318420410156
-50.197357177734375
-50.17164611816406
-50.18254089355469
-50.12875747680664
-50.12358093261719
-50.15496826171875
-50.167850494384766
-50.11740493774414
-50.160213470458984
-50.15892028808594
-50.12013244628906
-50.211761474609375
-50.16654968261719
-50.13055419921875
-50.18254089355469
-50.20989227294922
-50.22065734863281
-50.235595703125
-50.24771499633789
-50.20126724243164
-50.17543029785156
-50.19818115234375
-50.12848663330078
-50.17728042602539
-50.20905303955078
-50.21991729736328
-50.234012603759766
-50.23886489868164
-50.19850158691406
-50.28408432006836
-50.282623291015625
-50.31147766113281
-50.23704528808594
-50.26820373535156
-50.24125671386719
-50.20466995239258
-50.24725341796875
-50.27710723876953
-50.301387786865234
-50.29237747192383
-50.2961540222168
-50.28154754638672
-50.26991271972656
-50.2458381652832
-50.198917388916016
-50.240623474121094
-50.28549575805664
-50.244728088378906
-50.28590774536133
-50.292335510253906
-50.2449836730957
-50.273353576660156
-50.31407165527344
-50.301292419433594
-50.28340530395508
-50.310157775878906
-50.30074691772461
-50.32646179199219
-50.33538818359375
-50.32179260253906
-50.390052795410156
-50.35139465332031
-50.326908111572266
-50.313724517822266
-50.29615783691406
-50.308250427246094
-50.283782958984375
-50.3294792175293
-50.220680236816406
-50.19013595581055
-50.24464797973633
-50.30388259887695
-50.32766342163086
-50.31156539916992
-50.36125564575195
-50.28296661376953
-50.30584716796875
-50.378780364990234
-50.34763717651367
-50.404048919677734
-50.346126556396484
-50.262054443359375
-50.33066940307617
-50.34303283691406
-50.40232467651367
-50.3661003112793
-50.404815673828125
-50.37445831298828
-50.37668991088867
-50.40634536743164
-50.39155197143555
-50.397945404052734
-50.37514114379883
-50.40629577636719
-50.38146209716797
-50.398902893066406
-50.37791442871094
-50.40049743652344
-50.394508361816406
-50.44015121459961
-50.40031433105469
-50.3721809387207
-50.44285583496094
-50.44432067871094
-50.45265197753906
-50.41294860839844
-50.41869354248047
-50.437400817871094
-50.43107604980469
-50.35498046875
-50.383548736572266
-50.409034729003906
-50.38233184814453
-50.4310188293457
-50.38859558105469
-50.463836669921875
-50.48329544067383
-50.50571060180664
-50.420005798339844
-50.46684265136719
-50.413330078125
-50.42290115356445
-50.42321014404297
-50.384361267089844
-50.42145538330078
-50.453582763671875
-50.426246643066406
-50.44361877441406
-50.464805603027344
-50.452449798583984
-50.5068359375
-50.54290771484375
-50.50556945800781
-50.48065185546875
-50.48174285888672
-50.48253631591797
-50.43768310546875
-50.42958068847656
-50.455543518066406
-50.436954498291016
-50.448917388916016
-50.44303894042969
-50.49297332763672
-50.471641540527344
-50.485939025878906
-50.4639778137207
-50.51323318481445
-50.44975662231445
-50.46263122558594
-50.442508697509766
-50.38040542602539
-50.41868591308594
-50.495521545410156
-50.52025604248047
-50.489776611328125
-50.45779037475586
-50.366249084472656
-50.39150619506836
-50.53095245361328
-50.501766204833984
-50.494110107421875
-50.39140319824219
-50.51742935180664
-50.50395202636719
-50.53324890136719
-50.47522735595703
-50.43986892700195
-50.534324645996094
-50.568397521972656
-50.53782653808594
-50.543304443359375
-50.48816680908203
-50.477020263671875
-50.53757858276367
-50.5261344909668
-50.539241790771484
-50.55789566040039
-50.50139617919922
-50.55705261230469
-50.59355163574219
-50.53727722167969
-50.546852111816406
-50.5213623046875
-50.54786682128906
-50.56099319458008
-50.57215118408203
-50.56507110595703
-50.57728576660156
-50.60247802734375
-50.596771240234375
-50.598045349121094
-50.60308074951172
-50.577056884765625
-50.525146484375
-50.59128189086914
-50.57078170776367
-50.539573669433594
-50.545326232910156
-50.56961441040039
-50.577125549316406
-50.57820510864258
-50.638427734375
-50.651695251464844
-50.621944427490234
-50.558677673339844
-50.55982971191406
-50.590457916259766
-50.494503021240234
-50.571231842041016
-50.60130310058594
-50.551387786865234
-50.634586334228516
-50.618560791015625
-50.659393310546875
-50.60528564453125
-50.569698333740234
-50.6282844543457
-50.57462692260742
-50.62472915649414
-50.61029052734375
-50.70896530151367
-50.636817932128906
-50.62364959716797
-50.67549133300781
-50.62013626098633
-50.63626480102539
-50.61876678466797
-50.65115737915039
-50.612701416015625
-50.64201736450195
-50.643924713134766
-50.63922119140625
-50.65460205078125
-50.656166076660156
-50.629676818847656
-50.62043762207031
-50.601810455322266
-50.61679458618164
-50.64009094238281
-50.66335678100586
-50.678924560546875
-50.64714050292969
-50.66715621948242
-50.65769958496094
-50.69014358520508
-50.633544921875
-50.68180847167969
-50.66657257080078
-50.70470428466797
-50.61854553222656
-50.65160369873047
-50.6703987121582
-50.657630920410156
-50.7106819152832
-50.68840026855469
-50.60478973388672
-50.54665756225586
-50.53627014160156
-50.57585525512695
-50.65795135498047
-50.680023193359375
-50.68946075439453
-50.642662048339844
-50.66096115112305
-50.574134826660156
-50.649452209472656
-50.634986877441406
-50.68617248535156
-50.600799560546875
-50.523109436035156
-50.507198333740234
-50.49248504638672
-50.69549560546875
-50.6290168762207
-50.64727020263672
-50.60746765136719
-50.57164764404297
-50.66321563720703
-50.707733154296875
-50.63132095336914
-50.657920837402344
-50.634700775146484
-50.643943786621094
-50.645965576171875
-50.74302673339844
-50.637115478515625
-50.690059661865234
-50.70320129394531
-50.678958892822266
-50.72503662109375
-50.69180679321289
-50.70287322998047
-50.66753387451172
-50.65745544433594
-50.71781539916992
-50.729522705078125
-50.710941314697266
-50.673492431640625
-50.74883270263672
-50.711177825927734
-50.587764739990234
-50.72098922729492
-50.68971252441406
-50.64861297607422
-50.765647888183594
-50.582279205322266
-50.671966552734375
-50.69807052612305
-50.69438934326172
-50.704811096191406
-50.810028076171875
-50.577667236328125
-50.68071365356445
-50.66415786743164
-50.641807556152344
-50.742431640625
-50.73405456542969
-50.712554931640625
-50.774803161621094
-50.750858306884766
-50.750633239746094
-50.674537658691406
-50.774845123291016
-50.76527786254883
-50.76851272583008
-50.73081970214844
-50.74016571044922
-50.750694274902344
-50.79472351074219
-50.791847229003906
-50.73802947998047
-50.75221252441406
-50.746337890625
-50.76170349121094
-50.826942443847656
-50.787139892578125
-50.77616500854492
-50.77346420288086
-50.790794372558594
-50.75879669189453
-50.78251647949219
-50.772769927978516
-50.79415512084961
-50.795562744140625
-50.78953552246094
-50.826637268066406
-50.73531723022461
-50.75212097167969
-50.77508544921875
-50.784034729003906
-50.781944274902344
-50.814937591552734
-50.79512023925781
-50.770835876464844
-50.756011962890625
-50.778228759765625
-50.79376220703125
-50.72014617919922
-50.744895935058594
-50.720951080322266
-50.748870849609375
-50.73927688598633
-50.75321960449219
-50.76526641845703
-50.799041748046875
-50.78709411621094
-50.84416961669922
-50.807491302490234
-50.79375076293945
-50.69641876220703
-50.771202087402344
-50.75075912475586
-50.79158401489258
-50.79663848876953
-50.792945861816406
-50.82359313964844
-50.77892303466797
-50.76387405395508
-50.8144645690918
-50.79368591308594
-50.73918151855469
-50.79541015625
-50.81085205078125
-50.806663513183594
-50.72881317138672
-50.78858184814453
-50.752288818359375
-50.79823303222656
-50.794677734375
-50.794708251953125
-50.79774475097656
-50.80078125
-50.7672004699707
-50.8128547668457
-50.801483154296875
-50.84706497192383
-50.821231842041016
-50.80585479736328
-50.80985641479492
-50.826194763183594
-50.81831359863281
-50.80278396606445
-50.82807159423828
-50.85358428955078
-50.76510238647461
-50.83489227294922
-50.76021957397461
-50.75901794433594
-50.74016189575195
-50.8238639831543
-50.806941986083984
-50.72884750366211
-50.82975769042969
-50.8057861328125
-50.8419189453125
-50.827171325683594
-50.778236389160156
-50.77491760253906
-50.811737060546875
-50.824066162109375
-50.83666229248047
-50.87034606933594
-50.83587646484375
-50.80047607421875
-50.79517364501953
-50.86300277709961
-50.81035614013672
-50.846656799316406
-50.85263442993164
-50.83766174316406
-50.85075759887695
-50.83272171020508
-50.888397216796875
-50.86653137207031
-50.857757568359375
-50.850852966308594
-50.86175537109375
-50.886505126953125
-50.88685607910156
-50.85663986206055
-50.83850860595703
-50.86370086669922
-50.852882385253906
-50.85869598388672
-50.88835906982422
-50.859249114990234
-50.831085205078125
-50.84203338623047
-50.89948272705078
-50.88944625854492
-50.862831115722656
-50.83121109008789
-50.85529327392578
-50.842437744140625
-50.85155487060547
-50.8361930847168
-50.87617492675781
-50.854454040527344
-50.75783157348633
-50.77986526489258
-50.81803512573242
-50.907073974609375
-50.89651870727539
-50.91276550292969
-50.86157989501953
-50.83265686035156
-50.772315979003906
-50.86483383178711
-50.89897918701172
-50.91426086425781
-50.87065505981445
-50.79318618774414
-50.78070068359375
-50.85591125488281
-50.883296966552734
-50.89215850830078
-50.870155334472656
-50.85332489013672
-50.87136459350586
-50.86654281616211
-50.88155746459961
-50.9066162109375
-50.899879455566406
-50.859806060791016
-50.863433837890625
-50.839378356933594
-50.86469268798828
-50.8354377746582
-50.85768508911133
-50.8831787109375
-50.839752197265625
-50.89598083496094
-50.91649627685547
-50.893733978271484
-50.942543029785156
-50.926292419433594
-50.93264389038086
-50.92254638671875
-50.90081787109375
-50.894447326660156
-50.927162170410156
-50.931602478027344
-50.896366119384766
-50.93927764892578
-50.944026947021484
-50.92473602294922
-50.91221237182617
-50.9383659362793
-50.93537902832031
-50.94203186035156
-50.94994354248047
-50.92273712158203
-50.88313674926758
-50.93997573852539
-50.89329147338867
-50.968238830566406
-50.947105407714844
-50.92155456542969
-50.94812774658203
-50.89485168457031
-50.88681411743164
-50.90574264526367
-50.90943145751953
-50.89048767089844
-50.94827651977539
-50.90373229980469
-50.86194610595703
-50.909725189208984
-50.930870056152344
-50.94269943237305
-50.90579605102539
-50.8487663269043
-50.86335754394531
-50.88820266723633
-50.9434814453125
-50.932594299316406
-50.92991638183594
-50.93132019042969
-50.919734954833984
-50.934654235839844
-50.973106384277344
-50.981048583984375
-50.947574615478516
-50.96929931640625
-50.95599365234375
-50.940452575683594
-50.93695068359375
-50.99107360839844
-50.86963653564453
-51.06016540527344
-50.93849182128906
-50.95384216308594
-50.946685791015625
-50.96404266357422
-50.926979064941406
-50.99629592895508
-50.9857177734375
-50.99345397949219
-50.976356506347656
-51.001304626464844
-50.96027755737305
-50.96150207519531
-50.986305236816406
-50.9532470703125
-50.971248626708984
-50.97589111328125
-50.99188232421875
-51.01966857910156
-50.986961364746094
-50.929508209228516
-50.96702575683594
-50.94120788574219
-50.9569091796875
-51.00627136230469
-50.917510986328125
-50.934326171875
-50.978092193603516
-50.95581817626953
-50.96353530883789
-50.99097442626953
-51.01093292236328
-51.04036331176758
-50.958030700683594
-50.97133255004883
-50.98751449584961
-50.94816970825195
-50.931419372558594
-50.904178619384766
-50.89084243774414
-50.949981689453125
-51.00535202026367
-51.0471076965332
-51.03736877441406
-51.019466400146484
-50.969566345214844
-50.88026428222656
-50.79899597167969
-50.89898681640625
-50.978118896484375
-50.978302001953125
-50.9328727722168
-50.86547088623047
-50.84963607788086
-50.910682678222656
-50.97605895996094
-50.91130065917969
-50.948486328125
-50.99049377441406
-50.96984100341797
-50.989532470703125
-50.975589752197266
-50.944908142089844
-50.92261505126953
-50.92835998535156
-51.01426696777344
-50.975013732910156
-50.89019775390625
-50.799110412597656
-50.903377532958984
-50.956939697265625
-50.95738983154297
-50.8880615234375
-50.9214973449707
-50.973575592041016
-50.972965240478516
-50.93061065673828
-50.903629302978516
-51.02986145019531
-50.99919128417969
-50.889854431152344
-50.835899353027344
-50.93553924560547
-51.032470703125
-51.01335525512695
-50.92870330810547
-50.92180252075195
-51.013694763183594
-51.019142150878906
-51.044677734375
-51.00292205810547
-50.977264404296875
-50.980533599853516
-51.047916412353516
-51.030540466308594
-51.00605010986328
-50.92192840576172
-50.922855377197266
-50.95640563964844
-51.04299545288086
-50.937721252441406
-50.92742156982422
-50.93336486816406
-50.99993896484375
-50.970252990722656
-51.02444839477539
-50.98114776611328
-51.00171661376953
-51.07699966430664
-51.0321159362793
-51.00193786621094
-51.02981948852539
-51.02020263671875
-50.9835205078125
-50.91143035888672
-50.9896354675293
-50.97162628173828
-51.03998947143555
-51.01115798950195
-51.0168571472168
-50.9833869934082
-51.04486846923828
-51.01856994628906
-51.02538299560547
-51.03889083862305
-50.990699768066406
-51.040889739990234
-51.05540084838867
-50.99045181274414
-51.041568756103516
-51.05903625488281
-51.06583023071289
-51.048851013183594
-51.08054733276367
-51.06011199951172
-51.06294631958008
-51.07235336303711
-51.09941864013672
-51.01202392578125
-51.032981872558594
-51.0841064453125
-51.07342529296875
-51.09390640258789
-51.06317901611328
-51.06732177734375
-51.055824279785156
-51.055023193359375
-51.04871368408203
-51.10992431640625
-51.08774948120117
-51.038421630859375
-51.130210876464844
-51.1051139831543
-51.09325408935547
-51.11180877685547
-51.0819206237793
-51.12071228027344
-51.09256362915039
-51.14030456542969
-51.03553771972656
-51.06988525390625
-51.01734924316406
-51.02753448486328
-51.06863784790039
-50.99534606933594
-51.064422607421875
-51.11046600341797
-51.05029296875
-51.06761932373047
-51.07627868652344
-51.06644821166992
-50.9609260559082
-51.08399963378906
-51.028812408447266
-51.04096603393555
-51.08647918701172
-51.07304382324219
-51.01641845703125
-51.141578674316406
-51.12362289428711
-51.06364440917969
-51.06890106201172
-51.03282165527344
-51.047142028808594
-51.017723083496094
-51.109615325927734
-51.075714111328125
-51.071685791015625
-51.08890151977539
-51.072471618652344
-51.04721450805664
-51.097312927246094
-51.11757278442383
-51.06682205200195
-51.09223175048828
-51.07880783081055
-51.0700569152832
-51.0621337890625
-51.1119384765625
-51.11166000366211
-51.062747955322266
-51.1038932800293
-51.08143997192383
-51.09075927734375
-51.07399368286133
-51.06478500366211
-51.07935333251953
-51.07101821899414
-51.08962631225586
-51.12684631347656
-51.11305618286133
-51.11411666870117
-51.09043884277344
-51.06571578979492
-51.06273651123047
-51.089691162109375
-51.074378967285156
-51.12950897216797
-51.1514778137207
-51.1524658203125
-51.148468017578125
-51.15016174316406
-51.120361328125
-51.094173431396484
-51.1028938293457
-51.123966217041016
-51.083499908447266
-51.13152313232422
-51.12980651855469
-51.11115264892578
-51.11565017700195
-51.141136169433594
-51.157344818115234
-51.13064956665039
-51.16645812988281
-51.115699768066406
-51.10515594482422
-51.057621002197266
-51.12377166748047
-51.082794189453125
-51.098114013671875
-51.110137939453125
-51.12593078613281
-51.13094711303711
-51.1397590637207
-51.120521545410156
-51.08031463623047
-51.071815490722656
-51.05219268798828
-51.11436462402344
-51.152801513671875
-51.124637603759766
-51.13730239868164
-51.092796325683594
-51.12090301513672
-51.102378845214844
-51.06910705566406
-51.105979919433594
-51.07417678833008
-51.11601638793945
-51.091190338134766
-51.14512634277344
-51.15039825439453
-51.119537353515625
-51.078651428222656
-51.078208923339844
-51.08369827270508
-51.11891174316406
-51.11664962768555
-51.1326904296875
-51.11854553222656
-51.121097564697266
-51.07488250732422
-51.14574432373047
-51.1548957824707
-51.162864685058594
-51.11708068847656
-51.080169677734375
-51.07246398925781
-51.11729431152344
-51.11957550048828
-51.13697052001953
-51.117427825927734
-51.127933502197266
-51.078392028808594
-51.11215591430664
-51.13397216796875
-51.123016357421875
-51.130008697509766
-51.1463623046875
-51.11594009399414
-51.09944152832031
-51.13006591796875
-51.1448974609375
-51.07368469238281
-51.162784576416016
-51.1352424621582
-51.13047790527344
-51.06147766113281
-51.092193603515625
-51.11757278442383
-51.06401062011719
-51.15456008911133
-51.129486083984375
-51.14932632446289
-51.129398345947266
-51.145774841308594
-51.152076721191406
-51.15884780883789
-51.15235900878906
-51.17136764526367
-51.152305603027344
-51.160682678222656
-51.17624282836914
-51.151729583740234
-51.178443908691406
-51.18666076660156
-51.17365264892578
-51.17578887939453
-51.145442962646484
-51.132102966308594
-51.09815216064453
-51.09748840332031
-51.132511138916016
-51.151493072509766
-51.08378601074219
-51.159423828125
-51.13414764404297
-51.04395294189453
-51.06867980957031
-51.06951141357422
-51.057823181152344
-51.08302307128906
-51.17027282714844
-51.07432174682617
-51.0723991394043
-51.156578063964844
-51.058204650878906
-51.13530731201172
-51.144718170166016
-51.093746185302734
-51.10321044921875
-51.13093566894531
-51.142059326171875
-51.18402099609375
-51.16988754272461
-51.17045211791992
-51.166629791259766
-51.180816650390625
-51.12117385864258
-51.125057220458984
-51.0989875793457
-51.168052673339844
-51.14275360107422
-51.13280487060547
-51.1929931640625
-51.19534683227539
-51.19254684448242
-51.149696350097656
-51.15666198730469
-51.14055633544922
-51.129493713378906
-51.130802154541016
-51.154483795166016
-51.16986083984375
-51.21651840209961
-51.183929443359375
-51.13581085205078
-51.127445220947266
-51.14830017089844
-51.19162368774414
-51.19715881347656
-51.207481384277344
-51.19568634033203
-51.202613830566406
-51.187416076660156
-51.20124053955078
-51.16617202758789
-51.19053268432617
-51.198814392089844
-51.20270919799805
-51.200313568115234
-51.19911193847656
-51.184383392333984
-51.18950271606445
-51.19949722290039
-51.162662506103516
-51.1986083984375
-51.19027328491211
-51.193115234375
-51.19511795043945
-51.159481048583984
-51.21164321899414
-51.18238067626953
-51.17080307006836
-51.2135009765625
-51.17161560058594
-51.16178894042969
-51.188968658447266
-51.19691848754883
-51.19401168823242
-51.20262908935547
-51.22084426879883
-51.19193649291992
-51.190704345703125
-51.173709869384766
-51.13637924194336
-51.173744201660156
-51.147239685058594
-51.17333984375
-51.2076530456543
-51.18928146362305
-51.179237365722656
-51.2368278503418
-51.18920135498047
-51.18757247924805
-51.19786834716797
-51.18761444091797
-51.163360595703125
-51.20504379272461
-51.196693420410156
-51.14517593383789
-51.19887924194336
-51.20439147949219
-51.21183776855469
-51.189048767089844
-51.15996551513672
-51.12112045288086
-51.13905334472656
-51.17531967163086
-51.07653045654297
-51.16595458984375
-51.186553955078125
-51.17988586425781
-51.16826629638672
-51.23326873779297
-51.14093780517578
-51.171234130859375
-51.208595275878906
-51.140228271484375
-51.17689514160156
-51.18106460571289
-51.175575256347656
-51.13780212402344
-51.152854919433594
-51.184844970703125
-51.178401947021484
-51.165069580078125
-51.201602935791016
-51.20663070678711
-51.22429656982422
-51.210514068603516
-51.19248962402344
-51.18892288208008
-51.21080017089844
-51.22275161743164
-51.232845306396484
-51.21466064453125
-51.23536682128906
-51.22003173828125
-51.22195053100586
-51.19377899169922
-51.21796798706055
-51.23768615722656
-51.228092193603516
-51.19559860229492
-51.21250915527344
-51.205772399902344
-51.18443298339844
-51.22089385986328
-51.12267303466797
-51.22117233276367
-51.22272491455078
-51.18947982788086
-51.18513870239258
-51.18769836425781
-51.17919158935547
-51.23731231689453
-51.245933532714844
-51.229393005371094
-51.234466552734375
-51.21440505981445
-51.20420837402344
-51.16925048828125
-51.24064636230469
-51.08467102050781
-51.19365692138672
-51.22062683105469
-51.20086669921875
-51.12544250488281
-51.175132751464844
-51.20315170288086
-51.17043685913086
-51.152278900146484
-51.211936950683594
-51.1505241394043
-51.178627014160156
-51.19103240966797
-51.202903747558594
-51.15977096557617
-51.235294342041016
-51.23459243774414
-51.22160720825195
-51.216392517089844
-51.22712707519531
-51.2324333190918
-51.21893310546875
-51.194129943847656
-51.17245101928711
-51.13218307495117
-51.22208023071289
-51.23133087158203
-51.19917297363281
-51.22178268432617
-51.19319152832031
-51.12543487548828
-51.19198226928711
-51.19526672363281
-51.13630294799805
-51.1569709777832
-51.1944580078125
-51.212303161621094
-51.209510803222656
-51.226505279541016
-51.204288482666016
-51.2066764831543
-51.22951126098633
-51.22731399536133
-51.220767974853516
-51.23890686035156
-51.24189758300781
-51.230628967285156
-51.25398254394531
-51.20033264160156
-51.239219665527344
-51.2212028503418
-51.195953369140625
-51.23419952392578
-51.21141815185547
-51.21929168701172
-51.23557662963867
-51.27066421508789
-51.21527862548828
-51.231529235839844
-51.252872467041016
-51.213050842285156
-51.20921325683594
-51.212589263916016
-51.22205352783203
-51.24982452392578
-51.268348693847656
-51.22825622558594
-51.272499084472656
-51.22978210449219
-51.237125396728516
-51.22684097290039
-51.2288703918457
-51.20499038696289
-51.2465705871582
-51.247650146484375
-51.25428009033203
-51.250572204589844
-51.24169921875
-51.264198303222656
-51.2308349609375
-51.19932556152344
-51.22012710571289
-51.225120544433594
-51.22863006591797
-51.248416900634766
-51.27339553833008
-51.278533935546875
-51.27867126464844
-51.27610778808594
-51.25029373168945
-51.25618362426758
-51.27900695800781
-51.26152038574219
-51.251461029052734
-51.24386215209961
-51.24354553222656
-51.21733093261719
-51.206871032714844
-51.19529342651367
-51.17091369628906
-51.21047592163086
-51.19736099243164
-51.20575714111328
-51.233917236328125
-51.216732025146484
-51.17152786254883
-51.168212890625
-51.20793151855469
-51.2086296081543
-51.25102233886719
-51.29570388793945
-51.26520538330078
-51.27158737182617
-51.18058395385742
-51.220603942871094
-51.22357177734375
-51.21000671386719
-51.233943939208984
-51.25883483886719
-51.195777893066406
-51.243160247802734
-51.222259521484375
-51.21311569213867
-51.21529769897461
-51.27021789550781
-51.251953125
-51.30396270751953
-51.22466278076172
-51.184608459472656
-51.22303009033203
-51.265098571777344
-51.26499938964844
-51.23918914794922
-51.18924331665039
-51.10765838623047
-51.195106506347656
-51.210418701171875
-51.252891540527344
-51.22220230102539
-51.099937438964844
-51.16667556762695
-51.2108154296875
-51.2471923828125
-51.14108657836914
-51.190391540527344
-51.21403884887695
-51.22029113769531
-51.238243103027344
-51.251983642578125
-51.16636657714844
-51.21792984008789
-51.246952056884766
-51.28235626220703
-51.293731689453125
-51.27998733520508
-51.26478576660156
-51.29345703125
-51.30906677246094
-51.27022933959961
-51.30506134033203
-51.277523040771484
-51.28996276855469
-51.28251266479492
-51.26118850708008
-51.26781463623047
-51.283226013183594
-51.243370056152344
-51.26556396484375
-51.266845703125
-51.251949310302734
-51.27406311035156
-51.25244903564453
-51.266944885253906
-51.243896484375
-51.243408203125
-51.270851135253906
-51.270050048828125
-51.24672317504883
-51.25556564331055
-51.29710388183594
-51.251182556152344
-51.24018859863281
-51.28489685058594
-51.174964904785156
-51.25509262084961
-51.270408630371094
-51.25845718383789
-51.23832702636719
-51.23432922363281
-51.18367004394531
-51.18951416015625
-51.27475357055664
-51.28309631347656
-51.153724670410156
-51.259498596191406
-51.244117736816406
-51.21431350708008
-51.292091369628906
-51.29326629638672
-51.282142639160156
-51.29325485229492
-51.273799896240234
-51.24801254272461
-51.2650260925293
-51.28225326538086
-51.22998809814453
-51.29850769042969
-51.23162078857422
-51.27280044555664
-51.237548828125
-51.25193786621094
-51.27008819580078
-51.27334213256836
-51.1900749206543
-51.2723503112793
-51.23107147216797
-51.275535583496094
-51.28068923950195
-51.27288055419922
-51.284751892089844
-51.30552673339844
-51.286495208740234
-51.28124237060547
-51.27159881591797
-51.31345748901367
-51.223846435546875
-51.32218933105469
-51.31767654418945
-51.28355407714844
-51.2893180847168
-51.3065185546875
-51.24768829345703
-51.26155090332031
-51.28520202636719
-51.26906967163086
-51.263858795166016
-51.293701171875
-51.3028678894043
-51.29914093017578
-51.29560852050781
-51.28885269165039
-51.29473876953125
-51.293251037597656
-51.29688262939453
-51.26882553100586
-51.306392669677734
-51.2816276550293
-51.27688980102539
-51.2933235168457
-51.28799057006836
-51.26194763183594
-51.27198791503906
-51.25041198730469
-51.22408676147461
-51.26393127441406
-51.27854537963867
-51.31208801269531
-51.298858642578125
-51.31127166748047
-51.30297088623047
-51.239524841308594
-51.25293731689453
-51.21674346923828
-51.198787689208984
-51.248111724853516
-51.278907775878906
-51.30466079711914
-51.299110412597656
-51.287132263183594
-51.23764419555664
-51.23692321777344
-51.24846649169922
-51.2822265625
-51.29358673095703
-51.31146240234375
-51.28643035888672
-51.30214309692383
-51.28889465332031
-51.28594970703125
-51.26081848144531
-51.267940521240234
-51.261138916015625
-51.21791076660156
-51.253883361816406
-51.23567199707031
-51.30293655395508
-51.315948486328125
-51.330322265625
-51.29468536376953
-51.235107421875
-51.22510528564453
-51.2205810546875
-51.274131774902344
-51.2958869934082
-51.284423828125
-51.29682922363281
-51.275543212890625
-51.26675796508789
-51.27188491821289
-51.284767150878906
-51.34116744995117
-51.37261199951172
-51.279884338378906
-51.2993278503418
-51.27824783325195
-51.24653244018555
-51.274803161621094
-51.31681442260742
-51.25912857055664
-51.29045104980469
-51.32660675048828
-51.310707092285156
-51.32059860229492
-51.31769561767578
-51.327125549316406
-51.29790115356445
-51.31596374511719
-51.30384826660156
-51.29006576538086
-51.305419921875
-51.30101013183594
-51.272647857666016
-51.317344665527344
-51.3056526184082
-51.275604248046875
-51.34135437011719
-51.26165008544922
-51.260902404785156
-51.203269958496094
-51.2750129699707
-51.22709655761719
-51.24073028564453
-51.29656219482422
-51.26769256591797
-51.23381805419922
-51.29631042480469
-51.27848815917969
-51.231727600097656
-51.221946716308594
-51.26140594482422
-51.249610900878906
-51.25325393676758
-51.2973518371582
-51.30337905883789
-51.35131072998047
-51.338722229003906
-51.29940414428711
-51.26239776611328
-51.30645751953125
-51.317138671875
-51.324378967285156
-51.3309326171875
-51.32849884033203
-51.32070541381836
-51.307281494140625
-51.31190490722656
-51.33110809326172
-51.314151763916016
-51.32590103149414
-51.31780242919922
-51.294681549072266
-51.249183654785156
-51.31816482543945
-51.31199645996094
-51.31914520263672
-51.28682327270508
-51.2904052734375
-51.28409957885742
-51.2747917175293
-51.32143783569336
-51.32408905029297
-51.236846923828125
-51.27501678466797
-51.29784393310547
-51.23286819458008
-51.2514762878418
-51.27204513549805
-51.238121032714844
-51.247413635253906
-51.27333068847656
-51.280296325683594
-51.23009490966797
-51.31568908691406
-51.337425231933594
-51.19367218017578
-51.274349212646484
-51.251075744628906
-51.229637145996094
-51.27329635620117
-51.303470611572266
-51.262428283691406
-51.342315673828125
-51.324005126953125
-51.31611633300781
-51.270896911621094
-51.27291488647461
-51.28754806518555
-51.17822265625
-51.306758880615234
-51.30923843383789
-51.27131652832031
-51.29408264160156
-51.318267822265625
-51.251644134521484
-51.22728729248047
-51.22339630126953
-51.206478118896484
-51.25554275512695
-51.27850341796875
-51.3414306640625
-51.32862854003906
-51.33477783203125
-51.30033874511719
-51.25450134277344
-51.26669692993164
-51.29283142089844
-51.30903625488281
-51.327457427978516
-51.33478546142578
-51.299903869628906
-51.24492645263672
-51.22503662109375
-51.26371383666992
-51.28899383544922
-51.29835891723633
-51.321937561035156
-51.31074523925781
-51.305625915527344
-51.30072784423828
-51.3046875
-51.26476287841797
-51.34016418457031
-51.2550163269043
-51.227115631103516
-51.34185791015625
-51.29785919189453
-51.29669952392578
-51.316104888916016
-51.309364318847656
-51.288978576660156
-51.32566833496094
-51.32182312011719
-51.331138610839844
-51.347923278808594
-51.32581329345703
-51.36152267456055
-51.34052276611328
-51.34534454345703
-51.34170150756836
-51.30722427368164
-51.30678939819336
-51.29167556762695
-51.295894622802734
-51.317935943603516
-51.2894401550293
-51.315670013427734
-51.31620788574219
-51.32103729248047
-51.3172607421875
-51.334716796875
-51.326446533203125
-51.319271087646484
-51.338470458984375
-51.32727813720703
-51.31545639038086
-51.34108352661133
-51.32909393310547
-51.33819580078125
-51.3504638671875
-51.350067138671875
-51.34413528442383
-51.33960723876953
-51.30555725097656
-51.31771469116211
-51.304412841796875
-51.26665496826172
-51.30707931518555
-51.327701568603516
-51.33742141723633
-51.333534240722656
-51.33353042602539
-51.288612365722656
-51.23781967163086
-51.27988052368164
-51.31431198120117
-51.33979415893555
-51.31346130371094
-51.3231201171875
-51.25537872314453
-51.256507873535156
-51.286521911621094
-51.27297592163086
-51.29755783081055
-51.32758331298828
-51.32585144042969
-51.32102966308594
-51.32342529296875
-51.34387969970703
-51.29998779296875
-51.28704833984375
-51.29359436035156
-51.31150817871094
-51.303627014160156
-51.24137496948242
-51.36079788208008
-51.34178161621094
-51.25481414794922
-51.28718566894531
-51.31818771362305
-51.224334716796875
-51.29390335083008
-51.332340240478516
-51.29490661621094
-51.33172607421875
-51.351112365722656
-51.320919036865234
-51.32132339477539
-51.33734130859375
-51.27878952026367
-51.31538009643555
-51.313026428222656
-51.30316925048828
-51.30146789550781
-51.346473693847656
-51.2081413269043
-51.29293441772461
-51.31841278076172
-51.26200866699219
-51.35552978515625
-51.34752655029297
-51.351470947265625
-51.34408950805664
-51.323612213134766
-51.3076057434082
-51.32090377807617
-51.328121185302734
-51.336978912353516
-51.35094451904297
-51.35552215576172
-51.34652328491211
-51.32087326049805
-51.25022888183594
-51.30355453491211
-51.297218322753906
-51.326690673828125
-51.339622497558594
-51.33371353149414
-51.299232482910156
-51.25864028930664
-51.2857666015625
-51.29098892211914
-51.29645538330078
-51.31215286254883
-51.337284088134766
-51.271095275878906
-51.299129486083984
-51.284706115722656
-51.24101638793945
-51.26160430908203
-51.29056167602539
-51.26169967651367
-51.322975158691406
-51.338233947753906
-51.28242492675781
-51.32130813598633
-51.28826141357422
-51.289634704589844
-51.282188415527344
-51.330894470214844
-51.316070556640625
-51.315086364746094
-51.32576370239258
-51.2932243347168
-51.31883239746094
-51.344024658203125
-51.3404541015625
-51.29799270629883
-51.36686325073242
-51.365135192871094
-51.30817413330078
-51.32450866699219
-51.29935073852539
-51.29088592529297
-51.30258560180664
-51.33565902709961
-51.26891326904297
-51.3668098449707
-51.36048889160156
-51.34134292602539
-51.35169982910156
-51.331565856933594
-51.32101821899414
-51.316741943359375
-51.346168518066406
-51.35905075073242
-51.37289047241211
-51.375038146972656
-51.364707946777344
-51.3776969909668
-51.36538314819336
-51.37419891357422
-51.358116149902344
-51.37044906616211
-51.359100341796875
-51.34197998046875
-51.34084701538086
-51.32872009277344
-51.33073425292969
-51.318199157714844
-51.33399200439453
-51.328956604003906
-51.29605484008789
-51.30948257446289
-51.308170318603516
-51.32889175415039
-51.33176803588867
-51.35801696777344
-51.35160446166992
-51.36946487426758
-51.33122634887695
-51.32383346557617
-51.31208038330078
-51.32498550415039
-51.31183624267578
-51.330116271972656
-51.311973571777344
-51.336692810058594
-51.35321044921875
-51.33491134643555
-51.362701416015625
-51.342620849609375
-51.349388122558594
-51.343353271484375
-51.344913482666016
-51.341861724853516
-51.345584869384766
-51.34225845336914
-51.33623504638672
-51.341346740722656
-51.37914276123047
-51.35674285888672
-51.388938903808594
-51.369895935058594
-51.28727722167969
-51.315914154052734
-51.317718505859375
-51.30126190185547
-51.32502365112305
-51.35503387451172
-51.331878662109375
-51.380767822265625
-51.39362335205078
-51.30377960205078
-51.33955764770508
-51.34658432006836
-51.32794952392578
-51.28150177001953
-51.35492706298828
-51.33543395996094
-51.31285858154297
-51.32897186279297
-51.317283630371094
-51.320709228515625
-51.343143463134766
-51.35981369018555
-51.371315002441406
-51.37663269042969
-51.3958740234375
-51.399139404296875
-51.33899688720703
-51.394630432128906
-51.37891387939453
-51.3711051940918
-51.370140075683594
-51.37145233154297
-51.35050582885742
-51.37076187133789
-51.37310791015625
-51.345306396484375
-51.29744338989258
-51.29729461669922
-51.31082534790039
-51.24787902832031
-51.316219329833984
-51.294921875
-51.32445526123047
-51.31456756591797
-51.37031936645508
-51.38491439819336
-51.37952423095703
-51.35956573486328
-51.380428314208984
-51.333072662353516
-51.39651107788086
-51.34803771972656
-51.34364318847656
-51.3181266784668
-51.30474090576172
-51.317909240722656
-51.34129333496094
-51.34872055053711
-51.260765075683594
-51.177040100097656
-51.283504486083984
-51.31078338623047
-51.35100555419922
-51.30949783325195
-51.223297119140625
-51.244285583496094
-51.30378341674805
-51.33482360839844
-51.37185287475586
-51.321372985839844
-51.274696350097656
-51.325599670410156
-51.304412841796875
-51.33479690551758
-51.334903717041016
-51.293678283691406
-51.28535842895508
-51.31293869018555
-51.32137680053711
-51.35887145996094
-51.337589263916016
-51.35107421875
-51.360862731933594
-51.363304138183594
-51.33665466308594
-51.36151885986328
-51.364444732666016
-51.34265899658203
-51.34489822387695
-51.36252212524414
-51.35206604003906
-51.28961944580078
-51.36885452270508
-51.3427734375
-51.34254455566406
-51.3670654296875
-51.357234954833984
-51.405975341796875
-51.381500244140625
-51.333553314208984
-51.35917663574219
-51.310733795166016
-51.29999542236328
-51.34331512451172
-51.35591506958008
-51.34553909301758
-51.35475540161133
-51.356842041015625
-51.34979248046875
-51.34299850463867
-51.35640335083008
-51.352195739746094
-51.365379333496094
-51.391395568847656
-51.37113952636719
-51.37896728515625
-51.38724899291992
-51.37627410888672
-51.38788986206055
-51.35944747924805
-51.346858978271484
-51.347511291503906
-51.29692840576172
-51.33168029785156
-51.33684158325195
-51.32884979248047
-51.37486267089844
-51.36154556274414
-51.32968521118164
-51.35466766357422
-51.36488342285156
-51.29021453857422
-51.376564025878906
-51.33379364013672
-51.338279724121094
-51.354129791259766
-51.36427688598633
-51.368751525878906
-51.373199462890625
-51.37224578857422
-51.36506271362305
-51.31707763671875
-51.33255386352539
-51.382205963134766
-51.32525634765625
-51.36256408691406
-51.385276794433594
-51.35605239868164
-51.329681396484375
-51.3494873046875
-51.31853485107422
-51.25580978393555
-51.346500396728516
-51.302188873291016
-51.35333251953125
-51.371498107910156
-51.34284591674805
-51.37696075439453
-51.32594299316406
-51.315101623535156
-51.31211471557617
-51.30813217163086
-51.36003112792969
-51.36424255371094
-51.38758087158203
-51.3952751159668
-51.39359664916992
-51.37519836425781
-51.396018981933594
-51.384239196777344
-51.367713928222656
-51.36902618408203
-51.374942779541016
-51.36140823364258
-51.376731872558594
-51.35750198364258
-51.36449432373047
-51.364646911621094
-51.3825569152832
-51.356929779052734
-51.356117248535156
-51.284568786621094
-51.336097717285156
-51.36103820800781
-51.329742431640625
-51.33432388305664
-51.318721771240234
-51.320274353027344
-51.36408615112305
-51.3764533996582
-51.342559814453125
-51.35905838012695
-51.334224700927734
-51.35744857788086
-51.3773307800293
-51.399044036865234
-51.3953971862793
-51.392547607421875
-51.384559631347656
-51.33553695678711
-51.342525482177734
-51.322994232177734
-51.33971405029297
-51.33820343017578
-51.39154815673828
-51.38963317871094
-51.383506774902344
-51.382633209228516
-51.353641510009766
-51.32016372680664
-51.33600616455078
-51.28284454345703
-51.3396110534668
-51.35751724243164
-51.37395095825195
-51.33778762817383
-51.39620590209961
-51.398216247558594
-51.37959289550781
-51.39756774902344
-51.41673278808594
-51.407020568847656
-51.40367889404297
-51.378211975097656
-51.40058898925781
-51.38518142700195
-51.369117736816406
-51.357444763183594
-51.35504913330078
-51.350582122802734
-51.35769271850586
-51.386474609375
-51.404380798339844
-51.384132385253906
-51.37593078613281
-51.40660095214844
-51.365234375
-51.38969421386719
-51.364830017089844
-51.35335922241211
-51.354705810546875
-51.37953567504883
-51.353721618652344
-51.37522888183594
-51.382232666015625
-51.3816032409668
-51.39573669433594
-51.403594970703125
-51.380863189697266
-51.38688659667969
-51.36852264404297
-51.35206604003906
-51.3299560546875
-51.37354278564453
-51.33422088623047
-51.3896598815918
-51.366188049316406
-51.39540100097656
-51.34185791015625
-51.36762237548828
-51.34309768676758
-51.391998291015625
-51.38044738769531
-51.369163513183594
-51.37818908691406
-51.378089904785156
-51.367610931396484
-51.384212493896484
-51.342376708984375
-51.3542366027832
-51.380191802978516
-51.38620376586914
-51.37114715576172
-51.36984634399414
-51.37649154663086
-51.36085891723633
-51.36804962158203
-51.37962341308594
-51.38615036010742
-51.34235382080078
-51.339385986328125
-51.34587478637695
-51.34113311767578
-51.38734436035156
-51.373626708984375
-51.356075286865234
-51.369449615478516
-51.36798095703125
-51.379146575927734
-51.39164733886719
-51.41979217529297
-51.315269470214844
-51.40901184082031
-51.387168884277344
-51.39093017578125
-51.41976547241211
-51.37014389038086
-51.32893371582031
-51.39147186279297
-51.27320861816406
-51.32107925415039
-51.40402603149414
-51.37344741821289
-51.33780288696289
-51.34114456176758
-51.372032165527344
-51.23676300048828
-51.323204040527344
-51.35363006591797
-51.341835021972656
-51.32197570800781
-51.38053894042969
-51.35868835449219
-51.353759765625
-51.396392822265625
-51.37523651123047
-51.398075103759766
-51.37823486328125
-51.35603713989258
-51.33353805541992
-51.35771560668945
-51.38981628417969
-51.39596176147461
-51.407264709472656
-51.38323211669922
-51.36501693725586
-51.34711456298828
-51.3477668762207
-51.35205078125
-51.35905456542969
-51.344703674316406
-51.36969757080078
-51.37366485595703
-51.32069396972656
-51.37314987182617
-51.35507583618164
-51.30355453491211
-51.349639892578125
-51.36457824707031
-51.41046142578125
-51.400306701660156
-51.38484573364258
-51.341068267822266
-51.335567474365234
-51.36604690551758
-51.35730743408203
-51.41291046142578
-51.37382125854492
-51.393157958984375
-51.382720947265625
-51.34931564331055
-51.31608963012695
-51.33655548095703
-51.36583709716797
-51.395790100097656
-51.39907455444336
-51.39291000366211
-51.4085693359375
-51.401798248291016
-51.400634765625
-51.39337158203125
-51.39916229248047
-51.408023834228516
-51.41702651977539
-51.42774963378906
-51.377445220947266
-51.400611877441406
-51.39994812011719
-51.374332427978516
-51.39925765991211
-51.38852310180664
-51.4017333984375
-51.39352798461914
-51.37461853027344
-51.397743225097656
-51.35700988769531
-51.36738967895508
-51.36286926269531
-51.36431884765625
-51.37682342529297
-51.37248611450195
-51.338768005371094
-51.38257598876953
-51.370819091796875
-51.371673583984375
-51.33818435668945
-51.379615783691406
-51.34296417236328
-51.320213317871094
-51.363319396972656
-51.387779235839844
-51.38544464111328
-51.40705490112305
-51.39775085449219
-51.38763427734375
-51.384456634521484
-51.324058532714844
-51.36536407470703
-51.37897491455078
-51.402099609375
-51.40263748168945
-51.38762664794922
-51.38052749633789
-51.346717834472656
-51.352962493896484
-51.33756637573242
-51.3822021484375
-51.40306854248047
-51.37076950073242
-51.40957260131836
-51.39124298095703
-51.402015686035156
-51.39739227294922
-51.421966552734375
-51.40010452270508
-51.405921936035156
-51.40303421020508
-51.405311584472656
-51.39666748046875
-51.39664840698242
-51.381324768066406
-51.36762237548828
-51.35331726074219
-51.35845947265625
-51.387046813964844
-51.4094352722168
-51.40735626220703
-51.39900207519531
-51.401390075683594
-51.39546203613281
-51.42403793334961
-51.431922912597656
-51.40827560424805
-51.399566650390625
-51.411678314208984
-51.392677307128906
-51.40914535522461
-51.38431930541992
-51.38738250732422
-51.374542236328125
-51.35152053833008
-51.333763122558594
-51.32867431640625
-51.378047943115234
-51.384864807128906
-51.41156768798828
-51.41655731201172
-51.418521881103516
-51.41535186767578
-51.413658142089844
-51.39282989501953
-51.37767028808594
-51.345882415771484
-51.35410690307617
-51.34579849243164
-51.3541145324707
-51.38370132446289
-51.3773078918457
-51.38960647583008
-51.380859375
-51.37483596801758
-51.41463851928711
-51.30836486816406
-51.382999420166016
-51.38880920410156
-51.251441955566406
-51.282325744628906
-51.31560516357422
-51.343502044677734
-51.29871368408203
-51.402557373046875
-51.39499282836914
-51.32477951049805
-51.280540466308594
-51.34300231933594
-51.295318603515625
-51.318946838378906
-51.3666877746582
-51.3202018737793
-51.352500915527344
-51.3996467590332
-51.39115905761719
-51.384456634521484
-51.38121795654297
-51.35184860229492
-51.36191177368164
-51.39727783203125
-51.37657165527344
-51.41249465942383
-51.420475006103516
-51.39715576171875
-51.399200439453125
-51.39588928222656
-51.39986038208008
-51.406986236572266
-51.446311950683594
-51.415740966796875
-51.40470886230469
-51.423728942871094
-51.37689971923828
-51.40831756591797
-51.38441848754883
-51.372840881347656
-51.35276794433594
-51.387107849121094
-51.366065979003906
-51.371036529541016
-51.40778732299805
-51.36417770385742
-51.31003952026367
-51.333526611328125
-51.27631759643555
-51.35065460205078
-51.40647888183594
-51.40021514892578
-51.41593933105469
-51.419769287109375
-51.37208557128906
-51.38722610473633
-51.390594482421875
-51.39091873168945
-51.39015197753906
-51.414310455322266
-51.41206359863281
-51.42863845825195
-51.41230773925781
-51.445220947265625
-51.42125701904297
-51.421695709228516
-51.41728210449219
-51.38922882080078
-51.385677337646484
-51.364112854003906
-51.35059356689453
-51.36742401123047
-51.371337890625
-51.39185333251953
-51.37555694580078
-51.40910339355469
-51.40241241455078
-51.39994812011719
-51.41297149658203
-51.4244270324707
-51.41022491455078
-51.427242279052734
-51.4119873046875
-51.40169143676758
-51.40646743774414
-51.420448303222656
-51.33539581298828
-51.36427307128906
-51.35484313964844
-51.31123352050781
-51.40116500854492
-51.37547302246094
-51.394813537597656
-51.42871856689453
-51.40033721923828
-51.37466812133789
-51.37364196777344
-51.33744812011719
-51.28179168701172
-51.387081146240234
-51.384952545166016
-51.38829040527344
-51.33311462402344
-51.30235290527344
-51.303916931152344
-51.31431579589844
-51.417518615722656
-51.34950637817383
-51.370826721191406
-51.384124755859375
-51.378089904785156
-51.36750030517578
-51.394493103027344
-51.41477966308594
-51.430213928222656
-51.36302947998047
-51.390506744384766
-51.357521057128906
-51.38072204589844
-51.39622497558594
-51.437660217285156
-51.371273040771484
-51.3639030456543
-51.29961013793945
-51.253353118896484
-51.40876388549805
-51.390419006347656
-51.3554573059082
-51.33306884765625
-51.33888244628906
-51.40741729736328
-51.416683197021484
-51.411373138427734
-51.38334655761719
-51.33301544189453
-51.32041549682617
-51.3763313293457
-51.376869201660156
-51.424461364746094
-51.397125244140625
-51.3638916015625
-51.346656799316406
-51.336036682128906
-51.37493133544922
-51.38419723510742
-51.40440368652344
-51.406986236572266
-51.4268798828125
-51.3682861328125
-51.39494705200195
-51.4163703918457
-51.39344787597656
-51.366363525390625
-51.41420364379883
-51.3892936706543
-51.33976364135742
-51.372962951660156
-51.36336898803711
-51.32355499267578
-51.41544723510742
-51.34282684326172
-51.37188720703125
-51.41108703613281
-51.369686126708984
-51.370948791503906
-51.416015625
-51.378971099853516
-51.29901885986328
-51.41820526123047
-51.37553787231445
-51.349449157714844
-51.380859375
-51.36158752441406
-51.32551574707031
-51.408935546875
-51.42120361328125
-51.39155578613281
-51.37755584716797
-51.4507942199707
-51.34548568725586
-51.35097122192383
-51.40885543823242
-51.38170623779297
-51.326454162597656
-51.39874267578125
-51.417816162109375
-51.360069274902344
-51.43319320678711
-51.42328643798828
-51.39203643798828
-51.40220260620117
-51.41352844238281
-51.4163818359375
-51.42461013793945
-51.43108367919922
-51.41456604003906
-51.418033599853516
-51.39385223388672
-51.40873718261719
-51.40924072265625
-51.40113067626953
-51.3831901550293
-51.37131881713867
-51.374488830566406
-51.38119125366211
-51.39371871948242
-51.40142822265625
-51.426513671875
-51.42621612548828
-51.42857360839844
-51.437984466552734
-51.42512512207031
-51.422996520996094
-51.43451690673828
-51.36750030517578
-51.42978286743164
-51.417179107666016
-51.39900207519531
-51.382686614990234
-51.39037322998047
-51.41500473022461
-51.41290283203125
-51.42110824584961
-51.43647766113281
