loss_v
-6.313254356384277
-6.338495254516602
-6.35871696472168
-6.446104049682617
-6.413448333740234
-6.349408149719238
-6.408177852630615
-6.512362957000732
-6.489962100982666
-6.4309258460998535
-6.606529235839844
-6.502571105957031
-6.591379642486572
-6.519096851348877
-6.421444416046143
-6.561365127563477
-6.453629016876221
-6.499051570892334
-6.545718669891357
-6.5137715339660645
-6.620787620544434
-6.655481815338135
-6.60198974609375
-6.6016154289245605
-6.537528038024902
-6.593077659606934
-6.533956050872803
-6.628011703491211
-6.6437907218933105
-6.658317565917969
-6.648295879364014
-6.638591766357422
-6.654055595397949
-6.573120594024658
-6.6382036209106445
-6.6483354568481445
-6.645127296447754
-6.736428260803223
-6.607594013214111
-6.655006408691406
-6.723587989807129
-6.575936317443848
-6.703773021697998
-6.717848300933838
-6.695009231567383
-6.626838684082031
-6.680354118347168
-6.669163703918457
-6.719445705413818
-6.677201747894287
-6.741745471954346
-6.764578342437744
-6.70546817779541
-6.768885612487793
-6.748348236083984
-6.698958873748779
-6.769038677215576
-6.769722938537598
-6.766721725463867
-6.794441223144531
-6.786579608917236
-6.7608466148376465
-6.790643692016602
-6.807602882385254
-6.792059898376465
-6.762140274047852
-6.761154651641846
-6.840645790100098
-6.845522403717041
-6.813351154327393
-6.877353668212891
-6.838667392730713
-6.750021934509277
-6.832520484924316
-6.846059799194336
-6.862196922302246
-6.865787029266357
-6.845462799072266
-6.907375812530518
-6.9077887535095215
-6.917928218841553
-6.8573222160339355
-6.918318748474121
-6.890368461608887
-6.9052734375
-6.963491916656494
-6.954710483551025
-6.9905219078063965
-6.9789838790893555
-6.9806647300720215
-7.037640571594238
-7.1386332511901855
-7.170206546783447
-7.23106050491333
-7.324029922485352
-7.378492832183838
-7.558595180511475
-7.6261820793151855
-7.7361321449279785
-7.8312482833862305
-7.907003402709961
-8.048101425170898
-8.17302131652832
-8.190972328186035
-8.236059188842773
-8.16955280303955
-8.1636381149292
-8.49380111694336
-8.264479637145996
-8.443304061889648
-8.4542818069458
-8.49059009552002
-8.561345100402832
-8.56871223449707
-8.497538566589355
-8.792257308959961
-8.57921028137207
-8.509805679321289
-8.788612365722656
-8.666303634643555
-8.760270118713379
-8.96958065032959
-8.507307052612305
-8.75961971282959
-8.74849796295166
-8.678817749023438
-8.90615463256836
-8.892853736877441
-8.953492164611816
-9.0379056930542
-8.96334457397461
-8.982816696166992
-9.033202171325684
-8.858208656311035
-9.272859573364258
-9.164530754089355
-8.998343467712402
-9.034884452819824
-9.117011070251465
-9.05593204498291
-9.164265632629395
-9.157154083251953
-9.12784194946289
-9.273096084594727
-9.094178199768066
-9.38162612915039
-9.57065200805664
-9.342020988464355
-9.381754875183105
-9.432024002075195
-9.449141502380371
-9.428888320922852
-9.372926712036133
-9.426887512207031
-9.438806533813477
-9.553695678710938
-9.391383171081543
-9.4789457321167
-9.404966354370117
-9.37977123260498
-9.515664100646973
-9.345431327819824
-9.55419921875
-9.505233764648438
-9.475380897521973
-9.506513595581055
-9.738621711730957
-9.415266036987305
-9.56552791595459
-9.557563781738281
-9.436023712158203
-9.729735374450684
-9.770380020141602
-9.481855392456055
-9.854974746704102
-9.628424644470215
-9.558732986450195
-9.783952713012695
-9.471761703491211
-9.599668502807617
-9.83301830291748
-9.648660659790039
-9.79958724975586
-9.825959205627441
-9.76821517944336
-9.765691757202148
-9.754727363586426
-9.73979377746582
-9.846070289611816
-9.831437110900879
-9.849977493286133
-9.972673416137695
-9.824152946472168
-9.76447582244873
-9.926297187805176
-9.832024574279785
-9.9750337600708
-9.951593399047852
-9.905550956726074
-9.96847915649414
-9.838560104370117
-9.919164657592773
-10.01012134552002
-9.93527603149414
-10.055218696594238
-10.04892635345459
-10.001824378967285
-10.090322494506836
-10.016818046569824
-10.062845230102539
-9.99087142944336
-9.870589256286621
-10.062956809997559
-9.998156547546387
-9.887983322143555
-10.043880462646484
-10.097371101379395
-10.037296295166016
-10.058650016784668
-10.049657821655273
-10.067928314208984
-10.039680480957031
-10.068124771118164
-9.985916137695312
-10.029256820678711
-10.079721450805664
-10.107012748718262
-10.057269096374512
-10.05151653289795
-10.107233047485352
-10.099506378173828
-10.079498291015625
-10.097203254699707
-10.083267211914062
-10.083497047424316
-10.157818794250488
-10.242379188537598
-10.110149383544922
-10.241872787475586
-10.146270751953125
-10.235014915466309
-10.117385864257812
-10.173283576965332
-10.134062767028809
-10.25466537475586
-10.171625137329102
-10.171619415283203
-10.26612663269043
-10.222990036010742
-10.317816734313965
-10.272919654846191
-10.274577140808105
-10.3047513961792
-10.292024612426758
-10.256125450134277
-10.317208290100098
-10.297650337219238
-10.284680366516113
-10.20682144165039
-10.325936317443848
-10.355708122253418
-10.353494644165039
-10.339327812194824
-10.417593955993652
-10.333958625793457
-10.392852783203125
-10.385851860046387
-10.169922828674316
-10.331947326660156
-10.07849407196045
-10.387384414672852
-10.202072143554688
-10.377203941345215
-10.309150695800781
-10.329689979553223
-10.242802619934082
-10.365708351135254
-10.329781532287598
-10.312413215637207
-10.201905250549316
-10.307297706604004
-10.440860748291016
-10.258283615112305
-10.425582885742188
-10.235072135925293
-10.434815406799316
-10.320589065551758
-10.495580673217773
-10.449786186218262
-10.515987396240234
-10.409567832946777
-10.550122261047363
-10.229640007019043
-10.494171142578125
-10.35898494720459
-10.434954643249512
-10.42306137084961
-10.521855354309082
-10.43624210357666
-10.446211814880371
-10.33221435546875
-10.382015228271484
-10.54672622680664
-10.374555587768555
-10.541536331176758
-10.426568031311035
-10.547389030456543
-10.494194030761719
-10.607451438903809
-10.631072998046875
-10.601566314697266
-10.62785816192627
-10.639750480651855
-10.629401206970215
-10.585578918457031
-10.650198936462402
-10.618585586547852
-10.633965492248535
-10.585763931274414
-10.650550842285156
-10.664458274841309
-10.61705493927002
-10.675421714782715
-10.61455249786377
-10.67013931274414
-10.636164665222168
-10.654529571533203
-10.55754280090332
-10.63028621673584
-10.680740356445312
-10.670923233032227
-10.700758934020996
-10.68111515045166
-10.724740028381348
-10.64476203918457
-10.727304458618164
-10.6489839553833
-10.717592239379883
-10.57444953918457
-10.75506591796875
-10.61722183227539
-10.641769409179688
-10.6167631149292
-10.669337272644043
-10.688459396362305
-10.537202835083008
-10.707712173461914
-10.52924919128418
-10.79320240020752
-10.6154146194458
-10.743087768554688
-10.569568634033203
-10.806072235107422
-10.6026611328125
-10.814301490783691
-10.658050537109375
-10.78411865234375
-10.70052719116211
-10.780537605285645
-10.763227462768555
-10.75953197479248
-10.781065940856934
-10.793900489807129
-10.801529884338379
-10.782038688659668
-10.800700187683105
-10.764777183532715
-10.794276237487793
-10.858989715576172
-10.827549934387207
-10.8075532913208
-10.867772102355957
-10.840580940246582
-10.843894958496094
-10.878046989440918
-10.866762161254883
-10.837488174438477
-10.83464527130127
-10.846341133117676
-10.864433288574219
-10.89721393585205
-10.860600471496582
-10.866860389709473
-10.88101577758789
-10.89653491973877
-10.879392623901367
-10.903706550598145
-10.916062355041504
-10.87872314453125
-10.910070419311523
-10.885187149047852
-10.89967155456543
-10.923003196716309
-10.904561996459961
-10.902139663696289
-10.913992881774902
-10.888781547546387
-10.949432373046875
-10.922749519348145
-10.893610954284668
-10.949963569641113
-10.917619705200195
-10.913387298583984
-10.942989349365234
-10.91728687286377
-10.93332290649414
-10.936686515808105
-10.959230422973633
-10.920744895935059
-10.924555778503418
-10.959630012512207
-10.935494422912598
-10.956816673278809
-10.958487510681152
-10.968777656555176
-10.96406078338623
-10.954980850219727
-10.945919036865234
-10.926399230957031
-10.95920467376709
-10.96529483795166
-11.012027740478516
-10.930767059326172
-10.952799797058105
-11.011366844177246
-10.93565559387207
-10.921607971191406
-10.99489688873291
-10.963175773620605
-10.92807674407959
-11.001869201660156
-11.002335548400879
-11.00049877166748
-10.981057167053223
-10.981980323791504
-11.007652282714844
-11.018824577331543
-10.966692924499512
-11.025989532470703
-10.997889518737793
-11.040874481201172
-10.98155403137207
-10.991811752319336
-11.04034423828125
-11.027010917663574
-11.015507698059082
-11.000288963317871
-11.0094575881958
-11.045381546020508
-11.039032936096191
-10.984420776367188
-11.014610290527344
-11.039786338806152
-11.04805850982666
-11.041848182678223
-11.042257308959961
-11.033958435058594
-11.012552261352539
-11.067666053771973
-11.014228820800781
-11.068510055541992
-11.058631896972656
-11.086873054504395
-11.060957908630371
-11.05728530883789
-11.031344413757324
-11.061455726623535
-11.092151641845703
-11.058385848999023
-11.071843147277832
-11.059776306152344
-11.055858612060547
-11.07190227508545
-11.057283401489258
-11.06572151184082
-11.088094711303711
-11.058685302734375
-11.066880226135254
-11.050938606262207
-11.04963493347168
-11.024537086486816
-11.065262794494629
-11.072330474853516
-11.08662223815918
-11.086390495300293
-11.072279930114746
-11.083977699279785
-11.072165489196777
-11.092933654785156
-11.091598510742188
-11.077157974243164
-11.083293914794922
-11.08789348602295
-11.089134216308594
-11.08193302154541
-11.083593368530273
-11.083203315734863
-11.085338592529297
-11.08017349243164
-11.066431045532227
-11.068570137023926
-11.038479804992676
-11.03233528137207
-11.076469421386719
-11.105077743530273
-11.091835021972656
-11.093502044677734
-11.082197189331055
-11.08420467376709
-11.059305191040039
-11.086978912353516
-11.073603630065918
-11.088425636291504
-11.113536834716797
-11.085236549377441
-11.095783233642578
-11.111889839172363
-11.081709861755371
-11.13051986694336
-11.121187210083008
-11.096482276916504
-11.081900596618652
-11.05584716796875
-11.06218433380127
-11.108603477478027
-11.139189720153809
-11.12331485748291
-11.08008098602295
-11.061308860778809
-11.084773063659668
-11.081130027770996
-11.112217903137207
-11.126431465148926
-11.055890083312988
-11.054618835449219
-11.098654747009277
-11.130064010620117
-11.127517700195312
-11.122203826904297
-11.094306945800781
-11.094841957092285
-11.109901428222656
-11.124295234680176
-11.133864402770996
-11.132208824157715
-11.141984939575195
-11.134392738342285
-11.145135879516602
-11.129520416259766
-11.135859489440918
-11.11116886138916
-11.14038372039795
-11.131983757019043
-11.128948211669922
-11.133989334106445
-11.149693489074707
-11.133588790893555
-11.121968269348145
-11.123725891113281
-11.14181900024414
-11.1434907913208
-11.157675743103027
-11.129467964172363
-11.14821720123291
-11.134835243225098
-11.14852523803711
-11.168110847473145
-11.136251449584961
-11.159073829650879
-11.161161422729492
-11.139153480529785
-11.159789085388184
-11.125833511352539
-11.14529800415039
-11.144004821777344
-11.14493179321289
-11.156811714172363
-11.143019676208496
-11.158926010131836
-11.115300178527832
-11.15256404876709
-11.159567832946777
-11.118878364562988
-11.132916450500488
-11.160615921020508
-11.155807495117188
-11.137666702270508
-11.135088920593262
-11.138426780700684
-11.106539726257324
-11.093536376953125
-11.134783744812012
-11.171343803405762
-11.162118911743164
-11.165319442749023
-11.159688949584961
-11.147807121276855
-11.140748977661133
-11.142885208129883
-11.102450370788574
-11.124859809875488
-11.153986930847168
-11.181526184082031
-11.186461448669434
-11.129831314086914
-11.110330581665039
-11.103338241577148
-11.117608070373535
-11.151082992553711
-11.170745849609375
-11.169419288635254
-11.177778244018555
-11.158917427062988
-11.151840209960938
-11.1284818649292
-11.170427322387695
-11.168306350708008
-11.17109489440918
-11.171854019165039
-11.168030738830566
-11.180938720703125
-11.186491012573242
-11.174196243286133
-11.184818267822266
-11.203605651855469
-11.180510520935059
-11.16471004486084
-11.196934700012207
-11.185107231140137
-11.175716400146484
-11.163887977600098
-11.161855697631836
-11.161099433898926
-11.1449556350708
-11.145746231079102
-11.165650367736816
-11.17842960357666
-11.176467895507812
-11.18732738494873
-11.167851448059082
-11.163351058959961
-11.153651237487793
-11.15482234954834
-11.144472122192383
-11.157894134521484
-11.16321086883545
-11.17819595336914
-11.201059341430664
-11.170685768127441
-11.112860679626465
-11.108579635620117
-11.1371431350708
-11.175324440002441
-11.19789981842041
-11.179601669311523
-11.147518157958984
-11.13730239868164
-11.150118827819824
-11.171082496643066
-11.19115924835205
-11.197017669677734
-11.178634643554688
-11.164362907409668
-11.153718948364258
-11.165132522583008
-11.187395095825195
-11.191781044006348
-11.195656776428223
-11.174447059631348
-11.170492172241211
-11.155617713928223
-11.16763973236084
-11.174904823303223
-11.187642097473145
-11.203426361083984
-11.203936576843262
-11.195281982421875
-11.192617416381836
-11.201516151428223
-11.188692092895508
-11.17007827758789
-11.204957962036133
-11.189478874206543
-11.185766220092773
-11.196895599365234
-11.174653053283691
-11.175183296203613
-11.183309555053711
-11.203849792480469
-11.21779727935791
-11.197327613830566
-11.208988189697266
-11.209355354309082
-11.206892013549805
-11.229052543640137
-11.213906288146973
-11.233518600463867
-11.218465805053711
-11.200166702270508
-11.213788986206055
-11.214030265808105
-11.205798149108887
-11.189969062805176
-11.195870399475098
-11.170404434204102
-11.160773277282715
-11.185739517211914
-11.186868667602539
-11.202557563781738
-11.204596519470215
-11.223531723022461
-11.210000038146973
-11.215956687927246
-11.217074394226074
-11.212684631347656
-11.20131778717041
-11.180461883544922
-11.168031692504883
-11.193459510803223
-11.186517715454102
-11.224396705627441
-11.213705062866211
-11.214303016662598
-11.21342658996582
-11.21284294128418
-11.204363822937012
-11.191008567810059
-11.184252738952637
-11.19101619720459
-11.18685245513916
-11.194974899291992
-11.186997413635254
-11.178638458251953
-11.193540573120117
-11.194937705993652
-11.218196868896484
-11.219822883605957
-11.217450141906738
-11.224016189575195
-11.214292526245117
-11.219807624816895
-11.217503547668457
-11.210641860961914
-11.207826614379883
-11.220451354980469
-11.186942100524902
-11.213048934936523
-11.209306716918945
-11.203239440917969
-11.209155082702637
-11.188546180725098
-11.217255592346191
-11.230892181396484
-11.222149848937988
-11.231938362121582
-11.224760055541992
-11.221973419189453
-11.228848457336426
-11.216742515563965
-11.196669578552246
-11.195596694946289
-11.1867036819458
-11.178278923034668
-11.187745094299316
-11.214411735534668
-11.229812622070312
-11.230112075805664
-11.243661880493164
-11.220518112182617
-11.215879440307617
-11.230728149414062
-11.2217378616333
-11.222599983215332
-11.224963188171387
-11.21413516998291
-11.194125175476074
-11.208161354064941
-11.197154998779297
-11.210729598999023
-11.205074310302734
-11.199931144714355
-11.200033187866211
-11.222086906433105
-11.226970672607422
-11.217174530029297
-11.193955421447754
-11.140274047851562
-11.13418197631836
-11.188822746276855
-11.236344337463379
-11.230435371398926
-11.225296020507812
-11.168713569641113
-11.167774200439453
-11.209362983703613
-11.219707489013672
-11.224691390991211
-11.22956371307373
-11.253548622131348
-11.242502212524414
-11.248239517211914
-11.229228973388672
-11.246562004089355
-11.24506950378418
-11.244392395019531
-11.22827434539795
-11.23692798614502
-11.215193748474121
-11.203639030456543
-11.218960762023926
-11.235893249511719
-11.24108600616455
-11.246611595153809
-11.237960815429688
-11.234087944030762
-11.231281280517578
-11.230792045593262
-11.233532905578613
-11.222794532775879
-11.227877616882324
-11.23094654083252
-11.227436065673828
-11.226463317871094
-11.243133544921875
-11.248775482177734
-11.236373901367188
-11.239800453186035
-11.234658241271973
-11.222347259521484
-11.210864067077637
-11.218351364135742
-11.209708213806152
-11.217732429504395
-11.21731185913086
-11.220135688781738
-11.237774848937988
-11.234734535217285
-11.244819641113281
-11.25523567199707
-11.243699073791504
-11.230474472045898
-11.219741821289062
-11.200812339782715
-11.183695793151855
-11.19825553894043
-11.222880363464355
-11.225032806396484
-11.238544464111328
-11.244670867919922
-11.251418113708496
-11.228987693786621
-11.231033325195312
-11.220281600952148
-11.208945274353027
-11.206659317016602
-11.223455429077148
-11.253806114196777
-11.246041297912598
-11.252527236938477
-11.26542854309082
-11.24963665008545
-11.253154754638672
-11.235777854919434
-11.246999740600586
-11.250188827514648
-11.240426063537598
-11.258344650268555
-11.246861457824707
-11.248952865600586
-11.257231712341309
-11.248044967651367
-11.258731842041016
-11.2470064163208
-11.241283416748047
-11.242951393127441
-11.239171981811523
-11.250934600830078
-11.235607147216797
-11.22764778137207
-11.238787651062012
-11.247299194335938
-11.240211486816406
-11.238503456115723
-11.242670059204102
-11.241586685180664
-11.242735862731934
-11.234050750732422
-11.24766731262207
-11.24577522277832
-11.254557609558105
-11.237264633178711
-11.209135055541992
-11.196918487548828
-11.20736312866211
-11.224770545959473
-11.241832733154297
-11.258243560791016
-11.255423545837402
-11.226274490356445
-11.204804420471191
-11.177485466003418
-11.204439163208008
-11.22629165649414
-11.253386497497559
-11.195452690124512
-11.116514205932617
-11.133733749389648
-11.223419189453125
-11.25340747833252
-11.225101470947266
-11.21892261505127
-11.223184585571289
-11.2285737991333
-11.253094673156738
-11.253424644470215
-11.25592041015625
-11.246960639953613
-11.22647476196289
-11.225198745727539
-11.218460083007812
-11.259178161621094
-11.2671480178833
-11.2562837600708
-11.26456069946289
-11.236909866333008
-11.244162559509277
-11.245856285095215
-11.258624076843262
-11.255000114440918
-11.263036727905273
-11.25967025756836
-11.252147674560547
-11.241547584533691
-11.247383117675781
-11.259294509887695
-11.266761779785156
-11.259255409240723
-11.262007713317871
-11.259349822998047
-11.245789527893066
-11.256331443786621
-11.257037162780762
-11.269926071166992
-11.266218185424805
-11.278318405151367
-11.257081985473633
-11.270331382751465
-11.25831127166748
-11.271866798400879
-11.265862464904785
-11.258320808410645
-11.260489463806152
-11.262364387512207
-11.267560005187988
-11.2647123336792
-11.273382186889648
-11.275957107543945
-11.260141372680664
-11.268482208251953
-11.268132209777832
-11.260072708129883
-11.263757705688477
-11.26771068572998
-11.266376495361328
-11.266746520996094
-11.267515182495117
-11.255108833312988
-11.252679824829102
-11.25268840789795
-11.249313354492188
-11.272027015686035
-11.259124755859375
-11.266877174377441
-11.273473739624023
-11.274711608886719
-11.264567375183105
-11.264323234558105
-11.262748718261719
-11.271383285522461
-11.280365943908691
-11.2720365524292
-11.293684005737305
-11.275421142578125
-11.27493667602539
-11.266806602478027
-11.268986701965332
-11.268671035766602
-11.276068687438965
-11.267068862915039
-11.267692565917969
-11.258310317993164
-11.257035255432129
-11.261578559875488
-11.248310089111328
-11.23303508758545
-11.241110801696777
-11.225617408752441
-11.225364685058594
-11.245870590209961
-11.250275611877441
-11.263389587402344
-11.262031555175781
-11.283995628356934
-11.27586841583252
-11.260180473327637
-11.248191833496094
-11.238375663757324
-11.237359046936035
-11.24463176727295
-11.248156547546387
-11.26260757446289
-11.259879112243652
-11.265155792236328
-11.272449493408203
-11.286495208740234
-11.275343894958496
-11.263860702514648
-11.267111778259277
-11.27473258972168
-11.279006958007812
-11.255810737609863
-11.263398170471191
-11.253824234008789
-11.25833797454834
-11.25271987915039
-11.25464153289795
-11.271055221557617
-11.282552719116211
-11.2769136428833
-11.28253173828125
-11.28219223022461
-11.290534973144531
-11.276634216308594
-11.277817726135254
-11.281731605529785
-11.277626991271973
-11.279728889465332
-11.275591850280762
-11.281977653503418
-11.269783973693848
-11.265803337097168
-11.258790016174316
-11.242588996887207
-11.244441032409668
-11.238832473754883
-11.245770454406738
-11.25968074798584
-11.27198600769043
-11.277356147766113
-11.278349876403809
-11.269027709960938
-11.25188159942627
-11.225936889648438
-11.199819564819336
-11.229901313781738
-11.260661125183105
-11.27958869934082
-11.270967483520508
-11.24219036102295
-11.220568656921387
-11.208006858825684
-11.242734909057617
-11.256850242614746
-11.262552261352539
-11.280416488647461
-11.277907371520996
-11.27491283416748
-11.278868675231934
-11.28788948059082
-11.275481224060059
-11.28046703338623
-11.277949333190918
-11.277222633361816
-11.282634735107422
-11.277666091918945
-11.265473365783691
-11.261236190795898
-11.259527206420898
-11.258135795593262
-11.259647369384766
-11.267043113708496
-11.271020889282227
-11.273012161254883
-11.281579971313477
-11.297198295593262
-11.270159721374512
-11.253379821777344
-11.256192207336426
-11.264077186584473
-11.273083686828613
-11.278946876525879
-11.279753684997559
-11.261545181274414
-11.221452713012695
-11.181482315063477
-11.219766616821289
-11.259513854980469
-11.282943725585938
-11.278603553771973
-11.28100299835205
-11.264328002929688
-11.243860244750977
-11.246112823486328
-11.264260292053223
-11.281352043151855
-11.288409233093262
-11.235774993896484
-11.168992042541504
-11.192041397094727
-11.253316879272461
-11.28278636932373
-11.276717185974121
-11.254213333129883
-11.237043380737305
-11.237946510314941
-11.261570930480957
-11.282022476196289
-11.286059379577637
-11.252016067504883
-11.213168144226074
-11.220343589782715
-11.243734359741211
-11.290870666503906
-11.27959156036377
-11.26789665222168
-11.240840911865234
-11.246789932250977
-11.275181770324707
-11.290815353393555
-11.282721519470215
-11.290327072143555
-11.29800033569336
-11.292202949523926
-11.293110847473145
-11.296846389770508
-11.293249130249023
-11.289915084838867
-11.29294204711914
-11.291230201721191
-11.290624618530273
-11.291333198547363
-11.284915924072266
-11.281898498535156
-11.28554630279541
-11.296316146850586
-11.296026229858398
-11.303912162780762
-11.286517143249512
-11.280969619750977
-11.292641639709473
-11.288475036621094
-11.298507690429688
-11.291603088378906
-11.300028800964355
-11.303201675415039
-11.29361629486084
-11.29973316192627
-11.291421890258789
-11.294716835021973
-11.285689353942871
-11.280513763427734
-11.292257308959961
-11.28231430053711
-11.28524112701416
-11.283900260925293
-11.303339004516602
-11.288373947143555
-11.280250549316406
-11.270009994506836
-11.265589714050293
-11.273089408874512
-11.273274421691895
-11.276985168457031
-11.28818416595459
-11.291852951049805
-11.2863187789917
-11.294026374816895
-11.291878700256348
-11.298687934875488
-11.301443099975586
-11.29339599609375
-11.288183212280273
-11.296966552734375
-11.298484802246094
-11.30025863647461
-11.313514709472656
-11.292819023132324
-11.292057037353516
-11.294787406921387
-11.291935920715332
-11.303081512451172
-11.300477981567383
-11.298735618591309
-11.305152893066406
-11.302367210388184
-11.298320770263672
-11.295042037963867
-11.30007266998291
-11.295008659362793
-11.29540729522705
-11.299675941467285
-11.298282623291016
-11.300897598266602
-11.303942680358887
-11.30250358581543
-11.298005104064941
-11.300074577331543
-11.288980484008789
-11.286240577697754
-11.277836799621582
-11.258788108825684
-11.244467735290527
-11.250935554504395
-11.268275260925293
-11.294461250305176
-11.296690940856934
-11.296697616577148
-11.302020072937012
-11.29190444946289
-11.274890899658203
-11.27342414855957
-11.258919715881348
-11.261069297790527
-11.266061782836914
-11.276013374328613
-11.292315483093262
-11.296911239624023
-11.312206268310547
-11.307488441467285
-11.299022674560547
-11.284214973449707
-11.241340637207031
-11.194479942321777
-11.245156288146973
-11.287823677062988
-11.29434871673584
-11.29299545288086
-11.250967025756836
-11.227100372314453
-11.236117362976074
-11.253036499023438
-11.265008926391602
-11.28447151184082
-11.300236701965332
-11.297712326049805
-11.289217948913574
-11.275470733642578
-11.240049362182617
-11.220039367675781
-11.250088691711426
-11.297409057617188
-11.289941787719727
-11.219300270080566
-11.1770601272583
-11.234282493591309
-11.286311149597168
-11.261902809143066
-11.163233757019043
-11.195192337036133
-11.281877517700195
-11.279691696166992
-11.228230476379395
-11.22206974029541
-11.290857315063477
-11.291444778442383
-11.244915962219238
-11.201959609985352
-11.269143104553223
-11.311948776245117
-11.283846855163574
-11.23913288116455
-11.23762035369873
-11.29024600982666
-11.300860404968262
-11.300498008728027
-11.265048027038574
-11.245519638061523
-11.25640869140625
-11.293279647827148
-11.303709983825684
-11.284429550170898
-11.225739479064941
-11.229079246520996
-11.284436225891113
-11.30489730834961
-11.290180206298828
-11.254902839660645
-11.255655288696289
-11.297659873962402
-11.29846477508545
-11.292224884033203
-11.284756660461426
-11.2906494140625
-11.296623229980469
-11.30068302154541
-11.308367729187012
-11.296080589294434
-11.281502723693848
-11.285346984863281
-11.295936584472656
-11.302900314331055
-11.31100082397461
-11.303278923034668
-11.291991233825684
-11.296870231628418
-11.307194709777832
-11.31059741973877
-11.308308601379395
-11.282344818115234
-11.278616905212402
-11.283787727355957
-11.307485580444336
-11.314471244812012
-11.301140785217285
-11.30118465423584
-11.305931091308594
-11.30315113067627
-11.311012268066406
-11.312911987304688
-11.309992790222168
-11.310013771057129
-11.314169883728027
-11.308978080749512
-11.303939819335938
-11.306626319885254
-11.312971115112305
-11.30984115600586
-11.308938980102539
-11.309629440307617
-11.306407928466797
-11.30339527130127
-11.307360649108887
-11.307398796081543
-11.317212104797363
-11.3149995803833
-11.303803443908691
-11.31767749786377
-11.313897132873535
-11.315001487731934
-11.311954498291016
-11.313169479370117
-11.307748794555664
-11.310233116149902
-11.313458442687988
-11.306073188781738
-11.318294525146484
-11.312973022460938
-11.320113182067871
-11.313088417053223
-11.307595252990723
-11.310248374938965
-11.310629844665527
-11.315314292907715
-11.31881332397461
-11.308025360107422
-11.314859390258789
-11.308259963989258
-11.312925338745117
-11.304194450378418
-11.298650741577148
-11.30588436126709
-11.308564186096191
-11.302506446838379
-11.315906524658203
-11.314042091369629
-11.311735153198242
-11.311060905456543
-11.303958892822266
-11.299922943115234
-11.308844566345215
-11.303181648254395
-11.298973083496094
-11.2991361618042
-11.305102348327637
-11.295554161071777
-11.307012557983398
-11.309172630310059
-11.327705383300781
-11.316658973693848
-11.327615737915039
-11.317160606384277
-11.308774948120117
-11.300986289978027
-11.300609588623047
-11.30421257019043
-11.301095008850098
-11.314001083374023
-11.314119338989258
-11.32126235961914
-11.309946060180664
-11.305456161499023
-11.306614875793457
-11.305388450622559
-11.313638687133789
-11.317543029785156
-11.316473007202148
-11.30705451965332
-11.307745933532715
-11.304967880249023
-11.298526763916016
-11.295123100280762
-11.300715446472168
-11.31125259399414
-11.305558204650879
-11.31887149810791
-11.320403099060059
-11.325873374938965
-11.32093620300293
-11.313565254211426
-11.314234733581543
-11.316597938537598
-11.307419776916504
-11.312065124511719
-11.312295913696289
-11.310789108276367
-11.31814193725586
-11.321112632751465
-11.322969436645508
-11.310456275939941
-11.321940422058105
-11.305985450744629
-11.305795669555664
-11.300886154174805
-11.309638023376465
-11.300761222839355
-11.303552627563477
-11.304728507995605
-11.304335594177246
-11.320504188537598
-11.319456100463867
-11.323925018310547
-11.321738243103027
-11.313057899475098
-11.308473587036133
-11.316186904907227
-11.311728477478027
-11.303213119506836
-11.303483009338379
-11.288614273071289
-11.29082202911377
-11.287325859069824
-11.286788940429688
-11.296937942504883
-11.297724723815918
-11.311269760131836
-11.3131103515625
-11.318471908569336
-11.317628860473633
-11.325396537780762
-11.319802284240723
-11.320699691772461
-11.30854606628418
-11.302925109863281
-11.29962158203125
-11.302674293518066
-11.300097465515137
-11.315722465515137
-11.314568519592285
-11.320714950561523
-11.315598487854004
-11.328470230102539
-11.31618881225586
-11.313638687133789
-11.315523147583008
-11.309548377990723
-11.297109603881836
-11.293400764465332
-11.287528991699219
-11.281449317932129
-11.29570198059082
-11.305185317993164
-11.319134712219238
-11.32269287109375
-11.322620391845703
-11.31108570098877
-11.301878929138184
-11.30034065246582
-11.300838470458984
-11.31280517578125
-11.312396049499512
-11.319293022155762
-11.322086334228516
-11.311477661132812
-11.30782413482666
-11.299436569213867
-11.303858757019043
-11.297402381896973
-11.294363975524902
-11.3012113571167
-11.306936264038086
-11.306551933288574
-11.315139770507812
-11.315192222595215
-11.32120418548584
-11.321209907531738
-11.324971199035645
-11.325032234191895
-11.327317237854004
-11.318248748779297
-11.319840431213379
-11.32186222076416
-11.322802543640137
-11.322643280029297
-11.319772720336914
-11.323498725891113
-11.324769020080566
-11.299347877502441
-11.28982925415039
-11.283994674682617
-11.289366722106934
-11.308334350585938
-11.315227508544922
-11.328740119934082
-11.312217712402344
-11.294517517089844
-11.265320777893066
-11.260931015014648
-11.274730682373047
-11.307199478149414
-11.326791763305664
-11.31647777557373
-11.319786071777344
-11.314111709594727
-11.299369812011719
-11.292668342590332
-11.287610054016113
-11.295428276062012
-11.313365936279297
-11.32613754272461
-11.32857894897461
-11.31986141204834
-11.313236236572266
-11.312895774841309
-11.30981731414795
-11.304250717163086
-11.290509223937988
-11.281730651855469
-11.291144371032715
-11.289931297302246
-11.286195755004883
-11.302083015441895
-11.310811042785645
-11.322054862976074
-11.318719863891602
-11.313364028930664
-11.287837028503418
-11.265198707580566
-11.26819896697998
-11.28154182434082
-11.313992500305176
-11.322270393371582
-11.308510780334473
-11.273333549499512
-11.25581169128418
-11.287640571594238
-11.3098726272583
-11.323515892028809
-11.332673072814941
-11.32065200805664
-11.319084167480469
-11.317071914672852
-11.320820808410645
-11.325331687927246
-11.328372955322266
-11.332073211669922
-11.333852767944336
-11.32629108428955
-11.32883071899414
-11.321037292480469
-11.321218490600586
-11.318007469177246
-11.314733505249023
-11.322187423706055
-11.321881294250488
-11.325094223022461
-11.325460433959961
-11.335067749023438
-11.330507278442383
-11.32251262664795
-11.319500923156738
-11.319319725036621
-11.312384605407715
-11.307863235473633
-11.3106689453125
-11.319854736328125
-11.316976547241211
-11.323040962219238
-11.328408241271973
-11.323579788208008
-11.322324752807617
-11.323698997497559
-11.316454887390137
-11.32077407836914
-11.310446739196777
-11.309065818786621
-11.309687614440918
-11.319581031799316
-11.32971477508545
-11.326007843017578
-11.329068183898926
-11.336199760437012
-11.333719253540039
-11.332803726196289
-11.334510803222656
-11.335400581359863
-11.333085060119629
-11.332170486450195
-11.329252243041992
-11.32564926147461
-11.32693099975586
-11.323874473571777
-11.317282676696777
-11.313493728637695
-11.316248893737793
-11.311668395996094
-11.307496070861816
-11.304142951965332
-11.319453239440918
-11.323184967041016
-11.32669448852539
-11.328166007995605
-11.329679489135742
-11.330927848815918
-11.33780574798584
-11.33681583404541
-11.337972640991211
-11.337215423583984
-11.324482917785645
-11.318408966064453
-11.317785263061523
-11.300171852111816
-11.302587509155273
-11.299020767211914
-11.306339263916016
-11.309313774108887
-11.310725212097168
-11.309152603149414
-11.3110933303833
-11.307740211486816
-11.313026428222656
-11.318134307861328
-11.324408531188965
-11.323545455932617
-11.331791877746582
-11.328140258789062
-11.334334373474121
-11.336872100830078
-11.332113265991211
-11.333460807800293
-11.324576377868652
-11.315934181213379
-11.313411712646484
-11.315848350524902
-11.309358596801758
-11.315444946289062
-11.314288139343262
-11.319992065429688
-11.326029777526855
-11.328747749328613
-11.32839298248291
-11.328972816467285
-11.333211898803711
-11.337461471557617
-11.335810661315918
-11.340655326843262
-11.327286720275879
-11.320768356323242
-11.318028450012207
-11.308625221252441
-11.304935455322266
-11.30311393737793
-11.309051513671875
-11.324728012084961
-11.330584526062012
-11.330804824829102
-11.333990097045898
-11.334375381469727
-11.330415725708008
-11.330398559570312
-11.3263521194458
-11.3243408203125
-11.323867797851562
-11.32021427154541
-11.321548461914062
-11.320703506469727
-11.320259094238281
-11.324499130249023
-11.326168060302734
-11.31826114654541
-11.32349967956543
-11.333673477172852
-11.33577823638916
-11.334343910217285
-11.333255767822266
-11.329343795776367
-11.325706481933594
-11.331664085388184
-11.327293395996094
-11.33984375
-11.326899528503418
-11.333736419677734
-11.335456848144531
-11.3187255859375
-11.314635276794434
-11.302125930786133
-11.297261238098145
-11.305150985717773
-11.302947044372559
-11.309104919433594
-11.319258689880371
-11.319707870483398
-11.317896842956543
-11.325179100036621
-11.318881034851074
-11.327383995056152
-11.326979637145996
-11.322098731994629
-11.33071231842041
-11.327683448791504
-11.331889152526855
-11.3410062789917
-11.338239669799805
-11.339611053466797
-11.329338073730469
-11.327221870422363
-11.321401596069336
-11.318361282348633
-11.307297706604004
-11.31599235534668
-11.327474594116211
-11.332204818725586
-11.339761734008789
-11.340210914611816
-11.339390754699707
-11.337615966796875
-11.339482307434082
-11.341856956481934
-11.338871955871582
-11.334721565246582
-11.3410005569458
-11.342430114746094
-11.341535568237305
-11.34089469909668
-11.335317611694336
-11.33421516418457
-11.330326080322266
-11.331165313720703
-11.32911205291748
-11.326496124267578
-11.316481590270996
-11.306954383850098
-11.311453819274902
-11.315184593200684
-11.324633598327637
-11.329790115356445
-11.342269897460938
-11.339262008666992
-11.341477394104004
-11.33977222442627
-11.340594291687012
-11.340424537658691
-11.344175338745117
-11.340231895446777
-11.330085754394531
-11.325034141540527
-11.321361541748047
-11.310056686401367
-11.303010940551758
-11.302509307861328
-11.305208206176758
-11.314988136291504
-11.316930770874023
-11.314234733581543
-11.319912910461426
-11.309831619262695
-11.291290283203125
-11.290352821350098
-11.307045936584473
-11.32132339477539
-11.326595306396484
-11.342002868652344
-11.33923625946045
-11.337471961975098
-11.337896347045898
-11.346841812133789
-11.340115547180176
-11.3397855758667
-11.338067054748535
-11.325821876525879
-11.31963062286377
-11.31473445892334
-11.298576354980469
-11.301126480102539
-11.304397583007812
-11.320764541625977
-11.33420467376709
-11.345230102539062
-11.28701400756836
-11.23524284362793
-11.255948066711426
-11.309342384338379
-11.346211433410645
-11.325904846191406
-11.280538558959961
-11.223188400268555
-11.26627254486084
-11.31881332397461
-11.34215259552002
-11.281705856323242
-11.215132713317871
-11.27216625213623
-11.33462905883789
-11.332345962524414
-11.293258666992188
-11.262487411499023
-11.2845458984375
-11.323749542236328
-11.334782600402832
-11.339759826660156
-11.309239387512207
-11.298417091369629
-11.31702995300293
-11.336170196533203
-11.344114303588867
-11.3432035446167
-11.34366226196289
-11.34386920928955
-11.347294807434082
-11.343720436096191
-11.346498489379883
-11.342218399047852
-11.342129707336426
-11.331602096557617
-11.327492713928223
-11.316808700561523
-11.321332931518555
-11.316450119018555
-11.332321166992188
-11.336030006408691
-11.343514442443848
-11.345589637756348
-11.338398933410645
-11.323777198791504
-11.303706169128418
-11.30935287475586
-11.31263256072998
-11.329986572265625
-11.333230018615723
-11.344999313354492
-11.345423698425293
-11.344169616699219
-11.345458030700684
-11.341690063476562
-11.341629028320312
-11.338977813720703
-11.339983940124512
-11.346149444580078
-11.344644546508789
-11.341032028198242
-11.342671394348145
-11.347771644592285
-11.349886894226074
-11.345741271972656
-11.347217559814453
-11.341349601745605
-11.347225189208984
-11.34006118774414
-11.341301918029785
-11.345040321350098
-11.350259780883789
-11.341872215270996
-11.342031478881836
-11.341318130493164
-11.348333358764648
-11.34342098236084
-11.348639488220215
-11.348377227783203
-11.346899032592773
-11.3479642868042
-11.349377632141113
-11.345658302307129
-11.350966453552246
-11.344112396240234
-11.352917671203613
-11.343430519104004
-11.3509521484375
-11.349468231201172
-11.344720840454102
-11.349786758422852
-11.344308853149414
-11.350278854370117
-11.35119915008545
-11.35193920135498
-11.343563079833984
-11.350872993469238
-11.348617553710938
-11.344292640686035
-11.346146583557129
-11.346346855163574
-11.344315528869629
-11.339630126953125
-11.33752727508545
-11.33151912689209
-11.325757026672363
-11.321965217590332
-11.326725006103516
-11.33145523071289
-11.334386825561523
-11.33060073852539
-11.33440113067627
-11.335004806518555
-11.33565902709961
-11.3389310836792
-11.33930778503418
-11.337713241577148
-11.33060073852539
-11.320718765258789
-11.321605682373047
-11.323529243469238
-11.328368186950684
-11.337292671203613
-11.340997695922852
-11.34287166595459
-11.34290599822998
-11.34633731842041
-11.344246864318848
-11.340505599975586
-11.3397798538208
-11.344388961791992
-11.341493606567383
-11.340682983398438
-11.339007377624512
-11.328770637512207
-11.315990447998047
-11.31132698059082
-11.316688537597656
-11.328356742858887
-11.33132266998291
-11.336193084716797
-11.346138000488281
-11.344221115112305
-11.338696479797363
-11.345483779907227
-11.34578800201416
-11.349581718444824
-11.348592758178711
-11.345935821533203
-11.340225219726562
-11.334699630737305
-11.322608947753906
-11.319554328918457
-11.317147254943848
-11.31396770477295
-11.323282241821289
-11.32433032989502
-11.342877388000488
-11.34659481048584
-11.356724739074707
-11.351629257202148
-11.34443473815918
-11.34199047088623
-11.330747604370117
-11.322525978088379
-11.318126678466797
-11.31092357635498
-11.320734977722168
-11.334890365600586
-11.346179962158203
-11.350142478942871
-11.346696853637695
-11.356647491455078
-11.34939193725586
-11.345454216003418
-11.338480949401855
-11.329240798950195
-11.32861042022705
-11.336504936218262
-11.344855308532715
-11.340898513793945
-11.350129127502441
-11.351907730102539
-11.347356796264648
-11.351865768432617
-11.34453296661377
-11.33604907989502
-11.328072547912598
-11.325469970703125
-11.32801342010498
-11.32837200164795
-11.333925247192383
-11.333000183105469
-11.339103698730469
-11.346236228942871
-11.355899810791016
-11.353453636169434
-11.333760261535645
-11.3179931640625
-11.307088851928711
-11.307601928710938
-11.31589412689209
-11.32640552520752
-11.339648246765137
-11.344993591308594
-11.353529930114746
-11.352255821228027
-11.350290298461914
-11.349923133850098
-11.344486236572266
-11.324450492858887
-11.329262733459473
-11.331612586975098
-11.334424018859863
-11.34103012084961
-11.343250274658203
-11.345200538635254
-11.349363327026367
-11.353789329528809
-11.34997272491455
-11.347332954406738
-11.348893165588379
-11.349979400634766
-11.353737831115723
-11.348179817199707
-11.344856262207031
-11.345473289489746
-11.339007377624512
-11.345556259155273
-11.34414005279541
-11.34414291381836
-11.357507705688477
-11.349824905395508
-11.34278678894043
-11.352803230285645
-11.348755836486816
-11.348535537719727
-11.33775806427002
-11.33899974822998
-11.340503692626953
-11.34381103515625
-11.342247009277344
-11.337003707885742
-11.33693790435791
-11.336535453796387
-11.329490661621094
-11.335877418518066
-11.337193489074707
-11.336153984069824
-11.32485294342041
-11.33431625366211
-11.336690902709961
-11.339644432067871
-11.344970703125
-11.347701072692871
-11.348799705505371
-11.346031188964844
-11.339110374450684
-11.340216636657715
-11.344184875488281
-11.345684051513672
-11.345850944519043
-11.34469985961914
-11.345008850097656
-11.347243309020996
-11.346546173095703
-11.338423728942871
-11.334493637084961
-11.326783180236816
-11.31884765625
-11.312573432922363
-11.32385540008545
-11.332157135009766
-11.34892749786377
-11.355193138122559
-11.35014533996582
-11.319067001342773
-11.299686431884766
-11.288249969482422
-11.301929473876953
-11.323447227478027
-11.3456449508667
-11.351656913757324
-11.344073295593262
-11.32137393951416
-11.28896713256836
-11.287230491638184
-11.317275047302246
-11.34359073638916
-11.355036735534668
-11.34817886352539
-11.32087230682373
-11.30395221710205
-11.298964500427246
-11.324532508850098
-11.342284202575684
-11.351972579956055
-11.356552124023438
-11.356672286987305
-11.346854209899902
-11.343774795532227
-11.343779563903809
-11.333294868469238
-11.330524444580078
-11.32897663116455
-11.345211029052734
-11.35258674621582
-11.354936599731445
-11.352370262145996
-11.340457916259766
-11.33425235748291
-11.332993507385254
-11.333085060119629
-11.340703010559082
-11.349242210388184
-11.35264778137207
-11.354643821716309
-11.357728958129883
-11.353501319885254
-11.349616050720215
-11.344356536865234
-11.33353042602539
-11.330079078674316
-11.328071594238281
-11.336748123168945
-11.343791961669922
-11.351754188537598
-11.358842849731445
-11.35229206085205
-11.356342315673828
-11.359397888183594
-11.355834007263184
-11.353455543518066
-11.347516059875488
-11.346979141235352
-11.338027000427246
-11.339447021484375
-11.33690071105957
-11.341877937316895
-11.343339920043945
-11.352729797363281
-11.355337142944336
-11.359140396118164
-11.359185218811035
-11.350069046020508
-11.354281425476074
-11.351868629455566
-11.349105834960938
-11.34731388092041
-11.344071388244629
-11.353048324584961
-11.356239318847656
-11.363203048706055
-11.35749340057373
-11.35715389251709
-11.35605239868164
-11.353625297546387
-11.34537124633789
-11.343022346496582
-11.341652870178223
-11.329779624938965
-11.325326919555664
-11.333648681640625
-11.335786819458008
-11.336947441101074
-11.339094161987305
-11.341124534606934
-11.345199584960938
-11.352336883544922
-11.356597900390625
-11.353012084960938
-11.349838256835938
-11.354719161987305
-11.34778881072998
-11.347057342529297
-11.34721851348877
-11.34607219696045
-11.345215797424316
-11.338275909423828
-11.335467338562012
-11.342061996459961
-11.342266082763672
-11.35149097442627
-11.353206634521484
-11.350483894348145
-11.351165771484375
-11.35573673248291
-11.353774070739746
-11.363876342773438
-11.359663963317871
-11.3583345413208
-11.355206489562988
-11.352299690246582
-11.353018760681152
-11.342341423034668
-11.33971881866455
-11.331276893615723
-11.323506355285645
-11.3394193649292
-11.345243453979492
-11.35945987701416
-11.361879348754883
-11.353272438049316
-11.34722900390625
-11.331482887268066
-11.316548347473145
-11.317750930786133
-11.341389656066895
-11.353021621704102
-11.356898307800293
-11.357961654663086
-11.338878631591797
-11.318318367004395
-11.299121856689453
-11.305009841918945
-11.32649040222168
-11.352916717529297
-11.362146377563477
-11.35717487335205
-11.343628883361816
-11.331412315368652
-11.317802429199219
-11.315653800964355
-11.31832218170166
-11.332507133483887
-11.357439994812012
-11.359532356262207
-11.35168170928955
-11.335268020629883
-11.307710647583008
-11.302168846130371
-11.311819076538086
-11.337590217590332
-11.361007690429688
-11.362936973571777
-11.350799560546875
-11.330144882202148
-11.31246566772461
-11.304666519165039
-11.322884559631348
-11.344684600830078
-11.358377456665039
-11.358990669250488
-11.348374366760254
-11.342535018920898
-11.325601577758789
-11.33601188659668
-11.336675643920898
-11.347908973693848
-11.366961479187012
-11.360994338989258
-11.361721992492676
-11.354187965393066
-11.341607093811035
-11.340563774108887
-11.345659255981445
-11.350828170776367
-11.354759216308594
-11.353910446166992
-11.358333587646484
-11.350211143493652
-11.354973793029785
-11.348071098327637
-11.34427261352539
-11.348747253417969
-11.357126235961914
-11.361011505126953
-11.364481925964355
-11.362761497497559
-11.361371994018555
-11.362191200256348
-11.362436294555664
-11.358749389648438
-11.35207462310791
-11.347323417663574
-11.345125198364258
-11.347573280334473
-11.35566234588623
-11.35465145111084
-11.356261253356934
-11.360065460205078
-11.361257553100586
-11.361632347106934
-11.355931282043457
-11.360339164733887
-11.364862442016602
-11.3637113571167
-11.359495162963867
-11.362398147583008
-11.366018295288086
-11.366313934326172
-11.356156349182129
-11.354914665222168
-11.352402687072754
-11.343476295471191
-11.334881782531738
-11.33790111541748
-11.339694023132324
-11.344893455505371
-11.357152938842773
-11.356277465820312
-11.362787246704102
-11.359698295593262
-11.356828689575195
-11.357403755187988
-11.353801727294922
-11.346000671386719
-11.339017868041992
-11.330936431884766
-11.32772445678711
-11.340158462524414
-11.355581283569336
-11.359699249267578
-11.365731239318848
-11.360289573669434
-11.348271369934082
-11.332898139953613
-11.328529357910156
-11.329415321350098
-11.336792945861816
-11.348223686218262
-11.360625267028809
-11.364618301391602
-11.365791320800781
-11.353780746459961
-11.350228309631348
-11.339852333068848
-11.336910247802734
-11.349531173706055
-11.344379425048828
-11.354373931884766
-11.361872673034668
-11.357122421264648
-11.358060836791992
-11.348956108093262
-11.356574058532715
-11.356131553649902
-11.359541893005371
-11.369255065917969
-11.368453025817871
-11.362993240356445
-11.363019943237305
-11.361922264099121
-11.360522270202637
-11.363802909851074
-11.358940124511719
-11.35609245300293
-11.35861587524414
-11.36071491241455
-11.362046241760254
-11.353913307189941
-11.347355842590332
-11.346797943115234
-11.345199584960938
-11.333752632141113
-11.338512420654297
-11.330268859863281
-11.329370498657227
-11.34257984161377
-11.359186172485352
-11.361878395080566
-11.365262031555176
-11.35655403137207
-11.35731315612793
-11.35898208618164
-11.367805480957031
-11.365256309509277
-11.361276626586914
-11.362007141113281
-11.359343528747559
-11.349549293518066
-11.358803749084473
-11.358872413635254
-11.363289833068848
-11.360736846923828
-11.353615760803223
-11.34744644165039
-11.333099365234375
-11.331664085388184
-11.325041770935059
-11.324713706970215
-11.337057113647461
-11.347793579101562
-11.359837532043457
-11.361621856689453
-11.362322807312012
-11.360811233520508
-11.3543701171875
-11.339810371398926
-11.318306922912598
-11.305278778076172
-11.318765640258789
-11.34244441986084
-11.36209774017334
-11.364392280578613
-11.364241600036621
-11.358339309692383
-11.350997924804688
-11.354459762573242
-11.353357315063477
-11.356389999389648
-11.357848167419434
-11.356169700622559
-11.353809356689453
-11.34961223602295
-11.347041130065918
-11.346417427062988
-11.343786239624023
-11.340385437011719
-11.342219352722168
-11.348389625549316
-11.355341911315918
-11.357324600219727
-11.361410140991211
-11.367560386657715
-11.36597728729248
-11.366425514221191
-11.363059043884277
-11.367262840270996
-11.362810134887695
-11.360681533813477
-11.354314804077148
-11.345948219299316
-11.334115028381348
-11.330159187316895
-11.334531784057617
-11.340380668640137
-11.348560333251953
-11.35686206817627
-11.362706184387207
-11.36525821685791
-11.369573593139648
-11.36262035369873
-11.361082077026367
-11.36100959777832
-11.355779647827148
-11.347319602966309
-11.338507652282715
-11.339380264282227
-11.335243225097656
-11.344934463500977
-11.349982261657715
-11.360210418701172
-11.357954978942871
-11.353508949279785
-11.356619834899902
-11.360380172729492
-11.360993385314941
-11.36100959777832
-11.367681503295898
-11.364312171936035
-11.36940860748291
-11.365301132202148
-11.36763858795166
-11.365898132324219
-11.368066787719727
-11.364686965942383
-11.36795425415039
-11.364675521850586
-11.365116119384766
-11.368682861328125
-11.358515739440918
-11.358207702636719
-11.350330352783203
-11.345258712768555
-11.349447250366211
-11.343831062316895
-11.35319709777832
-11.359068870544434
-11.362325668334961
-11.363895416259766
-11.360895156860352
-11.354399681091309
-11.340087890625
-11.33004093170166
-11.334765434265137
-11.341449737548828
-11.35025405883789
-11.357863426208496
-11.36353588104248
-11.363418579101562
-11.371072769165039
-11.369210243225098
-11.363415718078613
-11.365179061889648
-11.357274055480957
-11.356802940368652
-11.348329544067383
-11.343937873840332
-11.341409683227539
-11.33620834350586
-11.341442108154297
-11.351020812988281
-11.3585844039917
-11.364236831665039
-11.366398811340332
-11.366686820983887
-11.36121940612793
-11.355900764465332
-11.337784767150879
-11.333965301513672
-11.339333534240723
-11.357610702514648
-11.368897438049316
-11.369805335998535
-11.36160659790039
-11.36673355102539
-11.367505073547363
-11.36299991607666
-11.36773681640625
-11.368794441223145
-11.364448547363281
-11.365739822387695
-11.356821060180664
-11.34897518157959
-11.334968566894531
-11.326480865478516
-11.325879096984863
-11.33718204498291
-11.354477882385254
-11.362401008605957
-11.368308067321777
-11.356037139892578
-11.340312957763672
-11.314984321594238
-11.307901382446289
-11.32188892364502
-11.334980010986328
-11.35364818572998
-11.359235763549805
-11.36022663116455
-11.371587753295898
-11.37055778503418
-11.366198539733887
-11.364909172058105
-11.365673065185547
-11.368010520935059
-11.362290382385254
-11.362594604492188
-11.359752655029297
-11.362842559814453
-11.359243392944336
-11.356060981750488
-11.357247352600098
-11.344672203063965
-11.349485397338867
-11.355448722839355
-11.363561630249023
-11.371251106262207
-11.372729301452637
-11.369304656982422
-11.368521690368652
-11.362030029296875
-11.356250762939453
-11.337445259094238
-11.32955265045166
-11.334689140319824
-11.335214614868164
-11.340874671936035
-11.345346450805664
-11.354549407958984
-11.36355972290039
-11.367234230041504
-11.372382164001465
-11.369346618652344
-11.372038841247559
-11.369925498962402
-11.367399215698242
-11.363295555114746
-11.359940528869629
-11.35826301574707
-11.363311767578125
-11.361072540283203
-11.352971076965332
-11.35124397277832
-11.350020408630371
-11.359707832336426
-11.366621971130371
-11.3681640625
-11.364263534545898
-11.36091136932373
-11.34853744506836
-11.342114448547363
-11.333314895629883
-11.334735870361328
-11.341511726379395
-11.350666046142578
-11.353010177612305
-11.35772705078125
-11.358421325683594
-11.35940170288086
-11.365124702453613
-11.369775772094727
-11.368555068969727
-11.370330810546875
-11.370238304138184
-11.36920166015625
-11.368999481201172
-11.374642372131348
-11.373188972473145
-11.369865417480469
-11.370867729187012
-11.3725004196167
-11.3721342086792
-11.370214462280273
-11.36909008026123
-11.376410484313965
-11.369670867919922
-11.370162010192871
-11.369336128234863
-11.370384216308594
-11.372859954833984
-11.371196746826172
-11.37248420715332
-11.367073059082031
-11.369245529174805
-11.363006591796875
-11.356801986694336
-11.350144386291504
-11.344493865966797
-11.338910102844238
-11.33242130279541
-11.34136962890625
-11.354520797729492
-11.366695404052734
-11.369864463806152
-11.370918273925781
-11.375144958496094
-11.370504379272461
-11.367231369018555
-11.364595413208008
-11.352152824401855
-11.331329345703125
-11.310074806213379
-11.307066917419434
-11.334110260009766
-11.356035232543945
-11.369190216064453
-11.3722562789917
-11.359050750732422
-11.341024398803711
-11.32742691040039
-11.331656455993652
-11.350199699401855
-11.364166259765625
-11.36917781829834
-11.371076583862305
-11.369912147521973
-11.360343933105469
-11.34173583984375
-11.323382377624512
-11.298230171203613
-11.318928718566895
-11.344867706298828
-11.364335060119629
-11.3734712600708
-11.368256568908691
-11.352177619934082
-11.34036636352539
-11.336957931518555
-11.343127250671387
-11.354365348815918
-11.35381031036377
-11.357978820800781
-11.360272407531738
-11.363213539123535
-11.3605318069458
-11.362869262695312
-11.364303588867188
-11.365497589111328
-11.361114501953125
-11.366853713989258
-11.364511489868164
-11.367817878723145
-11.366936683654785
-11.367260932922363
-11.370153427124023
-11.372207641601562
-11.374303817749023
-11.373834609985352
-11.37346076965332
-11.36866569519043
-11.368598937988281
-11.364192962646484
-11.363347053527832
-11.357959747314453
-11.356925964355469
-11.357086181640625
-11.353852272033691
-11.35807991027832
-11.339156150817871
-11.326742172241211
-11.33095932006836
-11.341010093688965
-11.352513313293457
-11.362702369689941
-11.369799613952637
-11.37301254272461
-11.374452590942383
-11.371814727783203
-11.358205795288086
-11.352782249450684
-11.3440580368042
-11.320296287536621
-11.32087516784668
-11.342211723327637
-11.362631797790527
-11.373492240905762
-11.367486953735352
-11.352755546569824
-11.328197479248047
-11.316129684448242
-11.319487571716309
-11.34644603729248
-11.368086814880371
-11.37496280670166
-11.367947578430176
-11.342904090881348
-11.326838493347168
-11.332179069519043
-11.343535423278809
-11.36169719696045
-11.37122631072998
-11.371505737304688
-11.372319221496582
-11.36326789855957
-11.364137649536133
-11.368639945983887
-11.37349796295166
-11.368417739868164
-11.371175765991211
-11.374519348144531
-11.372979164123535
-11.371086120605469
-11.365273475646973
-11.361117362976074
-11.35325813293457
-11.349176406860352
-11.348380088806152
-11.360530853271484
-11.365008354187012
-11.370651245117188
-11.371561050415039
-11.374741554260254
-11.372754096984863
-11.374456405639648
-11.368514060974121
-11.369205474853516
-11.365896224975586
-11.368317604064941
-11.366761207580566
-11.36760139465332
-11.365350723266602
-11.369807243347168
-11.367084503173828
-11.366279602050781
-11.361960411071777
-11.359111785888672
-11.365267753601074
-11.365569114685059
-11.367137908935547
-11.37276840209961
-11.375547409057617
-11.374096870422363
-11.372587203979492
-11.367593765258789
-11.359047889709473
-11.343120574951172
-11.334836959838867
-11.337878227233887
-11.336419105529785
-11.354275703430176
-11.362226486206055
-11.373051643371582
-11.374958992004395
-11.378104209899902
-11.371116638183594
-11.35720157623291
-11.34586238861084
-11.32238483428955
-11.3229341506958
-11.335627555847168
-11.36180591583252
-11.374201774597168
-11.375113487243652
-11.36789321899414
-11.345758438110352
-11.319836616516113
-11.307930946350098
-11.332425117492676
-11.364426612854004
-11.37581729888916
-11.372862815856934
-11.357756614685059
-11.346620559692383
-11.345842361450195
-11.35071849822998
-11.350929260253906
-11.35372257232666
-11.356521606445312
-11.364471435546875
-11.372193336486816
-11.372159957885742
-11.37912654876709
-11.376993179321289
-11.368091583251953
-11.368298530578613
-11.366531372070312
-11.373672485351562
-11.370515823364258
-11.374615669250488
-11.377601623535156
-11.373963356018066
-11.36865520477295
-11.365091323852539
-11.360742568969727
-11.350215911865234
-11.353395462036133
-11.358905792236328
-11.361132621765137
-11.370025634765625
-11.372183799743652
-11.370786666870117
-11.360361099243164
-11.341200828552246
-11.327967643737793
-11.333759307861328
-11.349547386169434
-11.360828399658203
-11.367609024047852
-11.373979568481445
-11.37476634979248
-11.374027252197266
-11.371843338012695
-11.374319076538086
-11.374298095703125
-11.37179946899414
-11.374539375305176
-11.37523365020752
-11.380062103271484
-11.377840042114258
-11.377720832824707
-11.371434211730957
-11.365873336791992
-11.36461067199707
-11.350595474243164
-11.346805572509766
-11.343893051147461
-11.348609924316406
-11.354028701782227
-11.356001853942871
-11.35322093963623
-11.35275936126709
-11.354811668395996
-11.350520133972168
-11.353137016296387
-11.355101585388184
-11.363414764404297
-11.371373176574707
-11.374225616455078
-11.37546157836914
-11.375999450683594
-11.373903274536133
-11.374295234680176
-11.378886222839355
-11.37498950958252
-11.377857208251953
-11.372943878173828
-11.376949310302734
-11.374564170837402
-11.375950813293457
-11.37975025177002
-11.379691123962402
-11.377214431762695
-11.374155044555664
-11.376361846923828
-11.37482738494873
-11.374590873718262
-11.371419906616211
-11.376317024230957
-11.379165649414062
-11.375763893127441
-11.370185852050781
-11.369224548339844
-11.363556861877441
-11.362834930419922
-11.363996505737305
-11.360940933227539
-11.358110427856445
-11.361440658569336
-11.36945629119873
-11.375494003295898
-11.374478340148926
-11.370944023132324
-11.376352310180664
-11.374783515930176
-11.376678466796875
-11.378717422485352
-11.377829551696777
-11.373465538024902
-11.373653411865234
-11.369345664978027
-11.370265007019043
-11.3639554977417
-11.365317344665527
-11.368621826171875
-11.369443893432617
-11.369210243225098
-11.36707592010498
-11.363970756530762
-11.35849666595459
-11.35636043548584
-11.3578519821167
-11.365640640258789
-11.37096881866455
-11.374649047851562
-11.375287055969238
-11.368800163269043
-11.356185913085938
-11.340999603271484
-11.33449649810791
-11.342187881469727
-11.351545333862305
-11.362548828125
-11.369892120361328
-11.377391815185547
-11.380443572998047
-11.380593299865723
-11.37566089630127
-11.378240585327148
-11.372200965881348
-11.366791725158691
-11.358990669250488
-11.358285903930664
-11.358271598815918
-11.367435455322266
-11.365740776062012
-11.373490333557129
-11.381070137023926
-11.376748085021973
-11.372363090515137
-11.370094299316406
-11.371253967285156
-11.3645658493042
-11.361180305480957
-11.360529899597168
-11.355472564697266
-11.346609115600586
-11.340409278869629
-11.34212589263916
-11.348462104797363
-11.360234260559082
-11.372486114501953
-11.377909660339355
-11.380533218383789
-11.376399040222168
-11.377896308898926
-11.366517066955566
-11.3660249710083
-11.361757278442383
-11.364161491394043
-11.364540100097656
-11.370332717895508
-11.37333869934082
-11.38011360168457
-11.37936782836914
-11.376883506774902
-11.378852844238281
-11.380069732666016
-11.379027366638184
-11.38033390045166
-11.380372047424316
-11.376751899719238
-11.381749153137207
-11.378104209899902
-11.369004249572754
-11.363694190979004
-11.359915733337402
-11.351834297180176
-11.33813762664795
-11.342499732971191
-11.352917671203613
-11.358099937438965
-11.3624267578125
-11.367439270019531
-11.371830940246582
-11.371256828308105
-11.375295639038086
-11.375710487365723
-11.370412826538086
-11.371452331542969
-11.373080253601074
-11.377551078796387
-11.372406005859375
-11.372501373291016
-11.368189811706543
-11.36525821685791
-11.363981246948242
-11.358551025390625
-11.367141723632812
-11.36865234375
-11.372272491455078
