loss_u
-5.156805992126465
-5.0838141441345215
-5.140920639038086
-5.1202616691589355
-5.209602355957031
-5.3617753982543945
-5.281010150909424
-5.257782936096191
-5.326953887939453
-5.342830657958984
-5.468655109405518
-5.495491027832031
-5.438476085662842
-5.373073577880859
-5.5098137855529785
-5.465540409088135
-5.619990825653076
-5.740628719329834
-5.712540626525879
-5.77743673324585
-5.827830791473389
-5.941721439361572
-5.931801795959473
-5.902143955230713
-6.021067142486572
-6.0204548835754395
-6.100358963012695
-6.124887943267822
-6.26046895980835
-6.293824672698975
-6.262037754058838
-6.333093643188477
-6.353072643280029
-6.374670505523682
-6.386815071105957
-6.354308128356934
-6.2985100746154785
-6.335291862487793
-6.347053527832031
-6.347768306732178
-6.410781383514404
-6.429033279418945
-6.380949020385742
-6.4693603515625
-6.458333492279053
-6.442670822143555
-6.460592746734619
-6.4690752029418945
-6.464958667755127
-6.466298580169678
-6.459756851196289
-6.472860336303711
-6.459802150726318
-6.497085094451904
-6.500000953674316
-6.497885704040527
-6.528904914855957
-6.481202602386475
-6.514969348907471
-6.498713970184326
-6.518381118774414
-6.511056423187256
-6.557867050170898
-6.535067081451416
-6.573014259338379
-6.518434047698975
-6.556751728057861
-6.558818817138672
-6.560368537902832
-6.565722465515137
-6.551062107086182
-6.600064277648926
-6.596333026885986
-6.58232307434082
-6.591326713562012
-6.601938247680664
-6.604269027709961
-6.637575149536133
-6.640889644622803
-6.645021915435791
-6.635284423828125
-6.66759729385376
-6.689373970031738
-6.661074161529541
-6.712059497833252
-6.7157135009765625
-6.7569074630737305
-6.7880353927612305
-6.7929606437683105
-6.798467636108398
-6.840022563934326
-6.843114852905273
-6.855747699737549
-6.902479648590088
-6.932121753692627
-6.94650411605835
-6.981734275817871
-6.998876094818115
-7.015352249145508
-7.059345722198486
-7.0914812088012695
-7.106196403503418
-7.187378883361816
-7.189730644226074
-7.263960361480713
-7.315367221832275
-7.372945785522461
-7.448109149932861
-7.524417877197266
-7.632274150848389
-7.7477617263793945
-7.793506622314453
-7.930605411529541
-8.082965850830078
-8.239365577697754
-8.301076889038086
-8.210363388061523
-8.353398323059082
-8.523869514465332
-7.980857849121094
-8.492081642150879
-8.443780899047852
-8.385127067565918
-8.381855964660645
-8.414077758789062
-8.471536636352539
-8.42257022857666
-8.41374683380127
-8.445378303527832
-8.456384658813477
-8.468535423278809
-8.528564453125
-8.53211784362793
-8.50468635559082
-8.54354190826416
-8.609270095825195
-8.646734237670898
-8.645075798034668
-8.67269515991211
-8.754648208618164
-8.773490905761719
-8.760396003723145
-8.810914993286133
-8.85371208190918
-8.873939514160156
-8.910823822021484
-8.9219388961792
-8.912516593933105
-8.899591445922852
-8.951640129089355
-8.944903373718262
-9.03750228881836
-9.011990547180176
-9.113286018371582
-9.120312690734863
-9.148452758789062
-9.221598625183105
-9.023353576660156
-8.962934494018555
-9.199755668640137
-8.984972953796387
-9.271966934204102
-9.062350273132324
-9.298645973205566
-9.110332489013672
-9.32938289642334
-9.280728340148926
-9.377622604370117
-9.354537963867188
-9.317301750183105
-9.463597297668457
-9.404146194458008
-9.494996070861816
-9.513409614562988
-9.497550010681152
-9.486489295959473
-9.486302375793457
-9.509122848510742
-9.546935081481934
-9.49438762664795
-9.449892044067383
-9.548962593078613
-9.525064468383789
-9.677249908447266
-9.609950065612793
-9.55457878112793
-9.686768531799316
-9.521869659423828
-9.618609428405762
-9.702067375183105
-9.489118576049805
-9.716452598571777
-9.594449043273926
-9.710413932800293
-9.719744682312012
-9.697986602783203
-9.72380542755127
-9.686806678771973
-9.714855194091797
-9.74177360534668
-9.740433692932129
-9.763647079467773
-9.8274564743042
-9.762887001037598
-9.797260284423828
-9.797247886657715
-9.829434394836426
-9.816125869750977
-9.871638298034668
-9.89029598236084
-9.762309074401855
-9.90642261505127
-9.886946678161621
-9.760796546936035
-9.831432342529297
-9.918702125549316
-9.851202011108398
-9.894795417785645
-9.936718940734863
-9.809569358825684
-9.907364845275879
-9.937357902526855
-9.919026374816895
-9.958822250366211
-9.969396591186523
-9.983979225158691
-10.025710105895996
-9.990108489990234
-9.972149848937988
-9.952716827392578
-10.059455871582031
-9.983865737915039
-10.011026382446289
-10.019672393798828
-10.000887870788574
-9.977378845214844
-10.033195495605469
-9.97066593170166
-10.022354125976562
-10.04636001586914
-10.07769775390625
-10.024991989135742
-10.060835838317871
-10.034626007080078
-10.086166381835938
-10.123100280761719
-10.105942726135254
-10.175220489501953
-10.05665397644043
-10.08543586730957
-10.139262199401855
-10.163494110107422
-10.155911445617676
-10.157332420349121
-10.145127296447754
-10.187578201293945
-10.146369934082031
-10.23090934753418
-10.193892478942871
-10.189446449279785
-10.208074569702148
-10.183499336242676
-10.207685470581055
-10.210269927978516
-10.233539581298828
-10.26323127746582
-10.222905158996582
-10.225459098815918
-10.217086791992188
-10.22877311706543
-10.195727348327637
-10.280701637268066
-10.286175727844238
-10.292179107666016
-10.253344535827637
-10.31767463684082
-10.304483413696289
-10.283998489379883
-10.29299545288086
-10.274861335754395
-10.285218238830566
-10.265339851379395
-10.251840591430664
-10.286593437194824
-10.296745300292969
-10.274251937866211
-10.275226593017578
-10.280447006225586
-10.298456192016602
-10.324529647827148
-10.356104850769043
-10.329357147216797
-10.283944129943848
-10.310423851013184
-10.353327751159668
-10.391349792480469
-10.346831321716309
-10.313356399536133
-10.33115005493164
-10.331377029418945
-10.363774299621582
-10.37237548828125
-10.37155532836914
-10.386632919311523
-10.381340980529785
-10.38901138305664
-10.353934288024902
-10.432571411132812
-10.347469329833984
-10.388574600219727
-10.442458152770996
-10.383265495300293
-10.380945205688477
-10.399054527282715
-10.437068939208984
-10.438835144042969
-10.423747062683105
-10.396174430847168
-10.363383293151855
-10.377495765686035
-10.378348350524902
-10.389945030212402
-10.465411186218262
-10.444926261901855
-10.480741500854492
-10.45205307006836
-10.438570976257324
-10.365006446838379
-10.421658515930176
-10.457728385925293
-10.451096534729004
-10.488513946533203
-10.487926483154297
-10.484925270080566
-10.441335678100586
-10.486282348632812
-10.454384803771973
-10.47484016418457
-10.468317985534668
-10.43578052520752
-10.493491172790527
-10.453383445739746
-10.469923973083496
-10.478042602539062
-10.485702514648438
-10.499077796936035
-10.47972297668457
-10.476126670837402
-10.486907005310059
-10.513381004333496
-10.48866081237793
-10.477389335632324
-10.515348434448242
-10.571015357971191
-10.489001274108887
-10.531516075134277
-10.496883392333984
-10.551161766052246
-10.52854061126709
-10.51514720916748
-10.520206451416016
-10.523037910461426
-10.57568073272705
-10.538180351257324
-10.466341018676758
-10.510498046875
-10.466286659240723
-10.434722900390625
-10.530072212219238
-10.4955415725708
-10.407683372497559
-10.434953689575195
-10.448934555053711
-10.525657653808594
-10.562909126281738
-10.474035263061523
-10.541936874389648
-10.51651668548584
-10.542265892028809
-10.58786392211914
-10.584875106811523
-10.620742797851562
-10.594456672668457
-10.582390785217285
-10.52115535736084
-10.553264617919922
-10.58071231842041
-10.53363037109375
-10.570335388183594
-10.596100807189941
-10.594449043273926
-10.5525484085083
-10.622848510742188
-10.570135116577148
-10.579434394836426
-10.540227890014648
-10.53482437133789
-10.558104515075684
-10.564715385437012
-10.628484725952148
-10.595890045166016
-10.568158149719238
-10.615657806396484
-10.615259170532227
-10.612947463989258
-10.617733001708984
-10.618014335632324
-10.632302284240723
-10.626965522766113
-10.620673179626465
-10.540226936340332
-10.540711402893066
-10.626985549926758
-10.625433921813965
-10.65320873260498
-10.635955810546875
-10.602230072021484
-10.56935977935791
-10.602385520935059
-10.56637954711914
-10.588597297668457
-10.651753425598145
-10.629900932312012
-10.638139724731445
-10.626520156860352
-10.571380615234375
-10.591166496276855
-10.577986717224121
-10.655407905578613
-10.658865928649902
-10.61606502532959
-10.543774604797363
-10.622673988342285
-10.632146835327148
-10.66812801361084
-10.577910423278809
-10.563310623168945
-10.635468482971191
-10.671424865722656
-10.620813369750977
-10.577847480773926
-10.607765197753906
-10.675152778625488
-10.635665893554688
-10.556108474731445
-10.625506401062012
-10.641422271728516
-10.630335807800293
-10.606221199035645
-10.67374324798584
-10.71639633178711
-10.652993202209473
-10.636103630065918
-10.660165786743164
-10.736268997192383
-10.67563247680664
-10.650652885437012
-10.693492889404297
-10.671536445617676
-10.713393211364746
-10.689933776855469
-10.719866752624512
-10.698217391967773
-10.693841934204102
-10.73703670501709
-10.694561004638672
-10.73692798614502
-10.745253562927246
-10.716959953308105
-10.71759033203125
-10.693596839904785
-10.718016624450684
-10.675827980041504
-10.688253402709961
-10.713427543640137
-10.732401847839355
-10.735851287841797
-10.701567649841309
-10.657177925109863
-10.682276725769043
-10.711158752441406
-10.696226119995117
-10.714336395263672
-10.737788200378418
-10.712525367736816
-10.716893196105957
-10.696136474609375
-10.711949348449707
-10.762957572937012
-10.724617958068848
-10.794340133666992
-10.735309600830078
-10.726799964904785
-10.714183807373047
-10.741905212402344
-10.720231056213379
-10.727947235107422
-10.786260604858398
-10.76280403137207
-10.750187873840332
-10.765206336975098
-10.745613098144531
-10.74195384979248
-10.729236602783203
-10.731626510620117
-10.742101669311523
-10.744911193847656
-10.712471961975098
-10.763169288635254
-10.787799835205078
-10.761137008666992
-10.760673522949219
-10.741144180297852
-10.804718971252441
-10.75522518157959
-10.78072452545166
-10.805195808410645
-10.754427909851074
-10.750561714172363
-10.781886100769043
-10.79966926574707
-10.812313079833984
-10.756580352783203
-10.799981117248535
-10.735121726989746
-10.756552696228027
-10.7352294921875
-10.696940422058105
-10.700886726379395
-10.73708438873291
-10.802284240722656
-10.801182746887207
-10.786965370178223
-10.75857925415039
-10.804953575134277
-10.777341842651367
-10.793187141418457
-10.779728889465332
-10.755871772766113
-10.725483894348145
-10.718576431274414
-10.741266250610352
-10.765107154846191
-10.776647567749023
-10.816390991210938
-10.792072296142578
-10.807793617248535
-10.805925369262695
-10.836600303649902
-10.766257286071777
-10.753349304199219
-10.754342079162598
-10.765096664428711
-10.767204284667969
-10.78292179107666
-10.817023277282715
-10.808892250061035
-10.81486701965332
-10.787714004516602
-10.813855171203613
-10.815096855163574
-10.751189231872559
-10.763090133666992
-10.764191627502441
-10.814131736755371
-10.841036796569824
-10.812237739562988
-10.834098815917969
-10.82529067993164
-10.807641983032227
-10.785417556762695
-10.728267669677734
-10.7787446975708
-10.807680130004883
-10.853899955749512
-10.848756790161133
-10.799724578857422
-10.729801177978516
-10.719452857971191
-10.797876358032227
-10.830018997192383
-10.784156799316406
-10.691080093383789
-10.72234058380127
-10.868003845214844
-10.816436767578125
-10.757097244262695
-10.712721824645996
-10.794751167297363
-10.813218116760254
-10.813552856445312
-10.748113632202148
-10.766830444335938
-10.83562183380127
-10.797552108764648
-10.772537231445312
-10.747331619262695
-10.80213737487793
-10.856184959411621
-10.819816589355469
-10.79932975769043
-10.807235717773438
-10.795150756835938
-10.87009048461914
-10.83083724975586
-10.817151069641113
-10.790879249572754
-10.815902709960938
-10.858977317810059
-10.845393180847168
-10.833020210266113
-10.787557601928711
-10.811545372009277
-10.85561752319336
-10.862800598144531
-10.784516334533691
-10.804747581481934
-10.858824729919434
-10.851530075073242
-10.866840362548828
-10.851271629333496
-10.845599174499512
-10.869958877563477
-10.849053382873535
-10.847321510314941
-10.850414276123047
-10.890752792358398
-10.89370346069336
-10.851943969726562
-10.88148021697998
-10.893648147583008
-10.847874641418457
-10.892105102539062
-10.869209289550781
-10.871100425720215
-10.85584831237793
-10.84139347076416
-10.845407485961914
-10.8808012008667
-10.869881629943848
-10.854545593261719
-10.844980239868164
-10.83537769317627
-10.828115463256836
-10.865423202514648
-10.883382797241211
-10.907779693603516
-10.847274780273438
-10.896479606628418
-10.886481285095215
-10.902924537658691
-10.879474639892578
-10.87800121307373
-10.908687591552734
-10.879525184631348
-10.908227920532227
-10.88957691192627
-10.882306098937988
-10.876455307006836
-10.841379165649414
-10.84221076965332
-10.893441200256348
-10.867059707641602
-10.906177520751953
-10.864927291870117
-10.834543228149414
-10.855613708496094
-10.874926567077637
-10.899615287780762
-10.92155647277832
-10.896207809448242
-10.89732551574707
-10.828027725219727
-10.81325912475586
-10.85912799835205
-10.896673202514648
-10.889838218688965
-10.843493461608887
-10.789466857910156
-10.775161743164062
-10.865423202514648
-10.886317253112793
-10.882462501525879
-10.816915512084961
-10.876029968261719
-10.91314697265625
-10.914505958557129
-10.845178604125977
-10.858736038208008
-10.893975257873535
-10.919488906860352
-10.904654502868652
-10.917362213134766
-10.880735397338867
-10.887958526611328
-10.922486305236816
-10.921711921691895
-10.903338432312012
-10.907269477844238
-10.897770881652832
-10.913093566894531
-10.907190322875977
-10.9403657913208
-10.954153060913086
-10.925186157226562
-10.8990478515625
-10.875833511352539
-10.915009498596191
-10.928156852722168
-10.935871124267578
-10.908702850341797
-10.912574768066406
-10.8724365234375
-10.892030715942383
-10.918824195861816
-10.928011894226074
-10.938883781433105
-10.936552047729492
-10.939115524291992
-10.915349006652832
-10.916170120239258
-10.939181327819824
-10.916023254394531
-10.9025239944458
-10.921684265136719
-10.901481628417969
-10.949925422668457
-10.932211875915527
-10.918249130249023
-10.949140548706055
-10.926445960998535
-10.947759628295898
-10.951173782348633
-10.894611358642578
-10.92465877532959
-10.904458045959473
-10.889518737792969
-10.92702865600586
-10.956270217895508
-10.935468673706055
-10.938006401062012
-10.931195259094238
-10.9131498336792
-10.867813110351562
-10.878235816955566
-10.962120056152344
-10.936553955078125
-10.924104690551758
-10.93809700012207
-10.933374404907227
-10.97378158569336
-10.971769332885742
-10.945001602172852
-10.929244995117188
-10.924883842468262
-10.913997650146484
-10.903863906860352
-10.926819801330566
-10.894301414489746
-10.91589069366455
-10.915220260620117
-10.925873756408691
-10.948718070983887
-10.96084213256836
-10.951194763183594
-10.918272972106934
-10.879379272460938
-10.900663375854492
-10.945988655090332
-10.93291187286377
-10.900810241699219
-10.892961502075195
-10.95213508605957
-10.989014625549316
-10.981054306030273
-10.964766502380371
-10.958505630493164
-10.929840087890625
-10.884284973144531
-10.885663986206055
-10.929435729980469
-10.959980964660645
-10.974117279052734
-10.944815635681152
-10.961836814880371
-10.934313774108887
-10.950693130493164
-10.953779220581055
-10.960699081420898
-10.967671394348145
-10.978277206420898
-10.96735668182373
-10.918622970581055
-10.970048904418945
-10.961404800415039
-10.932998657226562
-10.944330215454102
-10.954998016357422
-10.935725212097168
-10.932577133178711
-10.971282005310059
-10.963683128356934
-10.95317554473877
-10.983236312866211
-10.960206031799316
-10.992409706115723
-10.98030948638916
-10.974806785583496
-10.973527908325195
-10.94983959197998
-10.941984176635742
-10.93535041809082
-10.959223747253418
-10.941418647766113
-10.967738151550293
-10.971651077270508
-10.967884063720703
-10.972012519836426
-10.964437484741211
-10.984288215637207
-10.989434242248535
-11.001239776611328
-10.967046737670898
-10.958940505981445
-10.941351890563965
-10.905647277832031
-10.917405128479004
-10.95894718170166
-10.96927261352539
-10.980040550231934
-10.979883193969727
-10.978141784667969
-10.970560073852539
-10.940327644348145
-10.92682933807373
-10.918609619140625
-10.949527740478516
-10.989413261413574
-11.001590728759766
-10.974756240844727
-10.97122573852539
-10.92857837677002
-10.95220947265625
-10.961226463317871
-10.936625480651855
-10.968639373779297
-10.985989570617676
-11.00015640258789
-11.012566566467285
-10.983833312988281
-10.963760375976562
-10.978822708129883
-10.99728012084961
-10.938426971435547
-10.949956893920898
-10.952853202819824
-10.969518661499023
-10.989480972290039
-10.999266624450684
-10.976347923278809
-10.953360557556152
-10.957106590270996
-10.941164016723633
-10.93386173248291
-10.935028076171875
-10.935155868530273
-10.985112190246582
-11.024728775024414
-11.017980575561523
-10.993718147277832
-10.993967056274414
-10.977083206176758
-10.970778465270996
-10.950672149658203
-10.949902534484863
-10.996007919311523
-10.997638702392578
-10.988398551940918
-11.004373550415039
-10.980761528015137
-11.015963554382324
-10.992743492126465
-11.042806625366211
-10.990412712097168
-10.997495651245117
-10.971149444580078
-10.947176933288574
-10.96151065826416
-10.979138374328613
-11.021391868591309
-11.017369270324707
-11.000847816467285
-11.023119926452637
-10.999528884887695
-11.001229286193848
-11.002426147460938
-11.030983924865723
-10.935988426208496
-10.980498313903809
-10.960537910461426
-10.963178634643555
-10.977456092834473
-11.024186134338379
-11.010013580322266
-11.001644134521484
-11.010140419006348
-11.024639129638672
-11.013008117675781
-10.979315757751465
-10.958860397338867
-10.950053215026855
-11.006272315979004
-10.97679615020752
-10.997654914855957
-11.025464057922363
-11.00805950164795
-11.018026351928711
-11.00640869140625
-11.018381118774414
-11.019076347351074
-11.033935546875
-11.014436721801758
-11.013725280761719
-10.991469383239746
-11.003557205200195
-11.009228706359863
-10.965590476989746
-10.979607582092285
-10.96934986114502
-10.968544006347656
-10.975587844848633
-10.986533164978027
-10.995193481445312
-11.035728454589844
-11.032007217407227
-11.002947807312012
-10.987836837768555
-10.964090347290039
-10.963922500610352
-10.989509582519531
-11.020073890686035
-11.00604248046875
-11.025289535522461
-10.978331565856934
-10.987777709960938
-10.996416091918945
-10.981573104858398
-11.008808135986328
-11.035506248474121
-11.03731632232666
-11.005743026733398
-10.99482536315918
-11.030717849731445
-11.043378829956055
-11.024957656860352
-11.034208297729492
-10.993155479431152
-11.010150909423828
-11.005973815917969
-11.020182609558105
-11.007885932922363
-11.014304161071777
-11.031643867492676
-11.010127067565918
-11.016847610473633
-11.021760940551758
-11.040668487548828
-11.015643119812012
-11.039698600769043
-11.062766075134277
-11.03976821899414
-11.010125160217285
-11.011223793029785
-10.95742416381836
-10.960391998291016
-10.975835800170898
-11.047751426696777
-11.022073745727539
-10.967198371887207
-10.96065902709961
-10.958730697631836
-11.02344036102295
-11.035483360290527
-11.039711952209473
-11.023062705993652
-10.989825248718262
-11.014184951782227
-11.019243240356445
-11.034921646118164
-11.026667594909668
-11.04187297821045
-11.006031036376953
-10.950966835021973
-10.992164611816406
-11.018196105957031
-10.985889434814453
-11.044142723083496
-11.049264907836914
-10.989322662353516
-10.941177368164062
-11.004242897033691
-11.036978721618652
-11.040258407592773
-10.998970985412598
-10.946284294128418
-11.002469062805176
-11.046660423278809
-11.01866626739502
-10.950687408447266
-10.943655014038086
-11.028955459594727
-11.057999610900879
-11.011348724365234
-10.966143608093262
-10.981032371520996
-11.027963638305664
-11.035826683044434
-10.99368953704834
-10.99189567565918
-11.017498016357422
-11.049638748168945
-11.008658409118652
-11.08745288848877
-11.046085357666016
-11.064102172851562
-11.060789108276367
-11.021621704101562
-11.050409317016602
-11.047783851623535
-11.01625919342041
-11.04226016998291
-11.034294128417969
-11.054722785949707
-11.071558952331543
-11.03813362121582
-11.043615341186523
-11.036321640014648
-11.046712875366211
-11.075357437133789
-11.069747924804688
-11.043891906738281
-11.040369987487793
-11.043950080871582
-11.051644325256348
-11.045334815979004
-11.056378364562988
-11.033121109008789
-11.026277542114258
-11.04682445526123
-11.061979293823242
-11.064607620239258
-11.033888816833496
-11.021927833557129
-11.046307563781738
-11.056341171264648
-11.041810035705566
-11.06644058227539
-11.078030586242676
-11.069077491760254
-11.065723419189453
-11.060770988464355
-11.052766799926758
-11.03954029083252
-11.05884838104248
-11.069314002990723
-11.065303802490234
-11.071371078491211
-11.083063125610352
-11.047738075256348
-11.062573432922363
-11.04739761352539
-11.04420280456543
-11.063016891479492
-11.082783699035645
-11.052550315856934
-11.080872535705566
-11.060256958007812
-11.066441535949707
-11.061637878417969
-11.055380821228027
-11.041224479675293
-11.052637100219727
-11.051362037658691
-11.057292938232422
-11.063968658447266
-11.059674263000488
-11.051900863647461
-11.066381454467773
-11.094062805175781
-11.073823928833008
-11.060637474060059
-11.055166244506836
-11.043581008911133
-11.042058944702148
-11.052774429321289
-11.039593696594238
-11.062891960144043
-11.067180633544922
-11.07494068145752
-11.075722694396973
-11.086731910705566
-11.085591316223145
-11.062460899353027
-11.065442085266113
-11.093416213989258
-11.069050788879395
-11.048285484313965
-11.045204162597656
-11.067498207092285
-11.070760726928711
-11.074193000793457
-11.056140899658203
-11.05373764038086
-11.007994651794434
-10.977669715881348
-11.03564167022705
-11.057921409606934
-11.070549964904785
-11.085762977600098
-11.014678955078125
-11.012887001037598
-11.014537811279297
-11.065184593200684
-11.053711891174316
-11.108658790588379
-11.011763572692871
-10.965275764465332
-11.000374794006348
-11.080500602722168
-11.0807523727417
-11.036500930786133
-11.010812759399414
-11.017895698547363
-11.082550048828125
-11.072752952575684
-11.075943946838379
-11.058955192565918
-11.038762092590332
-11.052684783935547
-11.06763744354248
-11.065086364746094
-11.065549850463867
-11.05160903930664
-11.062560081481934
-11.096983909606934
-11.084449768066406
-11.087671279907227
-11.068650245666504
-11.06225872039795
-11.050751686096191
-11.071277618408203
-11.078177452087402
-11.08547306060791
-11.081415176391602
-11.059146881103516
-11.032876968383789
-11.05685806274414
-11.056707382202148
-11.068217277526855
-11.077009201049805
-11.101168632507324
-11.064798355102539
-11.06003189086914
-11.055517196655273
-11.07054328918457
-11.098752975463867
-11.112504005432129
-11.093559265136719
-11.063955307006836
-11.05309772491455
-11.028953552246094
-11.056323051452637
-11.075479507446289
-11.10232162475586
-11.08593463897705
-11.09635066986084
-11.087602615356445
-11.082109451293945
-11.102972030639648
-11.085563659667969
-11.068389892578125
-11.053567886352539
-11.066557884216309
-11.08301067352295
-11.100963592529297
-11.072975158691406
-11.069549560546875
-11.043794631958008
-11.035669326782227
-11.045573234558105
-11.071284294128418
-11.096280097961426
-11.107754707336426
-11.095940589904785
-11.053947448730469
-11.057247161865234
-11.071895599365234
-11.08802604675293
-11.09489917755127
-11.097726821899414
-11.075092315673828
-11.056991577148438
-11.057306289672852
-11.069718360900879
-11.080534934997559
-11.09742546081543
-11.090327262878418
-11.107728004455566
-11.080695152282715
-11.090995788574219
-11.08669376373291
-11.07690143585205
-11.086607933044434
-11.094614028930664
-11.117532730102539
-11.094555854797363
-11.104606628417969
-11.104941368103027
-11.110990524291992
-11.083685874938965
-11.056402206420898
-11.075695037841797
-11.0975923538208
-11.09268569946289
-11.088521957397461
-11.12499713897705
-11.077963829040527
-11.094557762145996
-11.09541130065918
-11.077689170837402
-11.050443649291992
-11.056001663208008
-11.01095199584961
-11.077905654907227
-11.114632606506348
-11.100558280944824
-11.087130546569824
-11.074113845825195
-11.07734489440918
-11.084264755249023
-11.105794906616211
-11.126352310180664
-11.118410110473633
-11.118680953979492
-11.105213165283203
-11.107354164123535
-11.05872631072998
-11.04695987701416
-11.050971031188965
-11.103750228881836
-11.08846664428711
-11.050060272216797
-10.996999740600586
-11.080227851867676
-11.116620063781738
-11.037923812866211
-10.976835250854492
-11.053921699523926
-11.085010528564453
-11.071127891540527
-11.0401029586792
-11.031132698059082
-11.094069480895996
-11.10608196258545
-11.105314254760742
-11.065777778625488
-11.0833740234375
-11.086198806762695
-11.098549842834473
-11.092276573181152
-11.093623161315918
-11.064309120178223
-11.06845760345459
-11.083208084106445
-11.107669830322266
-11.095906257629395
-11.073514938354492
-11.050543785095215
-11.097718238830566
-11.107415199279785
-11.100813865661621
-11.065836906433105
-11.045178413391113
-11.072503089904785
-11.067998886108398
-11.095573425292969
-11.100342750549316
-11.113208770751953
-11.105390548706055
-11.106688499450684
-11.112043380737305
-11.0919189453125
-11.103787422180176
-11.11487865447998
-11.117257118225098
-11.085864067077637
-11.06281852722168
-11.046256065368652
-11.064432144165039
-11.075559616088867
-11.094301223754883
-11.024005889892578
-11.065258026123047
-11.111117362976074
-11.098901748657227
-11.045588493347168
-11.018383026123047
-11.118229866027832
-11.119922637939453
-11.06041145324707
-11.060443878173828
-11.057232856750488
-11.109079360961914
-11.094544410705566
-11.059368133544922
-11.072037696838379
-11.110880851745605
-11.11696720123291
-11.080276489257812
-11.052509307861328
-11.101689338684082
-11.102947235107422
-11.12136173248291
-11.072827339172363
-11.068631172180176
-11.094708442687988
-11.102262496948242
-11.122419357299805
-11.128788948059082
-11.117690086364746
-11.11148738861084
-11.133066177368164
-11.117732048034668
-11.130956649780273
-11.10855770111084
-11.109450340270996
-11.1239013671875
-11.102412223815918
-11.119863510131836
-11.098265647888184
-11.104872703552246
-11.120205879211426
-11.129972457885742
-11.118562698364258
-11.108052253723145
-11.101719856262207
-11.102059364318848
-11.111738204956055
-11.120512962341309
-11.121172904968262
-11.10679817199707
-11.090049743652344
-11.070473670959473
-11.085578918457031
-11.124796867370605
-11.113018035888672
-11.130069732666016
-11.112006187438965
-11.124967575073242
-11.093070983886719
-11.1195707321167
-11.126243591308594
-11.128110885620117
-11.120131492614746
-11.1198148727417
-11.118524551391602
-11.130545616149902
-11.128082275390625
-11.124652862548828
-11.137275695800781
-11.117114067077637
-11.108955383300781
-11.139032363891602
-11.132437705993652
-11.132704734802246
-11.11877155303955
-11.099184036254883
-11.096675872802734
-11.10523509979248
-11.111713409423828
-11.124757766723633
-11.115139961242676
-11.13209056854248
-11.122781753540039
-11.124887466430664
-11.138761520385742
-11.122061729431152
-11.119293212890625
-11.118561744689941
-11.13118839263916
-11.136138916015625
-11.137402534484863
-11.132115364074707
-11.122967720031738
-11.110062599182129
-11.13097858428955
-11.118317604064941
-11.128228187561035
-11.123526573181152
-11.117721557617188
-11.121700286865234
-11.136198043823242
-11.137106895446777
-11.132336616516113
-11.140059471130371
-11.12327766418457
-11.125138282775879
-11.138127326965332
-11.132506370544434
-11.126551628112793
-11.132787704467773
-11.123787879943848
-11.121785163879395
-11.114334106445312
-11.099123001098633
-11.130793571472168
-11.1334228515625
-11.138050079345703
-11.153756141662598
-11.141241073608398
-11.126830101013184
-11.108973503112793
-11.117268562316895
-11.113896369934082
-11.109193801879883
-11.114598274230957
-11.106310844421387
-11.110923767089844
-11.126797676086426
-11.137045860290527
-11.156085014343262
-11.130375862121582
-11.138348579406738
-11.105499267578125
-11.124992370605469
-11.109992027282715
-11.15198802947998
-11.137077331542969
-11.149431228637695
-11.101683616638184
-11.071743965148926
-11.041580200195312
-11.070696830749512
-11.114912033081055
-11.142656326293945
-11.113176345825195
-11.07535457611084
-11.069737434387207
-11.129141807556152
-11.139961242675781
-11.12680435180664
-11.06424617767334
-11.018738746643066
-11.062186241149902
-11.131428718566895
-11.135159492492676
-11.141029357910156
-11.132364273071289
-11.135136604309082
-11.089616775512695
-11.110089302062988
-11.110574722290039
-11.128413200378418
-11.138547897338867
-11.114776611328125
-10.999603271484375
-10.991856575012207
-11.116852760314941
-11.13686752319336
-11.069615364074707
-11.052189826965332
-11.127861022949219
-11.169572830200195
-11.1162691116333
-11.084988594055176
-11.087544441223145
-11.128710746765137
-11.137094497680664
-11.149673461914062
-11.130745887756348
-11.153114318847656
-11.124555587768555
-11.12004566192627
-11.066160202026367
-11.067662239074707
-11.088189125061035
-11.16048812866211
-11.088875770568848
-11.032262802124023
-11.082985877990723
-11.135204315185547
-11.136235237121582
-11.065950393676758
-11.01616096496582
-11.118353843688965
-11.143162727355957
-11.119377136230469
-11.098092079162598
-11.119034767150879
-11.144600868225098
-11.146186828613281
-11.100744247436523
-11.084030151367188
-11.128968238830566
-11.142657279968262
-11.134286880493164
-11.054563522338867
-11.050895690917969
-11.131523132324219
-11.141319274902344
-11.08121109008789
-11.084182739257812
-11.11556339263916
-11.145998001098633
-11.154073715209961
-11.134268760681152
-11.124480247497559
-11.133213996887207
-11.15455150604248
-11.150392532348633
-11.1403169631958
-11.137463569641113
-11.151460647583008
-11.147106170654297
-11.158021926879883
-11.15134334564209
-11.144198417663574
-11.128482818603516
-11.14313793182373
-11.136202812194824
-11.1435546875
-11.175230979919434
-11.146844863891602
-11.140937805175781
-11.166980743408203
-11.145946502685547
-11.158730506896973
-11.15246295928955
-11.153592109680176
-11.158584594726562
-11.156330108642578
-11.159732818603516
-11.152053833007812
-11.144668579101562
-11.165629386901855
-11.156478881835938
-11.1575288772583
-11.174447059631348
-11.15965461730957
-11.164037704467773
-11.169116020202637
-11.164045333862305
-11.153298377990723
-11.161297798156738
-11.155081748962402
-11.165749549865723
-11.173164367675781
-11.14625072479248
-11.158825874328613
-11.157419204711914
-11.1414794921875
-11.155801773071289
-11.150404930114746
-11.154016494750977
-11.148387908935547
-11.164302825927734
-11.15860652923584
-11.163091659545898
-11.149161338806152
-11.126323699951172
-11.138243675231934
-11.136700630187988
-11.148396492004395
-11.175800323486328
-11.149029731750488
-11.155591011047363
-11.150365829467773
-11.114805221557617
-11.106892585754395
-11.097367286682129
-11.127113342285156
-11.16253662109375
-11.158919334411621
-11.141956329345703
-11.144699096679688
-11.110909461975098
-11.092490196228027
-11.12015438079834
-11.137431144714355
-11.15658950805664
-11.151350021362305
-11.15933609008789
-11.130467414855957
-11.11907958984375
-11.135885238647461
-11.143033981323242
-11.158260345458984
-11.162551879882812
-11.186941146850586
-11.160972595214844
-11.164978981018066
-11.149839401245117
-11.169464111328125
-11.145877838134766
-11.155145645141602
-11.179150581359863
-11.160009384155273
-11.171323776245117
-11.171092987060547
-11.157610893249512
-11.152192115783691
-11.159163475036621
-11.13607120513916
-11.147575378417969
-11.140396118164062
-11.126718521118164
-11.144147872924805
-11.161561012268066
-11.149297714233398
-11.151832580566406
-11.176876068115234
-11.156563758850098
-11.152435302734375
-11.135994911193848
-11.143876075744629
-11.166274070739746
-11.151920318603516
-11.163067817687988
-11.168094635009766
-11.168108940124512
-11.160808563232422
-11.138209342956543
-11.097970962524414
-11.099425315856934
-11.14033317565918
-11.16977310180664
-11.167506217956543
-11.154214859008789
-11.127326965332031
-11.102463722229004
-11.119060516357422
-11.138143539428711
-11.169005393981934
-11.17954158782959
-11.163409233093262
-11.12758731842041
-11.111833572387695
-11.130208015441895
-11.15274715423584
-11.165970802307129
-11.168285369873047
-11.177956581115723
-11.151410102844238
-11.147700309753418
-11.143189430236816
-11.162816047668457
-11.163022994995117
-11.175101280212402
-11.159987449645996
-11.159269332885742
-11.151876449584961
-11.14786148071289
-11.173632621765137
-11.157546997070312
-11.168277740478516
-11.154878616333008
-11.161779403686523
-11.145466804504395
-11.123331069946289
-11.145218849182129
-11.154365539550781
-11.15345287322998
-11.177001953125
-11.186016082763672
-11.183859825134277
-11.168699264526367
-11.162577629089355
-11.190049171447754
-11.182267189025879
-11.175798416137695
-11.193497657775879
-11.177155494689941
-11.1814546585083
-11.144537925720215
-11.158039093017578
-11.144869804382324
-11.169426918029785
-11.166228294372559
-11.166056632995605
-11.160835266113281
-11.129822731018066
-11.09556770324707
-11.128767967224121
-11.16319751739502
-11.17506217956543
-11.181034088134766
-11.16349983215332
-11.122435569763184
-11.096037864685059
-11.126585960388184
-11.158726692199707
-11.180232048034668
-11.181676864624023
-11.146575927734375
-11.145623207092285
-11.161130905151367
-11.175539016723633
-11.16903018951416
-11.151460647583008
-11.13080883026123
-11.109092712402344
-11.123043060302734
-11.145769119262695
-11.179080963134766
-11.171287536621094
-11.118234634399414
-11.107283592224121
-11.157700538635254
-11.170841217041016
-11.189141273498535
-11.169569969177246
-11.132455825805664
-11.128817558288574
-11.141960144042969
-11.154826164245605
-11.173942565917969
-11.176180839538574
-11.190755844116211
-11.188655853271484
-11.186417579650879
-11.189969062805176
-11.192774772644043
-11.17822551727295
-11.17711353302002
-11.16100025177002
-11.162660598754883
-11.166234016418457
-11.162758827209473
-11.17636489868164
-11.175535202026367
-11.183903694152832
-11.180097579956055
-11.172775268554688
-11.177861213684082
-11.181902885437012
-11.187314987182617
-11.190484046936035
-11.18709945678711
-11.191739082336426
-11.186902046203613
-11.192453384399414
-11.189658164978027
-11.188337326049805
-11.181272506713867
-11.178651809692383
-11.16272258758545
-11.1378173828125
-11.112503051757812
-11.121759414672852
-11.137968063354492
-11.16826343536377
-11.171192169189453
-11.200374603271484
-11.190866470336914
-11.158736228942871
-11.138731002807617
-11.12156867980957
-11.164846420288086
-11.182378768920898
-11.185688972473145
-11.175248146057129
-11.175821304321289
-11.152239799499512
-11.131653785705566
-11.146089553833008
-11.151874542236328
-11.164414405822754
-11.173619270324707
-11.193037033081055
-11.182523727416992
-11.176189422607422
-11.171175956726074
-11.171111106872559
-11.167344093322754
-11.172609329223633
-11.164336204528809
-11.17072582244873
-11.182414054870605
-11.191059112548828
-11.179157257080078
-11.18453311920166
-11.168704986572266
-11.132821083068848
-11.112462043762207
-11.14577579498291
-11.187047958374023
-11.183873176574707
-11.186077117919922
-11.180997848510742
-11.14143180847168
-11.13696002960205
-11.159613609313965
-11.154814720153809
-11.171761512756348
-11.184443473815918
-11.188553810119629
-11.190394401550293
-11.184466361999512
-11.18051528930664
-11.167061805725098
-11.181169509887695
-11.164798736572266
-11.139558792114258
-11.160924911499023
-11.187952995300293
-11.184896469116211
-11.141068458557129
-11.100529670715332
-11.135356903076172
-11.1803617477417
-11.171893119812012
-11.202508926391602
-11.194062232971191
-11.189011573791504
-11.183625221252441
-11.16596794128418
-11.125397682189941
-11.128315925598145
-11.163890838623047
-11.161288261413574
-11.17190933227539
-11.174925804138184
-11.188410758972168
-11.177390098571777
-11.16849136352539
-11.115694046020508
-11.124969482421875
-11.15684700012207
-11.189565658569336
-11.156651496887207
-11.086420059204102
-11.058289527893066
-11.172355651855469
-11.166291236877441
-11.075896263122559
-11.080865859985352
-11.156573295593262
-11.194205284118652
-11.167655944824219
-11.117419242858887
-11.130463600158691
-11.161320686340332
-11.187235832214355
-11.154075622558594
-11.103341102600098
-11.132765769958496
-11.184459686279297
-11.2078218460083
-11.176377296447754
-11.17082405090332
-11.182988166809082
-11.179437637329102
-11.196643829345703
-11.192765235900879
-11.181313514709473
-11.172844886779785
-11.190476417541504
-11.18770980834961
-11.190919876098633
-11.194743156433105
-11.190896034240723
-11.198404312133789
-11.20529842376709
-11.19983196258545
-11.205897331237793
-11.19323444366455
-11.190679550170898
-11.186712265014648
-11.174507141113281
-11.179800987243652
-11.195536613464355
-11.208063125610352
-11.21019458770752
-11.204360008239746
-11.194507598876953
-11.185372352600098
-11.18195915222168
-11.204228401184082
-11.193809509277344
-11.201349258422852
-11.210739135742188
-11.19817066192627
-11.194100379943848
-11.206140518188477
-11.200817108154297
-11.217695236206055
-11.208324432373047
-11.198426246643066
-11.199212074279785
-11.185691833496094
-11.18089771270752
-11.17936897277832
-11.198369979858398
-11.193151473999023
-11.195067405700684
-11.21562385559082
-11.188396453857422
-11.193157196044922
-11.173300743103027
-11.192424774169922
-11.201518058776855
-11.195773124694824
-11.192757606506348
-11.187211036682129
-11.187941551208496
-11.192197799682617
-11.201821327209473
-11.195146560668945
-11.193902969360352
-11.211134910583496
-11.206559181213379
-11.195795059204102
-11.194101333618164
-11.184622764587402
-11.18666934967041
-11.169588088989258
-11.17685604095459
-11.169824600219727
-11.192195892333984
-11.20491886138916
-11.221003532409668
-11.197517395019531
-11.181695938110352
-11.13636302947998
-11.132089614868164
-11.14162540435791
-11.175227165222168
-11.210925102233887
-11.207651138305664
-11.183886528015137
-11.16598892211914
-11.167502403259277
-11.168867111206055
-11.182584762573242
-11.200409889221191
-11.194673538208008
-11.214144706726074
-11.21731948852539
-11.208666801452637
-11.19974136352539
-11.195751190185547
-11.206879615783691
-11.204351425170898
-11.196878433227539
-11.207615852355957
-11.208420753479004
-11.218183517456055
-11.211467742919922
-11.20986270904541
-11.215862274169922
-11.21055793762207
-11.198297500610352
-11.208799362182617
-11.196962356567383
-11.180459976196289
-11.171436309814453
-11.16626262664795
-11.150754928588867
-11.14480209350586
-11.187207221984863
-11.19797420501709
-11.213654518127441
-11.216914176940918
-11.19443130493164
-11.203819274902344
-11.19683837890625
-11.19324779510498
-11.188036918640137
-11.182799339294434
-11.172235488891602
-11.160902976989746
-11.187426567077637
-11.205101013183594
-11.205845832824707
-11.188745498657227
-11.185107231140137
-11.17628288269043
-11.162670135498047
-11.176915168762207
-11.212632179260254
-11.190912246704102
-11.120976448059082
-11.091691970825195
-11.130311965942383
-11.172436714172363
-11.208647727966309
-11.205879211425781
-11.193690299987793
-11.167689323425293
-11.182536125183105
-11.192292213439941
-11.215580940246582
-11.214448928833008
-11.207489967346191
-11.205096244812012
-11.195582389831543
-11.204760551452637
-11.2117919921875
-11.209419250488281
-11.193193435668945
-11.19727897644043
-11.189231872558594
-11.177828788757324
-11.170026779174805
-11.17735767364502
-11.211605072021484
-11.209763526916504
-11.224135398864746
-11.21947193145752
-11.218894958496094
-11.2119722366333
-11.22797679901123
-11.21302604675293
-11.211312294006348
-11.201836585998535
-11.204541206359863
-11.20913314819336
-11.19058609008789
-11.163756370544434
-11.134180068969727
-11.128535270690918
-11.142171859741211
-11.181646347045898
-11.20492935180664
-11.223175048828125
-11.212900161743164
-11.207763671875
-11.205545425415039
-11.168127059936523
-11.11174488067627
-11.138395309448242
-11.193228721618652
-11.200486183166504
-11.112064361572266
-11.006694793701172
-11.150163650512695
-11.21414566040039
-11.150642395019531
-11.049667358398438
-11.106244087219238
-11.18301010131836
-11.163763999938965
-11.147869110107422
-11.211112976074219
-11.21369743347168
-11.175000190734863
-11.157660484313965
-11.177467346191406
-11.217825889587402
-11.224674224853516
-11.190590858459473
-11.168612480163574
-11.184203147888184
-11.203378677368164
-11.210378646850586
-11.19990062713623
-11.18503475189209
-11.186286926269531
-11.204739570617676
-11.209766387939453
-11.204059600830078
-11.197937965393066
-11.193920135498047
-11.191264152526855
-11.203042030334473
-11.200657844543457
-11.208765029907227
-11.21148681640625
-11.210192680358887
-11.214214324951172
-11.214784622192383
-11.223246574401855
-11.220539093017578
-11.211991310119629
-11.189611434936523
-11.179586410522461
-11.184618949890137
-11.20076847076416
-11.22402572631836
-11.21445369720459
-11.211103439331055
-11.19383430480957
-11.203665733337402
-11.219010353088379
-11.223159790039062
-11.221635818481445
-11.229595184326172
-11.238224029541016
-11.232659339904785
-11.227696418762207
-11.224884033203125
-11.221861839294434
-11.216105461120605
-11.22217082977295
-11.224898338317871
-11.205343246459961
-11.202476501464844
-11.20852279663086
-11.20674991607666
-11.216259002685547
-11.218002319335938
-11.233558654785156
-11.231194496154785
-11.22688102722168
-11.212369918823242
-11.20592212677002
-11.192001342773438
-11.217931747436523
-11.21541690826416
-11.230602264404297
-11.233959197998047
-11.211525917053223
-11.19677448272705
-11.19143009185791
-11.191166877746582
-11.163384437561035
-11.165032386779785
-11.19367504119873
-11.216472625732422
-11.22899055480957
-11.223010063171387
-11.203838348388672
-11.193565368652344
-11.181201934814453
-11.179244041442871
-11.204736709594727
-11.21826457977295
-11.226608276367188
-11.233319282531738
-11.217500686645508
-11.217916488647461
-11.204792976379395
-11.195488929748535
-11.178085327148438
-11.186225891113281
-11.18992805480957
-11.21435546875
-11.232025146484375
-11.224912643432617
-11.236557006835938
-11.235322952270508
-11.22265625
-11.235589981079102
-11.227473258972168
-11.235129356384277
-11.238472938537598
-11.23214054107666
-11.229162216186523
-11.232275009155273
-11.224836349487305
-11.223077774047852
-11.22968864440918
-11.229931831359863
-11.2332763671875
-11.23906421661377
-11.225321769714355
-11.237542152404785
-11.222204208374023
-11.214508056640625
-11.189929008483887
-11.193995475769043
-11.181099891662598
-11.192883491516113
-11.2030611038208
-11.22727108001709
-11.230291366577148
-11.233726501464844
-11.21786117553711
-11.207275390625
-11.20020866394043
-11.166280746459961
-11.175647735595703
-11.207961082458496
-11.221447944641113
-11.21501636505127
-11.192065238952637
-11.185687065124512
-11.191231727600098
-11.21291446685791
-11.215636253356934
-11.226386070251465
-11.225005149841309
-11.229897499084473
-11.24748420715332
-11.226764678955078
-11.20655632019043
-11.204358100891113
-11.204526901245117
-11.194404602050781
-11.210037231445312
-11.215614318847656
-11.237578392028809
-11.240184783935547
-11.231576919555664
-11.236550331115723
-11.234269142150879
-11.222771644592285
-11.206282615661621
-11.1849365234375
-11.178934097290039
-11.19802188873291
-11.227087020874023
-11.236222267150879
-11.222296714782715
-11.20277214050293
-11.188569068908691
-11.185455322265625
-11.17383861541748
-11.205827713012695
-11.204216003417969
-11.241230964660645
-11.233440399169922
-11.22138786315918
-11.19028091430664
-11.151423454284668
-11.168135643005371
-11.206640243530273
-11.218389511108398
-11.243331909179688
-11.223053932189941
-11.220781326293945
-11.185718536376953
-11.210103034973145
-11.213367462158203
-11.224520683288574
-11.223493576049805
-11.238974571228027
-11.234522819519043
-11.234972953796387
-11.21247386932373
-11.203095436096191
-11.183684349060059
-11.179059028625488
-11.209115028381348
-11.22171688079834
-11.237861633300781
-11.245725631713867
-11.245929718017578
-11.222831726074219
-11.206296920776367
-11.170010566711426
-11.167860984802246
-11.192745208740234
-11.216690063476562
-11.24431037902832
-11.223899841308594
-11.131442070007324
-11.140559196472168
-11.185928344726562
-11.226448059082031
-11.229207038879395
-11.176485061645508
-11.132872581481934
-11.126617431640625
-11.200592041015625
-11.219438552856445
-11.193036079406738
-11.139334678649902
-11.180988311767578
-11.230951309204102
-11.219306945800781
-11.120970726013184
-11.070382118225098
-11.165608406066895
-11.240373611450195
-11.153288841247559
-11.070343017578125
-11.198470115661621
-11.224672317504883
-11.130558967590332
-11.150550842285156
-11.21285343170166
-11.237472534179688
-11.21254825592041
-11.141352653503418
-11.150838851928711
-11.218628883361816
-11.238659858703613
-11.218429565429688
-11.196174621582031
-11.210622787475586
-11.234560012817383
-11.233758926391602
-11.225177764892578
-11.21786117553711
-11.219757080078125
-11.237245559692383
-11.242728233337402
-11.244482040405273
-11.243160247802734
-11.232218742370605
-11.239148139953613
-11.24820613861084
-11.247262001037598
-11.244223594665527
-11.251160621643066
-11.243512153625488
-11.252315521240234
-11.240100860595703
-11.24142074584961
-11.24298095703125
-11.245598793029785
-11.23886775970459
-11.239830017089844
-11.237387657165527
-11.245837211608887
-11.240825653076172
-11.238086700439453
-11.248977661132812
-11.244763374328613
-11.24136734008789
-11.236553192138672
-11.252689361572266
-11.24579906463623
-11.250421524047852
-11.248494148254395
-11.25027847290039
-11.253205299377441
-11.243237495422363
-11.236530303955078
-11.232792854309082
-11.234114646911621
-11.229899406433105
-11.236522674560547
-11.239675521850586
-11.233939170837402
-11.235862731933594
-11.24705982208252
-11.247149467468262
-11.253144264221191
-11.250677108764648
-11.248762130737305
-11.24600601196289
-11.253080368041992
-11.245391845703125
-11.249281883239746
-11.23972225189209
-11.238059043884277
-11.22476577758789
-11.233786582946777
-11.229246139526367
-11.225571632385254
-11.224516868591309
-11.224929809570312
-11.20633602142334
-11.218482971191406
-11.205957412719727
-11.218728065490723
-11.234419822692871
-11.241682052612305
-11.25410270690918
-11.254265785217285
-11.259519577026367
-11.248810768127441
-11.24782943725586
-11.251222610473633
-11.248924255371094
-11.24817943572998
-11.246914863586426
-11.228670120239258
-11.216924667358398
-11.198144912719727
-11.195858001708984
-11.232168197631836
-11.254039764404297
-11.243155479431152
-11.224763870239258
-11.216509819030762
-11.209868431091309
-11.22375774383545
-11.232065200805664
-11.234772682189941
-11.240453720092773
-11.25112533569336
-11.253920555114746
-11.252010345458984
-11.259450912475586
-11.256441116333008
-11.255843162536621
-11.264145851135254
-11.245429992675781
-11.25156021118164
-11.25084400177002
-11.253670692443848
-11.25757884979248
-11.257155418395996
-11.255264282226562
-11.256017684936523
-11.253071784973145
-11.241748809814453
-11.227615356445312
-11.203585624694824
-11.225593566894531
-11.239130020141602
-11.251445770263672
-11.253606796264648
-11.260684967041016
-11.26116943359375
-11.252828598022461
-11.251935005187988
-11.246432304382324
-11.235421180725098
-11.211740493774414
-11.1798734664917
-11.189038276672363
-11.206809997558594
-11.23557186126709
-11.244961738586426
-11.249507904052734
-11.241317749023438
-11.247117042541504
-11.242681503295898
-11.24732780456543
-11.256129264831543
-11.258589744567871
-11.253904342651367
-11.249234199523926
-11.228300094604492
-11.21735954284668
-11.216097831726074
-11.223581314086914
-11.232125282287598
-11.249774932861328
-11.246855735778809
-11.255139350891113
-11.255062103271484
-11.251350402832031
-11.254142761230469
-11.254157066345215
-11.264253616333008
-11.253839492797852
-11.236400604248047
-11.216753959655762
-11.195343017578125
-11.20788288116455
-11.23687744140625
-11.259864807128906
-11.2655029296875
-11.256128311157227
-11.257776260375977
-11.257551193237305
-11.262528419494629
-11.255192756652832
-11.244770050048828
-11.248385429382324
-11.234182357788086
-11.223762512207031
-11.226011276245117
-11.238202095031738
-11.244889259338379
-11.246465682983398
-11.25167179107666
-11.252776145935059
-11.255043029785156
-11.26468276977539
-11.260785102844238
-11.26383113861084
-11.257543563842773
-11.255167007446289
-11.242633819580078
-11.231828689575195
-11.201032638549805
-11.17689323425293
-11.173056602478027
-11.2078218460083
-11.222487449645996
-11.243752479553223
-11.249279022216797
-11.263263702392578
-11.248001098632812
-11.205551147460938
-11.17214298248291
-11.163330078125
-11.214818954467773
-11.24924373626709
-11.257654190063477
-11.255029678344727
-11.262602806091309
-11.264081954956055
-11.268327713012695
-11.26472282409668
-11.2528657913208
-11.258360862731934
-11.254985809326172
-11.252779960632324
-11.249459266662598
-11.257355690002441
-11.263829231262207
-11.271678924560547
-11.2628755569458
-11.26503849029541
-11.27011489868164
-11.273181915283203
-11.272133827209473
-11.268383026123047
-11.264349937438965
-11.264053344726562
-11.268651962280273
-11.264935493469238
-11.266077041625977
-11.260132789611816
-11.261910438537598
-11.235391616821289
-11.2105712890625
-11.190545082092285
-11.203204154968262
-11.227843284606934
-11.237648963928223
-11.243261337280273
-11.234115600585938
-11.225762367248535
-11.214435577392578
-11.209128379821777
-11.192595481872559
-11.200578689575195
-11.232375144958496
-11.255074501037598
-11.249476432800293
-11.23929214477539
-11.226607322692871
-11.20058822631836
-11.227331161499023
-11.252083778381348
-11.24167251586914
-11.231855392456055
-11.221570014953613
-11.211006164550781
-11.228531837463379
-11.25390625
-11.250662803649902
-11.261642456054688
-11.249428749084473
-11.216390609741211
-11.189644813537598
-11.202848434448242
-11.245116233825684
-11.264824867248535
-11.265826225280762
-11.253642082214355
-11.212309837341309
-11.19608211517334
-11.223503112792969
-11.25887680053711
-11.269030570983887
-11.259711265563965
-11.2460355758667
-11.211944580078125
-11.197722434997559
-11.209599494934082
-11.247004508972168
-11.266997337341309
-11.272612571716309
-11.24710464477539
-11.226838111877441
-11.231451034545898
-11.254129409790039
-11.263666152954102
-11.263717651367188
-11.262096405029297
-11.251334190368652
-11.239067077636719
-11.227269172668457
-11.235529899597168
-11.238069534301758
-11.257379531860352
-11.267478942871094
-11.270129203796387
-11.272421836853027
-11.265573501586914
-11.251829147338867
-11.243104934692383
-11.223224639892578
-11.220229148864746
-11.230734825134277
-11.256937026977539
-11.2687406539917
-11.267169952392578
-11.269704818725586
-11.27422046661377
-11.267760276794434
-11.275843620300293
-11.266637802124023
-11.261822700500488
-11.256824493408203
-11.25410270690918
-11.25189208984375
-11.2395658493042
-11.233304023742676
-11.246047019958496
-11.260275840759277
-11.258752822875977
-11.270498275756836
-11.270092964172363
-11.26998233795166
-11.275992393493652
-11.272379875183105
-11.270427703857422
-11.264747619628906
-11.253600120544434
-11.246142387390137
-11.241579055786133
-11.234911918640137
-11.244030952453613
-11.247178077697754
-11.256111145019531
-11.267498970031738
-11.269875526428223
-11.269298553466797
-11.262065887451172
-11.264541625976562
-11.26024055480957
-11.266864776611328
-11.274044036865234
-11.274081230163574
-11.274995803833008
-11.278246879577637
-11.275313377380371
-11.268380165100098
-11.277864456176758
-11.269831657409668
-11.26176929473877
-11.251221656799316
-11.255715370178223
-11.245598793029785
-11.248322486877441
-11.245766639709473
-11.249044418334961
-11.244832992553711
-11.250271797180176
-11.250370025634766
-11.244993209838867
-11.238645553588867
-11.238062858581543
-11.248995780944824
-11.248492240905762
-11.264044761657715
-11.273375511169434
-11.274028778076172
-11.276808738708496
-11.270827293395996
-11.26987361907959
-11.270493507385254
-11.266924858093262
-11.269586563110352
-11.26065731048584
-11.260921478271484
-11.239710807800293
-11.233832359313965
-11.230772018432617
-11.235210418701172
-11.23654842376709
-11.260616302490234
-11.265340805053711
-11.273337364196777
-11.277788162231445
-11.281392097473145
-11.27988052368164
-11.285757064819336
-11.279356002807617
-11.276629447937012
-11.27473258972168
-11.280695915222168
-11.278987884521484
-11.277403831481934
-11.27839469909668
-11.276568412780762
-11.276793479919434
-11.273194313049316
-11.271217346191406
-11.272245407104492
-11.261295318603516
-11.25054931640625
-11.23814868927002
-11.216225624084473
-11.230597496032715
-11.237107276916504
-11.250503540039062
-11.256925582885742
-11.260446548461914
-11.269026756286621
-11.269168853759766
-11.270341873168945
-11.269493103027344
-11.26732349395752
-11.2750883102417
-11.272744178771973
-11.274746894836426
-11.271075248718262
-11.269002914428711
-11.255767822265625
-11.241947174072266
-11.214153289794922
-11.205817222595215
-11.214284896850586
-11.247529029846191
-11.271065711975098
-11.277153015136719
-11.283975601196289
-11.277976989746094
-11.261425971984863
-11.239639282226562
-11.218419075012207
-11.199033737182617
-11.223015785217285
-11.25328254699707
-11.261700630187988
-11.274969100952148
-11.278633117675781
-11.270578384399414
-11.245208740234375
-11.225457191467285
-11.209179878234863
-11.234354019165039
-11.2626371383667
-11.278478622436523
-11.281219482421875
-11.283156394958496
-11.26356029510498
-11.256033897399902
-11.247479438781738
-11.253144264221191
-11.263568878173828
-11.274730682373047
-11.277454376220703
-11.286022186279297
-11.281682968139648
-11.26655101776123
-11.248698234558105
-11.231894493103027
-11.21837043762207
-11.240825653076172
-11.26193904876709
-11.278843879699707
-11.28309440612793
-11.288514137268066
-11.28329849243164
-11.280415534973145
-11.28251838684082
-11.283730506896973
-11.280582427978516
-11.2811861038208
-11.277650833129883
-11.281413078308105
-11.269204139709473
-11.270709991455078
-11.258112907409668
-11.265803337097168
-11.266962051391602
-11.27860164642334
-11.2828369140625
-11.27944564819336
-11.271819114685059
-11.24841022491455
-11.213109016418457
-11.188892364501953
-11.233001708984375
-11.272610664367676
-11.278783798217773
-11.25182056427002
-11.212359428405762
-11.211978912353516
-11.222881317138672
-11.242767333984375
-11.262121200561523
-11.257883071899414
-11.258152961730957
-11.25727367401123
-11.256911277770996
-11.260129928588867
-11.259502410888672
-11.26046085357666
-11.265666961669922
-11.272994995117188
-11.27605152130127
-11.275674819946289
-11.274147987365723
-11.283795356750488
-11.27092170715332
-11.274886131286621
-11.25892162322998
-11.260168075561523
-11.253692626953125
-11.25803279876709
-11.252422332763672
-11.247013092041016
-11.245473861694336
-11.23960018157959
-11.243927955627441
-11.26477336883545
-11.273455619812012
-11.285762786865234
-11.289761543273926
-11.275223731994629
-11.265564918518066
-11.253371238708496
-11.251279830932617
-11.242624282836914
-11.245101928710938
-11.258106231689453
-11.269813537597656
-11.277679443359375
-11.288590431213379
-11.288698196411133
-11.280555725097656
-11.274593353271484
-11.263615608215332
-11.261922836303711
-11.258176803588867
-11.261778831481934
-11.26294231414795
-11.276725769042969
-11.285776138305664
-11.291357040405273
-11.286179542541504
-11.287540435791016
-11.288660049438477
-11.284622192382812
-11.277416229248047
-11.2584810256958
-11.23034954071045
-11.209909439086914
-11.22889232635498
-11.258607864379883
-11.27769660949707
-11.285980224609375
-11.285079956054688
-11.289216041564941
-11.288199424743652
-11.279987335205078
-11.271459579467773
-11.255606651306152
-11.224005699157715
-11.21284008026123
-11.241288185119629
-11.273444175720215
-11.28307056427002
-11.267777442932129
-11.247097969055176
-11.205737113952637
-11.213284492492676
-11.250292778015137
-11.276678085327148
-11.291182518005371
-11.28537368774414
-11.288772583007812
-11.280362129211426
-11.278009414672852
-11.281338691711426
-11.283727645874023
-11.286471366882324
-11.291196823120117
-11.286914825439453
-11.29455280303955
-11.289399147033691
-11.291738510131836
-11.287014961242676
-11.284122467041016
-11.280220031738281
-11.282071113586426
-11.290019035339355
-11.29154109954834
-11.290910720825195
-11.291180610656738
-11.274285316467285
-11.265134811401367
-11.24558162689209
-11.238998413085938
-11.246930122375488
-11.27173900604248
-11.290937423706055
-11.287405014038086
-11.265849113464355
-11.2444429397583
-11.234477996826172
-11.24487018585205
-11.260676383972168
-11.278035163879395
-11.285842895507812
-11.294818878173828
-11.29006290435791
-11.293603897094727
-11.29129409790039
-11.282909393310547
-11.280921936035156
-11.273993492126465
-11.269436836242676
-11.26347541809082
-11.272879600524902
-11.277043342590332
-11.281736373901367
-11.28519344329834
-11.29405689239502
-11.286741256713867
-11.267980575561523
-11.248106956481934
-11.227684020996094
-11.231144905090332
-11.260705947875977
-11.284343719482422
-11.288118362426758
-11.284269332885742
-11.264861106872559
-11.260551452636719
-11.26138687133789
-11.269737243652344
-11.290152549743652
-11.295686721801758
-11.288649559020996
-11.271462440490723
-11.240864753723145
-11.225130081176758
-11.245786666870117
-11.27073860168457
-11.288274765014648
-11.287254333496094
-11.290192604064941
-11.28441047668457
-11.274954795837402
-11.263218879699707
-11.260119438171387
-11.26514720916748
-11.281715393066406
-11.287824630737305
-11.293664932250977
-11.299644470214844
-11.291997909545898
-11.295615196228027
-11.299582481384277
-11.295549392700195
-11.287900924682617
-11.28040599822998
-11.28479290008545
-11.275843620300293
-11.275983810424805
-11.270516395568848
-11.286221504211426
-11.291060447692871
-11.294951438903809
-11.291413307189941
-11.293920516967773
-11.292001724243164
-11.290414810180664
-11.283989906311035
-11.280364036560059
-11.272119522094727
-11.271700859069824
-11.282899856567383
-11.28195858001709
-11.27142333984375
-11.273921012878418
-11.262134552001953
-11.26345443725586
-11.255440711975098
-11.267783164978027
-11.283459663391113
-11.290664672851562
-11.293638229370117
-11.296149253845215
-11.296443939208984
-11.300308227539062
-11.296733856201172
-11.298864364624023
-11.293113708496094
-11.297442436218262
-11.298316955566406
-11.298770904541016
-11.297633171081543
-11.296110153198242
-11.300498008728027
-11.29750919342041
-11.299251556396484
-11.301962852478027
-11.29240894317627
-11.28754711151123
-11.289938926696777
-11.28493595123291
-11.275946617126465
-11.28115177154541
-11.273527145385742
-11.26665210723877
-11.25234603881836
-11.254012107849121
-11.254003524780273
-11.267218589782715
-11.27028751373291
-11.285292625427246
-11.286032676696777
-11.294357299804688
-11.296417236328125
-11.294317245483398
