loss_total
-20.361637115478516
-20.033796310424805
-19.92997932434082
-20.195486068725586
-20.313867568969727
-20.381925582885742
-20.52400779724121
-20.18880844116211
-20.582359313964844
-20.748971939086914
-20.759668350219727
-21.018461227416992
-20.493497848510742
-20.595556259155273
-21.084163665771484
-20.7237548828125
-20.81734848022461
-21.21901512145996
-21.336050033569336
-21.36636734008789
-21.806108474731445
-21.746917724609375
-21.651918411254883
-22.040546417236328
-22.20621109008789
-22.047866821289062
-22.240079879760742
-22.427284240722656
-22.654809951782227
-22.895294189453125
-23.274702072143555
-23.0693416595459
-23.391742706298828
-23.44319725036621
-23.809349060058594
-23.83557891845703
-24.41398048400879
-24.539892196655273
-24.97096061706543
-25.12688446044922
-25.97836685180664
-26.313859939575195
-26.44904327392578
-27.44707679748535
-28.28266143798828
-27.556243896484375
-27.861398696899414
-27.825963973999023
-28.354961395263672
-28.478057861328125
-28.935218811035156
-29.509300231933594
-29.42519760131836
-30.118038177490234
-29.91822052001953
-29.735170364379883
-29.863555908203125
-29.980466842651367
-29.83810806274414
-30.02318572998047
-30.039888381958008
-30.07054901123047
-30.34781265258789
-30.328142166137695
-30.467369079589844
-30.8291015625
-30.477384567260742
-30.65302276611328
-30.683616638183594
-30.929176330566406
-30.90845489501953
-30.875078201293945
-30.914703369140625
-31.3505916595459
-31.131576538085938
-31.459089279174805
-31.215356826782227
-31.254297256469727
-31.647716522216797
-31.502710342407227
-31.756168365478516
-31.65386390686035
-31.642866134643555
-31.82839584350586
-31.953197479248047
-32.030784606933594
-32.22954559326172
-32.33551025390625
-32.49263000488281
-32.4571533203125
-32.480796813964844
-32.77845001220703
-32.83458709716797
-33.13774871826172
-33.302276611328125
-33.376556396484375
-33.09501266479492
-33.56707000732422
-33.75762176513672
-33.78908920288086
-33.94118118286133
-34.24848937988281
-34.51591873168945
-34.59491729736328
-34.988800048828125
-35.13256072998047
-35.51304626464844
-35.75489807128906
-35.92914962768555
-36.01649856567383
-36.222267150878906
-36.269554138183594
-36.63484191894531
-36.82966995239258
-36.89030075073242
-37.02544021606445
-37.115936279296875
-37.29190444946289
-37.47252655029297
-37.008602142333984
-37.60906982421875
-37.71528625488281
-37.6688232421875
-37.725563049316406
-37.66803741455078
-37.82820510864258
-37.92705535888672
-37.89554977416992
-38.004722595214844
-37.96415328979492
-38.147159576416016
-38.313697814941406
-38.129764556884766
-38.27069854736328
-38.192222595214844
-38.3770866394043
-38.615478515625
-38.609310150146484
-38.59046936035156
-38.94463348388672
-38.901145935058594
-38.9144287109375
-39.103187561035156
-39.15275192260742
-39.13932800292969
-39.23338317871094
-39.44371795654297
-39.39759826660156
-39.368003845214844
-39.65153121948242
-39.64991760253906
-39.67327117919922
-39.7666015625
-39.936344146728516
-39.84062957763672
-40.09513473510742
-40.11591339111328
-40.00881576538086
-39.89302444458008
-40.28016662597656
-40.169376373291016
-40.37147903442383
-40.212799072265625
-40.390113830566406
-40.34798049926758
-40.61576843261719
-40.56406021118164
-40.81221008300781
-40.793968200683594
-40.587677001953125
-40.88024139404297
-40.90768051147461
-41.00994873046875
-40.97377395629883
-41.13404846191406
-41.03106689453125
-41.196502685546875
-41.12929916381836
-41.29329299926758
-41.2142333984375
-41.269290924072266
-41.38473129272461
-41.42925262451172
-41.65610122680664
-41.59641647338867
-41.47199249267578
-41.693870544433594
-41.584197998046875
-41.66889190673828
-41.77312088012695
-41.47041702270508
-41.85446548461914
-41.749122619628906
-41.90167999267578
-42.06332015991211
-41.93406295776367
-41.916343688964844
-42.09552001953125
-41.97132873535156
-42.12521743774414
-42.18190383911133
-41.94375228881836
-42.34148025512695
-42.28810119628906
-42.29658126831055
-42.352378845214844
-42.3348274230957
-42.37458038330078
-42.53192138671875
-42.56459426879883
-42.51763153076172
-42.52057647705078
-42.76769256591797
-42.43333435058594
-42.532997131347656
-42.81134033203125
-42.55015182495117
-42.631813049316406
-42.73118591308594
-42.68802261352539
-42.797203063964844
-42.912784576416016
-42.79747772216797
-42.94794464111328
-42.926361083984375
-42.949951171875
-42.981937408447266
-43.023250579833984
-43.0
-43.07655334472656
-43.230525970458984
-42.89227294921875
-43.24482727050781
-43.06145095825195
-43.09420394897461
-43.276573181152344
-43.27491760253906
-43.1236572265625
-43.05693817138672
-43.35699462890625
-43.34347915649414
-43.17967987060547
-43.442325592041016
-43.482452392578125
-43.46498489379883
-43.53382873535156
-43.402442932128906
-43.695457458496094
-43.561771392822266
-43.613773345947266
-43.75688171386719
-43.834747314453125
-43.818397521972656
-43.71146011352539
-43.82526397705078
-43.83251190185547
-44.04771423339844
-43.95209884643555
-43.942996978759766
-44.136905670166016
-44.0792236328125
-44.039676666259766
-44.06340408325195
-44.090980529785156
-44.193634033203125
-44.285728454589844
-44.1307258605957
-44.16987609863281
-44.567535400390625
-44.1977653503418
-44.38703536987305
-44.33285140991211
-44.45573425292969
-44.66157913208008
-44.79315185546875
-44.76141357421875
-44.86420822143555
-44.88010025024414
-44.859718322753906
-44.966678619384766
-45.00532913208008
-45.00000762939453
-44.99146270751953
-44.969215393066406
-45.04563522338867
-45.126068115234375
-44.97298049926758
-45.06516647338867
-45.01313400268555
-45.34410858154297
-45.292972564697266
-45.292659759521484
-45.105567932128906
-45.293434143066406
-45.51585006713867
-45.294212341308594
-45.34139633178711
-45.46605682373047
-45.411827087402344
-45.24211120605469
-45.506690979003906
-45.801307678222656
-45.57207489013672
-45.5789794921875
-45.76728439331055
-45.804473876953125
-45.71905517578125
-45.643821716308594
-45.73500061035156
-45.94444274902344
-45.748931884765625
-45.78593063354492
-45.8270149230957
-45.873748779296875
-45.925926208496094
-45.79248046875
-45.91984558105469
-46.03633117675781
-45.91926956176758
-45.89126968383789
-46.02655792236328
-45.90130615234375
-46.31120300292969
-46.04515075683594
-46.07883071899414
-46.12556457519531
-46.22189712524414
-46.042633056640625
-46.21837615966797
-46.34130096435547
-46.1898307800293
-46.555015563964844
-46.30912780761719
-46.48568344116211
-46.417808532714844
-46.45271301269531
-46.40535354614258
-46.4946403503418
-46.51103973388672
-46.487091064453125
-46.58685302734375
-46.44640350341797
-46.629974365234375
-46.59214782714844
-46.46872329711914
-46.576786041259766
-46.66349792480469
-46.67742156982422
-46.73844528198242
-46.64468002319336
-46.78920364379883
-46.44029235839844
-47.07942581176758
-46.73653793334961
-46.893096923828125
-46.625675201416016
-46.95023727416992
-46.89972686767578
-46.87739562988281
-46.69601058959961
-46.713966369628906
-46.943626403808594
-46.7872314453125
-47.16508865356445
-46.93605041503906
-47.099342346191406
-46.68223190307617
-46.89214324951172
-46.888389587402344
-46.89229965209961
-47.08333969116211
-46.89728546142578
-47.097042083740234
-47.03599166870117
-47.230682373046875
-47.14689254760742
-47.31201934814453
-47.10212707519531
-47.252052307128906
-47.41066360473633
-47.43354034423828
-47.41394805908203
-47.2373161315918
-47.28607940673828
-47.315704345703125
-47.32673263549805
-47.10521697998047
-47.397552490234375
-47.127357482910156
-47.33751678466797
-47.469539642333984
-47.32149887084961
-47.636566162109375
-47.61114501953125
-47.37372970581055
-47.56874084472656
-47.581443786621094
-47.616764068603516
-47.464561462402344
-47.806304931640625
-47.6900634765625
-47.68336868286133
-47.72614669799805
-47.62908172607422
-47.74282455444336
-47.76696014404297
-47.76300048828125
-47.75335693359375
-47.64411163330078
-47.83058166503906
-47.682525634765625
-47.781959533691406
-47.953006744384766
-47.82085037231445
-47.90190124511719
-47.905433654785156
-47.892791748046875
-47.92036437988281
-47.964088439941406
-47.91348648071289
-47.93079376220703
-47.909637451171875
-47.94710159301758
-47.767730712890625
-47.926387786865234
-47.83917999267578
-47.894775390625
-47.850440979003906
-47.970176696777344
-47.81041717529297
-47.996334075927734
-47.9127197265625
-48.00247573852539
-47.924644470214844
-47.91291809082031
-48.02967071533203
-48.023963928222656
-48.18561553955078
-48.091583251953125
-47.90534591674805
-48.042884826660156
-48.12890625
-48.010108947753906
-48.21918487548828
-48.055938720703125
-48.12141418457031
-48.178916931152344
-48.15081024169922
-48.07910919189453
-48.220375061035156
-48.116920471191406
-48.14085388183594
-48.139869689941406
-48.350128173828125
-48.29702377319336
-48.210514068603516
-48.26283645629883
-48.36176300048828
-48.349403381347656
-48.444732666015625
-48.31632995605469
-48.41259002685547
-48.31877517700195
-48.197994232177734
-48.38251495361328
-48.33433532714844
-48.51589584350586
-48.5078010559082
-48.42009735107422
-48.367103576660156
-48.288761138916016
-48.34242630004883
-48.439537048339844
-48.454833984375
-48.524070739746094
-48.46461868286133
-48.38025665283203
-48.241294860839844
-48.454246520996094
-48.492149353027344
-48.30477523803711
-48.375999450683594
-48.5175895690918
-48.61000061035156
-48.36860656738281
-48.420928955078125
-48.573883056640625
-48.56663131713867
-48.63521194458008
-48.418846130371094
-48.37554168701172
-48.5250358581543
-48.50918960571289
-48.393043518066406
-48.4534797668457
-48.29035568237305
-48.53020477294922
-48.52373504638672
-48.60444641113281
-48.47757339477539
-48.48879623413086
-48.63579559326172
-48.67443084716797
-48.54878616333008
-48.40818405151367
-48.646888732910156
-48.671634674072266
-48.66302490234375
-48.74903869628906
-48.75949478149414
-48.66783905029297
-48.651954650878906
-48.71105194091797
-48.76209259033203
-48.67258834838867
-48.767364501953125
-48.863101959228516
-48.732261657714844
-48.73936080932617
-48.77790451049805
-48.75602722167969
-48.737586975097656
-48.72480392456055
-48.658382415771484
-48.612606048583984
-48.86860656738281
-48.734832763671875
-48.71379852294922
-48.70223617553711
-48.67194747924805
-48.781639099121094
-48.84856033325195
-48.7380485534668
-48.75074768066406
-48.769004821777344
-48.69113540649414
-48.881507873535156
-48.86094665527344
-48.855960845947266
-48.71010971069336
-48.73059844970703
-48.8092155456543
-48.92756652832031
-48.96002197265625
-48.90835952758789
-48.85824966430664
-48.836883544921875
-48.83510208129883
-48.957847595214844
-48.89923095703125
-48.848670959472656
-48.86136245727539
-48.76127624511719
-48.854095458984375
-48.9321403503418
-49.02369689941406
-48.99348449707031
-48.91313934326172
-48.81429672241211
-48.814292907714844
-49.01508331298828
-48.82656478881836
-48.954261779785156
-48.93656921386719
-49.018653869628906
-49.07833480834961
-49.07416534423828
-49.053436279296875
-48.989742279052734
-48.89044952392578
-48.89131164550781
-48.77601623535156
-48.988311767578125
-49.008331298828125
-48.999149322509766
-49.14305877685547
-49.023555755615234
-49.00277328491211
-49.01319122314453
-48.86468505859375
-48.87971496582031
-48.98957824707031
-48.92027282714844
-48.942901611328125
-49.11262130737305
-49.01490020751953
-49.04696273803711
-49.02192687988281
-49.039268493652344
-49.08656692504883
-49.134544372558594
-49.00230407714844
-48.99311828613281
-49.00927734375
-48.99275207519531
-49.03179931640625
-49.07963180541992
-49.06253433227539
-49.1649169921875
-49.075157165527344
-48.94932556152344
-49.053226470947266
-49.15011978149414
-49.214378356933594
-49.20222473144531
-49.14544677734375
-49.077213287353516
-48.844051361083984
-49.0731315612793
-49.21110916137695
-49.165504455566406
-49.1085205078125
-49.06521224975586
-49.081626892089844
-49.10390090942383
-49.06270217895508
-49.179481506347656
-49.28104782104492
-49.22955322265625
-49.319000244140625
-49.30694580078125
-49.26121520996094
-49.27940368652344
-48.99742889404297
-49.1439208984375
-49.1494255065918
-49.122337341308594
-49.29895782470703
-49.30130386352539
-49.247745513916016
-49.14093780517578
-49.07917785644531
-49.21467971801758
-49.27910232543945
-49.36465072631836
-49.24480056762695
-49.32514190673828
-49.28603744506836
-49.15802001953125
-49.24242401123047
-49.36488723754883
-49.295745849609375
-49.19704055786133
-49.19211959838867
-49.10940170288086
-49.233619689941406
-49.41347885131836
-49.29096603393555
-49.23394775390625
-49.03233337402344
-49.34209442138672
-49.417884826660156
-49.48236083984375
-49.45710372924805
-49.1738395690918
-49.34492874145508
-49.42720031738281
-49.44630432128906
-49.40727996826172
-49.279258728027344
-49.125553131103516
-49.36932373046875
-49.39405822753906
-49.48888397216797
-49.395347595214844
-49.47003173828125
-49.32780075073242
-49.40262222290039
-49.3773307800293
-49.183616638183594
-49.20805358886719
-49.46028137207031
-49.46023941040039
-49.336524963378906
-49.15958786010742
-49.26543045043945
-49.44718933105469
-49.37135696411133
-49.00038146972656
-49.24559783935547
-49.44300079345703
-49.477813720703125
-49.400917053222656
-49.1488037109375
-49.362098693847656
-49.547630310058594
-49.51251220703125
-49.16526794433594
-49.23500061035156
-49.48021697998047
-49.49468994140625
-49.369083404541016
-49.35614776611328
-49.34831619262695
-49.493927001953125
-49.607547760009766
-49.545780181884766
-49.339542388916016
-49.307613372802734
-49.62921142578125
-49.51776885986328
-49.0900764465332
-49.574954986572266
-49.573524475097656
-49.288612365722656
-49.38754653930664
-49.507259368896484
-49.57677459716797
-49.386959075927734
-49.41972351074219
-49.581932067871094
-49.60877227783203
-49.60627746582031
-49.51506423950195
-49.45671844482422
-49.41521072387695
-49.57185745239258
-49.658226013183594
-49.632652282714844
-49.55173110961914
-49.36846923828125
-49.56895065307617
-49.624610900878906
-49.60356140136719
-49.65562438964844
-49.56841278076172
-49.60685348510742
-49.55438232421875
-49.608482360839844
-49.56130599975586
-49.49470901489258
-49.68090057373047
-49.63911056518555
-49.50751495361328
-49.58040237426758
-49.49137878417969
-49.506126403808594
-49.687965393066406
-49.61957931518555
-49.42416000366211
-49.420616149902344
-49.53507995605469
-49.671844482421875
-49.57048034667969
-49.423160552978516
-49.54197692871094
-49.6126708984375
-49.645477294921875
-49.74156188964844
-49.67998504638672
-49.61307907104492
-49.5440559387207
-49.583621978759766
-49.708003997802734
-49.67658615112305
-49.74860763549805
-49.65949630737305
-49.6512451171875
-49.437744140625
-49.58460998535156
-49.804466247558594
-49.59830093383789
-49.6475830078125
-49.74087142944336
-49.42538833618164
-49.391685485839844
-49.698936462402344
-49.599910736083984
-49.522769927978516
-49.519222259521484
-49.49750900268555
-49.32202911376953
-49.680877685546875
-49.8087158203125
-49.5372314453125
-49.57884216308594
-49.618080139160156
-49.55827713012695
-49.584991455078125
-49.61615753173828
-49.703521728515625
-49.693016052246094
-49.682952880859375
-49.55105209350586
-49.78824996948242
-49.80180358886719
-49.78150177001953
-49.58237838745117
-49.587345123291016
-49.876651763916016
-49.78464889526367
-49.787471771240234
-49.77555847167969
-49.6674690246582
-49.564613342285156
-49.709346771240234
-49.763511657714844
-49.88078308105469
-49.71520233154297
-49.707183837890625
-49.72650146484375
-49.700462341308594
-49.8041877746582
-49.831573486328125
-49.8019905090332
-49.80397033691406
-49.77565383911133
-49.69685745239258
-49.772926330566406
-49.835323333740234
-49.817928314208984
-49.81808090209961
-49.880374908447266
-49.71472930908203
-49.669654846191406
-49.70332717895508
-49.7786979675293
-49.894073486328125
-49.82350540161133
-49.76175308227539
-49.845970153808594
-49.7880744934082
-49.69685363769531
-49.769256591796875
-49.81159973144531
-49.808433532714844
-49.83148956298828
-49.88945770263672
-49.77622985839844
-49.82646942138672
-49.765472412109375
-49.77140808105469
-49.89006423950195
-49.7176513671875
-49.741668701171875
-49.74357604980469
-49.76585388183594
-49.806392669677734
-49.79994583129883
-49.879852294921875
-49.9005241394043
-49.79074478149414
-49.726844787597656
-49.727657318115234
-49.793365478515625
-49.88466262817383
-49.85752487182617
-49.92477798461914
-49.88372802734375
-49.7133903503418
-49.802520751953125
-49.668113708496094
-49.6915168762207
-49.816497802734375
-49.7300910949707
-49.708595275878906
-49.95286178588867
-49.97309494018555
-50.00372314453125
-49.98613357543945
-49.860084533691406
-49.876182556152344
-49.872074127197266
-49.779998779296875
-49.76860046386719
-49.84568405151367
-49.92436981201172
-49.98295974731445
-49.96581268310547
-49.9418830871582
-49.949668884277344
-49.98196029663086
-49.910465240478516
-49.74232864379883
-49.7977294921875
-50.00657653808594
-50.05564880371094
-50.0267333984375
-50.036434173583984
-49.9744873046875
-49.999916076660156
-49.886104583740234
-49.73656463623047
-49.8897590637207
-49.991065979003906
-50.06031799316406
-49.92953109741211
-49.824005126953125
-49.74099349975586
-49.95368576049805
-50.00086212158203
-49.92503356933594
-50.116790771484375
-49.95697021484375
-49.84486389160156
-49.931880950927734
-49.804542541503906
-49.780845642089844
-49.956974029541016
-50.01339340209961
-49.940616607666016
-49.89762496948242
-50.004478454589844
-49.590476989746094
-49.827476501464844
-49.83530044555664
-50.04572296142578
-50.01436996459961
-49.9337043762207
-49.64794158935547
-49.753074645996094
-50.01716995239258
-50.02991485595703
-50.037322998046875
-49.79048538208008
-49.88608932495117
-50.075721740722656
-50.118160247802734
-50.07754898071289
-50.14669418334961
-50.157493591308594
-50.07122039794922
-50.063758850097656
-49.88121795654297
-49.931495666503906
-50.05613327026367
-49.99781036376953
-49.962257385253906
-49.93598937988281
-49.88127899169922
-49.90827178955078
-49.99056625366211
-50.032623291015625
-50.11676025390625
-50.068904876708984
-50.143699645996094
-50.11678695678711
-50.04072189331055
-49.74101257324219
-50.0161018371582
-50.108238220214844
-50.09187316894531
-50.22132110595703
-50.133445739746094
-50.14023971557617
-49.94947052001953
-49.981605529785156
-50.047630310058594
-50.137081146240234
-50.08505630493164
-49.965187072753906
-50.027984619140625
-49.99736785888672
-50.0982666015625
-50.09710693359375
-49.97883605957031
-49.93467712402344
-50.050682067871094
-49.99561309814453
-50.072479248046875
-50.102333068847656
-50.096900939941406
-50.100833892822266
-49.92493438720703
-49.99481201171875
-50.11924743652344
-50.18636703491211
-50.14360046386719
-50.18723678588867
-50.167930603027344
-49.875022888183594
-49.82707214355469
-50.06965637207031
-50.06733703613281
-50.034461975097656
-49.845664978027344
-49.94453048706055
-50.11653518676758
-50.103179931640625
-49.948272705078125
-50.15634536743164
-50.13246154785156
-49.888484954833984
-49.828460693359375
-50.142608642578125
-50.201656341552734
-50.10822296142578
-49.94739532470703
-49.97305679321289
-50.065093994140625
-50.171112060546875
-50.19342803955078
-50.1954345703125
-50.228816986083984
-50.172813415527344
-49.98793029785156
-50.00181579589844
-50.06608581542969
-49.95133590698242
-50.1232795715332
-50.17681121826172
-50.22722625732422
-50.06976318359375
-49.97935104370117
-49.949684143066406
-50.05825424194336
-50.24528884887695
-50.28288269042969
-50.114356994628906
-50.08289337158203
-50.204856872558594
-50.13689422607422
-49.967323303222656
-49.97715377807617
-50.11896514892578
-50.273746490478516
-50.19898223876953
-50.0530891418457
-49.865440368652344
-50.0688591003418
-50.304752349853516
-50.272396087646484
-50.2675666809082
-50.13004684448242
-50.037288665771484
-50.16638946533203
-50.17799758911133
-50.20931625366211
-50.271244049072266
-50.220664978027344
-50.31269454956055
-50.109039306640625
-50.133880615234375
-49.9859619140625
-50.188873291015625
-50.36733627319336
-50.30926513671875
-50.218353271484375
-50.062110900878906
-50.11228942871094
-50.25286102294922
-50.308837890625
-50.315704345703125
-50.317352294921875
-50.2152099609375
-50.18899154663086
-50.14356231689453
-50.21352005004883
-50.32166290283203
-50.34003448486328
-50.3505973815918
-50.29470443725586
-50.14049530029297
-50.14426803588867
-50.21210479736328
-50.30854034423828
-50.36709976196289
-50.351192474365234
-50.18071746826172
-50.13919448852539
-50.186058044433594
-50.28956985473633
-50.3596076965332
-50.38319396972656
-50.365821838378906
-50.27811050415039
-50.10011291503906
-50.28892517089844
-50.31947708129883
-50.33149719238281
-50.377464294433594
-50.37726974487305
-50.30810546875
-50.12310791015625
-50.23589324951172
-50.406715393066406
-50.363765716552734
-50.32478332519531
-50.118988037109375
-50.20608139038086
-50.38010025024414
-50.43339538574219
-50.407657623291016
-50.371337890625
-50.163970947265625
-50.13875961303711
-50.392940521240234
-50.46296691894531
-50.47552490234375
-50.4697265625
-50.354331970214844
-50.194549560546875
-50.178428649902344
-50.342620849609375
-50.40111541748047
-50.38809585571289
-50.43388366699219
-50.32291030883789
-50.3094482421875
-50.24376678466797
-50.26222610473633
-50.39692687988281
-50.415557861328125
-50.37217712402344
-50.43333435058594
-50.26670455932617
-50.277931213378906
-50.2880859375
-50.34053039550781
-50.41361999511719
-50.416927337646484
-50.4528923034668
-50.42473602294922
-50.400672912597656
-50.34021759033203
-50.289085388183594
-50.17887496948242
-50.21367645263672
-50.32000732421875
-50.369895935058594
-50.40574645996094
-50.412017822265625
-50.35842514038086
-50.442195892333984
-50.366580963134766
-50.1817626953125
-50.05900192260742
-50.34764099121094
-50.375247955322266
-50.41495132446289
-50.44554901123047
-50.3720817565918
-50.16579818725586
-50.187538146972656
-50.28242874145508
-50.390506744384766
-50.40269470214844
-50.3974494934082
-50.439510345458984
-50.388980865478516
-50.34495544433594
-50.06449890136719
-50.132240295410156
-50.47612380981445
-50.43939971923828
-50.45628356933594
-50.28656768798828
-50.23146057128906
-50.34446334838867
-50.45650100708008
-50.554473876953125
-50.567535400390625
-50.478206634521484
-50.48096466064453
-50.204689025878906
-50.269622802734375
-50.47597122192383
-50.433616638183594
-50.427833557128906
-50.24350357055664
-50.253456115722656
-50.37813949584961
-50.4401741027832
-50.41339874267578
-50.314842224121094
-50.413455963134766
-50.34851837158203
-50.43071746826172
-50.468055725097656
-50.466121673583984
-50.49281311035156
-50.56224822998047
-50.440425872802734
-50.390132904052734
-50.275596618652344
-50.42576599121094
-50.488651275634766
-50.49131774902344
-50.565799713134766
-50.43471145629883
-50.407379150390625
-50.242210388183594
-50.36848068237305
-50.497005462646484
-50.54396057128906
-50.5552864074707
-50.25634002685547
-50.13044357299805
-50.4818115234375
-50.47466278076172
-50.23573684692383
-50.29326629638672
-50.576236724853516
-50.61933898925781
-50.437110900878906
-50.36675262451172
-50.29350662231445
-50.47975158691406
-50.49629592895508
-50.512542724609375
-50.40940856933594
-50.30636978149414
-50.469085693359375
-50.366607666015625
-50.30221176147461
-50.358734130859375
-50.22504806518555
-50.3172607421875
-50.519744873046875
-50.42272186279297
-50.515663146972656
-50.25132751464844
-50.24700927734375
-50.28240203857422
-50.57868957519531
-50.44774627685547
-50.39745330810547
-50.24580764770508
-50.34140396118164
-50.40593338012695
-50.490196228027344
-50.52470397949219
-50.58419418334961
-50.4366340637207
-50.590633392333984
-50.42787551879883
-50.444297790527344
-50.31515884399414
-50.483089447021484
-50.53178024291992
-50.54345703125
-50.515655517578125
-50.46763229370117
-50.53273391723633
-50.312828063964844
-50.409912109375
-50.531009674072266
-50.52146530151367
-50.63753890991211
-50.514991760253906
-50.44786071777344
-50.368858337402344
-50.4890251159668
-50.44031524658203
-50.64414596557617
-50.62044143676758
-50.55656433105469
-50.57331848144531
-50.592891693115234
-50.477691650390625
-50.26496124267578
-50.494056701660156
-50.547645568847656
-50.54377365112305
-50.69561004638672
-50.412864685058594
-50.304649353027344
-50.36490249633789
-50.58218002319336
-50.573673248291016
-50.58160400390625
-50.53545379638672
-50.379425048828125
-50.286598205566406
-50.69768142700195
-50.51622772216797
-50.34485626220703
-50.415382385253906
-50.6721305847168
-50.514801025390625
-50.60066604614258
-50.49359893798828
-50.282196044921875
-50.362449645996094
-50.70289611816406
-50.48003005981445
-50.461021423339844
-50.44900894165039
-50.460845947265625
-50.33895492553711
-50.53717041015625
-50.567073822021484
-50.44709014892578
-50.46426010131836
-50.66905212402344
-50.571929931640625
-50.55326843261719
-50.5542106628418
-50.35531234741211
-50.4423713684082
-50.639007568359375
-50.59151077270508
-50.54496765136719
-50.57646179199219
-50.47908401489258
-50.428653717041016
-50.468719482421875
-50.57106018066406
-50.59737014770508
-50.6445426940918
-50.45512008666992
-50.30728530883789
-50.57366180419922
-50.49835968017578
-50.460594177246094
-50.38291549682617
-50.3301887512207
-50.5556526184082
-50.60449981689453
-50.431156158447266
-50.358375549316406
-50.37403869628906
-50.708465576171875
-50.62511444091797
-50.673362731933594
-50.60041809082031
-50.57674026489258
-50.41170883178711
-50.49164581298828
-50.54340362548828
-50.67496109008789
-50.721561431884766
-50.60081100463867
-50.51095199584961
-50.51176452636719
-50.365455627441406
-50.36738204956055
-50.5653076171875
-50.62433624267578
-50.575286865234375
-50.52656173706055
-50.516021728515625
-50.47148895263672
-50.606170654296875
-50.692420959472656
-50.69749069213867
-50.613258361816406
-50.584476470947266
-50.5770378112793
-50.48588562011719
-50.63468933105469
-50.63447570800781
-50.665443420410156
-50.770381927490234
-50.73609924316406
-50.701934814453125
-50.544097900390625
-50.49430465698242
-50.70942306518555
-50.75313186645508
-50.70719528198242
-50.726566314697266
-50.5710334777832
-50.635623931884766
-50.441917419433594
-50.541236877441406
-50.76521301269531
-50.74435806274414
-50.78457260131836
-50.55219268798828
-50.57059860229492
-50.43172836303711
-50.69951629638672
-50.77119827270508
-50.75933837890625
-50.58785629272461
-50.40381622314453
-50.63069152832031
-50.68762969970703
-50.70476150512695
-50.7874870300293
-50.78252410888672
-50.79344940185547
-50.64960861206055
-50.51325225830078
-50.59037399291992
-50.69825744628906
-50.72714614868164
-50.72200012207031
-50.79653549194336
-50.746124267578125
-50.766510009765625
-50.60674285888672
-50.511756896972656
-50.79021072387695
-50.81364822387695
-50.78879165649414
-50.7285270690918
-50.58152770996094
-50.496238708496094
-50.633094787597656
-50.797447204589844
-50.7628288269043
-50.744789123535156
-50.53729248046875
-50.52381896972656
-50.65724182128906
-50.743038177490234
-50.782920837402344
-50.76090621948242
-50.74603271484375
-50.62995147705078
-50.61640167236328
-50.60992431640625
-50.74517822265625
-50.82097244262695
-50.84400177001953
-50.76569747924805
-50.755706787109375
-50.664833068847656
-50.46284866333008
-50.66679382324219
-50.762996673583984
-50.853843688964844
-50.79473114013672
-50.755645751953125
-50.65489196777344
-50.42784118652344
-50.80690002441406
-50.87986755371094
-50.51470184326172
-50.595947265625
-50.73439407348633
-50.812679290771484
-50.82534408569336
-50.7785530090332
-50.67945098876953
-50.5324821472168
-50.627498626708984
-50.77732467651367
-50.852115631103516
-50.85798263549805
-50.81282424926758
-50.56761169433594
-50.541419982910156
-50.72471237182617
-50.83345031738281
-50.86888885498047
-50.77980041503906
-50.530975341796875
-50.53192901611328
-50.67543029785156
-50.81196594238281
-50.82991409301758
-50.80393981933594
-50.803192138671875
-50.578556060791016
-50.46241760253906
-50.778892517089844
-50.8294677734375
-50.81907653808594
-50.62080764770508
-50.62852478027344
-50.64392852783203
-50.71257781982422
-50.83652877807617
-50.725650787353516
-50.76703643798828
-50.726402282714844
-50.664451599121094
-50.743080139160156
-50.771263122558594
-50.748085021972656
-50.69603729248047
-50.6999626159668
-50.6234245300293
-50.610069274902344
-50.76539993286133
-50.896331787109375
-50.787025451660156
-50.786399841308594
-50.88798522949219
-50.85447692871094
-50.50483322143555
-50.571083068847656
-50.689300537109375
-50.81260681152344
-50.86683654785156
-50.83909606933594
-50.782676696777344
-50.69635009765625
-50.622802734375
-50.731529235839844
-50.828582763671875
-50.73722839355469
-50.71417236328125
-50.74546813964844
-50.66439437866211
-50.5876350402832
-50.69859313964844
-50.794677734375
-50.895355224609375
-50.78264617919922
-50.52653884887695
-50.703369140625
-50.80099868774414
-50.720970153808594
-50.79048156738281
-50.77903366088867
-50.872222900390625
-50.641693115234375
-50.62486267089844
-50.737796783447266
-50.87100601196289
-50.76750946044922
-50.87503433227539
-50.687522888183594
-50.70197296142578
-50.72079849243164
-50.74259948730469
-50.72938537597656
-50.67808151245117
-50.75596237182617
-50.86418533325195
-50.8929557800293
-50.7786750793457
-50.73278045654297
-50.69517517089844
-50.77709197998047
-50.71385955810547
-50.82188034057617
-50.795433044433594
-50.76272201538086
-50.64442825317383
-50.75082778930664
-50.708457946777344
-50.714134216308594
-50.71510314941406
-50.78109359741211
-50.74397277832031
-50.82460021972656
-50.898162841796875
-50.87057876586914
-50.885372161865234
-50.81422424316406
-50.52698516845703
-50.826576232910156
-50.97661590576172
-50.85047912597656
-50.7716064453125
-50.62171936035156
-50.74772644042969
-50.8231201171875
-50.92264938354492
-50.982688903808594
-50.92124938964844
-50.91667938232422
-50.92099380493164
-50.9293212890625
-50.82924270629883
-50.72340393066406
-50.679203033447266
-50.6839599609375
-50.90398406982422
-50.879112243652344
-50.94654083251953
-50.51875686645508
-50.464515686035156
-50.949058532714844
-50.894256591796875
-50.40596008300781
-50.7840576171875
-50.93415451049805
-50.92377471923828
-50.549713134765625
-50.794097900390625
-50.897499084472656
-50.93878936767578
-50.938507080078125
-50.864383697509766
-50.70787811279297
-50.70409393310547
-50.94596862792969
-50.96864318847656
-50.94729995727539
-50.97624206542969
-50.911834716796875
-50.641334533691406
-50.65895080566406
-50.80973815917969
-50.865562438964844
-50.971702575683594
-50.84272003173828
-50.65614700317383
-50.71515655517578
-50.85774230957031
-50.752044677734375
-50.707637786865234
-50.873931884765625
-50.9915771484375
-50.86703872680664
-50.86692428588867
-50.82030487060547
-50.71186828613281
-50.79867172241211
-50.80555725097656
-50.91549301147461
-50.93478775024414
-50.88705062866211
-50.9794921875
-50.8757209777832
-50.694095611572266
-50.74559020996094
-50.85822677612305
-50.85186004638672
-50.96125030517578
-50.805294036865234
-50.39329528808594
-51.01303482055664
-50.970733642578125
-50.705963134765625
-50.546424865722656
-50.902244567871094
-50.9892692565918
-50.84038543701172
-50.617027282714844
-50.79806137084961
-50.92009735107422
-50.98019790649414
-50.93626022338867
-50.69564437866211
-50.86974334716797
-50.94083023071289
-50.917518615722656
-50.8663444519043
-50.89139938354492
-50.82500076293945
-50.60104751586914
-50.7905158996582
-50.8817138671875
-50.94261169433594
-50.889686584472656
-50.958282470703125
-50.81460952758789
-50.7749137878418
-50.79684066772461
-50.90687561035156
-50.898765563964844
-50.896873474121094
-50.814022064208984
-50.86038589477539
-50.90193176269531
-50.9517707824707
-50.87828826904297
-50.812808990478516
-50.689849853515625
-50.830360412597656
-50.901668548583984
-50.832000732421875
-50.76899337768555
-50.875911712646484
-50.857215881347656
-50.78009796142578
-50.82186508178711
-50.87887954711914
-50.857261657714844
-50.81998062133789
-50.719459533691406
-50.78635025024414
-50.85453796386719
-50.91981887817383
-50.918434143066406
-50.69773864746094
-50.69925308227539
-50.957603454589844
-50.90536880493164
-50.8018684387207
-50.63190460205078
-50.73210525512695
-50.95934295654297
-50.93732452392578
-50.97251510620117
-50.971500396728516
-51.11722183227539
-50.97133255004883
-51.05264663696289
-50.919586181640625
-50.79478073120117
-50.53040313720703
-50.9445915222168
-51.00659942626953
-50.912025451660156
-50.862239837646484
-50.65752410888672
-50.900291442871094
-50.92105484008789
-50.96434020996094
-50.813568115234375
-50.76347351074219
-50.81898498535156
-50.94619369506836
-50.86602783203125
-50.920833587646484
-50.760433197021484
-50.75347900390625
-51.02704620361328
-50.924896240234375
-50.950172424316406
-50.93321228027344
-50.96623992919922
-50.79029846191406
-50.78973388671875
-50.97248840332031
-51.032066345214844
-50.884098052978516
-50.69115447998047
-50.76239013671875
-50.940521240234375
-51.025611877441406
-50.89396286010742
-50.85117721557617
-50.989585876464844
-50.61651611328125
-50.90553283691406
-50.9069938659668
-50.905418395996094
-50.9128303527832
-50.90355682373047
-50.699851989746094
-50.87516784667969
-50.946861267089844
-51.020545959472656
-51.04487991333008
-51.13232421875
-51.00147247314453
-50.871849060058594
-50.83659744262695
-50.972991943359375
-51.06964874267578
-51.07786178588867
-50.992034912109375
-50.880470275878906
-50.87281036376953
-51.01799011230469
-51.05510711669922
-51.020904541015625
-50.903682708740234
-50.980289459228516
-50.96565246582031
-50.9858512878418
-50.913936614990234
-50.96893310546875
-50.91086196899414
-50.962398529052734
-51.063621520996094
-51.07139587402344
-51.06673049926758
-50.93370819091797
-50.87982940673828
-50.8537712097168
-50.977718353271484
-51.010765075683594
-51.02740478515625
-50.93962478637695
-50.9267692565918
-50.935211181640625
-50.93465042114258
-50.90502166748047
-50.960792541503906
-50.78856658935547
-50.91927719116211
-50.99933624267578
-51.05459213256836
-51.0503044128418
-51.002506256103516
-50.93438720703125
-50.84458923339844
-50.951416015625
-51.04411697387695
-51.105159759521484
-51.05524444580078
-51.08264923095703
-51.048519134521484
-50.81348419189453
-50.937522888183594
-50.94567108154297
-50.954383850097656
-50.87586975097656
-50.99842071533203
-50.92613220214844
-50.851112365722656
-51.01808166503906
-51.088157653808594
-51.16251754760742
-51.08022689819336
-51.12654113769531
-51.090538024902344
-50.96312713623047
-50.80461883544922
-51.06437683105469
-51.10829162597656
-51.10874557495117
-50.73099899291992
-50.82611083984375
-50.946739196777344
-51.11033630371094
-51.039466857910156
-51.036739349365234
-50.669734954833984
-50.96570587158203
-51.037933349609375
-51.16001510620117
-51.069313049316406
-51.06142807006836
-50.86937713623047
-50.919586181640625
-51.04243850708008
-51.09166717529297
-51.081642150878906
-51.05104064941406
-51.04579544067383
-50.94002914428711
-50.88719177246094
-51.01935577392578
-51.08753967285156
-51.16254806518555
-51.037723541259766
-51.04372787475586
-51.081214904785156
-50.91983413696289
-50.76370620727539
-51.027645111083984
-51.190948486328125
-51.0808219909668
-50.91350555419922
-50.775081634521484
-51.00371551513672
-51.0892333984375
-51.1810417175293
-51.11243438720703
-51.01195526123047
-50.88945770263672
-50.9381217956543
-51.08009719848633
-51.161094665527344
-51.07588577270508
-51.022125244140625
-51.06871032714844
-51.05840301513672
-50.861083984375
-50.965538024902344
-50.952064514160156
-51.11919021606445
-51.100135803222656
-50.99967575073242
-50.88584899902344
-50.93269348144531
-51.0946044921875
-51.11069869995117
-51.08959197998047
-51.01527404785156
-50.94961929321289
-51.03069305419922
-50.9752311706543
-50.94252395629883
-51.02765655517578
-51.065208435058594
-51.2093391418457
-50.94865417480469
-50.97467041015625
-50.96470642089844
-51.015716552734375
-51.05877685546875
-51.04734802246094
-50.97746276855469
-50.94664001464844
-51.1016845703125
-51.1014518737793
-51.086341857910156
-51.09206008911133
-51.12226867675781
-51.14752960205078
-51.10554504394531
-50.938568115234375
-50.99584197998047
-51.03935241699219
-51.130733489990234
-51.169647216796875
-51.127410888671875
-51.172550201416016
-51.1884765625
-51.06787872314453
-50.78223419189453
-51.05955505371094
-51.122413635253906
-51.01313400268555
-51.07630920410156
-51.02049255371094
-50.70600891113281
-50.83319854736328
-51.13216781616211
-50.97397994995117
-50.65745162963867
-51.02029800415039
-51.12727355957031
-51.129249572753906
-50.86252975463867
-50.8352165222168
-51.1483154296875
-51.04273986816406
-50.6712760925293
-50.99323272705078
-51.021812438964844
-50.854434967041016
-51.050758361816406
-51.17349624633789
-50.85713195800781
-50.81852722167969
-50.98667907714844
-51.11882019042969
-51.13734817504883
-50.832584381103516
-50.91680145263672
-51.1165771484375
-51.17182540893555
-51.22480773925781
-51.113914489746094
-51.23236846923828
-51.11383056640625
-51.10216522216797
-51.071083068847656
-50.83054733276367
-51.094688415527344
-51.1275520324707
-51.2303352355957
-51.15412902832031
-51.21855545043945
-51.131919860839844
-51.0546760559082
-50.83662414550781
-51.08317565917969
-51.24551773071289
-51.233802795410156
-51.06200408935547
-51.072364807128906
-50.99846267700195
-50.93064880371094
-51.05076599121094
-51.21372985839844
-51.1292724609375
-51.150753021240234
-51.143489837646484
-51.12794494628906
-50.939292907714844
-50.84183120727539
-51.194217681884766
-51.285701751708984
-51.3038444519043
-51.28850555419922
-51.15346908569336
-51.081825256347656
-51.00862503051758
-50.94232177734375
-51.12621307373047
-51.250125885009766
-51.297847747802734
-51.163673400878906
-50.82059097290039
-51.153961181640625
-51.25973892211914
-51.056365966796875
-50.80279541015625
-51.15375518798828
-51.291908264160156
-51.10106658935547
-50.81427764892578
-51.096946716308594
-51.2435302734375
-51.027069091796875
-51.08484649658203
-50.95036315917969
-50.9764404296875
-51.17120361328125
-51.17860412597656
-51.09025192260742
-50.95343780517578
-51.067222595214844
-51.12497329711914
-51.13330078125
-51.208988189697266
-51.140865325927734
-51.00981521606445
-50.93852233886719
-51.03070831298828
-51.090293884277344
-51.24853515625
-51.200111389160156
-51.023799896240234
-50.96516799926758
-51.085479736328125
-51.131526947021484
-51.046653747558594
-51.05398178100586
-51.020286560058594
-51.040367126464844
-51.14625549316406
-51.1983757019043
-51.20881271362305
-51.17262268066406
-51.03910446166992
-51.04830551147461
-51.168678283691406
-51.238826751708984
-51.06843185424805
-51.00437927246094
-51.167728424072266
-51.194969177246094
-51.217529296875
-51.16326904296875
-51.15840148925781
-51.15546798706055
-51.15638732910156
-51.16558837890625
-51.107364654541016
-51.05818176269531
-51.0883674621582
-51.109928131103516
-51.155357360839844
-51.092350006103516
-51.18304443359375
-51.267696380615234
-51.20418167114258
-51.194854736328125
-51.028297424316406
-51.096866607666016
-51.237369537353516
-51.27406692504883
-51.27562713623047
-51.181949615478516
-51.0759162902832
-50.966346740722656
-51.04633712768555
-51.16062927246094
-51.16389465332031
-51.2021369934082
-51.16910934448242
-51.13105010986328
-51.05864715576172
-51.01385498046875
-51.06729507446289
-51.12821960449219
-51.27756118774414
-51.235023498535156
-51.13563919067383
-51.01682662963867
-51.1473274230957
-51.04890823364258
-50.755455017089844
-51.09484100341797
-50.934120178222656
-50.610286712646484
-51.21297073364258
-50.141265869140625
-50.87966537475586
-49.73252487182617
-49.2270622253418
-49.56260681152344
-51.020782470703125
-50.176639556884766
-50.82805252075195
-49.71802520751953
-49.41874694824219
-50.160072326660156
-50.2083854675293
-49.95767593383789
-51.180023193359375
-49.892581939697266
-49.741580963134766
-50.78548812866211
-49.858558654785156
-49.674285888671875
-50.82661437988281
-49.71757507324219
-49.129112243652344
-49.29888153076172
-50.436527252197266
-49.53882598876953
-49.122642517089844
-49.69496154785156
-50.833988189697266
-50.26298141479492
-50.74798583984375
-50.30427551269531
-50.579368591308594
-50.603511810302734
-50.81917953491211
-50.41026306152344
-50.5948371887207
-50.49543380737305
-50.606021881103516
-50.67795944213867
-50.777984619140625
-50.64229202270508
-50.78068542480469
-50.5806770324707
-50.750911712646484
-50.52657699584961
-50.71029281616211
-50.32560729980469
-50.38080596923828
-50.90166473388672
-50.986446380615234
-50.55987548828125
-50.8968391418457
-50.240570068359375
-50.1699333190918
-51.15671920776367
-50.32927703857422
-51.030094146728516
-50.06890106201172
-49.865264892578125
-50.998138427734375
-49.63333511352539
-49.08952713012695
-49.49949264526367
-50.975624084472656
-49.40534210205078
-48.69890213012695
-48.51539611816406
-48.81159210205078
-49.60009002685547
-50.57282257080078
-49.63346862792969
-49.361793518066406
-49.95156478881836
-50.81610870361328
-50.32383346557617
-50.88285827636719
-50.290103912353516
-50.496788024902344
-50.89312744140625
-50.9105339050293
-50.64025115966797
-50.79570770263672
-50.642250061035156
-50.92068099975586
-50.50929641723633
-50.701416015625
-50.65324401855469
-50.66492462158203
-50.814910888671875
-50.92143630981445
-50.56212615966797
-50.72683334350586
-50.52479553222656
-50.59016036987305
-50.74279022216797
-50.84790802001953
-50.588172912597656
-50.756710052490234
-50.71662902832031
-50.64044189453125
-50.73188018798828
-50.81624984741211
-50.71893310546875
-50.856937408447266
-50.72597122192383
-50.86566925048828
-50.68108367919922
-50.813011169433594
-50.78816223144531
-50.87446212768555
-50.72993087768555
-50.82984161376953
-50.7257080078125
-50.850059509277344
-50.69197082519531
-50.78055953979492
-50.842681884765625
-50.93804168701172
-50.62470245361328
-50.87079620361328
-50.55579376220703
-50.702449798583984
-50.82516098022461
-50.84317398071289
-50.8321647644043
-50.9971923828125
-50.633033752441406
-50.72679901123047
-50.640804290771484
-50.6805534362793
-50.77064895629883
-50.850547790527344
-50.74850845336914
-50.83958053588867
-50.5724983215332
-50.5056266784668
-50.93717575073242
-50.980777740478516
-50.75666046142578
-50.98579025268555
-50.5667724609375
-50.686195373535156
-50.768192291259766
-50.725006103515625
-50.91865921020508
-51.02693176269531
-50.60968780517578
-50.87604904174805
-50.52012252807617
-50.65778350830078
-50.86872863769531
-50.955909729003906
-50.80310821533203
-51.03118896484375
-50.61546325683594
-51.01057815551758
-50.47883224487305
-50.693824768066406
-50.745304107666016
-50.78561782836914
-50.9947509765625
-50.97095489501953
-50.88941192626953
-50.97740936279297
-50.71147155761719
-50.91614532470703
-50.67669677734375
-50.67653274536133
-50.84930419921875
-50.970542907714844
-50.72397232055664
-50.87465286254883
-50.68954086303711
-50.784915924072266
-50.728023529052734
-50.763458251953125
-50.86640930175781
-51.0604133605957
-50.67859649658203
-50.890296936035156
-50.72295379638672
-50.963478088378906
-50.62217712402344
-50.78657913208008
-50.70157241821289
-50.93138122558594
-50.65283966064453
-50.825164794921875
-50.70591354370117
-50.96125030517578
-50.65365219116211
-50.792362213134766
-50.648956298828125
-50.61328125
-50.80370330810547
-51.02276611328125
-50.73423767089844
-50.8826904296875
-50.708499908447266
-50.71613311767578
-50.81973648071289
-50.9202766418457
-50.80634307861328
-50.70532989501953
-50.63558578491211
-50.69791793823242
-50.57350540161133
-50.755985260009766
-50.99916076660156
-50.97044372558594
-50.66135787963867
-50.947021484375
-50.571922302246094
-50.68750762939453
-50.770050048828125
-50.636695861816406
-50.78619384765625
-51.040618896484375
-50.71132278442383
-50.59426498413086
-50.51324462890625
-50.79682540893555
-50.737396240234375
-50.65155029296875
-50.8057861328125
-50.973304748535156
-50.76323318481445
-50.953086853027344
-50.696407318115234
-50.83878707885742
-50.68805694580078
-50.73143768310547
-50.982765197753906
-50.88433074951172
-51.034488677978516
-51.06264114379883
-50.83073425292969
-51.09524917602539
-50.687374114990234
-50.89311981201172
-50.84187698364258
-50.85027313232422
-50.88697814941406
-50.854148864746094
-51.072471618652344
-51.12248611450195
-50.920989990234375
-51.20124053955078
-50.744808197021484
-51.012203216552734
-50.741085052490234
-50.68709945678711
-51.20384216308594
-50.96460723876953
-51.126468658447266
-51.21617889404297
-50.92435836791992
-51.26276397705078
-50.75294876098633
-50.949649810791016
-50.79832077026367
-50.90625762939453
-50.99723815917969
-51.01823043823242
-50.94002914428711
-51.091915130615234
-50.88218688964844
-51.04966735839844
-50.88325500488281
-51.00276565551758
-50.91398239135742
-50.969573974609375
-50.94970703125
-51.02442169189453
-50.86760711669922
-51.00484085083008
-50.8835334777832
-51.01387405395508
-50.894325256347656
-50.97516632080078
-51.02656555175781
-51.06998062133789
-50.91358184814453
-50.99097442626953
-50.947181701660156
-51.06515884399414
-50.805213928222656
-50.955970764160156
-50.84901428222656
-50.98393249511719
-50.80741882324219
-50.93187713623047
-51.10080337524414
-50.98136901855469
-50.87824630737305
-51.16427993774414
-50.878482818603516
-51.21677017211914
-50.72624588012695
-50.99601745605469
-50.78920364379883
-50.87858581542969
-50.959754943847656
-50.93733215332031
-51.03653335571289
-51.02935791015625
-50.922420501708984
-51.08794403076172
-50.92570495605469
-51.041961669921875
-50.8487434387207
-50.9449348449707
-51.02625274658203
-51.05863571166992
-51.01028060913086
-51.14446258544922
-50.889251708984375
-51.084861755371094
-50.80885314941406
-50.84294891357422
-50.97545623779297
-50.981597900390625
-51.04191589355469
-51.13694763183594
-50.999755859375
-51.11638259887695
-50.921478271484375
-50.980899810791016
-50.94072341918945
-51.01088333129883
-50.95939636230469
-51.0231819152832
-50.9996452331543
-51.1789436340332
-50.94441223144531
-51.110626220703125
-51.01487731933594
-51.05851745605469
-50.89807891845703
-50.957611083984375
-51.09205627441406
-51.070777893066406
-51.08999252319336
-51.188575744628906
-50.9417610168457
-51.23858642578125
-50.81333923339844
-50.97936248779297
-50.93240737915039
-50.90531921386719
-50.99585723876953
-51.08880615234375
-50.91655731201172
-51.17267608642578
-50.88588333129883
-51.03462219238281
-50.98271179199219
-51.0886116027832
-50.987457275390625
-51.0908088684082
-50.972694396972656
-51.08970260620117
-50.862770080566406
-50.960968017578125
-51.00505828857422
-51.06029510498047
-51.0678825378418
-51.07659149169922
-50.99411392211914
-51.218955993652344
-50.948875427246094
-51.13263702392578
-50.95707321166992
-51.13005065917969
-50.959537506103516
-51.11920928955078
-50.96037292480469
-51.061431884765625
-51.050262451171875
-51.12529754638672
-51.100730895996094
-51.20804977416992
-50.97517395019531
-51.13051223754883
-50.9414176940918
-51.09111785888672
-51.00624084472656
-50.97382354736328
-51.11711883544922
-51.09149932861328
-50.867088317871094
-51.19148254394531
-50.962493896484375
-51.08558654785156
-50.871150970458984
-51.18174743652344
-50.8444938659668
-50.869834899902344
-51.16783142089844
-51.082515716552734
-50.96495819091797
-51.23867416381836
-50.98240280151367
-51.086910247802734
-50.846641540527344
-51.05194091796875
-50.99338150024414
-50.90663146972656
-51.1540412902832
-51.112640380859375
-51.06705856323242
-51.180755615234375
-51.007354736328125
-51.236610412597656
-50.890411376953125
-51.03392028808594
-51.00535202026367
-51.060279846191406
-51.144588470458984
-51.1386833190918
-50.962371826171875
-51.16741180419922
-50.85813522338867
-51.069759368896484
-50.911460876464844
-50.99714660644531
-51.046295166015625
-51.110103607177734
-51.0873908996582
-51.15095520019531
-50.936317443847656
-51.158775329589844
-51.08374786376953
-51.29753112792969
-50.97938537597656
-51.17942428588867
-50.97837829589844
-51.017555236816406
-51.05258560180664
-51.08226776123047
-51.13837432861328
-51.23012924194336
-51.033714294433594
-51.1434440612793
-50.99859619140625
-51.179107666015625
-50.94387435913086
-50.95214080810547
-51.15846252441406
-51.14421463012695
-51.18619918823242
-51.260948181152344
-51.095550537109375
-51.218849182128906
-50.98691940307617
-51.09674835205078
-51.07414245605469
-51.13824462890625
-51.09062194824219
-51.1793098449707
-51.076171875
-51.01979446411133
-50.97199249267578
-51.07400894165039
-50.99371337890625
-51.16606140136719
-51.00606918334961
-51.13134002685547
-50.768070220947266
-50.96963882446289
-50.956321716308594
-50.91227340698242
-51.168941497802734
-51.15766143798828
-51.10015869140625
-51.2581901550293
-51.05330276489258
-51.2017822265625
-50.93946075439453
-51.09117126464844
-51.02391052246094
-51.10133743286133
-51.062225341796875
-51.06287384033203
-51.06687927246094
-51.205997467041016
-51.06442642211914
-51.1304817199707
-51.0966796875
-51.19672393798828
-51.076786041259766
-51.07571792602539
-51.106449127197266
-51.271976470947266
-51.05286407470703
-51.27748489379883
-50.94583511352539
-51.04316711425781
-51.034759521484375
-50.914154052734375
-51.33942413330078
-51.10411071777344
-51.38280487060547
-51.31348419189453
-51.30577850341797
-51.35407257080078
-51.18413543701172
-51.41465377807617
-51.15561294555664
-51.5132942199707
-51.2127685546875
-51.36943817138672
-51.36009979248047
-51.30683135986328
-51.51006317138672
-51.35999298095703
-51.51123046875
-51.45697784423828
-51.38256072998047
-51.476280212402344
-51.34977722167969
-51.47012710571289
-51.5369758605957
-51.443939208984375
-51.507728576660156
-51.545433044433594
-51.47291946411133
-51.54298782348633
-51.500267028808594
-51.4593505859375
-51.47602462768555
-51.436885833740234
-51.49922561645508
-51.51840591430664
-51.52577209472656
-51.486427307128906
-51.48965072631836
-51.5148811340332
-51.57267761230469
-51.53453826904297
-51.50346755981445
-51.49563217163086
-51.51335525512695
-51.473167419433594
-51.46615982055664
-51.454132080078125
-51.41852569580078
-51.56547546386719
-51.386844635009766
-51.55826950073242
-51.41158676147461
-51.56961441040039
-51.46588897705078
-51.481910705566406
-51.464111328125
-51.54902267456055
-51.44455337524414
-51.51715850830078
-51.478946685791016
-51.51364517211914
-51.49652099609375
-51.538490295410156
-51.544639587402344
-51.549495697021484
-51.57178497314453
-51.552310943603516
-51.55735397338867
-51.56616973876953
-51.55601501464844
-51.53159713745117
-51.587379455566406
-51.563018798828125
-51.540096282958984
-51.577423095703125
-51.57807540893555
-51.58929443359375
-51.56989288330078
-51.59868240356445
-51.552974700927734
-51.49641036987305
-51.52708435058594
-51.51483917236328
-51.514427185058594
-51.53723907470703
-51.54579162597656
-51.4825439453125
-51.58837890625
-51.5492057800293
-51.533287048339844
-51.49839782714844
-51.547142028808594
-51.568809509277344
-51.44453430175781
-51.543128967285156
-51.55730056762695
-51.58959197998047
-51.569786071777344
-51.574073791503906
-51.59138488769531
-51.56889343261719
-51.62245178222656
-51.59000778198242
-51.547035217285156
-51.603668212890625
-51.5184440612793
-51.52088928222656
-51.546058654785156
-51.57475662231445
-51.5368766784668
-51.58246612548828
-51.59345626831055
-51.558902740478516
-51.579071044921875
-51.604469299316406
-51.6353759765625
-51.62643814086914
-51.624267578125
-51.595062255859375
-51.596900939941406
-51.5918083190918
-51.60828399658203
-51.60436248779297
-51.57228469848633
-51.5654411315918
-51.62102508544922
-51.60791778564453
-51.60198974609375
-51.58235168457031
-51.57701873779297
-51.59942626953125
-51.58106231689453
-51.553260803222656
-51.475738525390625
-51.56428527832031
-51.57408905029297
-51.5615119934082
-51.605751037597656
-51.61643600463867
-51.5657958984375
-51.620025634765625
-51.577545166015625
-51.55750274658203
-51.578819274902344
-51.56483840942383
-51.62175369262695
-51.57959747314453
-51.62925720214844
-51.543190002441406
-51.571754455566406
-51.490440368652344
-51.5460090637207
-51.509063720703125
-51.525596618652344
-51.58496856689453
-51.57181930541992
-51.62092590332031
-51.56227111816406
-51.58638381958008
-51.53950881958008
-51.568511962890625
-51.40612030029297
-51.50482177734375
-51.57157897949219
-51.518104553222656
-51.58491134643555
-51.598472595214844
-51.59573745727539
-51.47307586669922
-51.44193649291992
-51.50865936279297
-51.58409118652344
-51.58113479614258
-51.55480194091797
-51.56032943725586
-51.55393981933594
-51.55324172973633
-51.48567199707031
-51.52130126953125
-51.57511520385742
-51.6453971862793
-51.44120407104492
-51.36515426635742
-51.52397155761719
-51.52365493774414
-51.57402801513672
-51.5649528503418
-51.55976486206055
-51.48752212524414
-51.556488037109375
-51.510433197021484
-51.59574508666992
-51.41844940185547
-51.54330825805664
-51.54536437988281
-51.38106918334961
-51.436649322509766
-51.58481979370117
-51.584312438964844
-51.614688873291016
-51.58056640625
-51.6039924621582
-51.49470520019531
-51.59500503540039
-51.54753112792969
-51.572425842285156
-51.518917083740234
-51.59762191772461
-51.61867141723633
-51.61396789550781
-51.615074157714844
-51.58928298950195
-51.57651901245117
-51.38252258300781
-51.522003173828125
-51.51222610473633
-51.540679931640625
-51.649375915527344
-51.550933837890625
-51.57012939453125
-51.54761505126953
-51.53118896484375
-51.51123046875
-51.48402786254883
-51.541343688964844
-51.625179290771484
-51.585960388183594
-51.57361602783203
-51.49271011352539
-51.436431884765625
-51.495567321777344
-51.62548065185547
-51.64873504638672
-51.60499954223633
-51.49242401123047
-51.51517105102539
-51.532020568847656
-51.65727996826172
-51.61276626586914
-51.61388397216797
-51.63777160644531
-51.506614685058594
-51.53213882446289
-51.55975341796875
-51.64191818237305
-51.63671875
-51.541160583496094
-51.46434783935547
-51.476768493652344
-51.58967590332031
-51.70117950439453
-51.66694641113281
-51.59274673461914
-51.51905059814453
-51.4503059387207
-51.47660827636719
-51.46211242675781
-51.490806579589844
-51.62683868408203
-51.64078903198242
-51.613563537597656
-51.600669860839844
-51.58769226074219
-51.616371154785156
-51.458248138427734
-51.555946350097656
-51.56875228881836
-51.59890365600586
-51.59837341308594
-51.65191650390625
-51.591468811035156
-51.680564880371094
-51.62375259399414
-51.66884994506836
-51.55485916137695
-51.59403610229492
-51.570350646972656
-51.54620361328125
-51.50678253173828
-51.538543701171875
-51.4634895324707
-51.59146499633789
-51.60741424560547
-51.64105987548828
-51.60465621948242
-51.60053634643555
-51.46281433105469
-51.57590866088867
-51.634151458740234
-51.645565032958984
-51.60932159423828
-51.58279800415039
-51.57170104980469
-51.45851135253906
-51.50646209716797
-51.59770202636719
-51.561363220214844
-51.590553283691406
-51.499610900878906
-51.39833450317383
-51.51264953613281
-51.52403259277344
-51.64841079711914
-51.557987213134766
-51.64595413208008
-51.63443374633789
-51.68418884277344
-51.733497619628906
-51.703338623046875
-51.68852233886719
-51.67117691040039
-51.7178955078125
-51.70489501953125
-51.717403411865234
-51.694740295410156
-51.693206787109375
-51.62538146972656
-51.539794921875
-51.48258972167969
-51.48836135864258
-51.620277404785156
-51.64714813232422
-51.61943435668945
-51.6563720703125
-51.68543243408203
-51.64958190917969
-51.577701568603516
-51.46257781982422
-51.570213317871094
-51.59518814086914
-51.65375518798828
-51.60139465332031
-51.61377716064453
-51.58641052246094
-51.601070404052734
-51.5656852722168
-51.60594940185547
-51.61437225341797
-51.678890228271484
-51.664974212646484
-51.63897705078125
-51.59086227416992
-51.54903793334961
-51.553314208984375
-51.55314636230469
-51.657161712646484
-51.63378143310547
-51.59724807739258
-51.60145568847656
-51.570640563964844
-51.51924133300781
-51.521759033203125
-51.515174865722656
-51.530357360839844
-51.48460388183594
-51.4747428894043
-51.493709564208984
-51.600563049316406
-51.65009689331055
-51.60440444946289
-51.600547790527344
-51.51810836791992
-51.44505310058594
-51.44507598876953
-51.5842170715332
-51.607357025146484
-51.637760162353516
-51.54969024658203
-51.383628845214844
-51.43250274658203
-51.5897216796875
-51.57963562011719
-51.55101013183594
-51.69451141357422
-51.71771240234375
-51.53511047363281
-51.4661750793457
-51.48300552368164
-51.423179626464844
-51.391761779785156
-51.58366775512695
-51.68197250366211
-51.62425231933594
-51.66215515136719
-51.459835052490234
-51.46156692504883
-51.489784240722656
-51.5477409362793
-51.64847946166992
-51.570884704589844
-51.64667892456055
-51.54810333251953
-51.572532653808594
-51.53905487060547
-51.62083435058594
-51.62849807739258
-51.62557601928711
-51.64533233642578
-51.65334701538086
-51.699005126953125
-51.617286682128906
-51.595767974853516
-51.54786682128906
-51.56565856933594
-51.61310577392578
-51.673255920410156
-51.63819885253906
-51.6456413269043
-51.593284606933594
-51.543678283691406
-51.501625061035156
-51.49857711791992
-51.58216857910156
-51.680084228515625
-51.60553741455078
-51.64495086669922
-51.488502502441406
-51.5284423828125
-51.52859115600586
-51.55886459350586
-51.6647834777832
-51.6563606262207
-51.67064666748047
-51.72911834716797
-51.700904846191406
-51.6277961730957
-51.66075134277344
-51.565338134765625
-51.409542083740234
-51.548072814941406
-51.74534606933594
-51.75476837158203
-51.629112243652344
-51.64131164550781
-51.73139190673828
-51.57584762573242
-51.44361877441406
-51.54981231689453
-51.71390914916992
-51.685630798339844
-51.62345886230469
-51.66377258300781
-51.5728759765625
-51.38606262207031
-51.58830261230469
-51.66902160644531
-51.73188018798828
-51.691402435302734
-51.722869873046875
