loss_total
-25.180011749267578
-25.105449676513672
-25.29977035522461
-25.324356079101562
-25.63848114013672
-25.699077606201172
-25.475008010864258
-25.674640655517578
-25.663860321044922
-25.87512969970703
-25.88406753540039
-26.065807342529297
-25.97592544555664
-26.092668533325195
-26.210140228271484
-26.29758071899414
-26.303874969482422
-26.288681030273438
-26.41469383239746
-26.430126190185547
-26.56441879272461
-26.642475128173828
-26.557079315185547
-26.606464385986328
-26.931377410888672
-26.753585815429688
-26.884014129638672
-26.963973999023438
-27.26477813720703
-27.135395050048828
-27.22708511352539
-27.49889373779297
-27.493398666381836
-27.624610900878906
-27.756988525390625
-27.938640594482422
-28.195463180541992
-28.275127410888672
-28.248802185058594
-28.6578369140625
-28.84638786315918
-28.791641235351562
-29.068599700927734
-29.451263427734375
-29.481809616088867
-29.976722717285156
-30.08305549621582
-30.423709869384766
-30.713464736938477
-30.545974731445312
-30.757369995117188
-30.912464141845703
-30.873706817626953
-31.296096801757812
-31.429203033447266
-31.784454345703125
-32.24022674560547
-32.45646667480469
-32.657649993896484
-32.77782440185547
-33.117889404296875
-32.872798919677734
-32.90826416015625
-33.080142974853516
-33.22454071044922
-33.48381042480469
-33.467506408691406
-33.699440002441406
-33.701751708984375
-33.889957427978516
-33.848411560058594
-33.89418029785156
-33.852195739746094
-33.8524169921875
-33.957244873046875
-33.907711029052734
-33.96141052246094
-34.10547637939453
-34.081329345703125
-34.12683868408203
-34.3017463684082
-34.37239074707031
-34.404014587402344
-34.285091400146484
-34.350852966308594
-34.43559265136719
-34.50810623168945
-34.71746826171875
-34.656612396240234
-34.824485778808594
-34.784027099609375
-34.753883361816406
-35.0424690246582
-34.87220764160156
-34.98995590209961
-34.97415542602539
-35.18479919433594
-35.33123779296875
-35.33213806152344
-35.51924514770508
-35.26416015625
-35.499786376953125
-35.57328796386719
-35.52409744262695
-35.76046371459961
-35.85081481933594
-35.81419372558594
-35.899749755859375
-35.88259506225586
-36.097816467285156
-36.07640838623047
-36.259986877441406
-36.290470123291016
-36.41325759887695
-36.65026092529297
-36.71805953979492
-36.771934509277344
-36.740753173828125
-36.93382263183594
-36.970149993896484
-36.931968688964844
-36.884029388427734
-37.147491455078125
-37.23179626464844
-37.30085372924805
-37.50773620605469
-37.572296142578125
-37.44435501098633
-37.797950744628906
-37.72459411621094
-37.65983963012695
-37.57312774658203
-37.75963592529297
-37.93416213989258
-37.9156494140625
-37.92301940917969
-37.87879943847656
-37.92313003540039
-38.18434524536133
-38.34027862548828
-38.15221405029297
-38.33662414550781
-38.50176239013672
-38.6642951965332
-38.282955169677734
-38.448585510253906
-38.64971160888672
-38.66202163696289
-38.729312896728516
-38.82918930053711
-39.05528259277344
-39.107208251953125
-38.8298225402832
-39.06295394897461
-39.24599075317383
-39.14604187011719
-39.169925689697266
-39.49578094482422
-39.47880554199219
-39.65167236328125
-39.468505859375
-39.842498779296875
-39.92855453491211
-39.95888900756836
-40.03314208984375
-39.74715042114258
-40.06355285644531
-40.180625915527344
-40.22121047973633
-40.224449157714844
-40.643516540527344
-40.590511322021484
-40.355125427246094
-40.69153594970703
-40.61442947387695
-40.88106918334961
-40.78118896484375
-41.0532112121582
-40.97709655761719
-40.948143005371094
-40.87836456298828
-41.32047653198242
-41.212989807128906
-41.155609130859375
-41.08312225341797
-41.22678756713867
-41.504005432128906
-41.44851303100586
-41.300872802734375
-41.423492431640625
-41.306541442871094
-41.51560974121094
-41.532142639160156
-41.58392333984375
-41.72520065307617
-41.703224182128906
-41.65687942504883
-41.71019744873047
-41.871334075927734
-41.749794006347656
-41.766876220703125
-41.85895538330078
-41.85432434082031
-41.82857894897461
-41.8172492980957
-42.20712661743164
-41.84132766723633
-42.1707649230957
-42.20458984375
-42.00703048706055
-42.035179138183594
-42.13699722290039
-42.22313690185547
-42.26750946044922
-42.33671569824219
-42.141090393066406
-42.296241760253906
-42.35383987426758
-42.39886474609375
-42.39531707763672
-42.30291748046875
-42.32241439819336
-42.43242645263672
-42.43765640258789
-42.54534912109375
-42.612060546875
-42.67705535888672
-42.78059005737305
-42.90754699707031
-42.782737731933594
-42.80120849609375
-42.79759979248047
-42.812255859375
-42.840492248535156
-42.90481185913086
-43.02112579345703
-42.80574035644531
-43.205928802490234
-42.8465576171875
-43.051361083984375
-42.84107208251953
-43.06477355957031
-43.13066101074219
-43.098175048828125
-43.271522521972656
-43.073707580566406
-43.247283935546875
-43.33912658691406
-43.31303405761719
-43.227455139160156
-43.39813995361328
-43.368988037109375
-43.3287353515625
-43.4426155090332
-43.43943786621094
-43.36890411376953
-43.489295959472656
-43.429019927978516
-43.71385955810547
-43.608192443847656
-43.67573165893555
-43.720218658447266
-43.864723205566406
-43.77195739746094
-43.774375915527344
-43.70073699951172
-43.99317169189453
-43.886451721191406
-43.97198486328125
-44.09748077392578
-44.1768798828125
-44.42597198486328
-44.39348602294922
-44.673439025878906
-44.70817184448242
-44.99021911621094
-45.03273010253906
-45.03824234008789
-44.83650207519531
-45.29523468017578
-45.302154541015625
-45.33176803588867
-45.608642578125
-45.46766662597656
-45.3860969543457
-45.46780776977539
-45.58145523071289
-45.71074295043945
-45.635135650634766
-45.65459442138672
-45.763431549072266
-45.78458023071289
-45.964637756347656
-46.12437057495117
-45.876155853271484
-46.08440399169922
-46.21931076049805
-46.16364669799805
-46.305885314941406
-46.26866912841797
-46.30550765991211
-46.30900955200195
-46.4212646484375
-46.559207916259766
-46.44352722167969
-46.45232009887695
-46.550537109375
-46.629005432128906
-46.64754104614258
-46.699546813964844
-46.6064453125
-46.75407409667969
-46.68105697631836
-46.72549819946289
-46.75789260864258
-46.628787994384766
-46.738590240478516
-47.125709533691406
-47.24937057495117
-47.15594482421875
-47.09479522705078
-47.19710922241211
-47.251834869384766
-47.50627517700195
-47.31108474731445
-47.2869987487793
-47.43334197998047
-46.94230651855469
-47.36723327636719
-47.26457214355469
-47.44752502441406
-47.23100662231445
-47.67473602294922
-47.27925109863281
-47.70402526855469
-47.294464111328125
-47.446388244628906
-47.2746696472168
-47.057193756103516
-47.94207763671875
-47.14216232299805
-47.3292121887207
-47.79872512817383
-47.3048095703125
-47.84246063232422
-47.18547058105469
-47.19672393798828
-48.07464599609375
-47.3839225769043
-47.32183074951172
-47.94879913330078
-47.59374237060547
-47.5070915222168
-48.10564041137695
-47.55112838745117
-47.764915466308594
-48.18517303466797
-47.7631950378418
-48.221092224121094
-47.97186279296875
-47.8885498046875
-48.141754150390625
-48.1190071105957
-48.42232131958008
-48.209835052490234
-48.3525505065918
-48.279232025146484
-48.445648193359375
-48.35651397705078
-48.43156051635742
-48.38542938232422
-48.33481979370117
-48.422576904296875
-48.438961029052734
-48.51484680175781
-48.45557403564453
-48.53291320800781
-48.53362274169922
-48.50910949707031
-48.57535171508789
-48.524147033691406
-48.551334381103516
-48.67095947265625
-48.65889358520508
-48.67405700683594
-48.62041091918945
-48.66844940185547
-48.62694549560547
-48.676673889160156
-48.7244873046875
-48.69422149658203
-48.650794982910156
-48.806182861328125
-48.698509216308594
-48.734458923339844
-48.70370864868164
-48.77986145019531
-48.8082275390625
-48.779884338378906
-48.7787971496582
-48.77826690673828
-48.891082763671875
-48.900489807128906
-48.782249450683594
-48.89101791381836
-48.87782669067383
-48.9014892578125
-48.971702575683594
-48.938140869140625
-48.90966796875
-49.022911071777344
-48.989349365234375
-48.944175720214844
-48.99384307861328
-48.95233917236328
-48.977516174316406
-49.063560485839844
-49.001991271972656
-49.01445007324219
-49.09529113769531
-49.032379150390625
-49.041778564453125
-49.08952331542969
-49.002593994140625
-49.06477355957031
-49.06111145019531
-49.06232452392578
-49.037906646728516
-49.078590393066406
-49.040740966796875
-49.029850006103516
-49.0349235534668
-49.127723693847656
-49.15034484863281
-49.07710266113281
-48.99953842163086
-49.012481689453125
-49.077945709228516
-49.23644256591797
-49.14905548095703
-49.06924057006836
-49.13768768310547
-49.21121597290039
-49.214012145996094
-49.215187072753906
-49.14170837402344
-49.19593811035156
-49.214073181152344
-49.26057434082031
-49.20673751831055
-49.18918228149414
-49.30219268798828
-49.291587829589844
-49.296630859375
-49.27559280395508
-49.302452087402344
-49.3304443359375
-49.278953552246094
-49.31829833984375
-49.303253173828125
-49.32888412475586
-49.33497619628906
-49.372581481933594
-49.33959197998047
-49.40755081176758
-49.37389373779297
-49.39611053466797
-49.269386291503906
-49.33168029785156
-49.325782775878906
-49.37611389160156
-49.41950225830078
-49.417930603027344
-49.4565544128418
-49.436763763427734
-49.417823791503906
-49.432804107666016
-49.500457763671875
-49.47412872314453
-49.41365051269531
-49.38951110839844
-49.466453552246094
-49.44382095336914
-49.37813186645508
-49.43328094482422
-49.48740005493164
-49.48632049560547
-49.46800994873047
-49.50680160522461
-49.50347900390625
-49.495521545410156
-49.459754943847656
-49.47392272949219
-49.50006866455078
-49.53841018676758
-49.51073455810547
-49.58393478393555
-49.54316329956055
-49.42142105102539
-49.48870086669922
-49.558204650878906
-49.55680847167969
-49.52356719970703
-49.44560241699219
-49.52670669555664
-49.527442932128906
-49.47309875488281
-49.495513916015625
-49.51958465576172
-49.54753112792969
-49.415931701660156
-49.43928527832031
-49.52714538574219
-49.66046142578125
-49.549381256103516
-49.51774597167969
-49.62397003173828
-49.57489013671875
-49.51873016357422
-49.574588775634766
-49.465179443359375
-49.52280807495117
-49.57499694824219
-49.55001449584961
-49.512481689453125
-49.49188995361328
-49.57374572753906
-49.649757385253906
-49.65388870239258
-49.512332916259766
-49.6524658203125
-49.7271842956543
-49.6751708984375
-49.632606506347656
-49.73192596435547
-49.725730895996094
-49.68735885620117
-49.71501541137695
-49.74823760986328
-49.75074005126953
-49.713653564453125
-49.707664489746094
-49.72852325439453
-49.77302551269531
-49.71654510498047
-49.718135833740234
-49.72244644165039
-49.741737365722656
-49.75169372558594
-49.733272552490234
-49.781620025634766
-49.74150848388672
-49.743995666503906
-49.784576416015625
-49.774940490722656
-49.833683013916016
-49.815582275390625
-49.81209182739258
-49.769065856933594
-49.777713775634766
-49.781333923339844
-49.73359680175781
-49.71095657348633
-49.704620361328125
-49.8002815246582
-49.834877014160156
-49.79357147216797
-49.80829620361328
-49.76716995239258
-49.86946487426758
-49.79016876220703
-49.83189392089844
-49.7944450378418
-49.66329574584961
-49.74777603149414
-49.81675338745117
-49.828285217285156
-49.87042236328125
-49.828731536865234
-49.90939712524414
-49.87588119506836
-49.79169845581055
-49.819122314453125
-49.83704376220703
-49.792877197265625
-49.90324020385742
-49.78466796875
-49.69047927856445
-49.82411193847656
-49.9028434753418
-49.77445983886719
-49.743473052978516
-49.843074798583984
-49.915103912353516
-49.84000015258789
-49.84756088256836
-49.818172454833984
-49.858089447021484
-49.91066360473633
-49.88431167602539
-49.81867218017578
-49.90660858154297
-49.99048614501953
-49.91337585449219
-49.883544921875
-49.83608627319336
-49.86220169067383
-49.99915313720703
-49.926334381103516
-49.83966827392578
-49.91938781738281
-49.98902130126953
-49.997467041015625
-49.9034423828125
-49.995765686035156
-49.966861724853516
-50.00183868408203
-49.94309997558594
-49.97672653198242
-49.9998664855957
-50.01667022705078
-49.93769454956055
-50.026187896728516
-49.994651794433594
-49.97229766845703
-49.990901947021484
-50.047401428222656
-49.98221206665039
-49.98041534423828
-49.97236633300781
-50.044288635253906
-50.04130935668945
-49.97272872924805
-50.00532531738281
-50.03229522705078
-50.04210662841797
-49.98841857910156
-49.982521057128906
-50.0638542175293
-50.06197738647461
-50.03376007080078
-50.03913879394531
-50.04379653930664
-50.04261779785156
-50.10673904418945
-50.098026275634766
-50.0518913269043
-50.0933837890625
-50.06119155883789
-49.97247314453125
-49.98912048339844
-50.046939849853516
-50.07257843017578
-50.0487060546875
-50.02399444580078
-50.09295654296875
-50.06480026245117
-50.08641815185547
-50.071258544921875
-50.06519317626953
-50.109718322753906
-50.09965515136719
-50.10893249511719
-50.09672546386719
-50.098724365234375
-50.07094955444336
-50.11273193359375
-50.11212921142578
-50.108642578125
-50.113826751708984
-50.11124801635742
-50.14011001586914
-50.112606048583984
-50.13343811035156
-50.135292053222656
-50.131866455078125
-50.131431579589844
-50.14595031738281
-50.17640686035156
-50.15517807006836
-50.112762451171875
-50.15915298461914
-50.16954040527344
-50.170318603515625
-50.12004089355469
-50.1999626159668
-50.17786407470703
-50.15780258178711
-50.14926528930664
-50.169559478759766
-50.175811767578125
-50.18595886230469
-50.11703872680664
-50.19950485229492
-50.16769790649414
-50.18798065185547
-50.179893493652344
-50.17716598510742
-50.19822311401367
-50.18351745605469
-50.22279739379883
-50.238956451416016
-50.199649810791016
-50.20616912841797
-50.191864013671875
-50.16303253173828
-50.174617767333984
-50.2136116027832
-50.18012619018555
-50.19413757324219
-50.203243255615234
-50.22108459472656
-50.20417785644531
-50.19187545776367
-50.22642517089844
-50.28546142578125
-50.1907958984375
-50.124149322509766
-50.18894958496094
-50.116294860839844
-50.166011810302734
-50.226356506347656
-50.22431182861328
-50.207279205322266
-50.20411682128906
-50.27400588989258
-50.207275390625
-50.18696594238281
-50.17406463623047
-50.2546272277832
-50.262142181396484
-50.29765701293945
-50.286231994628906
-50.31911087036133
-50.235145568847656
-50.230201721191406
-50.22188186645508
-50.21006774902344
-50.301719665527344
-50.30097198486328
-50.291446685791016
-50.25632095336914
-50.23893737792969
-50.23741149902344
-50.32179260253906
-50.276702880859375
-50.28677749633789
-50.3327522277832
-50.3021240234375
-50.31504821777344
-50.27759552001953
-50.32118225097656
-50.322811126708984
-50.30360794067383
-50.32278823852539
-50.32946014404297
-50.278934478759766
-50.30500030517578
-50.3038330078125
-50.332706451416016
-50.3400764465332
-50.373313903808594
-50.254661560058594
-50.30244445800781
-50.30487060546875
-50.30753707885742
-50.31881332397461
-50.360557556152344
-50.25355529785156
-50.27051544189453
-50.23206329345703
-50.275482177734375
-50.25883865356445
-50.26910400390625
-50.31914520263672
-50.2846565246582
-50.31875991821289
-50.34699249267578
-50.29126739501953
-50.17094802856445
-50.19711685180664
-50.27088928222656
-50.37270736694336
-50.31605911254883
-50.2653923034668
-50.30615997314453
-50.37437057495117
-50.362510681152344
-50.31490707397461
-50.30698776245117
-50.2778434753418
-50.34700393676758
-50.37824249267578
-50.35354232788086
-50.30863571166992
-50.312862396240234
-50.335838317871094
-50.35546875
-50.32345199584961
-50.36810302734375
-50.30323028564453
-50.300010681152344
-50.33147430419922
-50.33726501464844
-50.33958435058594
-50.29238510131836
-50.32770919799805
-50.35054016113281
-50.34046936035156
-50.345462799072266
-50.33989715576172
-50.316612243652344
-50.36881637573242
-50.328765869140625
-50.406097412109375
-50.38214111328125
-50.3697624206543
-50.36672592163086
-50.361114501953125
-50.352821350097656
-50.39399337768555
-50.40720748901367
-50.40147399902344
-50.38022994995117
-50.326171875
-50.306068420410156
-50.37754440307617
-50.38621139526367
-50.420166015625
-50.3773078918457
-50.32819747924805
-50.30787658691406
-50.40780258178711
-50.40000915527344
-50.42103958129883
-50.38829040527344
-50.37628936767578
-50.40083312988281
-50.38030242919922
-50.3394775390625
-50.371124267578125
-50.408966064453125
-50.390052795410156
-50.39384460449219
-50.44038391113281
-50.40779113769531
-50.38195037841797
-50.440093994140625
-50.42272186279297
-50.366905212402344
-50.32038497924805
-50.35669708251953
-50.4391975402832
-50.44744873046875
-50.44389343261719
-50.376708984375
-50.346866607666016
-50.34912109375
-50.4178466796875
-50.437625885009766
-50.44606018066406
-50.43912124633789
-50.40852737426758
-50.380210876464844
-50.372283935546875
-50.41400146484375
-50.435455322265625
-50.45231246948242
-50.46348571777344
-50.4637565612793
-50.436946868896484
-50.41424560546875
-50.401676177978516
-50.44082260131836
-50.47050476074219
-50.479087829589844
-50.444759368896484
-50.45499801635742
-50.44561004638672
-50.379539489746094
-50.42731857299805
-50.45329284667969
-50.48088073730469
-50.48046875
-50.46660614013672
-50.45962142944336
-50.46013641357422
-50.4638557434082
-50.4124641418457
-50.39604187011719
-50.486907958984375
-50.39894104003906
-50.409461975097656
-50.51615524291992
-50.478126525878906
-50.46210861206055
-50.47673416137695
-50.48711013793945
-50.461822509765625
-50.47993087768555
-50.477813720703125
-50.495460510253906
-50.496036529541016
-50.48707580566406
-50.472984313964844
-50.484230041503906
-50.46611785888672
-50.48877716064453
-50.47794723510742
-50.489437103271484
-50.522613525390625
-50.4950065612793
-50.49540328979492
-50.477760314941406
-50.457435607910156
-50.433387756347656
-50.45217514038086
-50.380401611328125
-50.43922424316406
-50.45759201049805
-50.440216064453125
-50.50518798828125
-50.505348205566406
-50.439964294433594
-50.40379333496094
-50.42564392089844
-50.416099548339844
-50.436767578125
-50.423160552978516
-50.47515869140625
-50.438385009765625
-50.438232421875
-50.48503112792969
-50.480552673339844
-50.49256896972656
-50.45457458496094
-50.481563568115234
-50.51250457763672
-50.52421188354492
-50.557594299316406
-50.522315979003906
-50.450096130371094
-50.481971740722656
-50.49360275268555
-50.51844787597656
-50.54492950439453
-50.5263786315918
-50.52691650390625
-50.51773452758789
-50.43966293334961
-50.45428466796875
-50.48032760620117
-50.46666717529297
-50.49858093261719
-50.52315139770508
-50.4988899230957
-50.48487854003906
-50.5432014465332
-50.4725227355957
-50.52484130859375
-50.50128173828125
-50.465293884277344
-50.51033020019531
-50.48162841796875
-50.52983474731445
-50.499725341796875
-50.51469802856445
-50.5390510559082
-50.54306411743164
-50.455528259277344
-50.530189514160156
-50.518951416015625
-50.503326416015625
-50.49800109863281
-50.53871154785156
-50.553199768066406
-50.537742614746094
-50.52927780151367
-50.55497360229492
-50.54701614379883
-50.547607421875
-50.495826721191406
-50.54674530029297
-50.55781555175781
-50.55534362792969
-50.51441192626953
-50.50446319580078
-50.49951934814453
-50.54384231567383
-50.53643035888672
-50.54804611206055
-50.53852462768555
-50.53824234008789
-50.48924255371094
-50.50162124633789
-50.51727294921875
-50.522483825683594
-50.55848693847656
-50.54561996459961
-50.55120849609375
-50.555355072021484
-50.52383041381836
-50.537052154541016
-50.56329345703125
-50.559906005859375
-50.50710678100586
-50.54248809814453
-50.52565002441406
-50.51069641113281
-50.50889587402344
-50.515480041503906
-50.536033630371094
-50.55441665649414
-50.56041717529297
-50.57671356201172
-50.57614517211914
-50.53731155395508
-50.510658264160156
-50.5039176940918
-50.51534652709961
-50.526153564453125
-50.56454086303711
-50.554962158203125
-50.54934310913086
-50.57175827026367
-50.57157897949219
-50.53270721435547
-50.546546936035156
-50.538780212402344
-50.540321350097656
-50.507205963134766
-50.51862716674805
-50.5635986328125
-50.53534698486328
-50.53306579589844
-50.567256927490234
-50.541595458984375
-50.5732536315918
-50.57106018066406
-50.56258773803711
-50.56101989746094
-50.558387756347656
-50.5681266784668
-50.56507873535156
-50.57245635986328
-50.59663391113281
-50.55641174316406
-50.562870025634766
-50.57898712158203
-50.585933685302734
-50.54764175415039
-50.573944091796875
-50.54391860961914
-50.556976318359375
-50.52736282348633
-50.56914520263672
-50.54875183105469
-50.55134963989258
-50.544349670410156
-50.539390563964844
-50.55319595336914
-50.55059051513672
-50.57475280761719
-50.581581115722656
-50.547508239746094
-50.54026794433594
-50.55380630493164
-50.52247619628906
-50.524925231933594
-50.52775192260742
-50.570289611816406
-50.586875915527344
-50.54045486450195
-50.59275817871094
-50.571773529052734
-50.574806213378906
-50.55860137939453
-50.56163024902344
-50.5731315612793
-50.57917022705078
-50.56245040893555
-50.53989791870117
-50.55480194091797
-50.53470993041992
-50.55150604248047
-50.61177062988281
-50.59065628051758
-50.62535095214844
-50.568382263183594
-50.58407974243164
-50.61004638671875
-50.584129333496094
-50.55217361450195
-50.597755432128906
-50.57726287841797
-50.568111419677734
-50.58464813232422
-50.58574295043945
-50.58721160888672
-50.593238830566406
-50.598602294921875
-50.548736572265625
-50.55756759643555
-50.51993942260742
-50.527591705322266
-50.54536056518555
-50.538307189941406
-50.58712387084961
-50.56632614135742
-50.58740997314453
-50.58692169189453
-50.55808639526367
-50.594810485839844
-50.593528747558594
-50.575408935546875
-50.58988952636719
-50.61676025390625
-50.639244079589844
-50.62641906738281
-50.58854293823242
-50.592002868652344
-50.58018112182617
-50.60573959350586
-50.567325592041016
-50.600677490234375
-50.562904357910156
-50.5728645324707
-50.585391998291016
-50.53192901611328
-50.5750732421875
-50.56815719604492
-50.626407623291016
-50.62834548950195
-50.61358642578125
-50.59534454345703
-50.58010482788086
-50.600040435791016
-50.63315200805664
-50.623321533203125
-50.57817077636719
-50.54393005371094
-50.53356170654297
-50.57106018066406
-50.63262939453125
-50.653480529785156
-50.6336784362793
-50.605682373046875
-50.605201721191406
-50.612979888916016
-50.62038803100586
-50.63331604003906
-50.56577682495117
-50.602561950683594
-50.60898971557617
-50.6461181640625
-50.64195251464844
-50.6342658996582
-50.62184143066406
-50.65546798706055
-50.65003967285156
-50.63985824584961
-50.6254997253418
-50.632591247558594
-50.61134719848633
-50.58024597167969
-50.625545501708984
-50.603981018066406
-50.62370681762695
-50.661842346191406
-50.66844177246094
-50.640625
-50.63957595825195
-50.64689254760742
-50.644168853759766
-50.63898468017578
-50.60950469970703
-50.63859176635742
-50.654029846191406
-50.63136291503906
-50.640018463134766
-50.606712341308594
-50.63803482055664
-50.615055084228516
-50.588172912597656
-50.59363555908203
-50.59834671020508
-50.641780853271484
-50.6572151184082
-50.64453125
-50.561920166015625
-50.585838317871094
-50.5654182434082
-50.54578399658203
-50.63371658325195
-50.64094924926758
-50.602935791015625
-50.54071044921875
-50.62535095214844
-50.58479309082031
-50.59520721435547
-50.656890869140625
-50.62267303466797
-50.598724365234375
-50.596954345703125
-50.6314697265625
-50.6207160949707
-50.613037109375
-50.63125228881836
-50.642845153808594
-50.62428283691406
-50.64847946166992
-50.6474609375
-50.6539306640625
-50.66069030761719
-50.639442443847656
-50.58052444458008
-50.588951110839844
-50.6181526184082
-50.60987091064453
-50.597511291503906
-50.60300064086914
-50.60795593261719
-50.62153625488281
-50.65842056274414
-50.67980194091797
-50.61644744873047
-50.665679931640625
-50.681739807128906
-50.64746856689453
-50.640384674072266
-50.659969329833984
-50.65485382080078
-50.60356903076172
-50.640647888183594
-50.672237396240234
-50.63414764404297
-50.63526916503906
-50.64450454711914
-50.65918731689453
-50.5850944519043
-50.642662048339844
-50.6641845703125
-50.60198974609375
-50.618804931640625
-50.62926483154297
-50.6175422668457
-50.66145706176758
-50.6158561706543
-50.62211990356445
-50.641910552978516
-50.636390686035156
-50.66661071777344
-50.68073272705078
-50.680335998535156
-50.675472259521484
-50.65581130981445
-50.68115234375
-50.64318084716797
-50.658077239990234
-50.66090393066406
-50.63011932373047
-50.62779998779297
-50.6240119934082
-50.63493728637695
-50.66713333129883
-50.66954040527344
-50.68412399291992
-50.672203063964844
-50.668678283691406
-50.6519775390625
-50.65095138549805
-50.625877380371094
-50.631805419921875
-50.6415901184082
-50.61894607543945
-50.683746337890625
-50.67478942871094
-50.60694122314453
-50.51034927368164
-50.561553955078125
-50.643524169921875
-50.651309967041016
-50.681976318359375
-50.687034606933594
-50.605369567871094
-50.572837829589844
-50.59673309326172
-50.58236312866211
-50.65485763549805
-50.689170837402344
-50.68098449707031
-50.653446197509766
-50.65498352050781
-50.668758392333984
-50.643280029296875
-50.65687942504883
-50.68140411376953
-50.69173049926758
-50.65955352783203
-50.68192672729492
-50.68450927734375
-50.68305587768555
-50.699317932128906
-50.691097259521484
-50.68919372558594
-50.67679214477539
-50.652469635009766
-50.67999267578125
-50.693206787109375
-50.69279098510742
-50.704673767089844
-50.674381256103516
-50.68818283081055
-50.70404052734375
-50.71979522705078
-50.68006896972656
-50.664268493652344
-50.686439514160156
-50.64942932128906
-50.68037033081055
-50.681365966796875
-50.71067428588867
-50.68675231933594
-50.671104431152344
-50.66661071777344
-50.64058303833008
-50.67778015136719
-50.687496185302734
-50.68874740600586
-50.67940139770508
-50.6378059387207
-50.665611267089844
-50.68952941894531
-50.69610595703125
-50.652774810791016
-50.676368713378906
-50.694210052490234
-50.721534729003906
-50.72024917602539
-50.677032470703125
-50.6932487487793
-50.68147277832031
-50.693172454833984
-50.680335998535156
-50.66265106201172
-50.654781341552734
-50.69122314453125
-50.70599365234375
-50.69822692871094
-50.688350677490234
-50.70069885253906
-50.67790985107422
-50.63862228393555
-50.67100143432617
-50.6106071472168
-50.679595947265625
-50.69997787475586
-50.68819046020508
-50.71605682373047
-50.73406219482422
-50.64173126220703
-50.604652404785156
-50.628883361816406
-50.64122772216797
-50.69136428833008
-50.68177032470703
-50.68889236450195
-50.6286735534668
-50.62429428100586
-50.577396392822266
-50.55466842651367
-50.64459228515625
-50.689605712890625
-50.65520477294922
-50.608028411865234
-50.616668701171875
-50.660888671875
-50.64475631713867
-50.576969146728516
-50.56984329223633
-50.62413024902344
-50.682281494140625
-50.7025260925293
-50.679405212402344
-50.614654541015625
-50.57892990112305
-50.61565399169922
-50.645957946777344
-50.68279266357422
-50.70744705200195
-50.637508392333984
-50.543949127197266
-50.570037841796875
-50.658935546875
-50.71049499511719
-50.72370147705078
-50.72404098510742
-50.71467971801758
-50.711265563964844
-50.69549560546875
-50.69255065917969
-50.69640350341797
-50.71288299560547
-50.7192497253418
-50.70652389526367
-50.70273971557617
-50.68912124633789
-50.70072937011719
-50.696590423583984
-50.70603942871094
-50.726200103759766
-50.705894470214844
-50.71800994873047
-50.730934143066406
-50.705810546875
-50.702598571777344
-50.710296630859375
-50.69337463378906
-50.67997741699219
-50.71500778198242
-50.72692108154297
-50.703216552734375
-50.71293640136719
-50.74012756347656
-50.721839904785156
-50.703208923339844
-50.690147399902344
-50.69807815551758
-50.73497772216797
-50.72199249267578
-50.739967346191406
-50.74335861206055
-50.72124099731445
-50.736637115478516
-50.65821075439453
-50.72494125366211
-50.69239807128906
-50.69294738769531
-50.72297286987305
-50.7176628112793
-50.701011657714844
-50.70112991333008
-50.67990493774414
-50.68464279174805
-50.72237777709961
-50.632198333740234
-50.63895034790039
-50.69113540649414
-50.66295623779297
-50.68082046508789
-50.718074798583984
-50.69678497314453
-50.675811767578125
-50.72623062133789
-50.727970123291016
-50.71539306640625
-50.722389221191406
-50.73178482055664
-50.72516632080078
-50.68105697631836
-50.72090148925781
-50.706199645996094
-50.70353698730469
-50.730255126953125
-50.74760055541992
-50.72277069091797
-50.66217041015625
-50.64457321166992
-50.64448547363281
-50.69842529296875
-50.72602844238281
-50.72354507446289
-50.76139831542969
-50.71424102783203
-50.71379852294922
-50.72352981567383
-50.72882843017578
-50.710750579833984
-50.644203186035156
-50.67377853393555
-50.662925720214844
-50.72067642211914
-50.75291061401367
-50.724754333496094
-50.720394134521484
-50.68799591064453
-50.63677978515625
-50.65069580078125
-50.691444396972656
-50.721824645996094
-50.73877716064453
-50.71553039550781
-50.69919967651367
-50.680931091308594
-50.646629333496094
-50.64948272705078
-50.68008041381836
-50.720176696777344
-50.734092712402344
-50.739986419677734
-50.71034240722656
-50.71944808959961
-50.71296691894531
-50.699913024902344
-50.729915618896484
-50.73640441894531
-50.71982955932617
-50.728668212890625
-50.73875045776367
-50.75344467163086
-50.738826751708984
-50.7101936340332
-50.73170471191406
-50.72624969482422
-50.71135711669922
-50.64501953125
-50.753807067871094
-50.75090408325195
-50.70368194580078
-50.66211700439453
-50.75081253051758
-50.698524475097656
-50.683345794677734
-50.718231201171875
-50.74720764160156
-50.745506286621094
-50.71245193481445
-50.660247802734375
-50.72239303588867
-50.64558029174805
-50.659873962402344
-50.6879768371582
-50.701507568359375
-50.71808624267578
-50.70068359375
-50.737022399902344
-50.72758865356445
-50.73796844482422
-50.732276916503906
-50.73666000366211
-50.72832107543945
-50.73618698120117
-50.741580963134766
-50.751869201660156
-50.743934631347656
-50.72258758544922
-50.7237434387207
-50.73229217529297
-50.75372314453125
-50.6866455078125
-50.709197998046875
-50.73246383666992
-50.731666564941406
-50.73691177368164
-50.70353698730469
-50.729732513427734
-50.803157806396484
-50.625572204589844
-50.692420959472656
-50.73054504394531
-50.65486145019531
-50.652748107910156
-50.73125457763672
-50.72529602050781
-50.679779052734375
-50.70625686645508
-50.76175308227539
-50.70014572143555
-50.676055908203125
-50.7076416015625
-50.71577835083008
-50.72010803222656
-50.73599624633789
-50.7677001953125
-50.74372863769531
-50.7535514831543
-50.739295959472656
-50.7755241394043
-50.726661682128906
-50.76703643798828
-50.70459747314453
-50.75989532470703
-50.70575714111328
-50.68500900268555
-50.7091064453125
-50.68194580078125
-50.606971740722656
-50.7116584777832
-50.71006774902344
-50.68125534057617
-50.686710357666016
-50.7572021484375
-50.759246826171875
-50.739295959472656
-50.72663116455078
-50.760719299316406
-50.71163558959961
-50.72674560546875
-50.69092559814453
-50.709510803222656
-50.73920822143555
-50.76337814331055
-50.75021743774414
-50.74840545654297
-50.74535369873047
-50.69375991821289
-50.72217559814453
-50.726436614990234
-50.71327590942383
-50.736976623535156
-50.74027633666992
-50.72428512573242
-50.720497131347656
-50.73234558105469
-50.68672180175781
-50.69948959350586
-50.73836135864258
-50.75300216674805
-50.746341705322266
-50.76331329345703
-50.66046142578125
-50.62794876098633
-50.70820999145508
-50.70600891113281
-50.725711822509766
-50.76939392089844
-50.751461029052734
-50.76377487182617
-50.74989318847656
-50.77614974975586
-50.787105560302734
-50.761688232421875
-50.77421188354492
-50.74986267089844
-50.77202606201172
-50.766624450683594
-50.7639045715332
-50.75621032714844
-50.775367736816406
-50.75525665283203
-50.757545471191406
-50.75349426269531
-50.71591567993164
-50.73490524291992
-50.765472412109375
-50.7514762878418
-50.74335861206055
-50.744449615478516
-50.77510070800781
-50.73833084106445
-50.75729751586914
-50.77946472167969
-50.73881912231445
-50.71781921386719
-50.73637771606445
-50.75102233886719
-50.773895263671875
-50.74927520751953
-50.769081115722656
-50.761085510253906
-50.681026458740234
-50.6794319152832
-50.68258285522461
-50.71686935424805
-50.773624420166016
-50.7420539855957
-50.726470947265625
-50.694435119628906
-50.69242477416992
-50.71600341796875
-50.77301025390625
-50.78184127807617
-50.76009750366211
-50.74618911743164
-50.75851058959961
-50.77937316894531
-50.770450592041016
-50.74888610839844
-50.73417282104492
-50.74419403076172
-50.7659797668457
-50.74296188354492
-50.74029541015625
-50.73789978027344
-50.77170944213867
-50.776832580566406
-50.77375030517578
-50.75440979003906
-50.737037658691406
-50.735897064208984
-50.723548889160156
-50.68661117553711
-50.69291687011719
-50.73122024536133
-50.77293014526367
-50.80559158325195
-50.73713684082031
-50.75067138671875
-50.752349853515625
-50.69818878173828
-50.737876892089844
-50.778526306152344
-50.74626922607422
-50.719390869140625
-50.78092956542969
-50.72726821899414
-50.69010925292969
-50.7095947265625
-50.71162414550781
-50.724822998046875
-50.7197265625
-50.794708251953125
-50.806060791015625
-50.702125549316406
-50.73210144042969
-50.697654724121094
-50.674407958984375
-50.712562561035156
-50.781063079833984
-50.78868865966797
-50.72135543823242
-50.757240295410156
-50.752586364746094
-50.741676330566406
-50.74260711669922
-50.741363525390625
-50.784996032714844
-50.742279052734375
-50.77789306640625
-50.75662612915039
-50.715476989746094
-50.69395446777344
-50.71259689331055
-50.76927947998047
-50.757076263427734
-50.66497039794922
-50.74993896484375
-50.74669647216797
-50.732460021972656
-50.78910446166992
-50.798824310302734
-50.74076843261719
-50.73523712158203
-50.74165725708008
-50.75421142578125
-50.734432220458984
-50.760189056396484
-50.766807556152344
-50.78645324707031
-50.755008697509766
-50.77656936645508
-50.773536682128906
-50.76289749145508
-50.750572204589844
-50.753997802734375
-50.752296447753906
-50.75951385498047
-50.74961853027344
-50.75209045410156
-50.72330856323242
-50.70904541015625
-50.68911361694336
-50.74729919433594
-50.7754020690918
-50.7697868347168
-50.75372314453125
-50.73287582397461
-50.71538162231445
-50.78927993774414
-50.801185607910156
-50.78778839111328
-50.77109909057617
-50.79120635986328
-50.75555419921875
-50.76244354248047
-50.76276397705078
-50.7590217590332
-50.78105545043945
-50.787139892578125
-50.783443450927734
-50.78191375732422
-50.78588104248047
-50.725189208984375
-50.67811965942383
-50.76261520385742
-50.776798248291016
-50.773597717285156
-50.78514862060547
-50.7985725402832
-50.74516296386719
-50.75975799560547
-50.75796890258789
-50.74018478393555
-50.772430419921875
-50.793006896972656
-50.808895111083984
-50.797882080078125
-50.75363540649414
-50.71434020996094
-50.72843933105469
-50.70717239379883
-50.73896026611328
-50.78419494628906
-50.804847717285156
-50.75652313232422
-50.783409118652344
-50.77537536621094
-50.7712516784668
-50.73969268798828
-50.768463134765625
-50.78733444213867
-50.78687286376953
-50.80302810668945
-50.79178237915039
-50.783233642578125
-50.800437927246094
-50.795997619628906
-50.82103729248047
-50.8153076171875
-50.81415939331055
-50.785945892333984
-50.78894805908203
-50.766998291015625
-50.80622100830078
-50.79327392578125
-50.777503967285156
-50.79397201538086
-50.77756881713867
-50.75926208496094
-50.72844314575195
-50.745994567871094
-50.757144927978516
-50.7980842590332
-50.75764846801758
-50.68772888183594
-50.6788444519043
-50.762386322021484
-50.81782913208008
-50.785865783691406
-50.72665786743164
-50.73702621459961
-50.77405548095703
-50.77712631225586
-50.80245590209961
-50.77585220336914
-50.749576568603516
-50.749305725097656
-50.75354766845703
-50.75153350830078
-50.81170654296875
-50.786216735839844
-50.77287292480469
-50.7911262512207
-50.79108428955078
-50.79618453979492
-50.81452941894531
-50.733802795410156
-50.753841400146484
-50.81633758544922
-50.75398254394531
-50.74373245239258
-50.78551483154297
-50.77336120605469
-50.73121643066406
-50.79664611816406
-50.79548645019531
-50.72370147705078
-50.78880310058594
-50.791534423828125
-50.75947570800781
-50.729087829589844
-50.781982421875
-50.801025390625
-50.7672233581543
-50.776275634765625
-50.78095626831055
-50.81440353393555
-50.750762939453125
-50.74656677246094
-50.815643310546875
-50.796775817871094
-50.78084945678711
-50.793060302734375
-50.79608154296875
-50.77922058105469
-50.796234130859375
-50.791297912597656
-50.777687072753906
-50.78261184692383
-50.79914855957031
-50.78864288330078
-50.809181213378906
-50.82493591308594
-50.824466705322266
-50.80913543701172
-50.81239700317383
-50.77808380126953
-50.789939880371094
-50.77509689331055
-50.74944305419922
-50.760494232177734
-50.79387283325195
-50.80232238769531
-50.816566467285156
-50.80377960205078
-50.787109375
-50.82789611816406
-50.75920104980469
-50.76228713989258
-50.754005432128906
-50.75790023803711
-50.776485443115234
-50.80225372314453
-50.76520538330078
-50.76313781738281
-50.723262786865234
-50.71940994262695
-50.74980163574219
-50.772865295410156
-50.784454345703125
-50.7889404296875
-50.79627227783203
-50.77617263793945
-50.81745147705078
-50.83334732055664
-50.78162384033203
-50.771636962890625
-50.7703971862793
-50.756507873535156
-50.765541076660156
-50.80068588256836
-50.8222770690918
-50.818260192871094
-50.80706787109375
-50.764469146728516
-50.703311920166016
-50.7300910949707
-50.72073745727539
-50.789520263671875
-50.828033447265625
-50.796268463134766
-50.76942825317383
-50.733848571777344
-50.76695251464844
-50.76239013671875
-50.81428146362305
-50.79709243774414
-50.776832580566406
-50.740699768066406
-50.75624084472656
-50.77998352050781
-50.80873107910156
-50.80381393432617
-50.81800842285156
-50.81045150756836
-50.77227020263672
-50.76378631591797
-50.76316833496094
-50.7540168762207
-50.74238586425781
-50.80109405517578
-50.81309509277344
-50.77376937866211
-50.770729064941406
-50.80171203613281
-50.74601364135742
-50.78900146484375
-50.805686950683594
-50.80489730834961
-50.81151580810547
-50.81003952026367
-50.83470916748047
-50.7715950012207
-50.77681350708008
-50.772010803222656
-50.7713508605957
-50.78611755371094
-50.789730072021484
-50.80194854736328
-50.8136100769043
-50.79530334472656
-50.82160949707031
-50.79877471923828
-50.7939453125
-50.833778381347656
-50.81321334838867
-50.81025314331055
-50.81352233886719
-50.807926177978516
-50.81298065185547
-50.80480194091797
-50.812564849853516
-50.81318664550781
-50.81148910522461
-50.81205749511719
-50.82152557373047
-50.819541931152344
-50.83136749267578
-50.81705856323242
-50.82516098022461
-50.8232421875
-50.83510971069336
-50.808570861816406
-50.8260383605957
-50.838768005371094
-50.794979095458984
-50.835968017578125
-50.83805465698242
-50.79085922241211
-50.812652587890625
-50.78984451293945
-50.78810119628906
-50.77165222167969
-50.77325439453125
-50.78373718261719
-50.81141662597656
-50.812355041503906
-50.83660888671875
-50.83388137817383
-50.80795669555664
-50.839813232421875
-50.827823638916016
-50.82648468017578
-50.8286247253418
-50.81336975097656
-50.820289611816406
-50.82473373413086
-50.77967071533203
-50.8125114440918
-50.80303955078125
-50.80252456665039
-50.79513168334961
-50.79688262939453
-50.803367614746094
-50.79335021972656
-50.795310974121094
-50.80265808105469
-50.800384521484375
-50.80719757080078
-50.81212615966797
-50.79460906982422
-50.820396423339844
-50.809471130371094
-50.81079864501953
-50.774906158447266
-50.81816101074219
-50.807472229003906
-50.81794738769531
-50.84336853027344
-50.835060119628906
-50.82569122314453
-50.84164810180664
-50.82088088989258
-50.80082321166992
-50.793418884277344
-50.74101638793945
-50.78749084472656
-50.752689361572266
-50.73501205444336
-50.776336669921875
-50.723052978515625
-50.75322723388672
-50.771034240722656
-50.81264877319336
-50.820518493652344
-50.80204772949219
-50.78406524658203
-50.80103302001953
-50.75438690185547
-50.726356506347656
-50.744415283203125
-50.75425720214844
-50.756927490234375
-50.73625564575195
-50.777610778808594
-50.803565979003906
-50.82000732421875
-50.76482391357422
-50.67268753051758
-50.69316864013672
-50.767425537109375
-50.801361083984375
-50.764732360839844
-50.756919860839844
-50.80651092529297
-50.82249450683594
-50.739620208740234
-50.61899185180664
-50.708900451660156
-50.77301025390625
-50.75956726074219
-50.716636657714844
-50.69720458984375
-50.77610397338867
-50.753807067871094
-50.626609802246094
-50.61030960083008
-50.74177932739258
-50.79060745239258
-50.66518020629883
-50.491783142089844
-50.65603256225586
-50.81004333496094
-50.67997741699219
-50.544342041015625
-50.690792083740234
-50.81535339355469
-50.739234924316406
-50.575138092041016
-50.71099090576172
-50.79573059082031
-50.764156341552734
-50.71187973022461
-50.71314239501953
-50.76494598388672
-50.773841857910156
-50.78936767578125
-50.770992279052734
-50.71876525878906
-50.76105499267578
-50.82103729248047
-50.79738235473633
-50.797088623046875
-50.795989990234375
-50.79496765136719
-50.73061752319336
-50.81755828857422
-50.82107925415039
-50.809791564941406
-50.742530822753906
-50.76988220214844
-50.787742614746094
-50.81658172607422
-50.84214401245117
-50.814064025878906
-50.75917434692383
-50.81155014038086
-50.84228515625
-50.83380889892578
-50.82174301147461
-50.82928466796875
-50.8227424621582
-50.829280853271484
-50.85111999511719
-50.810672760009766
-50.804718017578125
-50.80863952636719
-50.85493469238281
-50.86505126953125
-50.860897064208984
-50.804290771484375
-50.85044860839844
-50.830326080322266
-50.85359191894531
-50.826377868652344
-50.838783264160156
-50.80942153930664
-50.780174255371094
-50.84885025024414
-50.78925704956055
-50.816131591796875
-50.85641098022461
-50.86484146118164
-50.83422088623047
-50.86592102050781
-50.85020065307617
-50.82866668701172
-50.83004379272461
-50.83662414550781
-50.84986114501953
-50.850975036621094
-50.836177825927734
-50.85053634643555
-50.801082611083984
-50.8223876953125
-50.83889389038086
-50.842811584472656
-50.80265808105469
-50.82001495361328
-50.839439392089844
-50.81610107421875
-50.798614501953125
-50.843231201171875
-50.86619186401367
-50.77104949951172
-50.77877426147461
-50.81757354736328
-50.82509994506836
-50.837196350097656
-50.826107025146484
-50.8135871887207
-50.83058166503906
-50.80110168457031
-50.842552185058594
-50.838844299316406
-50.7869758605957
-50.872520446777344
-50.84403991699219
-50.84505081176758
-50.83576965332031
-50.852054595947266
-50.848873138427734
-50.842559814453125
-50.85745620727539
-50.870296478271484
-50.84257888793945
-50.86452102661133
-50.82491683959961
-50.8125
-50.82828903198242
-50.811065673828125
-50.84074020385742
-50.82086944580078
-50.86827850341797
-50.86309051513672
-50.831825256347656
-50.862449645996094
-50.83620071411133
-50.82526779174805
-50.799476623535156
-50.854820251464844
-50.830360412597656
-50.82708740234375
-50.846923828125
-50.834495544433594
-50.86334228515625
-50.86121368408203
-50.81723403930664
-50.866249084472656
-50.848941802978516
-50.857791900634766
-50.858985900878906
-50.848594665527344
-50.83638000488281
-50.84634017944336
-50.84376525878906
-50.82899475097656
-50.85340881347656
-50.86407470703125
-50.797279357910156
-50.855491638183594
-50.83501434326172
-50.8471565246582
-50.84922790527344
-50.8652458190918
-50.847904205322266
-50.85831832885742
-50.87648391723633
-50.85044860839844
-50.832027435302734
-50.836151123046875
-50.839935302734375
-50.846839904785156
-50.85493087768555
-50.8527946472168
-50.853302001953125
-50.841796875
-50.86077880859375
-50.866153717041016
-50.85622024536133
-50.850120544433594
-50.86122512817383
-50.84941864013672
-50.836936950683594
-50.82493591308594
-50.827171325683594
-50.83757781982422
-50.86103057861328
-50.86656951904297
-50.86029815673828
-50.84916687011719
-50.86643600463867
-50.845237731933594
-50.8238410949707
-50.82255935668945
-50.84307098388672
-50.83100891113281
-50.8380126953125
-50.85117721557617
-50.863502502441406
-50.851680755615234
-50.83622360229492
-50.83360290527344
-50.83725357055664
-50.82635498046875
-50.80187225341797
-50.81816482543945
-50.82835388183594
-50.83549499511719
-50.852027893066406
-50.84009552001953
-50.847312927246094
-50.85044479370117
-50.810791015625
-50.81602478027344
-50.8003044128418
-50.811485290527344
-50.82465744018555
-50.85894012451172
-50.83737564086914
-50.838844299316406
-50.823062896728516
-50.80512619018555
-50.77204132080078
-50.83379364013672
-50.847801208496094
-50.834510803222656
-50.84737777709961
-50.85538864135742
-50.85044860839844
-50.85160827636719
-50.8431396484375
-50.840885162353516
-50.84248352050781
-50.862396240234375
-50.852500915527344
-50.85911560058594
-50.84317398071289
-50.855525970458984
-50.847843170166016
-50.88495635986328
-50.81385040283203
-50.859737396240234
-50.869972229003906
-50.821353912353516
-50.8057861328125
-50.83092498779297
-50.81938171386719
-50.83295440673828
-50.86545944213867
-50.82673645019531
-50.80390167236328
-50.77863311767578
-50.772525787353516
-50.79741668701172
-50.8365478515625
-50.786903381347656
-50.728233337402344
-50.770389556884766
-50.824440002441406
-50.832786560058594
-50.79939270019531
-50.726985931396484
-50.70270538330078
-50.68768310546875
-50.810550689697266
-50.844444274902344
-50.79844284057617
-50.71331787109375
-50.71792221069336
-50.779178619384766
-50.774723052978516
-50.841156005859375
-50.82240295410156
-50.8148307800293
-50.82814025878906
-50.85565185546875
-50.80417251586914
-50.86515808105469
-50.843345642089844
-50.83809280395508
-50.837554931640625
-50.80652618408203
-50.82644271850586
-50.82875061035156
-50.842872619628906
-50.88164520263672
-50.86189651489258
-50.87089538574219
-50.85139846801758
-50.86410140991211
-50.844825744628906
-50.81828308105469
-50.801605224609375
-50.82486343383789
-50.84022521972656
-50.82901382446289
-50.834224700927734
-50.807437896728516
-50.78679275512695
-50.81005096435547
-50.86640930175781
-50.8624267578125
-50.821441650390625
-50.82334899902344
-50.82263946533203
-50.818851470947266
-50.86524200439453
-50.88285827636719
-50.84736633300781
-50.844505310058594
-50.8370361328125
-50.83816146850586
-50.81410217285156
-50.830238342285156
-50.814693450927734
-50.82905578613281
-50.82190704345703
-50.815399169921875
-50.793357849121094
-50.76378631591797
-50.77457809448242
-50.78365707397461
-50.8494873046875
-50.830413818359375
-50.78258514404297
-50.76789093017578
-50.7759895324707
-50.84959030151367
-50.87055969238281
-50.822425842285156
-50.77736282348633
-50.76600646972656
-50.781700134277344
-50.81914520263672
-50.85386657714844
-50.8430290222168
-50.830299377441406
-50.787330627441406
-50.83247375488281
-50.857154846191406
-50.85143280029297
-50.82849884033203
-50.81890869140625
-50.77544403076172
-50.837608337402344
-50.869110107421875
-50.83757781982422
-50.77410888671875
-50.797767639160156
-50.863643646240234
-50.77232360839844
-50.82781219482422
-50.79582595825195
-50.77652359008789
-50.799964904785156
-50.883609771728516
-50.83783721923828
-50.783470153808594
-50.822235107421875
-50.8823127746582
-50.86154556274414
-50.79978561401367
-50.78535079956055
-50.827579498291016
-50.86200714111328
-50.8509407043457
-50.836917877197266
-50.82420349121094
-50.87782669067383
-50.870689392089844
-50.80343246459961
-50.75958251953125
-50.823062896728516
-50.88752365112305
-50.81867218017578
-50.820411682128906
-50.82498550415039
-50.85140609741211
-50.85824203491211
-50.834686279296875
-50.816062927246094
-50.84848403930664
-50.87400817871094
-50.84879684448242
-50.864566802978516
-50.86276626586914
-50.86782455444336
-50.85511016845703
-50.87261962890625
-50.8745231628418
-50.848854064941406
-50.8661994934082
-50.87370300292969
-50.871421813964844
-50.87385559082031
-50.873924255371094
-50.85480499267578
-50.87760925292969
-50.88279724121094
-50.864013671875
-50.872291564941406
-50.846046447753906
-50.8644905090332
-50.86360168457031
-50.856101989746094
-50.86525344848633
-50.86046600341797
-50.854705810546875
-50.87065124511719
-50.832923889160156
-50.87031555175781
-50.87495803833008
-50.880645751953125
-50.87967300415039
-50.83735656738281
-50.887115478515625
-50.888671875
-50.88829040527344
-50.88542556762695
-50.875640869140625
-50.84991455078125
-50.87851333618164
-50.862491607666016
-50.85269546508789
-50.880794525146484
-50.87628173828125
-50.869659423828125
-50.854434967041016
-50.87520980834961
-50.86122131347656
-50.86163330078125
-50.8824348449707
-50.87432098388672
-50.876609802246094
-50.86943435668945
-50.87269973754883
-50.86338424682617
-50.85137939453125
-50.8389892578125
-50.84495162963867
-50.85397720336914
-50.88587951660156
-50.86213684082031
-50.884525299072266
-50.87847900390625
-50.884254455566406
-50.87592315673828
-50.842506408691406
-50.8675537109375
-50.836769104003906
-50.845619201660156
-50.8648681640625
-50.893310546875
-50.87879943847656
-50.89505386352539
-50.8952751159668
-50.83917999267578
-50.85253143310547
-50.888694763183594
-50.821407318115234
-50.84820556640625
-50.87763977050781
-50.85454559326172
-50.856117248535156
-50.865421295166016
-50.86840057373047
-50.89173126220703
-50.88056945800781
-50.8718376159668
-50.87934875488281
-50.85000228881836
-50.8555908203125
-50.87830352783203
-50.867149353027344
-50.89425277709961
-50.84672164916992
-50.868343353271484
-50.89463806152344
-50.828758239746094
-50.83759307861328
-50.84544372558594
-50.8325080871582
-50.875850677490234
-50.8819465637207
-50.88337326049805
-50.8536262512207
-50.882686614990234
-50.88386154174805
-50.87948989868164
-50.88969039916992
-50.8546028137207
-50.84663772583008
-50.86824035644531
-50.84811782836914
-50.854557037353516
-50.864501953125
-50.87025451660156
-50.88670349121094
-50.87664031982422
-50.8758430480957
-50.885643005371094
-50.84446716308594
-50.87578201293945
-50.8784294128418
-50.85224533081055
-50.84465408325195
-50.827110290527344
-50.85594940185547
-50.832550048828125
-50.80313491821289
-50.84419631958008
-50.832420349121094
-50.84531021118164
-50.87388229370117
-50.85327911376953
-50.86158752441406
-50.86155319213867
-50.862884521484375
-50.83552932739258
-50.8265266418457
-50.822174072265625
-50.80492401123047
-50.82772445678711
-50.86515808105469
-50.88153839111328
-50.829566955566406
-50.883689880371094
-50.875301361083984
-50.87513732910156
-50.84918975830078
-50.87025451660156
-50.861331939697266
-50.84221649169922
-50.875118255615234
-50.83055877685547
-50.83803176879883
-50.838165283203125
-50.85536193847656
-50.874107360839844
-50.88556671142578
-50.85332107543945
-50.868038177490234
-50.85931396484375
-50.81986618041992
-50.863075256347656
-50.83838653564453
-50.884883880615234
-50.84516525268555
-50.905609130859375
-50.90232849121094
-50.874595642089844
-50.841102600097656
-50.843849182128906
-50.86339569091797
-50.86016845703125
-50.88616943359375
-50.864532470703125
-50.858253479003906
-50.84485626220703
-50.85866165161133
-50.84897232055664
-50.87079620361328
-50.87610626220703
-50.87861251831055
-50.893348693847656
-50.82167434692383
-50.8460693359375
-50.871341705322266
-50.83621597290039
-50.81258010864258
-50.8065299987793
-50.808448791503906
-50.83634948730469
-50.88456726074219
-50.88154983520508
-50.8653564453125
-50.851806640625
-50.837398529052734
-50.84482192993164
-50.86481475830078
-50.893768310546875
-50.8523063659668
-50.79899597167969
-50.724403381347656
-50.77074432373047
-50.833526611328125
-50.89352035522461
-50.805458068847656
-50.82626724243164
-50.838226318359375
-50.832603454589844
-50.863216400146484
-50.8363037109375
-50.770355224609375
-50.744232177734375
-50.820430755615234
-50.862083435058594
-50.83103942871094
-50.80802917480469
-50.81895446777344
-50.86051940917969
-50.87755584716797
-50.88999938964844
-50.87343978881836
-50.85891342163086
-50.838768005371094
-50.855262756347656
-50.8915901184082
-50.887393951416016
-50.88526916503906
-50.84817886352539
-50.85421371459961
-50.883296966552734
-50.877410888671875
-50.885623931884766
-50.86149597167969
-50.86027526855469
-50.88402557373047
-50.877811431884766
-50.83452606201172
-50.89103698730469
-50.85072326660156
-50.87818145751953
-50.88154220581055
-50.88414001464844
-50.89802551269531
-50.89280319213867
-50.88243865966797
-50.891780853271484
-50.876930236816406
-50.87552261352539
-50.890663146972656
-50.89331817626953
-50.881317138671875
-50.88618469238281
-50.879127502441406
-50.867462158203125
-50.87910461425781
-50.873809814453125
-50.881195068359375
-50.8809814453125
-50.886199951171875
-50.8997802734375
-50.867801666259766
-50.90204620361328
-50.888160705566406
-50.80506134033203
-50.88225555419922
-50.875953674316406
-50.85934066772461
-50.8700065612793
-50.89373016357422
-50.88337707519531
-50.873130798339844
-50.86857604980469
-50.8377685546875
-50.837501525878906
-50.845298767089844
-50.86146545410156
-50.885597229003906
-50.90488815307617
-50.88397979736328
-50.88724136352539
-50.88604736328125
-50.87222671508789
-50.88097381591797
-50.87570571899414
-50.85551834106445
-50.84541320800781
-50.86547088623047
-50.87886047363281
-50.884246826171875
-50.90648651123047
-50.887142181396484
-50.87789535522461
-50.880775451660156
-50.886085510253906
-50.89523696899414
-50.89406204223633
-50.90568923950195
-50.87684631347656
-50.89993667602539
-50.89265823364258
-50.8852424621582
-50.874855041503906
-50.847312927246094
-50.803932189941406
-50.840003967285156
-50.86923599243164
-50.86384582519531
-50.885833740234375
-50.874244689941406
-50.85984802246094
-50.88200378417969
-50.864524841308594
-50.84153747558594
-50.85744094848633
-50.86110305786133
-50.84972381591797
-50.841094970703125
-50.85669708251953
-50.87791061401367
-50.87939453125
-50.856075286865234
-50.826019287109375
-50.83321762084961
-50.848594665527344
-50.88229751586914
-50.89006042480469
-50.88413619995117
-50.88324737548828
-50.86581039428711
-50.876075744628906
-50.87260818481445
-50.861053466796875
-50.901832580566406
-50.89622497558594
-50.88982009887695
-50.8895263671875
-50.88426208496094
-50.87166976928711
-50.8443603515625
-50.85911560058594
-50.876041412353516
-50.887413024902344
-50.881500244140625
-50.89507293701172
-50.90655517578125
-50.8611946105957
-50.88740539550781
-50.86835479736328
-50.86953353881836
-50.8961067199707
-50.887760162353516
-50.904212951660156
-50.88188934326172
-50.89256286621094
-50.87516784667969
-50.89237594604492
-50.88283157348633
-50.89934539794922
-50.87739181518555
-50.89606475830078
-50.899200439453125
-50.85722351074219
-50.8818359375
-50.89714050292969
-50.8203125
-50.78908157348633
-50.8779296875
-50.878150939941406
-50.88370132446289
-50.876651763916016
-50.92163848876953
-50.876869201660156
-50.909488677978516
-50.871864318847656
-50.87681579589844
-50.91061782836914
-50.87333679199219
-50.80964660644531
-50.8526611328125
-50.80476379394531
-50.82798385620117
-50.90137481689453
-50.88335418701172
-50.88015365600586
-50.86759567260742
-50.84564208984375
-50.86510467529297
-50.84738540649414
-50.821407318115234
-50.801429748535156
-50.874053955078125
-50.90099334716797
-50.893104553222656
-50.853050231933594
-50.807071685791016
-50.81391525268555
-50.81379699707031
-50.87939453125
-50.88753890991211
-50.88561248779297
-50.87537384033203
-50.82720947265625
-50.84065246582031
-50.88497543334961
-50.913780212402344
-50.89021301269531
-50.86787414550781
-50.83489990234375
-50.84380340576172
-50.8845100402832
-50.86821746826172
-50.90293502807617
-50.89213943481445
-50.86786651611328
-50.842926025390625
-50.90242385864258
-50.890953063964844
-50.88704299926758
-50.91496658325195
-50.89189147949219
-50.885498046875
-50.885128021240234
-50.84849166870117
-50.880531311035156
-50.875091552734375
-50.86255645751953
-50.89255905151367
-50.887413024902344
-50.87616729736328
-50.87800216674805
-50.88544464111328
-50.87018966674805
-50.870548248291016
-50.85875701904297
-50.84855651855469
-50.8469123840332
-50.871219635009766
-50.8582649230957
-50.86674499511719
-50.859588623046875
-50.88799285888672
-50.87895965576172
-50.89222717285156
-50.89776611328125
-50.881622314453125
-50.884918212890625
-50.8680305480957
-50.86628723144531
-50.878204345703125
-50.84920883178711
-50.859657287597656
-50.85857391357422
-50.87564468383789
-50.85257339477539
-50.917137145996094
-50.911231994628906
-50.89891815185547
-50.858619689941406
-50.81767272949219
-50.82493591308594
-50.843482971191406
-50.86335754394531
-50.90851974487305
-50.8848876953125
-50.85209274291992
-50.86170959472656
-50.888427734375
-50.899620056152344
-50.84187316894531
-50.86284255981445
-50.80375671386719
-50.8322639465332
-50.87833023071289
-50.881629943847656
-50.89107131958008
-50.87276077270508
-50.8313102722168
-50.78115463256836
-50.80398178100586
-50.826454162597656
-50.8674430847168
-50.88225555419922
-50.885337829589844
-50.88273239135742
-50.90713882446289
-50.89234161376953
-50.871376037597656
-50.85477828979492
-50.8586540222168
-50.85881042480469
-50.856300354003906
-50.885555267333984
-50.864768981933594
-50.89494323730469
-50.90885925292969
-50.88520050048828
-50.90315628051758
-50.893253326416016
-50.88645935058594
-50.894832611083984
-50.89105987548828
-50.88163757324219
-50.89114761352539
-50.91080093383789
-50.89527893066406
-50.898651123046875
-50.902381896972656
-50.90439987182617
-50.9019775390625
-50.88639450073242
-50.88024139404297
-50.87371063232422
-50.86949920654297
-50.89840316772461
-50.89237976074219
-50.89426803588867
-50.875701904296875
-50.89265441894531
-50.88875198364258
-50.84781265258789
-50.88142013549805
-50.881690979003906
-50.89016342163086
-50.89857482910156
-50.890174865722656
-50.89521408081055
-50.890933990478516
-50.91876220703125
-50.91472625732422
-50.921260833740234
-50.93217086791992
-50.91871643066406
-50.923133850097656
-50.91031265258789
-50.916717529296875
-50.909202575683594
