loss_h
-3.5784122943878174
-3.586512804031372
-3.5823380947113037
-3.600205659866333
-3.59167742729187
-3.6079583168029785
-3.6476080417633057
-3.62727427482605
-3.6670899391174316
-3.6435368061065674
-3.661555051803589
-3.665372133255005
-3.6589691638946533
-3.6702866554260254
-3.678969383239746
-3.703300952911377
-3.7085397243499756
-3.71345591545105
-3.7579715251922607
-3.7774415016174316
-3.799220323562622
-3.83524751663208
-3.8167715072631836
-3.855351448059082
-3.8562843799591064
-3.934415102005005
-3.9312422275543213
-3.9311323165893555
-4.006588459014893
-3.9928841590881348
-4.032754898071289
-4.10927677154541
-4.147998809814453
-4.202793598175049
-4.253396511077881
-4.279229164123535
-4.416577339172363
-4.405145168304443
-4.564084529876709
-4.620007514953613
-4.703465938568115
-4.84574556350708
-5.080466270446777
-5.297924995422363
-5.359240531921387
-5.383895397186279
-5.51950216293335
-5.6594414710998535
-5.739007949829102
-5.832308769226074
-6.163329124450684
-6.275831699371338
-6.4747514724731445
-6.632821083068848
-6.829494953155518
-7.0429792404174805
-7.116611957550049
-6.831927299499512
-6.935248851776123
-6.830612659454346
-6.716461181640625
-6.7851104736328125
-6.783110618591309
-6.871187210083008
-7.051187992095947
-7.145043849945068
-7.113609313964844
-7.1001081466674805
-7.093451976776123
-7.18687629699707
-7.050711154937744
-7.038954257965088
-7.11972188949585
-6.9924163818359375
-7.042027950286865
-7.158470630645752
-7.151923656463623
-7.10847806930542
-7.258197784423828
-7.249929904937744
-7.165354251861572
-7.176910400390625
-7.162038803100586
-7.16802453994751
-7.270666122436523
-7.15154504776001
-7.263851642608643
-7.29088830947876
-7.2086076736450195
-7.199271202087402
-7.210778713226318
-7.260390758514404
-7.3311076164245605
-7.2931623458862305
-7.26914644241333
-7.31090784072876
-7.319711685180664
-7.3797454833984375
-7.29046630859375
-7.294313430786133
-7.320387840270996
-7.368679523468018
-7.311466693878174
-7.272956848144531
-7.380246639251709
-7.3337297439575195
-7.279302597045898
-7.355724334716797
-7.32628059387207
-7.270386219024658
-7.322147369384766
-7.3705620765686035
-7.451138973236084
-7.39563512802124
-7.390946865081787
-7.353218078613281
-7.349861145019531
-7.35134744644165
-7.384797096252441
-7.415004253387451
-7.479790687561035
-7.482044219970703
-7.36411190032959
-7.372775554656982
-7.447584629058838
-7.484830379486084
-7.413128852844238
-7.440420150756836
-7.46706485748291
-7.446418285369873
-7.44264030456543
-7.4033098220825195
-7.585129261016846
-7.454079627990723
-7.516613006591797
-7.503084182739258
-7.497683048248291
-7.547554969787598
-7.509986877441406
-7.507513046264648
-7.53029727935791
-7.527670860290527
-7.55689001083374
-7.4683942794799805
-7.549242973327637
-7.542299270629883
-7.53185510635376
-7.553035736083984
-7.545058250427246
-7.595627784729004
-7.544631481170654
-7.568247318267822
-7.562448024749756
-7.6272358894348145
-7.584212303161621
-7.636784076690674
-7.588504314422607
-7.625778675079346
-7.617020130157471
-7.612797260284424
-7.632819175720215
-7.627933979034424
-7.646148681640625
-7.680768013000488
-7.656014442443848
-7.683897018432617
-7.704964637756348
-7.693481922149658
-7.633133888244629
-7.683785915374756
-7.670779228210449
-7.649343490600586
-7.708845615386963
-7.794023036956787
-7.759979724884033
-7.77772331237793
-7.721676826477051
-7.754436016082764
-7.7400031089782715
-7.785263538360596
-7.786683082580566
-7.773491859436035
-7.808349609375
-7.793368816375732
-7.81805419921875
-7.771780967712402
-7.869706630706787
-7.849600791931152
-7.840673446655273
-7.85461950302124
-7.930849075317383
-7.887192249298096
-7.868995189666748
-7.85813570022583
-7.91839075088501
-7.92415189743042
-7.897444725036621
-7.982382774353027
-8.007347106933594
-8.019721031188965
-7.991456031799316
-8.016990661621094
-8.022433280944824
-8.025040626525879
-8.123451232910156
-8.138725280761719
-8.150237083435059
-8.178231239318848
-8.25973129272461
-8.3107271194458
-8.350744247436523
-8.393994331359863
-8.450519561767578
-8.516951560974121
-8.56834888458252
-8.647969245910645
-8.633161544799805
-8.641148567199707
-8.746908187866211
-8.710168838500977
-8.707877159118652
-8.737951278686523
-8.82910442352295
-8.763713836669922
-8.750909805297852
-8.675929069519043
-8.844915390014648
-8.687236785888672
-8.7797269821167
-8.904363632202148
-8.830218315124512
-8.936002731323242
-8.901248931884766
-8.848946571350098
-8.87905216217041
-8.859831809997559
-8.999472618103027
-8.88812255859375
-8.865592002868652
-8.930330276489258
-8.954330444335938
-8.9918851852417
-8.955780982971191
-9.05435562133789
-8.943333625793457
-9.015183448791504
-9.050966262817383
-8.909377098083496
-8.998260498046875
-9.051777839660645
-9.107414245605469
-9.023914337158203
-9.061162948608398
-9.027140617370605
-9.107255935668945
-9.158513069152832
-9.186150550842285
-9.15937614440918
-9.07538890838623
-9.175124168395996
-9.17293643951416
-9.14453411102295
-9.152471542358398
-9.164019584655762
-9.170095443725586
-9.180293083190918
-9.204219818115234
-9.22358512878418
-9.255420684814453
-9.121439933776855
-9.206008911132812
-9.280974388122559
-9.140237808227539
-9.254389762878418
-9.305484771728516
-9.202422142028809
-9.240691184997559
-9.28652286529541
-9.249788284301758
-9.249616622924805
-9.202727317810059
-9.233952522277832
-9.269181251525879
-9.26506519317627
-9.302618980407715
-9.336063385009766
-9.191293716430664
-9.440174102783203
-9.302268028259277
-9.31715202331543
-9.306434631347656
-9.2611722946167
-9.316264152526855
-9.355427742004395
-9.472887992858887
-9.363889694213867
-9.275188446044922
-9.335010528564453
-9.339651107788086
-9.394818305969238
-9.418083190917969
-9.411532402038574
-9.368677139282227
-9.296290397644043
-9.375510215759277
-9.331324577331543
-9.420015335083008
-9.436935424804688
-9.383334159851074
-9.37324333190918
-9.362443923950195
-9.396141052246094
-9.39106559753418
-9.400090217590332
-9.376537322998047
-9.463618278503418
-9.32981014251709
-9.501461029052734
-9.31004524230957
-9.545135498046875
-9.466837882995605
-9.430251121520996
-9.406045913696289
-9.469566345214844
-9.351167678833008
-9.43840503692627
-9.486099243164062
-9.367297172546387
-9.41728401184082
-9.405306816101074
-9.5852632522583
-9.563697814941406
-9.385385513305664
-9.437973022460938
-9.446109771728516
-9.471087455749512
-9.477867126464844
-9.543737411499023
-9.465070724487305
-9.504216194152832
-9.469303131103516
-9.508944511413574
-9.5396146774292
-9.472468376159668
-9.527199745178223
-9.552921295166016
-9.622665405273438
-9.507211685180664
-9.539698600769043
-9.43896770477295
-9.633722305297852
-9.539915084838867
-9.534191131591797
-9.433060646057129
-9.580645561218262
-9.563822746276855
-9.606878280639648
-9.61995792388916
-9.545170783996582
-9.561235427856445
-9.591869354248047
-9.638999938964844
-9.566216468811035
-9.532674789428711
-9.599020957946777
-9.476347923278809
-9.636725425720215
-9.61568832397461
-9.61858081817627
-9.614328384399414
-9.611044883728027
-9.581530570983887
-9.708393096923828
-9.613737106323242
-9.58984088897705
-9.572684288024902
-9.531429290771484
-9.64073657989502
-9.673991203308105
-9.716842651367188
-9.616509437561035
-9.670477867126465
-9.663854598999023
-9.660507202148438
-9.673640251159668
-9.70660400390625
-9.671247482299805
-9.695530891418457
-9.619955062866211
-9.639151573181152
-9.572404861450195
-9.759260177612305
-9.633153915405273
-9.684157371520996
-9.611721992492676
-9.72248363494873
-9.702507972717285
-9.637296676635742
-9.63913345336914
-9.781868934631348
-9.652669906616211
-9.725701332092285
-9.633142471313477
-9.754015922546387
-9.693140029907227
-9.687603950500488
-9.760643005371094
-9.569619178771973
-9.792264938354492
-9.648974418640137
-9.678786277770996
-9.739331245422363
-9.797992706298828
-9.73586654663086
-9.714595794677734
-9.662567138671875
-9.68253231048584
-9.715080261230469
-9.71725845336914
-9.775882720947266
-9.678085327148438
-9.82736873626709
-9.776723861694336
-9.759422302246094
-9.873800277709961
-9.845146179199219
-9.83021354675293
-9.790568351745605
-9.774994850158691
-9.725399017333984
-9.802335739135742
-9.77881145477295
-9.85354232788086
-9.72697925567627
-9.807085037231445
-9.851153373718262
-9.897745132446289
-9.686580657958984
-9.785470008850098
-9.859053611755371
-9.825471878051758
-9.852029800415039
-9.789106369018555
-9.87740707397461
-9.821843147277832
-9.864802360534668
-9.897025108337402
-9.899515151977539
-9.86198902130127
-9.848433494567871
-9.90045166015625
-9.864470481872559
-9.827102661132812
-9.884111404418945
-9.911611557006836
-9.787137985229492
-9.845047950744629
-9.97327995300293
-9.95467758178711
-9.824645042419434
-9.93058967590332
-9.820881843566895
-9.873661041259766
-9.879694938659668
-9.927687644958496
-9.91374397277832
-9.921006202697754
-9.90230941772461
-10.014277458190918
-9.99317455291748
-9.867409706115723
-9.850102424621582
-9.936738967895508
-9.961949348449707
-9.943319320678711
-9.97340202331543
-9.870243072509766
-9.997193336486816
-10.067266464233398
-9.963608741760254
-9.934110641479492
-10.044681549072266
-9.95535659790039
-9.917067527770996
-10.038675308227539
-10.012060165405273
-9.929655075073242
-9.97226619720459
-9.933959007263184
-9.985745429992676
-9.990293502807617
-9.969074249267578
-10.075555801391602
-10.042787551879883
-10.006904602050781
-10.010587692260742
-10.103882789611816
-10.062825202941895
-10.02334976196289
-10.036346435546875
-10.119990348815918
-10.064480781555176
-10.164554595947266
-10.05982780456543
-10.137750625610352
-10.087292671203613
-10.102872848510742
-10.165735244750977
-10.130491256713867
-10.109707832336426
-10.143109321594238
-10.152717590332031
-10.178604125976562
-10.147746086120605
-10.10958480834961
-10.225556373596191
-10.102097511291504
-10.115419387817383
-10.177257537841797
-10.15876579284668
-10.190485954284668
-10.191374778747559
-10.220832824707031
-10.233344078063965
-10.26024055480957
-10.254080772399902
-10.182182312011719
-10.18402099609375
-10.230161666870117
-10.307599067687988
-10.27961540222168
-10.2992582321167
-10.20394515991211
-10.199127197265625
-10.282306671142578
-10.1890287399292
-10.20107650756836
-10.305392265319824
-10.302982330322266
-10.329948425292969
-10.245567321777344
-10.315441131591797
-10.311582565307617
-10.37470531463623
-10.316832542419434
-10.34476089477539
-10.346467971801758
-10.335736274719238
-10.429181098937988
-10.303007125854492
-10.323416709899902
-10.362752914428711
-10.318049430847168
-10.388876914978027
-10.303689956665039
-10.2761812210083
-10.441797256469727
-10.275189399719238
-10.23122787475586
-10.448105812072754
-10.342131614685059
-10.344412803649902
-10.412854194641113
-10.424779891967773
-10.408656120300293
-10.429561614990234
-10.426933288574219
-10.402694702148438
-10.459474563598633
-10.471715927124023
-10.432154655456543
-10.43034839630127
-10.454619407653809
-10.480209350585938
-10.42167854309082
-10.464744567871094
-10.454414367675781
-10.497045516967773
-10.496659278869629
-10.502396583557129
-10.476163864135742
-10.478778839111328
-10.535853385925293
-10.489019393920898
-10.473889350891113
-10.46424674987793
-10.521512985229492
-10.50649356842041
-10.489789962768555
-10.510273933410645
-10.490853309631348
-10.511591911315918
-10.523130416870117
-10.484421730041504
-10.46532917022705
-10.492526054382324
-10.550875663757324
-10.527079582214355
-10.463581085205078
-10.519367218017578
-10.528987884521484
-10.504721641540527
-10.513606071472168
-10.536624908447266
-10.541790008544922
-10.533526420593262
-10.546786308288574
-10.5364990234375
-10.544942855834961
-10.540177345275879
-10.553886413574219
-10.553573608398438
-10.559717178344727
-10.553671836853027
-10.536602973937988
-10.55178165435791
-10.524567604064941
-10.54561996459961
-10.563142776489258
-10.564403533935547
-10.561125755310059
-10.589653968811035
-10.53692626953125
-10.550663948059082
-10.534187316894531
-10.571850776672363
-10.565823554992676
-10.554001808166504
-10.558631896972656
-10.559103012084961
-10.544023513793945
-10.570566177368164
-10.579153060913086
-10.587628364562988
-10.577057838439941
-10.592728614807129
-10.585661888122559
-10.561636924743652
-10.509490966796875
-10.558087348937988
-10.59599494934082
-10.545738220214844
-10.571502685546875
-10.600083351135254
-10.561718940734863
-10.541879653930664
-10.607819557189941
-10.570525169372559
-10.556635856628418
-10.605437278747559
-10.587714195251465
-10.5853910446167
-10.606351852416992
-10.610135078430176
-10.587638854980469
-10.6051664352417
-10.605724334716797
-10.586145401000977
-10.607992172241211
-10.603759765625
-10.609174728393555
-10.610240936279297
-10.60857105255127
-10.602720260620117
-10.595176696777344
-10.615071296691895
-10.621420860290527
-10.597156524658203
-10.603869438171387
-10.61405086517334
-10.61929702758789
-10.612125396728516
-10.611903190612793
-10.604314804077148
-10.607160568237305
-10.606579780578613
-10.622692108154297
-10.620108604431152
-10.62722110748291
-10.631547927856445
-10.63311767578125
-10.607264518737793
-10.603208541870117
-10.622081756591797
-10.631563186645508
-10.60972785949707
-10.618173599243164
-10.622227668762207
-10.615909576416016
-10.624151229858398
-10.632887840270996
-10.643213272094727
-10.645742416381836
-10.63114070892334
-10.643329620361328
-10.636305809020996
-10.622316360473633
-10.624070167541504
-10.595330238342285
-10.633448600769043
-10.62403678894043
-10.64156436920166
-10.637885093688965
-10.61849308013916
-10.635427474975586
-10.656661033630371
-10.62330436706543
-10.610492706298828
-10.62572193145752
-10.634974479675293
-10.647759437561035
-10.627610206604004
-10.63607120513916
-10.666945457458496
-10.571840286254883
-10.580096244812012
-10.659281730651855
-10.589605331420898
-10.578580856323242
-10.634687423706055
-10.639143943786621
-10.58339786529541
-10.653437614440918
-10.601012229919434
-10.562589645385742
-10.642816543579102
-10.623247146606445
-10.576449394226074
-10.652029991149902
-10.64837646484375
-10.651219367980957
-10.666757583618164
-10.656360626220703
-10.645981788635254
-10.676090240478516
-10.635272979736328
-10.609079360961914
-10.650333404541016
-10.670451164245605
-10.6587553024292
-10.669285774230957
-10.64078140258789
-10.648199081420898
-10.656414031982422
-10.621515274047852
-10.655851364135742
-10.66135025024414
-10.602075576782227
-10.652766227722168
-10.664655685424805
-10.62210750579834
-10.63978385925293
-10.684171676635742
-10.638096809387207
-10.645017623901367
-10.668282508850098
-10.646027565002441
-10.654274940490723
-10.668839454650879
-10.681326866149902
-10.674878120422363
-10.666743278503418
-10.678715705871582
-10.673932075500488
-10.675837516784668
-10.667530059814453
-10.676904678344727
-10.668161392211914
-10.674163818359375
-10.68060302734375
-10.672999382019043
-10.662909507751465
-10.67953872680664
-10.658154487609863
-10.67116928100586
-10.686361312866211
-10.666452407836914
-10.678064346313477
-10.656635284423828
-10.619890213012695
-10.677517890930176
-10.631543159484863
-10.656097412109375
-10.679584503173828
-10.645421981811523
-10.665163040161133
-10.679851531982422
-10.63792896270752
-10.675280570983887
-10.661762237548828
-10.622464179992676
-10.685344696044922
-10.664870262145996
-10.641094207763672
-10.684814453125
-10.630965232849121
-10.685820579528809
-10.637190818786621
-10.59623908996582
-10.699050903320312
-10.657169342041016
-10.589240074157715
-10.675684928894043
-10.622589111328125
-10.633803367614746
-10.697493553161621
-10.647485733032227
-10.683671951293945
-10.674768447875977
-10.66061019897461
-10.696745872497559
-10.6470308303833
-10.683958053588867
-10.691938400268555
-10.694002151489258
-10.701438903808594
-10.692707061767578
-10.702363967895508
-10.709978103637695
-10.685529708862305
-10.686104774475098
-10.69461727142334
-10.691618919372559
-10.692816734313965
-10.697303771972656
-10.684864044189453
-10.699880599975586
-10.664727210998535
-10.68775463104248
-10.690643310546875
-10.680776596069336
-10.70517349243164
-10.690628051757812
-10.688562393188477
-10.703744888305664
-10.686689376831055
-10.694486618041992
-10.7215576171875
-10.709084510803223
-10.693452835083008
-10.663779258728027
-10.682001113891602
-10.702359199523926
-10.693981170654297
-10.70848560333252
-10.674751281738281
-10.677614212036133
-10.700592041015625
-10.69693660736084
-10.682637214660645
-10.711210250854492
-10.680131912231445
-10.646590232849121
-10.702127456665039
-10.689390182495117
-10.687614440917969
-10.712268829345703
-10.697486877441406
-10.702792167663574
-10.712568283081055
-10.700718879699707
-10.700990676879883
-10.713008880615234
-10.717164039611816
-10.711478233337402
-10.671367645263672
-10.711102485656738
-10.708869934082031
-10.712477684020996
-10.713667869567871
-10.720539093017578
-10.716632843017578
-10.71145248413086
-10.718487739562988
-10.715683937072754
-10.712814331054688
-10.714780807495117
-10.719891548156738
-10.720606803894043
-10.718924522399902
-10.709510803222656
-10.726856231689453
-10.713098526000977
-10.712142944335938
-10.717071533203125
-10.711477279663086
-10.702997207641602
-10.726149559020996
-10.713187217712402
-10.715792655944824
-10.72041130065918
-10.712800979614258
-10.729933738708496
-10.717020034790039
-10.713334083557129
-10.731025695800781
-10.74081039428711
-10.724162101745605
-10.717290878295898
-10.705131530761719
-10.71084976196289
-10.723803520202637
-10.698160171508789
-10.714625358581543
-10.719975471496582
-10.716440200805664
-10.730975151062012
-10.663578033447266
-10.698708534240723
-10.722491264343262
-10.645740509033203
-10.674003601074219
-10.72047233581543
-10.684161186218262
-10.703414916992188
-10.72972583770752
-10.694509506225586
-10.72680377960205
-10.742697715759277
-10.728631019592285
-10.733410835266113
-10.727523803710938
-10.729837417602539
-10.734241485595703
-10.739089012145996
-10.725104331970215
-10.727614402770996
-10.66539192199707
-10.731666564941406
-10.692182540893555
-10.670357704162598
-10.727375030517578
-10.697808265686035
-10.750166893005371
-10.65782642364502
-10.682783126831055
-10.719366073608398
-10.66178035736084
-10.720884323120117
-10.719376564025879
-10.662660598754883
-10.732683181762695
-10.676429748535156
-10.692901611328125
-10.711299896240234
-10.624260902404785
-10.723040580749512
-10.702054023742676
-10.710945129394531
-10.751167297363281
-10.701963424682617
-10.742156028747559
-10.713140487670898
-10.700531959533691
-10.749248504638672
-10.711254119873047
-10.73745346069336
-10.719864845275879
-10.721365928649902
-10.73111343383789
-10.691683769226074
-10.745603561401367
-10.7108736038208
-10.724530220031738
-10.736615180969238
-10.683164596557617
-10.72758674621582
-10.733128547668457
-10.723332405090332
-10.744624137878418
-10.736515045166016
-10.738022804260254
-10.750310897827148
-10.733224868774414
-10.737835884094238
-10.759600639343262
-10.740665435791016
-10.74531364440918
-10.74936580657959
-10.76088809967041
-10.752747535705566
-10.738024711608887
-10.74846076965332
-10.729316711425781
-10.749746322631836
-10.750258445739746
-10.747147560119629
-10.754816055297852
-10.736626625061035
-10.723564147949219
-10.751161575317383
-10.735347747802734
-10.757254600524902
-10.723007202148438
-10.723508834838867
-10.748027801513672
-10.700262069702148
-10.752692222595215
-10.69031810760498
-10.755953788757324
-10.690069198608398
-10.702811241149902
-10.765676498413086
-10.628092765808105
-10.739706993103027
-10.735673904418945
-10.738401412963867
-10.73364543914795
-10.683809280395508
-10.758249282836914
-10.713268280029297
-10.73393726348877
-10.747697830200195
-10.708375930786133
-10.760229110717773
-10.743880271911621
-10.740619659423828
-10.748917579650879
-10.730009078979492
-10.760200500488281
-10.725513458251953
-10.751365661621094
-10.752381324768066
-10.734674453735352
-10.757122039794922
-10.702230453491211
-10.76463508605957
-10.737874031066895
-10.746410369873047
-10.759577751159668
-10.741979598999023
-10.76283073425293
-10.739596366882324
-10.744544982910156
-10.767921447753906
-10.759269714355469
-10.768656730651855
-10.756929397583008
-10.747262001037598
-10.765929222106934
-10.746463775634766
-10.760828971862793
-10.75086784362793
-10.749531745910645
-10.768011093139648
-10.766218185424805
-10.761283874511719
-10.777363777160645
-10.755857467651367
-10.76533317565918
-10.758561134338379
-10.765215873718262
-10.755815505981445
-10.758262634277344
-10.77275562286377
-10.765630722045898
-10.770565032958984
-10.756113052368164
-10.7550630569458
-10.758954048156738
-10.767555236816406
-10.744277000427246
-10.767529487609863
-10.772035598754883
-10.758886337280273
-10.768898010253906
-10.775158882141113
-10.778606414794922
-10.77869987487793
-10.784485816955566
-10.763860702514648
-10.769445419311523
-10.769580841064453
-10.778306007385254
-10.769426345825195
-10.781567573547363
-10.78190803527832
-10.772196769714355
-10.771864891052246
-10.78455638885498
-10.78381061553955
-10.76521110534668
-10.772787094116211
-10.768484115600586
-10.79210090637207
-10.78303050994873
-10.78515911102295
-10.789374351501465
-10.777146339416504
-10.772626876831055
-10.785572052001953
-10.786866188049316
-10.7789945602417
-10.77847671508789
-10.7686128616333
-10.774555206298828
-10.771162986755371
-10.78745174407959
-10.768489837646484
-10.768948554992676
-10.77260971069336
-10.761340141296387
-10.76347541809082
-10.78489875793457
-10.774904251098633
-10.7694091796875
-10.77558422088623
-10.775603294372559
-10.749814987182617
-10.760247230529785
-10.779448509216309
-10.77287483215332
-10.780552864074707
-10.793076515197754
-10.771794319152832
-10.791020393371582
-10.779561042785645
-10.779537200927734
-10.782234191894531
-10.748344421386719
-10.78113079071045
-10.767333030700684
-10.77872371673584
-10.774724006652832
-10.732937812805176
-10.792144775390625
-10.748024940490723
-10.754348754882812
-10.79556941986084
-10.75944995880127
-10.781888008117676
-10.781425476074219
-10.78854751586914
-10.795845985412598
-10.794651985168457
-10.779499053955078
-10.793432235717773
-10.794256210327148
-10.795166015625
-10.789926528930664
-10.787747383117676
-10.79485034942627
-10.785561561584473
-10.79399585723877
-10.789134979248047
-10.788613319396973
-10.802225112915039
-10.797847747802734
-10.794244766235352
-10.786383628845215
-10.800605773925781
-10.799436569213867
-10.800341606140137
-10.793487548828125
-10.799460411071777
-10.793317794799805
-10.794440269470215
-10.7944917678833
-10.789217948913574
-10.784699440002441
-10.800219535827637
-10.785370826721191
-10.787548065185547
-10.788581848144531
-10.786038398742676
-10.807024002075195
-10.795620918273926
-10.791056632995605
-10.790393829345703
-10.79722785949707
-10.782596588134766
-10.804787635803223
-10.791115760803223
-10.785420417785645
-10.79622745513916
-10.80829906463623
-10.781548500061035
-10.791089057922363
-10.799065589904785
-10.788097381591797
-10.797477722167969
-10.7997407913208
-10.798554420471191
-10.800603866577148
-10.807096481323242
-10.79022216796875
-10.721603393554688
-10.786591529846191
-10.772849082946777
-10.714068412780762
-10.817445755004883
-10.740211486816406
-10.79993724822998
-10.755950927734375
-10.744349479675293
-10.800230979919434
-10.755481719970703
-10.799653053283691
-10.763099670410156
-10.75515079498291
-10.817708015441895
-10.764323234558105
-10.793318748474121
-10.773350715637207
-10.780996322631836
-10.801112174987793
-10.744305610656738
-10.781705856323242
-10.797950744628906
-10.787416458129883
-10.810178756713867
-10.7979097366333
-10.785898208618164
-10.80538558959961
-10.807880401611328
-10.815718650817871
-10.808088302612305
-10.81533432006836
-10.811373710632324
-10.811497688293457
-10.820282936096191
-10.82394790649414
-10.801486015319824
-10.815443992614746
-10.812196731567383
-10.819424629211426
-10.810017585754395
-10.807718276977539
-10.818901062011719
-10.83200740814209
-10.80801773071289
-10.789994239807129
-10.796802520751953
-10.81342887878418
-10.8016996383667
-10.820127487182617
-10.824772834777832
-10.818277359008789
-10.793497085571289
-10.774198532104492
-10.817798614501953
-10.760998725891113
-10.789773941040039
-10.807548522949219
-10.817756652832031
-10.815248489379883
-10.804859161376953
-10.817389488220215
-10.827327728271484
-10.826058387756348
-10.828978538513184
-10.818781852722168
-10.813916206359863
-10.819997787475586
-10.81948184967041
-10.808629989624023
-10.825201988220215
-10.822399139404297
-10.79248332977295
-10.814519882202148
-10.812376022338867
-10.783793449401855
-10.821703910827637
-10.80280876159668
-10.808662414550781
-10.808039665222168
-10.809853553771973
-10.822257041931152
-10.786437034606934
-10.812808990478516
-10.812399864196777
-10.78078842163086
-10.812128067016602
-10.805937767028809
-10.809975624084473
-10.82653522491455
-10.783913612365723
-10.816545486450195
-10.820367813110352
-10.790867805480957
-10.81446647644043
-10.833460807800293
-10.823492050170898
-10.817187309265137
-10.825387954711914
-10.81480598449707
-10.823920249938965
-10.828168869018555
-10.818605422973633
-10.822859764099121
-10.828873634338379
-10.808944702148438
-10.820034980773926
-10.829023361206055
-10.820694923400879
-10.826648712158203
-10.816084861755371
-10.798304557800293
-10.812145233154297
-10.82097053527832
-10.83328628540039
-10.83231258392334
-10.83110237121582
-10.834816932678223
-10.824535369873047
-10.830766677856445
-10.827681541442871
-10.83574390411377
-10.830282211303711
-10.82126522064209
-10.827362060546875
-10.823098182678223
-10.808740615844727
-10.825057983398438
-10.823637962341309
-10.787775039672852
-10.804092407226562
-10.825089454650879
-10.805456161499023
-10.813968658447266
-10.830906867980957
-10.785877227783203
-10.806259155273438
-10.832715034484863
-10.797261238098145
-10.792508125305176
-10.847198486328125
-10.827384948730469
-10.826079368591309
-10.833892822265625
-10.83275032043457
-10.840168952941895
-10.829447746276855
-10.84813404083252
-10.831571578979492
-10.836973190307617
-10.839156150817871
-10.830351829528809
-10.825416564941406
-10.83285903930664
-10.833083152770996
-10.850893020629883
-10.819737434387207
-10.813471794128418
-10.832635879516602
-10.829751968383789
-10.825614929199219
-10.840360641479492
-10.821646690368652
-10.82306957244873
-10.841123580932617
-10.841538429260254
-10.83338451385498
-10.85466194152832
-10.836098670959473
-10.821259498596191
-10.837133407592773
-10.825016975402832
-10.844222068786621
-10.826799392700195
-10.83831787109375
-10.835256576538086
-10.815753936767578
-10.837885856628418
-10.816146850585938
-10.820829391479492
-10.829769134521484
-10.773993492126465
-10.830997467041016
-10.839005470275879
-10.828836441040039
-10.850081443786621
-10.830135345458984
-10.819097518920898
-10.846402168273926
-10.824830055236816
-10.822944641113281
-10.83743953704834
-10.784518241882324
-10.79939079284668
-10.837224960327148
-10.779036521911621
-10.822491645812988
-10.84565258026123
-10.808292388916016
-10.828386306762695
-10.846144676208496
-10.834338188171387
-10.84005069732666
-10.848031997680664
-10.850275993347168
-10.838269233703613
-10.83389663696289
-10.849359512329102
-10.827348709106445
-10.812752723693848
-10.844151496887207
-10.823747634887695
-10.832674980163574
-10.858443260192871
-10.848751068115234
-10.852954864501953
-10.841423034667969
-10.850400924682617
-10.852614402770996
-10.842788696289062
-10.85374641418457
-10.859134674072266
-10.83542251586914
-10.854573249816895
-10.856697082519531
-10.8486328125
-10.838884353637695
-10.849499702453613
-10.841285705566406
-10.841713905334473
-10.851142883300781
-10.83973503112793
-10.806862831115723
-10.83725357055664
-10.841043472290039
-10.816085815429688
-10.844159126281738
-10.84131145477295
-10.845527648925781
-10.831196784973145
-10.86267375946045
-10.8306884765625
-10.824158668518066
-10.857972145080566
-10.841828346252441
-10.839085578918457
-10.855291366577148
-10.84886360168457
-10.85702133178711
-10.852147102355957
-10.841203689575195
-10.860580444335938
-10.824121475219727
-10.844870567321777
-10.847694396972656
-10.82069206237793
-10.861407279968262
-10.853119850158691
-10.856616020202637
-10.856325149536133
-10.855703353881836
-10.866127014160156
-10.85096549987793
-10.84057903289795
-10.8566312789917
-10.85939884185791
-10.859612464904785
-10.85509204864502
-10.854472160339355
-10.861098289489746
-10.869213104248047
-10.863154411315918
-10.843419075012207
-10.826471328735352
-10.85135555267334
-10.818984031677246
-10.846373558044434
-10.856620788574219
-10.838191032409668
-10.856895446777344
-10.857648849487305
-10.858503341674805
-10.85179328918457
-10.863851547241211
-10.82967758178711
-10.831781387329102
-10.859490394592285
-10.871687889099121
-10.859970092773438
-10.858150482177734
-10.856039047241211
-10.863378524780273
-10.864048957824707
-10.864121437072754
-10.863421440124512
-10.869067192077637
-10.853151321411133
-10.853955268859863
-10.8673095703125
-10.854181289672852
-10.849531173706055
-10.866083145141602
-10.818341255187988
-10.84675407409668
-10.85140323638916
-10.81595230102539
-10.862504959106445
-10.845661163330078
-10.848749160766602
-10.861390113830566
-10.8414888381958
-10.865267753601074
-10.848690032958984
-10.873490333557129
-10.82538890838623
-10.827396392822266
-10.860236167907715
-10.860379219055176
-10.842381477355957
-10.882561683654785
-10.824563980102539
-10.853257179260254
-10.847709655761719
-10.799507141113281
-10.869100570678711
-10.866996765136719
-10.873529434204102
-10.8723726272583
-10.871444702148438
-10.866473197937012
-10.857413291931152
-10.83485221862793
-10.866747856140137
-10.870674133300781
-10.849212646484375
-10.863755226135254
-10.868608474731445
-10.848252296447754
-10.875448226928711
-10.867226600646973
-10.841304779052734
-10.867691993713379
-10.875736236572266
-10.858464241027832
-10.85634994506836
-10.873080253601074
-10.870694160461426
-10.875452041625977
-10.866724967956543
-10.866766929626465
-10.873839378356934
-10.862882614135742
-10.870474815368652
-10.865265846252441
-10.880440711975098
-10.86824893951416
-10.876529693603516
-10.881072044372559
-10.871150016784668
-10.86649227142334
-10.86585807800293
-10.860705375671387
-10.87280559539795
-10.870770454406738
-10.870989799499512
-10.860179901123047
-10.879171371459961
-10.870224952697754
-10.871471405029297
-10.87838077545166
-10.871622085571289
-10.868824005126953
-10.8863525390625
-10.884811401367188
-10.877034187316895
-10.878789901733398
-10.868881225585938
-10.877741813659668
-10.872817039489746
-10.887269973754883
-10.878899574279785
-10.888570785522461
-10.87515640258789
-10.876898765563965
-10.87531566619873
-10.863486289978027
-10.856518745422363
-10.871244430541992
-10.880375862121582
-10.884843826293945
-10.883391380310059
-10.85892105102539
-10.86861801147461
-10.885823249816895
-10.880998611450195
-10.875336647033691
-10.870660781860352
-10.8817720413208
-10.866271018981934
-10.83617877960205
-10.875704765319824
-10.885547637939453
-10.880130767822266
-10.879962921142578
-10.886810302734375
-10.887153625488281
-10.881125450134277
-10.88134765625
-10.87165355682373
-10.877571105957031
-10.886645317077637
-10.869776725769043
-10.88243579864502
-10.872885704040527
-10.875585556030273
-10.876180648803711
-10.881316184997559
-10.873871803283691
-10.867070198059082
-10.882142066955566
-10.879908561706543
-10.884454727172852
-10.891529083251953
-10.889012336730957
-10.900447845458984
-10.87210750579834
-10.851933479309082
-10.887665748596191
-10.868457794189453
-10.854126930236816
-10.876070022583008
-10.86463737487793
-10.856871604919434
-10.888141632080078
-10.862268447875977
-10.858386039733887
-10.877999305725098
-10.876703262329102
-10.872897148132324
-10.878605842590332
-10.81124496459961
-10.851901054382324
-10.887679100036621
-10.85579776763916
-10.85904312133789
-10.897232055664062
-10.799181938171387
-10.827046394348145
-10.883231163024902
-10.800579071044922
-10.87423038482666
-10.863868713378906
-10.786848068237305
-10.885239601135254
-10.856280326843262
-10.835890769958496
-10.885496139526367
-10.859682083129883
-10.878822326660156
-10.882119178771973
-10.879094123840332
-10.88025951385498
-10.867446899414062
-10.885866165161133
-10.87760066986084
-10.861956596374512
-10.874027252197266
-10.853059768676758
-10.858023643493652
-10.878162384033203
-10.810468673706055
-10.852214813232422
-10.889045715332031
-10.861390113830566
-10.896183013916016
-10.794689178466797
-10.860843658447266
-10.865363121032715
-10.823894500732422
-10.89893913269043
-10.792542457580566
-10.847289085388184
-10.883065223693848
-10.850532531738281
-10.890830993652344
-10.852777481079102
-10.854700088500977
-10.891534805297852
-10.865102767944336
-10.881878852844238
-10.86750316619873
-10.824197769165039
-10.897607803344727
-10.879515647888184
-10.899872779846191
-10.872965812683105
-10.846109390258789
-10.8949556350708
-10.859834671020508
-10.881258964538574
-10.881674766540527
-10.794085502624512
-10.884276390075684
-10.878433227539062
-10.859272956848145
-10.900409698486328
-10.891022682189941
-10.888092041015625
-10.893502235412598
-10.89675521850586
-10.895313262939453
-10.895742416381836
-10.893914222717285
-10.883191108703613
-10.869291305541992
-10.888471603393555
-10.873842239379883
-10.867291450500488
-10.882711410522461
-10.79301929473877
-10.873513221740723
-10.865382194519043
-10.84636116027832
-10.895468711853027
-10.838202476501465
-10.880203247070312
-10.875502586364746
-10.843912124633789
-10.903707504272461
-10.874466896057129
-10.855122566223145
-10.89816665649414
-10.878676414489746
-10.878135681152344
-10.889556884765625
-10.856283187866211
-10.894905090332031
-10.889517784118652
-10.893556594848633
-10.904483795166016
-10.833751678466797
-10.881799697875977
-10.873430252075195
-10.892817497253418
-10.8789644241333
-10.862275123596191
-10.900290489196777
-10.851583480834961
-10.893208503723145
-10.879816055297852
-10.88564682006836
-10.889716148376465
-10.876076698303223
-10.889187812805176
-10.886396408081055
-10.901348114013672
-10.87834358215332
-10.876120567321777
-10.901034355163574
-10.907430648803711
-10.901459693908691
-10.896397590637207
-10.894357681274414
-10.890751838684082
-10.908573150634766
-10.902410507202148
-10.903738975524902
-10.889806747436523
-10.885668754577637
-10.900646209716797
-10.894770622253418
-10.9154691696167
-10.88955307006836
-10.896129608154297
-10.903660774230957
-10.902117729187012
-10.900910377502441
-10.900195121765137
-10.893033981323242
-10.899490356445312
-10.905804634094238
-10.900249481201172
-10.881117820739746
-10.91132640838623
-10.898595809936523
-10.888711929321289
-10.901803970336914
-10.863940238952637
-10.866900444030762
-10.910623550415039
-10.89431381225586
-10.886436462402344
-10.905324935913086
-10.855154991149902
-10.873520851135254
-10.902433395385742
-10.874608039855957
-10.904447555541992
-10.877360343933105
-10.886750221252441
-10.9140625
-10.899395942687988
-10.90814208984375
-10.919792175292969
-10.90283489227295
-10.895977020263672
-10.861940383911133
-10.88299560546875
-10.904851913452148
-10.865703582763672
-10.896546363830566
-10.892139434814453
-10.895254135131836
-10.907238006591797
-10.899393081665039
-10.911955833435059
-10.903290748596191
-10.880247116088867
-10.91477108001709
-10.914381980895996
-10.904765129089355
-10.923074722290039
-10.931568145751953
-10.891058921813965
-10.899611473083496
-10.912583351135254
-10.903029441833496
-10.904438018798828
-10.903401374816895
-10.887310028076172
-10.91316032409668
-10.895896911621094
-10.879144668579102
-10.899275779724121
-10.85998821258545
-10.912357330322266
-10.87558650970459
-10.890091896057129
-10.912052154541016
-10.902688026428223
-10.91742992401123
-10.909045219421387
-10.873316764831543
-10.914602279663086
-10.865294456481934
-10.891509056091309
-10.899513244628906
-10.850411415100098
-10.89466381072998
-10.914399147033691
-10.8955717086792
-10.912572860717773
-10.89983081817627
-10.914718627929688
-10.89050006866455
-10.889151573181152
-10.90504264831543
-10.913220405578613
-10.914644241333008
-10.894965171813965
-10.905479431152344
-10.90861701965332
-10.90694522857666
-10.913025856018066
-10.9093017578125
-10.926989555358887
-10.91466999053955
-10.90421199798584
-10.907064437866211
-10.914674758911133
-10.922207832336426
-10.910706520080566
-10.917051315307617
-10.898892402648926
-10.884276390075684
-10.91676139831543
-10.920324325561523
-10.91419792175293
-10.91591739654541
-10.896398544311523
-10.873940467834473
-10.91885757446289
-10.90282154083252
-10.909225463867188
-10.92104721069336
-10.91499137878418
-10.913701057434082
-10.923774719238281
-10.919042587280273
-10.924710273742676
-10.907278060913086
-10.8881196975708
-10.91777229309082
-10.911609649658203
-10.919979095458984
-10.902783393859863
-10.894168853759766
-10.907456398010254
-10.913020133972168
-10.913716316223145
-10.926680564880371
-10.919166564941406
-10.911884307861328
-10.911510467529297
-10.879128456115723
-10.916495323181152
-10.901432991027832
-10.905716896057129
-10.92116928100586
-10.900501251220703
-10.919854164123535
-10.907520294189453
-10.906124114990234
-10.916138648986816
-10.906242370605469
-10.92933177947998
-10.917267799377441
-10.912680625915527
-10.91395092010498
-10.8901948928833
-10.927153587341309
-10.916585922241211
-10.926804542541504
-10.926118850708008
-10.919382095336914
-10.924967765808105
-10.889545440673828
-10.921046257019043
-10.901507377624512
-10.898920059204102
-10.921652793884277
-10.90579891204834
-10.901415824890137
-10.922638893127441
-10.91620922088623
-10.917293548583984
-10.925838470458984
-10.92401123046875
-10.928326606750488
-10.936851501464844
-10.934571266174316
-10.926478385925293
-10.9307222366333
-10.921884536743164
-10.91736125946045
-10.919099807739258
-10.907615661621094
-10.933094024658203
-10.927501678466797
-10.906268119812012
-10.893969535827637
-10.892956733703613
-10.932466506958008
-10.919677734375
-10.929197311401367
-10.92549991607666
-10.936471939086914
-10.935317993164062
-10.92994499206543
-10.93245792388916
-10.919422149658203
-10.92010498046875
-10.936423301696777
-10.916136741638184
-10.898530960083008
-10.92281436920166
-10.923674583435059
-10.929705619812012
-10.922833442687988
-10.921509742736816
-10.907633781433105
-10.916264533996582
-10.922783851623535
-10.912443161010742
-10.915882110595703
-10.92050552368164
-10.928336143493652
-10.929363250732422
-10.932236671447754
-10.924416542053223
-10.90317153930664
-10.911561965942383
-10.916519165039062
-10.869540214538574
-10.924617767333984
-10.902969360351562
-10.857587814331055
-10.909106254577637
-10.90718936920166
-10.898733139038086
-10.921698570251465
-10.93217658996582
-10.929121017456055
-10.933585166931152
-10.933484077453613
-10.93295955657959
-10.929922103881836
-10.927530288696289
-10.928424835205078
-10.925914764404297
-10.928973197937012
-10.919377326965332
-10.926826477050781
-10.927916526794434
-10.931352615356445
-10.915046691894531
-10.905369758605957
-10.934871673583984
-10.927532196044922
-10.893916130065918
-10.91944694519043
-10.928177833557129
-10.904900550842285
-10.935892105102539
-10.890963554382324
-10.910049438476562
-10.9269437789917
-10.937503814697266
-10.947938919067383
-10.925203323364258
-10.917328834533691
-10.917561531066895
-10.939164161682129
-10.912515640258789
-10.9528169631958
-10.907475471496582
-10.901437759399414
-10.9376859664917
-10.923079490661621
-10.928802490234375
-10.933744430541992
-10.875679016113281
-10.925387382507324
-10.918375015258789
-10.93244743347168
-10.932987213134766
-10.89547061920166
-10.92723274230957
-10.916341781616211
-10.915669441223145
-10.933602333068848
-10.928240776062012
-10.948019027709961
-10.94249153137207
-10.939123153686523
-10.926962852478027
-10.937899589538574
-10.942874908447266
-10.895061492919922
-10.919893264770508
-10.932707786560059
-10.926074028015137
-10.937172889709473
-10.914628028869629
-10.918728828430176
-10.940403938293457
-10.934191703796387
-10.919149398803711
-10.94145393371582
-10.900664329528809
-10.937135696411133
-10.932123184204102
-10.902061462402344
-10.932167053222656
-10.898951530456543
-10.904038429260254
-10.946588516235352
-10.893233299255371
-10.924946784973145
-10.927860260009766
-10.896478652954102
-10.947304725646973
-10.874524116516113
-10.907205581665039
-10.934911727905273
-10.928264617919922
-10.93174934387207
-10.932389259338379
-10.925071716308594
-10.927650451660156
-10.923900604248047
-10.934085845947266
-10.898963928222656
-10.928909301757812
-10.941143989562988
-10.92576789855957
-10.940071105957031
-10.912063598632812
-10.911118507385254
-10.93697452545166
-10.907064437866211
-10.939050674438477
-10.926619529724121
-10.92754077911377
-10.932151794433594
-10.927186012268066
-10.942148208618164
-10.897499084472656
-10.906211853027344
-10.951985359191895
-10.933084487915039
-10.947038650512695
-10.93303108215332
-10.925207138061523
-10.940262794494629
-10.935102462768555
-10.912457466125488
-10.922724723815918
-10.926806449890137
-10.93004035949707
-10.948562622070312
-10.944366455078125
-10.941947937011719
-10.945967674255371
-10.928274154663086
-10.935343742370605
-10.942227363586426
-10.945039749145508
-10.945034980773926
-10.927906036376953
-10.933174133300781
-10.940038681030273
-10.927227973937988
-10.937901496887207
-10.932062149047852
-10.924727439880371
-10.952009201049805
-10.925994873046875
-10.934792518615723
-10.930524826049805
-10.893537521362305
-10.92768669128418
-10.93413257598877
-10.934992790222168
-10.945172309875488
-10.878122329711914
-10.92004680633545
-10.92325210571289
-10.868319511413574
-10.960509300231934
-10.87601375579834
-10.935194969177246
-10.916886329650879
-10.889881134033203
-10.943490028381348
-10.848687171936035
-10.914509773254395
-10.900227546691895
-10.819769859313965
-10.945263862609863
-10.811729431152344
-10.9403715133667
-10.873771667480469
-10.890567779541016
-10.948177337646484
-10.907466888427734
-10.954605102539062
-10.91305923461914
-10.905177116394043
-10.950332641601562
-10.92706298828125
-10.958450317382812
-10.920413970947266
-10.925627708435059
-10.941572189331055
-10.855987548828125
-10.93510913848877
-10.885231018066406
-10.855161666870117
-10.939420700073242
-10.83761978149414
-10.95804214477539
-10.879465103149414
-10.922079086303711
-10.919153213500977
-10.860142707824707
-10.949726104736328
-10.84330940246582
-10.930891036987305
-10.918685913085938
-10.914446830749512
-10.956509590148926
-10.890769958496094
-10.927131652832031
-10.935002326965332
-10.913715362548828
-10.941890716552734
-10.933101654052734
-10.93895149230957
-10.944300651550293
-10.932008743286133
-10.951951026916504
-10.919036865234375
-10.94126033782959
-10.961058616638184
-10.95098876953125
-10.952667236328125
-10.950106620788574
-10.946354866027832
-10.954192161560059
-10.94289779663086
-10.943587303161621
-10.957508087158203
-10.958324432373047
-10.9531831741333
-10.948616027832031
-10.948854446411133
-10.950164794921875
-10.935314178466797
-10.944610595703125
-10.93718147277832
-10.946995735168457
-10.955434799194336
-10.933283805847168
-10.950043678283691
-10.939569473266602
-10.90527629852295
-10.943449974060059
-10.933775901794434
-10.943285942077637
-10.956517219543457
-10.936637878417969
-10.953466415405273
-10.949607849121094
-10.956741333007812
-10.95044994354248
-10.950416564941406
-10.937765121459961
-10.93979263305664
-10.941113471984863
-10.945528030395508
-10.94502067565918
-10.957141876220703
-10.938124656677246
-10.922884941101074
-10.96342945098877
-10.949614524841309
-10.96444320678711
-10.957816123962402
-10.952027320861816
-10.956027030944824
-10.94774055480957
-10.945348739624023
-10.956718444824219
-10.955869674682617
-10.966609001159668
-10.944843292236328
-10.947342872619629
-10.957426071166992
-10.953693389892578
-10.962410926818848
-10.944735527038574
-10.970685005187988
-10.948956489562988
-10.956402778625488
-10.954418182373047
-10.935404777526855
-10.952227592468262
-10.952720642089844
-10.945210456848145
-10.857759475708008
-10.9503755569458
-10.893120765686035
-10.862979888916016
-10.950811386108398
-10.8674955368042
-10.963041305541992
-10.918330192565918
-10.930808067321777
-10.949548721313477
-10.934734344482422
-10.942451477050781
-10.954361915588379
-10.951945304870605
-10.954455375671387
-10.943036079406738
-10.957275390625
-10.956156730651855
-10.961288452148438
-10.955516815185547
-10.952974319458008
-10.96115779876709
-10.959339141845703
-10.952325820922852
-10.9448823928833
-10.940126419067383
-10.951634407043457
-10.952831268310547
-10.953516006469727
-10.96625804901123
-10.951608657836914
-10.955575942993164
-10.956106185913086
-10.933831214904785
-10.927677154541016
-10.96827220916748
-10.952150344848633
-10.97237491607666
-10.94347858428955
-10.943819999694824
-10.94942855834961
-10.890721321105957
-10.958236694335938
-10.895724296569824
-10.919048309326172
-10.966204643249512
-10.920858383178711
-10.948284149169922
-10.959875106811523
-10.927520751953125
-10.958771705627441
-10.88475513458252
-10.9523344039917
-10.913707733154297
-10.879056930541992
-10.953059196472168
-10.836159706115723
-10.965574264526367
-10.832202911376953
-10.95051383972168
-10.862473487854004
-10.919394493103027
-10.93135929107666
-10.884086608886719
-10.969989776611328
-10.882669448852539
-10.947916984558105
-10.93254280090332
-10.90346908569336
-10.953217506408691
-10.888463973999023
-10.959484100341797
-10.904897689819336
-10.897196769714355
-10.967792510986328
-10.839061737060547
-10.964898109436035
-10.917109489440918
-10.917089462280273
-10.963884353637695
-10.906126976013184
-10.962367057800293
-10.913646697998047
-10.94345760345459
-10.962667465209961
-10.960145950317383
-10.953780174255371
-10.963441848754883
-10.961382865905762
-10.96097183227539
-10.96029281616211
-10.920536994934082
-10.971528053283691
-10.92912483215332
-10.961194038391113
-10.941591262817383
-10.932671546936035
-10.953629493713379
-10.902947425842285
-10.965100288391113
-10.90388011932373
-10.964783668518066
-10.886285781860352
-10.937100410461426
-10.967268943786621
-10.956297874450684
-10.977862358093262
-10.940321922302246
-10.973511695861816
-10.9545316696167
-10.96462631225586
-10.965020179748535
-10.960561752319336
-10.967857360839844
-10.966541290283203
-10.955266952514648
-10.966269493103027
-10.964859962463379
-10.974532127380371
-10.970375061035156
-10.958767890930176
-10.973503112792969
-10.96323299407959
-10.961109161376953
-10.958711624145508
-10.954730033874512
-10.96823501586914
-10.955911636352539
-10.967934608459473
-10.95627498626709
-10.966946601867676
-10.966421127319336
-10.936701774597168
-10.963085174560547
-10.953584671020508
-10.937826156616211
-10.971708297729492
-10.955987930297852
-10.963142395019531
-10.964996337890625
-10.961347579956055
-10.938002586364746
-10.921243667602539
-10.975695610046387
-10.921506881713867
-10.971503257751465
-10.9107666015625
-10.962302207946777
-10.935260772705078
-10.922057151794434
-10.97358512878418
-10.94324779510498
-10.973750114440918
-10.95769214630127
-10.97685718536377
-10.964521408081055
-10.98117733001709
-10.943778991699219
-10.927061080932617
-10.969644546508789
-10.947908401489258
-10.967569351196289
-10.95117473602295
-10.95742416381836
-10.96562385559082
-10.958043098449707
-10.975743293762207
-10.971074104309082
-10.973371505737305
-10.974474906921387
-10.969502449035645
-10.980904579162598
-10.967939376831055
-10.973763465881348
-10.979710578918457
-10.974830627441406
-10.979411125183105
-10.984007835388184
-10.96298599243164
-10.971117973327637
-10.959101676940918
-10.965240478515625
-10.968103408813477
-10.968160629272461
-10.971748352050781
-10.93795394897461
-10.966767311096191
-10.957795143127441
-10.941679954528809
-10.975789070129395
-10.933398246765137
-10.971561431884766
-10.938836097717285
-10.935879707336426
-10.976300239562988
-10.964097023010254
-10.973602294921875
-10.97353744506836
-10.980517387390137
-10.949199676513672
-10.966944694519043
-10.975471496582031
-10.962623596191406
-10.972597122192383
-10.96401309967041
-10.982837677001953
-10.95864486694336
-10.975712776184082
-10.964581489562988
-10.977787017822266
-10.981884956359863
-10.965228080749512
-10.974821090698242
-10.962732315063477
-10.956347465515137
-10.986268997192383
-10.96374797821045
-10.977025032043457
-10.975458145141602
-10.961099624633789
-10.98105239868164
-10.964361190795898
-10.987109184265137
-10.946765899658203
-10.973509788513184
-10.941093444824219
-10.912735939025879
-10.988122940063477
-10.966089248657227
-10.975635528564453
-10.950932502746582
-10.973604202270508
-10.964679718017578
-10.97935962677002
-10.974115371704102
-10.946382522583008
-10.973676681518555
-10.939486503601074
-10.975578308105469
-10.943338394165039
-10.978989601135254
-10.954989433288574
-10.977029800415039
-10.962368965148926
-10.94244384765625
-10.976764678955078
-10.921836853027344
-10.981542587280273
-10.956281661987305
-10.974288940429688
-10.93822956085205
-10.929768562316895
-10.977185249328613
-10.931228637695312
-10.9738187789917
-10.879109382629395
-10.989027976989746
-10.87630558013916
-10.978163719177246
-10.920912742614746
-11.001751899719238
-10.886197090148926
-10.97082233428955
-10.962300300598145
-10.967140197753906
-10.958940505981445
-10.9618558883667
-10.976509094238281
-10.951245307922363
-10.989742279052734
-10.968646049499512
-10.993837356567383
-10.97220516204834
-10.974206924438477
-10.976462364196777
-10.972363471984863
-10.993183135986328
-10.980267524719238
-10.990741729736328
-10.9844970703125
-10.991256713867188
-10.984519004821777
-10.988426208496094
-10.99024772644043
-10.977411270141602
-10.992061614990234
-10.984071731567383
-10.974687576293945
-10.979140281677246
-10.970823287963867
-10.985047340393066
-10.957483291625977
-10.956917762756348
-10.986867904663086
-10.966926574707031
-10.986823081970215
-10.971210479736328
-10.96770191192627
-10.978185653686523
-10.950974464416504
-10.971782684326172
-10.982305526733398
-10.966638565063477
-10.988286972045898
-10.984848022460938
-10.984006881713867
-10.986239433288574
-10.991829872131348
-10.982379913330078
-10.985886573791504
-10.974540710449219
-10.97903823852539
-10.986119270324707
-10.963265419006348
-10.978233337402344
-10.983927726745605
-10.980730056762695
-10.978549003601074
-10.992657661437988
-10.981795310974121
-10.991862297058105
-10.986398696899414
-10.985013008117676
-10.990179061889648
-10.98917293548584
-10.983331680297852
-10.978145599365234
-10.985518455505371
-10.997480392456055
-10.99248218536377
-10.987060546875
-10.997824668884277
-10.959775924682617
-10.97761058807373
-10.987689018249512
-10.989645957946777
-10.972982406616211
-10.975301742553711
-10.976884841918945
-10.962639808654785
-10.978924751281738
-10.94826889038086
-10.961894989013672
-10.978376388549805
-10.905760765075684
-10.977792739868164
-10.977997779846191
-10.954503059387207
-10.985215187072754
-10.97337532043457
-10.993557929992676
-10.954185485839844
-10.980280876159668
-10.982458114624023
-10.976841926574707
-10.981684684753418
-10.921201705932617
-10.984349250793457
-10.94588851928711
-10.978983879089355
-10.985570907592773
-10.989145278930664
-10.970207214355469
-10.967022895812988
-10.985528945922852
-10.9558744430542
-10.982428550720215
-10.987910270690918
-10.977816581726074
-10.977971076965332
-10.929244041442871
-10.991483688354492
-10.964070320129395
-10.989606857299805
-10.928607940673828
-10.963760375976562
-10.971193313598633
-10.950390815734863
-11.000601768493652
-10.960238456726074
-10.985942840576172
-10.989975929260254
-10.982895851135254
-10.9876708984375
-10.985204696655273
-10.987480163574219
-10.993439674377441
-10.980500221252441
-10.986750602722168
-10.991510391235352
-10.9833345413208
-10.99116325378418
-10.990914344787598
-10.990018844604492
-10.994619369506836
-10.992164611816406
-11.002323150634766
-10.991165161132812
-10.995506286621094
-10.993051528930664
-10.981941223144531
-10.991205215454102
-11.001692771911621
-11.000360488891602
-10.997775077819824
-10.994623184204102
-10.973784446716309
-10.990055084228516
-10.983778953552246
-10.99249267578125
-10.988250732421875
-10.984894752502441
-10.970002174377441
-10.992059707641602
-10.982589721679688
-10.990100860595703
-10.981404304504395
-10.982659339904785
-10.993462562561035
-10.98034954071045
-10.990568161010742
-10.981240272521973
-10.990243911743164
-10.986530303955078
-10.985665321350098
-10.992608070373535
-10.963579177856445
-10.993163108825684
-10.969755172729492
-10.938124656677246
-11.000596046447754
-10.950312614440918
-10.983089447021484
-10.99246597290039
-10.979989051818848
-10.992209434509277
-10.943389892578125
-10.99353313446045
-10.977546691894531
-10.980342864990234
-11.000574111938477
-10.978116035461426
-11.001100540161133
-10.994369506835938
-10.988229751586914
-11.006056785583496
-11.001744270324707
-10.9938325881958
-10.99169635772705
-10.990142822265625
-10.983060836791992
-11.002460479736328
-10.998906135559082
-10.99882698059082
-11.000211715698242
-10.996807098388672
-10.99209976196289
-11.000062942504883
-10.998562812805176
-10.987075805664062
-10.998068809509277
-11.001423835754395
-10.993565559387207
-11.012627601623535
-10.996416091918945
-10.993250846862793
-10.997007369995117
-11.000021934509277
-11.003210067749023
-10.994976043701172
-10.999444961547852
-10.996753692626953
-10.985130310058594
-11.00174617767334
-11.012735366821289
-10.99987506866455
-11.003219604492188
-11.001507759094238
-10.996257781982422
-11.00024700164795
-10.996338844299316
-10.997952461242676
-11.00475025177002
-11.007915496826172
-11.005020141601562
-11.003968238830566
-11.004995346069336
-10.998945236206055
-11.001873970031738
-10.99419116973877
-10.998175621032715
-10.987380981445312
-11.001729011535645
-10.997817993164062
-10.96658992767334
-10.999368667602539
-10.98591423034668
-11.004307746887207
-10.985276222229004
-10.997886657714844
-10.974533081054688
-11.002073287963867
-10.986438751220703
-10.980741500854492
-11.0028076171875
-11.005059242248535
-10.989147186279297
-10.998724937438965
-10.98974323272705
-11.007501602172852
-10.997005462646484
-11.002928733825684
-11.003019332885742
-11.001740455627441
-10.987123489379883
-10.992929458618164
-11.01323413848877
-11.009099960327148
-10.995591163635254
-11.015616416931152
-11.002875328063965
-10.996920585632324
-11.00703239440918
-11.002037048339844
-10.995943069458008
-11.006413459777832
-11.001605033874512
-10.996875762939453
-11.01396656036377
-10.989931106567383
-10.997179985046387
-10.966689109802246
-10.993483543395996
-10.99747371673584
-10.992724418640137
-11.002315521240234
-10.959805488586426
-10.993682861328125
-11.009944915771484
-10.98566722869873
-11.00439453125
-10.999112129211426
-11.011092185974121
-11.002606391906738
-11.005311965942383
-11.00893783569336
-10.989920616149902
-10.979952812194824
-11.00406265258789
-11.01508617401123
-11.00104808807373
-10.99682903289795
-11.010649681091309
-11.016433715820312
-11.003823280334473
-11.004812240600586
-11.016077041625977
-11.013352394104004
-11.003020286560059
-11.012652397155762
-10.974506378173828
-10.983577728271484
-11.007065773010254
-10.99755573272705
-11.003361701965332
-11.015578269958496
-11.002067565917969
-11.004168510437012
-11.008092880249023
-11.005748748779297
-11.012561798095703
-10.99306869506836
-11.017592430114746
-10.992860794067383
-10.97951889038086
-11.009276390075684
-10.994654655456543
-10.974676132202148
-11.000679016113281
-11.004057884216309
-10.996169090270996
-11.016319274902344
-10.995342254638672
-11.024765014648438
-10.961949348449707
-10.985366821289062
-10.974031448364258
-10.93259048461914
-11.00898551940918
-10.99724292755127
-11.011710166931152
-10.990097999572754
-10.990745544433594
-11.002004623413086
-10.969802856445312
-11.006462097167969
-10.990402221679688
-10.988816261291504
-10.99992847442627
-10.954676628112793
-11.014972686767578
-10.917579650878906
-10.93142318725586
-11.006990432739258
-10.944242477416992
-11.007150650024414
-10.97948169708252
-10.969669342041016
-11.018218994140625
-10.970014572143555
-11.00953483581543
-10.970982551574707
-10.98902416229248
-11.002533912658691
-10.980472564697266
-11.011090278625488
-11.018692016601562
-11.008443832397461
-11.005431175231934
-11.016109466552734
-11.021492958068848
-11.010636329650879
-11.013683319091797
-11.007148742675781
-11.014636993408203
-11.0091552734375
-10.9910306930542
-11.022276878356934
-11.016805648803711
-11.009354591369629
-11.015777587890625
-11.01736068725586
-11.011693954467773
-11.020905494689941
-11.009294509887695
-11.014289855957031
-10.977668762207031
-10.955506324768066
-11.00261116027832
-11.001289367675781
-11.013195991516113
-10.987306594848633
-10.940694808959961
-11.01783561706543
-10.918893814086914
-10.97509765625
-10.994608879089355
-10.921747207641602
-11.011900901794434
-10.961889266967773
-11.012127876281738
-10.994218826293945
-11.015690803527832
-11.00546932220459
-10.984660148620605
-11.020320892333984
-10.99385929107666
-10.991375923156738
-11.022960662841797
-10.994728088378906
-11.008076667785645
-11.011663436889648
-11.017416000366211
-11.01723575592041
-11.014890670776367
-11.001680374145508
-11.01468276977539
-11.02068042755127
-11.017813682556152
-11.022064208984375
-11.000092506408691
-11.020462036132812
-10.99085521697998
-11.010007858276367
-11.01833724975586
-11.004594802856445
-11.01309585571289
-11.016925811767578
-11.019397735595703
-11.011935234069824
-11.024483680725098
-11.022733688354492
-11.022345542907715
-11.017090797424316
-11.008064270019531
-10.99561595916748
-11.017313003540039
-11.020195007324219
-10.992777824401855
-10.992644309997559
-11.009495735168457
-11.016008377075195
-10.979381561279297
-10.996217727661133
-11.01115894317627
-11.008967399597168
-11.015412330627441
-10.980213165283203
-11.014378547668457
-11.011028289794922
-10.976495742797852
-11.013354301452637
-11.018301963806152
-10.98538875579834
-11.022336959838867
-11.012282371520996
-10.996487617492676
-11.015514373779297
-11.006767272949219
-11.018036842346191
-10.989645957946777
-11.012822151184082
-11.023119926452637
-10.997102737426758
-11.014077186584473
-10.990653991699219
-10.960573196411133
-11.021777153015137
-10.96900749206543
-10.980219841003418
-11.031183242797852
-10.979025840759277
-11.00146198272705
-11.021088600158691
-10.996855735778809
-11.000350952148438
-11.008302688598633
-10.93484878540039
-11.015124320983887
-10.966675758361816
-10.9805326461792
-11.002416610717773
-10.97318172454834
-11.015606880187988
-10.990802764892578
-10.993574142456055
-11.009382247924805
-10.999163627624512
-11.023273468017578
-10.99540901184082
-10.995138168334961
-11.020818710327148
-10.98639965057373
-11.020035743713379
-10.996813774108887
-10.971543312072754
-11.01747989654541
-11.017914772033691
-10.994686126708984
-11.021554946899414
-11.007570266723633
-10.996708869934082
-11.02322006225586
-11.018939018249512
