loss_u
-6.174337863922119
-6.178284168243408
-6.161104202270508
-6.13984489440918
-6.176153659820557
-6.247858047485352
-6.179588794708252
-6.220195770263672
-6.193121433258057
-6.2876505851745605
-6.302141189575195
-6.267889499664307
-6.279810428619385
-6.275698184967041
-6.312793731689453
-6.308072090148926
-6.298811912536621
-6.370107173919678
-6.3101301193237305
-6.275990009307861
-6.358739852905273
-6.329385280609131
-6.338319778442383
-6.327378273010254
-6.376095294952393
-6.383613109588623
-6.407009124755859
-6.3942179679870605
-6.36456823348999
-6.380322456359863
-6.383875370025635
-6.390557289123535
-6.447946071624756
-6.4102396965026855
-6.402983665466309
-6.455357074737549
-6.413901329040527
-6.444404602050781
-6.451077461242676
-6.4646830558776855
-6.456658840179443
-6.458754062652588
-6.524954795837402
-6.5105814933776855
-6.539198398590088
-6.546970367431641
-6.569708347320557
-6.622686862945557
-6.588724136352539
-6.662797927856445
-6.609843730926514
-6.671996593475342
-6.733537673950195
-6.740818977355957
-6.757726192474365
-6.837581634521484
-6.830020904541016
-6.843173027038574
-6.858424663543701
-6.920555591583252
-6.890580177307129
-7.005430221557617
-7.047014236450195
-7.0568366050720215
-7.045709133148193
-7.020468711853027
-7.144090175628662
-7.154097557067871
-7.124185085296631
-7.273860454559326
-7.437830924987793
-7.455465793609619
-7.485824108123779
-7.648439884185791
-7.545281410217285
-7.67299747467041
-7.757265567779541
-7.775222301483154
-7.826867580413818
-7.803356170654297
-7.93743896484375
-7.906121253967285
-7.983543395996094
-7.856897354125977
-8.024375915527344
-8.086809158325195
-8.169476509094238
-8.273091316223145
-8.300003051757812
-8.332505226135254
-8.467045783996582
-8.458649635314941
-8.470935821533203
-8.645025253295898
-8.496764183044434
-8.741108894348145
-8.747206687927246
-8.703086853027344
-8.962261199951172
-8.849514961242676
-8.84341812133789
-9.006096839904785
-8.964741706848145
-9.083309173583984
-9.069233894348145
-8.811033248901367
-9.084602355957031
-9.054577827453613
-9.053583145141602
-9.135676383972168
-9.300594329833984
-9.071165084838867
-9.156742095947266
-9.127209663391113
-9.22309684753418
-9.179587364196777
-9.24342155456543
-9.159634590148926
-9.27933120727539
-9.166207313537598
-9.246788024902344
-9.306753158569336
-9.246339797973633
-9.36876392364502
-9.349210739135742
-9.308418273925781
-9.360834121704102
-9.225680351257324
-9.465861320495605
-9.375550270080566
-9.400744438171387
-9.429098129272461
-9.427376747131348
-9.32822322845459
-9.483574867248535
-9.475247383117676
-9.540204048156738
-9.526987075805664
-9.502496719360352
-9.547430038452148
-9.500478744506836
-9.51956844329834
-9.603965759277344
-9.441795349121094
-9.59844970703125
-9.607537269592285
-9.539544105529785
-9.582391738891602
-9.504080772399902
-9.653946876525879
-9.701749801635742
-9.50632381439209
-9.704414367675781
-9.54920768737793
-9.716660499572754
-9.570902824401855
-9.73558235168457
-9.72783088684082
-9.74178695678711
-9.803508758544922
-9.77428150177002
-9.677644729614258
-9.800379753112793
-9.777528762817383
-9.846117973327637
-9.837316513061523
-9.615757942199707
-9.862032890319824
-9.82060432434082
-9.744158744812012
-9.868921279907227
-9.752737998962402
-9.896522521972656
-9.777441024780273
-9.754240036010742
-9.86971378326416
-9.659152030944824
-9.912776947021484
-9.668333053588867
-10.014175415039062
-9.647920608520508
-9.945823669433594
-9.87384033203125
-10.015244483947754
-10.10810661315918
-9.964166641235352
-10.101729393005371
-10.0486421585083
-10.058809280395508
-10.107398986816406
-9.957483291625977
-10.12572956085205
-10.066091537475586
-10.068443298339844
-10.14903736114502
-9.969139099121094
-10.11103343963623
-10.136220932006836
-10.080307006835938
-10.15823745727539
-10.172582626342773
-10.224445343017578
-10.189338684082031
-10.145140647888184
-10.14853286743164
-10.19806957244873
-10.266092300415039
-10.250907897949219
-10.203668594360352
-10.232600212097168
-10.26660442352295
-10.241544723510742
-10.163752555847168
-10.295904159545898
-10.153363227844238
-10.236164093017578
-10.367352485656738
-10.179991722106934
-10.19587230682373
-10.32716178894043
-10.295000076293945
-10.233705520629883
-10.369973182678223
-10.356417655944824
-10.36301326751709
-10.320937156677246
-10.290162086486816
-10.38418197631836
-10.37612533569336
-10.354633331298828
-10.365721702575684
-10.435537338256836
-10.437771797180176
-10.356290817260742
-10.324492454528809
-10.394953727722168
-10.422319412231445
-10.4498291015625
-10.394801139831543
-10.404126167297363
-10.424873352050781
-10.343883514404297
-10.36376953125
-10.439979553222656
-10.452997207641602
-10.329145431518555
-10.363710403442383
-10.515905380249023
-10.349821090698242
-10.342540740966797
-10.480483055114746
-10.522636413574219
-10.429117202758789
-10.41828441619873
-10.443831443786621
-10.492792129516602
-10.535691261291504
-10.531425476074219
-10.53139877319336
-10.530902862548828
-10.532337188720703
-10.512003898620605
-10.529170036315918
-10.557084083557129
-10.559432029724121
-10.578185081481934
-10.515106201171875
-10.461545944213867
-10.455418586730957
-10.465655326843262
-10.576821327209473
-10.58537483215332
-10.514187812805176
-10.418052673339844
-10.530503273010254
-10.624404907226562
-10.542938232421875
-10.457954406738281
-10.569599151611328
-10.590326309204102
-10.575920104980469
-10.598825454711914
-10.525384902954102
-10.58524227142334
-10.649327278137207
-10.577012062072754
-10.520482063293457
-10.532736778259277
-10.622074127197266
-10.613493919372559
-10.536296844482422
-10.56856632232666
-10.647176742553711
-10.619915008544922
-10.480119705200195
-10.521483421325684
-10.640521049499512
-10.6757173538208
-10.63410758972168
-10.624940872192383
-10.619534492492676
-10.652819633483887
-10.676912307739258
-10.671125411987305
-10.706802368164062
-10.69090747833252
-10.712249755859375
-10.647358894348145
-10.696197509765625
-10.697052955627441
-10.690430641174316
-10.668810844421387
-10.65943431854248
-10.624262809753418
-10.656156539916992
-10.649674415588379
-10.684297561645508
-10.729364395141602
-10.717212677001953
-10.698065757751465
-10.739307403564453
-10.733841896057129
-10.697420120239258
-10.644736289978027
-10.64709758758545
-10.672653198242188
-10.751378059387207
-10.719443321228027
-10.669150352478027
-10.624443054199219
-10.623384475708008
-10.694697380065918
-10.729362487792969
-10.756138801574707
-10.712821006774902
-10.726788520812988
-10.72994613647461
-10.724451065063477
-10.772181510925293
-10.76427173614502
-10.74531078338623
-10.767003059387207
-10.770943641662598
-10.771798133850098
-10.772320747375488
-10.758962631225586
-10.76347541809082
-10.760986328125
-10.748710632324219
-10.74129581451416
-10.731206893920898
-10.69904899597168
-10.76596450805664
-10.753060340881348
-10.775802612304688
-10.798155784606934
-10.754805564880371
-10.772623062133789
-10.713318824768066
-10.643088340759277
-10.645225524902344
-10.727339744567871
-10.742633819580078
-10.774992942810059
-10.758880615234375
-10.782726287841797
-10.794587135314941
-10.768977165222168
-10.652765274047852
-10.607466697692871
-10.69807243347168
-10.798238754272461
-10.823770523071289
-10.79113483428955
-10.71583080291748
-10.60364818572998
-10.69532585144043
-10.806629180908203
-10.824342727661133
-10.705734252929688
-10.671274185180664
-10.767755508422852
-10.832225799560547
-10.793917655944824
-10.768438339233398
-10.788743019104004
-10.782173156738281
-10.813247680664062
-10.820769309997559
-10.768892288208008
-10.776046752929688
-10.801337242126465
-10.787991523742676
-10.795618057250977
-10.783496856689453
-10.796545028686523
-10.821650505065918
-10.831687927246094
-10.810121536254883
-10.790834426879883
-10.817310333251953
-10.83731460571289
-10.831289291381836
-10.850140571594238
-10.86059856414795
-10.834604263305664
-10.798973083496094
-10.726515769958496
-10.760917663574219
-10.83141803741455
-10.857418060302734
-10.854455947875977
-10.8353910446167
-10.806352615356445
-10.823566436767578
-10.78352165222168
-10.812010765075684
-10.833229064941406
-10.858067512512207
-10.872762680053711
-10.853436470031738
-10.861773490905762
-10.866028785705566
-10.862373352050781
-10.864788055419922
-10.85195255279541
-10.833050727844238
-10.845415115356445
-10.858240127563477
-10.845812797546387
-10.784003257751465
-10.773361206054688
-10.783935546875
-10.846572875976562
-10.880532264709473
-10.866788864135742
-10.855435371398926
-10.83875560760498
-10.856712341308594
-10.866600036621094
-10.886150360107422
-10.877238273620605
-10.873946189880371
-10.874438285827637
-10.88856315612793
-10.903566360473633
-10.879792213439941
-10.866839408874512
-10.856711387634277
-10.826677322387695
-10.855644226074219
-10.875917434692383
-10.900866508483887
-10.906428337097168
-10.891717910766602
-10.880638122558594
-10.887275695800781
-10.869586944580078
-10.87765884399414
-10.864983558654785
-10.880608558654785
-10.867968559265137
-10.861773490905762
-10.891647338867188
-10.893241882324219
-10.876006126403809
-10.895699501037598
-10.847833633422852
-10.86064338684082
-10.863030433654785
-10.856276512145996
-10.85673713684082
-10.886397361755371
-10.909045219421387
-10.898815155029297
-10.904427528381348
-10.866783142089844
-10.843052864074707
-10.826763153076172
-10.847661018371582
-10.871028900146484
-10.855417251586914
-10.889806747436523
-10.88729476928711
-10.883856773376465
-10.899224281311035
-10.924690246582031
-10.921243667602539
-10.9078369140625
-10.909258842468262
-10.91001033782959
-10.918716430664062
-10.868708610534668
-10.850162506103516
-10.835775375366211
-10.8392972946167
-10.889991760253906
-10.89901065826416
-10.909746170043945
-10.920312881469727
-10.913433074951172
-10.927733421325684
-10.927142143249512
-10.927000999450684
-10.924395561218262
-10.93551254272461
-10.927607536315918
-10.890451431274414
-10.892913818359375
-10.889264106750488
-10.839046478271484
-10.834099769592285
-10.853687286376953
-10.895807266235352
-10.93484115600586
-10.933310508728027
-10.928620338439941
-10.895039558410645
-10.86139965057373
-10.807632446289062
-10.835762977600098
-10.86652660369873
-10.918072700500488
-10.933591842651367
-10.928098678588867
-10.86313533782959
-10.782453536987305
-10.828218460083008
-10.916082382202148
-10.943130493164062
-10.931477546691895
-10.884371757507324
-10.871195793151855
-10.812320709228516
-10.84754467010498
-10.918787002563477
-10.946255683898926
-10.936535835266113
-10.91349983215332
-10.835600852966309
-10.857985496520996
-10.877340316772461
-10.91486644744873
-10.945359230041504
-10.943879127502441
-10.937857627868652
-10.896127700805664
-10.841320037841797
-10.882230758666992
-10.942584991455078
-10.961050987243652
-10.915678977966309
-10.90735912322998
-10.89712905883789
-10.925958633422852
-10.957479476928711
-10.962791442871094
-10.956741333007812
-10.937193870544434
-10.900541305541992
-10.887303352355957
-10.873024940490723
-10.921698570251465
-10.945265769958496
-10.958598136901855
-10.935298919677734
-10.872861862182617
-10.892330169677734
-10.930606842041016
-10.948943138122559
-10.961889266967773
-10.977791786193848
-10.976248741149902
-10.957051277160645
-10.922298431396484
-10.932857513427734
-10.939416885375977
-10.973225593566895
-10.970052719116211
-10.942473411560059
-10.890273094177246
-10.893939971923828
-10.878005981445312
-10.916525840759277
-10.953251838684082
-10.968277931213379
-10.978601455688477
-10.959602355957031
-10.934568405151367
-10.910697937011719
-10.94326400756836
-10.941763877868652
-10.979519844055176
-10.966272354125977
-10.983936309814453
-10.988229751586914
-10.97220230102539
-10.967842102050781
-10.964055061340332
-10.953409194946289
-10.952260971069336
-10.958078384399414
-10.972443580627441
-10.959903717041016
-10.962994575500488
-10.956204414367676
-10.957596778869629
-10.949302673339844
-10.949761390686035
-10.936288833618164
-10.973091125488281
-10.96764850616455
-10.983271598815918
-10.992722511291504
-10.986682891845703
-10.996156692504883
-10.988129615783691
-10.986176490783691
-11.003923416137695
-10.98795223236084
-11.003944396972656
-11.000179290771484
-10.994281768798828
-10.976752281188965
-10.953047752380371
-10.919830322265625
-10.91787338256836
-10.936985969543457
-10.973834037780762
-10.980059623718262
-10.978498458862305
-10.994945526123047
-11.001409530639648
-10.989110946655273
-10.994790077209473
-10.998149871826172
-10.962145805358887
-10.940136909484863
-10.913093566894531
-10.945706367492676
-11.00218391418457
-11.005478858947754
-11.0192232131958
-10.979031562805176
-10.97659969329834
-10.936442375183105
-10.882627487182617
-10.91932487487793
-10.936128616333008
-10.987859725952148
-11.006535530090332
-11.02444076538086
-11.00397777557373
-10.981786727905273
-10.965909957885742
-10.938026428222656
-10.967902183532715
-10.987167358398438
-11.013530731201172
-11.016317367553711
-11.007282257080078
-10.97657585144043
-10.977567672729492
-10.981766700744629
-10.999419212341309
-11.0095796585083
-11.003329277038574
-10.96102237701416
-10.965315818786621
-10.982595443725586
-10.988702774047852
-10.997203826904297
-11.017732620239258
-11.00714111328125
-11.017450332641602
-11.007116317749023
-11.001668930053711
-10.972867012023926
-10.988003730773926
-10.972270011901855
-10.976214408874512
-10.964706420898438
-10.942660331726074
-10.965124130249023
-10.984127044677734
-11.015623092651367
-11.030584335327148
-11.038359642028809
-11.03156852722168
-11.017236709594727
-11.034499168395996
-11.028491973876953
-11.017599105834961
-11.02309799194336
-11.04366397857666
-11.038216590881348
-11.029146194458008
-11.01969051361084
-11.02066421508789
-11.005322456359863
-10.998004913330078
-11.004023551940918
-10.977859497070312
-10.98307991027832
-10.975908279418945
-10.975552558898926
-10.97441291809082
-10.989834785461426
-11.013193130493164
-11.008951187133789
-11.055593490600586
-11.045206069946289
-11.041454315185547
-11.019289016723633
-10.959839820861816
-10.961265563964844
-10.983840942382812
-11.005196571350098
-11.01241683959961
-11.039182662963867
-11.028027534484863
-11.054595947265625
-11.049126625061035
-11.057778358459473
-11.048130989074707
-11.038468360900879
-11.027182579040527
-11.024174690246582
-10.976767539978027
-10.930391311645508
-10.942843437194824
-10.983955383300781
-11.030308723449707
-11.043761253356934
-11.04157829284668
-11.040288925170898
-11.024564743041992
-11.027976036071777
-11.000913619995117
-10.975091934204102
-10.961692810058594
-10.973675727844238
-10.994804382324219
-11.010547637939453
-11.027839660644531
-11.035749435424805
-11.02372932434082
-11.0129976272583
-11.012293815612793
-11.001585006713867
-11.012608528137207
-11.032228469848633
-11.051191329956055
-11.054071426391602
-11.048434257507324
-11.041157722473145
-11.047991752624512
-11.042720794677734
-11.03603744506836
-11.024158477783203
-11.015386581420898
-10.982096672058105
-10.967737197875977
-10.9970064163208
-11.040182113647461
-11.061563491821289
-11.068235397338867
-11.059830665588379
-11.030562400817871
-11.012596130371094
-11.004852294921875
-10.974838256835938
-10.985824584960938
-11.026185989379883
-11.049680709838867
-11.063735008239746
-11.063554763793945
-11.059191703796387
-11.040329933166504
-11.035514831542969
-11.007505416870117
-11.015984535217285
-11.012176513671875
-10.96860122680664
-11.005061149597168
-11.013227462768555
-11.043671607971191
-11.059535026550293
-11.075576782226562
-11.06457805633545
-11.07083797454834
-11.057443618774414
-11.027276992797852
-10.991815567016602
-10.957128524780273
-10.993773460388184
-11.044550895690918
-11.050227165222168
-11.0641450881958
-11.006133079528809
-10.932563781738281
-10.917643547058105
-10.990568161010742
-11.069494247436523
-11.047479629516602
-10.985517501831055
-10.963973999023438
-11.024890899658203
-11.052948951721191
-11.075052261352539
-11.087932586669922
-11.067541122436523
-11.05126953125
-11.043155670166016
-11.029060363769531
-11.040079116821289
-11.06777286529541
-11.076472282409668
-11.075201988220215
-11.083630561828613
-11.070779800415039
-11.050775527954102
-11.006701469421387
-11.002907752990723
-11.052783966064453
-11.077531814575195
-11.075504302978516
-11.07015609741211
-11.050251007080078
-11.022010803222656
-11.009368896484375
-11.018129348754883
-11.052136421203613
-11.086357116699219
-11.088458061218262
-11.07547664642334
-11.060120582580566
-11.02949047088623
-11.020663261413574
-11.023547172546387
-11.033980369567871
-11.06314468383789
-11.072010040283203
-11.082141876220703
-11.086357116699219
-11.085559844970703
-11.086840629577637
-11.063547134399414
-11.029121398925781
-11.038818359375
-11.046998023986816
-11.04442310333252
-11.068367004394531
-11.067516326904297
-11.07555866241455
-11.08957576751709
-11.099100112915039
-11.096519470214844
-11.090392112731934
-11.071459770202637
-11.071816444396973
-11.068318367004395
-11.054747581481934
-11.037826538085938
-11.023701667785645
-11.086606979370117
-11.09822940826416
-11.074950218200684
-11.041731834411621
-10.993672370910645
-10.967911720275879
-11.040741920471191
-11.073115348815918
-11.100661277770996
-11.071797370910645
-11.037208557128906
-10.997171401977539
-11.025716781616211
-11.074323654174805
-11.101646423339844
-11.086599349975586
-11.057184219360352
-11.012730598449707
-10.992783546447754
-11.0206298828125
-11.07649040222168
-11.095051765441895
-11.096092224121094
-11.092123985290527
-11.10462760925293
-11.100770950317383
-11.105452537536621
-11.09555435180664
-11.08110523223877
-11.10552978515625
-11.085183143615723
-11.09205436706543
-11.093276977539062
-11.077882766723633
-11.069952964782715
-11.0315523147583
-11.045862197875977
-11.07089614868164
-11.087119102478027
-11.096528053283691
-11.091676712036133
-11.100729942321777
-11.086454391479492
-11.07634449005127
-11.066940307617188
-11.073134422302246
-11.076614379882812
-11.07008171081543
-11.070962905883789
-11.07957649230957
-11.101502418518066
-11.102564811706543
-11.101987838745117
-11.109484672546387
-11.096321105957031
-11.083443641662598
-11.083327293395996
-11.076967239379883
-11.04301643371582
-11.064022064208984
-11.070323944091797
-11.088852882385254
-11.098736763000488
-11.091548919677734
-11.07828140258789
-11.075124740600586
-11.059260368347168
-11.037906646728516
-11.060717582702637
-11.089967727661133
-11.111686706542969
-11.114129066467285
-11.06556510925293
-10.996582984924316
-10.993504524230957
-11.062467575073242
-11.107858657836914
-11.118182182312012
-11.097806930541992
-11.068638801574707
-11.041635513305664
-11.030021667480469
-11.014961242675781
-11.029780387878418
-11.099936485290527
-11.096796035766602
-11.11408519744873
-11.086017608642578
-11.044842720031738
-11.032519340515137
-11.059059143066406
-11.078200340270996
-11.105409622192383
-11.127521514892578
-11.114480018615723
-11.113222122192383
-11.0938720703125
-11.066784858703613
-11.057263374328613
-11.045857429504395
-11.081110000610352
-11.107758522033691
-11.129826545715332
-11.120138168334961
-11.12335205078125
-11.123418807983398
-11.114419937133789
-11.102559089660645
-11.080851554870605
-11.095491409301758
-11.112196922302246
-11.114850997924805
-11.125884056091309
-11.116891860961914
-11.121590614318848
-11.133088111877441
-11.124387741088867
-11.121152877807617
-11.101430892944336
-11.073177337646484
-11.057419776916504
-11.074616432189941
-11.084756851196289
-11.104013442993164
-11.091910362243652
-11.113968849182129
-11.120388984680176
-11.127647399902344
-11.119029998779297
-11.119924545288086
-11.105302810668945
-11.098261833190918
-11.077156066894531
-11.095157623291016
-11.091964721679688
-11.092529296875
-11.080860137939453
-11.102768898010254
-11.097594261169434
-11.112349510192871
-11.124648094177246
-11.119199752807617
-11.114110946655273
-11.073208808898926
-11.056547164916992
-11.06696605682373
-11.10434627532959
-11.119596481323242
-11.14426326751709
-11.12645435333252
-11.104451179504395
-11.075450897216797
-11.063063621520996
-11.079765319824219
-11.089738845825195
-11.110198020935059
-11.125947952270508
-11.138811111450195
-11.141195297241211
-11.139430046081543
-11.134428024291992
-11.105705261230469
-11.105969429016113
-11.088995933532715
-11.113568305969238
-11.114706993103027
-11.10807991027832
-11.114981651306152
-11.099431037902832
-11.11176872253418
-11.121618270874023
-11.120172500610352
-11.130929946899414
-11.130582809448242
-11.138423919677734
-11.143527030944824
-11.147089004516602
-11.140411376953125
-11.149023056030273
-11.147794723510742
-11.125100135803223
-11.119494438171387
-11.088547706604004
-11.081595420837402
-11.089853286743164
-11.099409103393555
-11.126615524291992
-11.132603645324707
-11.13366985321045
-11.130072593688965
-11.135254859924316
-11.136905670166016
-11.129570960998535
-11.128893852233887
-11.136420249938965
-11.124884605407715
-11.127359390258789
-11.111001968383789
-11.101004600524902
-11.105881690979004
-11.119659423828125
-11.135090827941895
-11.143567085266113
-11.144923210144043
-11.143119812011719
-11.131173133850098
-11.109367370605469
-11.064273834228516
-11.05932331085205
-11.067041397094727
-11.089378356933594
-11.111087799072266
-11.121529579162598
-11.137432098388672
-11.141963958740234
-11.146087646484375
-11.153668403625488
-11.146978378295898
-11.150555610656738
-11.158912658691406
-11.143045425415039
-11.108994483947754
-11.083841323852539
-11.068879127502441
-11.08433723449707
-11.120826721191406
-11.144149780273438
-11.132820129394531
-11.13032054901123
-11.110055923461914
-11.057343482971191
-11.067655563354492
-11.113188743591309
-11.107643127441406
-11.128657341003418
-11.125927925109863
-11.135964393615723
-11.135226249694824
-11.136869430541992
-11.121052742004395
-11.08640193939209
-11.074625968933105
-11.08287525177002
-11.12686538696289
-11.155976295471191
-11.153911590576172
-11.152322769165039
-11.107965469360352
-11.061427116394043
-11.068860054016113
-11.120340347290039
-11.145223617553711
-11.162860870361328
-11.17509651184082
-11.154242515563965
-11.163716316223145
-11.155481338500977
-11.158557891845703
-11.157485961914062
-11.13540267944336
-11.120648384094238
-11.099174499511719
-11.079094886779785
-11.103902816772461
-11.123414993286133
-11.14627742767334
-11.15340805053711
-11.161746978759766
-11.159126281738281
-11.159941673278809
-11.145035743713379
-11.143150329589844
-11.152910232543945
-11.157761573791504
-11.145137786865234
-11.13242244720459
-11.119598388671875
-11.106806755065918
-11.10986614227295
-11.115396499633789
-11.124961853027344
-11.128121376037598
-11.135804176330566
-11.153512001037598
-11.154515266418457
-11.161712646484375
-11.167494773864746
-11.174494743347168
-11.169689178466797
-11.164986610412598
-11.164645195007324
-11.173029899597168
-11.170536994934082
-11.171289443969727
-11.1498384475708
-11.124863624572754
-11.09488296508789
-11.077600479125977
-11.109583854675293
-11.12308406829834
-11.125544548034668
-11.118128776550293
-11.137332916259766
-11.16478443145752
-11.165302276611328
-11.169045448303223
-11.185396194458008
-11.181644439697266
-11.181120872497559
-11.17711353302002
-11.155325889587402
-11.14000415802002
-11.079580307006836
-11.054165840148926
-11.105205535888672
-11.144309043884277
-11.167722702026367
-11.176941871643066
-11.174823760986328
-11.184782028198242
-11.16839599609375
-11.148697853088379
-11.115904808044434
-11.091569900512695
-11.090387344360352
-11.121869087219238
-11.155570030212402
-11.169562339782715
-11.181376457214355
-11.188220024108887
-11.184350967407227
-11.17470932006836
-11.144063949584961
-11.11384391784668
-11.110791206359863
-11.105815887451172
-11.119894027709961
-11.12729549407959
-11.14682388305664
-11.143118858337402
-11.12744140625
-11.116205215454102
-11.12467098236084
-11.131050109863281
-11.153688430786133
-11.170430183410645
-11.184529304504395
-11.186686515808105
-11.187756538391113
-11.190690040588379
-11.190422058105469
-11.18310832977295
-11.186416625976562
-11.17396068572998
-11.1587495803833
-11.142662048339844
-11.122249603271484
-11.110655784606934
-11.111259460449219
-11.127514839172363
-11.144325256347656
-11.16872787475586
-11.171390533447266
-11.169901847839355
-11.172630310058594
-11.17885684967041
-11.180843353271484
-11.178303718566895
-11.181259155273438
-11.174589157104492
-11.148238182067871
-11.099364280700684
-11.095867156982422
-11.134845733642578
-11.164746284484863
-11.191933631896973
-11.188011169433594
-11.183363914489746
-11.166433334350586
-11.149561882019043
-11.118677139282227
-11.128654479980469
-11.137503623962402
-11.175945281982422
-11.187317848205566
-11.193841934204102
-11.197446823120117
-11.197203636169434
-11.195796966552734
-11.197260856628418
-11.203557014465332
-11.197495460510254
-11.189094543457031
-11.173578262329102
-11.135290145874023
-11.099247932434082
-11.094826698303223
-11.12287425994873
-11.154501914978027
-11.180071830749512
-11.195618629455566
-11.200509071350098
-11.200704574584961
-11.197702407836914
-11.184578895568848
-11.16884708404541
-11.148541450500488
-11.15101146697998
-11.161205291748047
-11.161163330078125
-11.16092300415039
-11.162914276123047
-11.17068862915039
-11.1809720993042
-11.179247856140137
-11.174494743347168
-11.16012954711914
-11.154125213623047
-11.148143768310547
-11.155075073242188
-11.170506477355957
-11.16932487487793
-11.169539451599121
-11.175128936767578
-11.176352500915527
-11.183141708374023
-11.19031047821045
-11.19178581237793
-11.185513496398926
-11.185189247131348
-11.183351516723633
-11.189789772033691
-11.193004608154297
-11.207762718200684
-11.212808609008789
-11.211583137512207
-11.205362319946289
-11.208279609680176
-11.20949649810791
-11.206497192382812
-11.201425552368164
-11.182334899902344
-11.181703567504883
-11.173521041870117
-11.138333320617676
-11.126815795898438
-11.119422912597656
-11.12900447845459
-11.173155784606934
-11.195462226867676
-11.206040382385254
-11.206160545349121
-11.204922676086426
-11.199585914611816
-11.191611289978027
-11.181015968322754
-11.162193298339844
-11.136795997619629
-11.136348724365234
-11.154434204101562
-11.178096771240234
-11.201513290405273
-11.206680297851562
-11.208626747131348
-11.215629577636719
-11.209444999694824
-11.210262298583984
-11.178665161132812
-11.139337539672852
-11.101880073547363
-11.119878768920898
-11.170053482055664
-11.194253921508789
-11.21513557434082
-11.210675239562988
-11.209650039672852
-11.189430236816406
-11.155730247497559
-11.14684772491455
-11.14415454864502
-11.169404983520508
-11.185308456420898
-11.199310302734375
-11.20907211303711
-11.2153959274292
-11.220100402832031
-11.217286109924316
-11.215927124023438
-11.21639633178711
-11.205875396728516
-11.205728530883789
-11.183924674987793
-11.164104461669922
-11.14894962310791
-11.144637107849121
-11.163700103759766
-11.196359634399414
-11.217174530029297
-11.212677955627441
-11.21274185180664
-11.200705528259277
-11.174402236938477
-11.141359329223633
-11.135893821716309
-11.17219066619873
-11.201238632202148
-11.20603084564209
-11.196035385131836
-11.19555950164795
-11.198568344116211
-11.185490608215332
-11.194016456604004
-11.201627731323242
-11.204639434814453
-11.20808219909668
-11.190093994140625
-11.1763334274292
-11.165933609008789
-11.178675651550293
-11.182167053222656
-11.18001937866211
-11.182855606079102
-11.194586753845215
-11.19311809539795
-11.206323623657227
-11.204899787902832
-11.200925827026367
-11.200913429260254
-11.19793701171875
-11.188322067260742
-11.187504768371582
-11.1976900100708
-11.203656196594238
-11.220616340637207
-11.222393989562988
-11.216322898864746
-11.220259666442871
-11.215208053588867
-11.203489303588867
-11.19901180267334
-11.182453155517578
-11.175640106201172
-11.174439430236816
-11.178632736206055
-11.197030067443848
-11.209071159362793
-11.215036392211914
-11.211372375488281
-11.205366134643555
-11.195140838623047
-11.18085765838623
-11.16249942779541
-11.172510147094727
-11.188918113708496
-11.208264350891113
-11.225589752197266
-11.221725463867188
-11.22303581237793
-11.214158058166504
-11.22703742980957
-11.218022346496582
-11.216443061828613
-11.22365665435791
-11.219306945800781
-11.211142539978027
-11.186285972595215
-11.154886245727539
-11.147348403930664
-11.147692680358887
-11.163442611694336
-11.1787691116333
-11.194928169250488
-11.206913948059082
-11.207574844360352
-11.201722145080566
-11.203768730163574
-11.204151153564453
-11.194032669067383
-11.199310302734375
-11.208508491516113
-11.220808029174805
-11.222702980041504
-11.225300788879395
-11.227975845336914
-11.229347229003906
-11.22603702545166
-11.222335815429688
-11.220332145690918
-11.203413009643555
-11.181931495666504
-11.154044151306152
-11.15384292602539
-11.180055618286133
-11.201194763183594
-11.20838451385498
-11.211913108825684
-11.207535743713379
-11.192763328552246
-11.16943645477295
-11.12912368774414
-11.164639472961426
-11.190043449401855
-11.214935302734375
-11.2239408493042
-11.219779014587402
-11.225930213928223
-11.218917846679688
-11.202916145324707
-11.167134284973145
-11.121525764465332
-11.134516716003418
-11.187216758728027
-11.229060173034668
-11.218735694885254
-11.14829158782959
-11.117616653442383
-11.168127059936523
-11.206552505493164
-11.228218078613281
-11.230226516723633
-11.229788780212402
-11.230574607849121
-11.227883338928223
-11.228692054748535
-11.217718124389648
-11.205948829650879
-11.18499755859375
-11.178118705749512
-11.180275917053223
-11.195369720458984
-11.217703819274902
-11.229897499084473
-11.228168487548828
-11.233996391296387
-11.230867385864258
-11.229371070861816
-11.232179641723633
-11.232499122619629
-11.225168228149414
-11.234500885009766
-11.231820106506348
-11.235042572021484
-11.231270790100098
-11.226016998291016
-11.22681713104248
-11.212851524353027
-11.207022666931152
-11.189364433288574
-11.17156982421875
-11.159549713134766
-11.162410736083984
-11.176919937133789
-11.196215629577637
-11.215982437133789
-11.220758438110352
-11.232149124145508
-11.234782218933105
-11.224241256713867
-11.208388328552246
-11.168972969055176
-11.144277572631836
-11.164033889770508
-11.216287612915039
-11.237371444702148
-11.233034133911133
-11.22278881072998
-11.1995210647583
-11.182758331298828
-11.180582046508789
-11.201730728149414
-11.222874641418457
-11.224884986877441
-11.233137130737305
-11.234428405761719
-11.239267349243164
-11.240646362304688
-11.237091064453125
-11.236796379089355
-11.234312057495117
-11.238472938537598
-11.235810279846191
-11.235815048217773
-11.235475540161133
-11.219596862792969
-11.204699516296387
-11.18004322052002
-11.161346435546875
-11.176398277282715
-11.197675704956055
-11.212714195251465
-11.227215766906738
-11.230639457702637
-11.235807418823242
-11.218035697937012
-11.220258712768555
-11.206551551818848
-11.183527946472168
-11.16860580444336
-11.179658889770508
-11.191056251525879
-11.216897964477539
-11.228853225708008
-11.235487937927246
-11.239617347717285
-11.23553466796875
-11.238262176513672
-11.232718467712402
-11.201684951782227
-11.184428215026855
-11.177517890930176
-11.195980072021484
-11.210012435913086
-11.215770721435547
-11.227660179138184
-11.222763061523438
-11.229808807373047
-11.230716705322266
-11.231680870056152
-11.234383583068848
-11.235718727111816
-11.236422538757324
-11.231330871582031
-11.226027488708496
-11.214949607849121
-11.183886528015137
-11.154123306274414
-11.163642883300781
-11.188621520996094
-11.21738052368164
-11.23344898223877
-11.237593650817871
-11.235177993774414
-11.245969772338867
-11.242095947265625
-11.241822242736816
-11.24177074432373
-11.233070373535156
-11.21953296661377
-11.198973655700684
-11.1972074508667
-11.19723892211914
-11.212736129760742
-11.217560768127441
-11.207240104675293
-11.206697463989258
-11.189504623413086
-11.173230171203613
-11.184569358825684
-11.18486499786377
-11.193404197692871
-11.212063789367676
-11.220982551574707
-11.2275972366333
-11.234021186828613
-11.244482040405273
-11.242355346679688
-11.233243942260742
-11.207517623901367
-11.179197311401367
-11.17026138305664
-11.191795349121094
-11.219534873962402
-11.236771583557129
-11.24710750579834
-11.2445068359375
-11.237792015075684
-11.218584060668945
-11.184009552001953
-11.152239799499512
-11.151082992553711
-11.180058479309082
-11.234373092651367
-11.245140075683594
-11.217662811279297
-11.178715705871582
-11.177206993103027
-11.185007095336914
-11.217284202575684
-11.23917293548584
-11.239930152893066
-11.250547409057617
-11.24825382232666
-11.242746353149414
-11.2421236038208
-11.237317085266113
-11.231202125549316
-11.222268104553223
-11.212050437927246
-11.201515197753906
-11.195634841918945
-11.179750442504883
-11.192303657531738
-11.216734886169434
-11.24021053314209
-11.244375228881836
-11.249418258666992
-11.24666976928711
-11.249897956848145
-11.236246109008789
-11.232390403747559
-11.223027229309082
-11.219512939453125
-11.216517448425293
-11.211445808410645
-11.220735549926758
-11.223675727844238
-11.232653617858887
-11.22878360748291
-11.234158515930176
-11.234436988830566
-11.237044334411621
-11.23953628540039
-11.232331275939941
-11.229034423828125
-11.220393180847168
-11.208772659301758
-11.194927215576172
-11.200996398925781
-11.2200345993042
-11.235291481018066
-11.243870735168457
-11.250767707824707
-11.236763954162598
-11.20810604095459
-11.189096450805664
-11.1741361618042
-11.208287239074707
-11.234251976013184
-11.252326011657715
-11.254887580871582
-11.232998847961426
-11.217611312866211
-11.198229789733887
-11.169173240661621
-11.187572479248047
-11.221546173095703
-11.247566223144531
-11.237380981445312
-11.222648620605469
-11.20458984375
-11.187304496765137
-11.19790267944336
-11.215538024902344
-11.23227310180664
-11.246004104614258
-11.248204231262207
-11.247207641601562
-11.258312225341797
-11.247146606445312
-11.242620468139648
-11.241852760314941
-11.242708206176758
-11.237594604492188
-11.2404146194458
-11.233848571777344
-11.23934268951416
-11.228507041931152
-11.223041534423828
-11.23166275024414
-11.23521900177002
-11.247554779052734
-11.24718189239502
-11.2236967086792
-11.186943054199219
-11.132739067077637
-11.160176277160645
-11.21456527709961
-11.241848945617676
-11.249176979064941
-11.254018783569336
-11.249321937561035
-11.23448371887207
-11.222542762756348
-11.219160079956055
-11.196086883544922
-11.195704460144043
-11.214508056640625
-11.232853889465332
-11.243465423583984
-11.250442504882812
-11.256111145019531
-11.257676124572754
-11.252984046936035
-11.24193286895752
-11.225556373596191
-11.209589958190918
-11.191605567932129
-11.18875789642334
-11.19473648071289
-11.220172882080078
-11.244123458862305
-11.252544403076172
-11.250131607055664
-11.25092887878418
-11.240546226501465
-11.23029899597168
-11.223579406738281
-11.225761413574219
-11.23211669921875
-11.24172592163086
-11.243082046508789
-11.247982025146484
-11.254851341247559
-11.250778198242188
-11.245735168457031
-11.225715637207031
-11.207880973815918
-11.197103500366211
-11.211796760559082
-11.231852531433105
-11.245535850524902
-11.256250381469727
-11.256826400756836
-11.254566192626953
-11.256546020507812
-11.253159523010254
-11.252954483032227
-11.252816200256348
-11.245144844055176
-11.239045143127441
-11.239594459533691
-11.230133056640625
-11.222444534301758
-11.214433670043945
-11.219560623168945
-11.219797134399414
-11.214058876037598
-11.209437370300293
-11.214324951171875
-11.220076560974121
-11.24331283569336
-11.246859550476074
-11.26229476928711
-11.252786636352539
-11.25032901763916
-11.233612060546875
-11.215875625610352
-11.207226753234863
-11.214599609375
-11.217949867248535
-11.227741241455078
-11.228937149047852
-11.248971939086914
-11.255657196044922
-11.257442474365234
-11.25356388092041
-11.253314018249512
-11.246674537658691
-11.244277000427246
-11.237679481506348
-11.2313232421875
-11.222635269165039
-11.212742805480957
-11.205585479736328
-11.198797225952148
-11.199070930480957
-11.218897819519043
-11.234567642211914
-11.245880126953125
-11.25191879272461
-11.25031566619873
-11.25916576385498
-11.258617401123047
-11.2369966506958
-11.213099479675293
-11.198599815368652
-11.20710563659668
-11.220952987670898
-11.234729766845703
-11.240142822265625
-11.233428001403809
-11.229241371154785
-11.22558879852295
-11.233683586120605
-11.234478950500488
-11.240646362304688
-11.23588752746582
-11.243986129760742
-11.24161434173584
-11.24477481842041
-11.2467622756958
-11.239884376525879
-11.247087478637695
-11.245046615600586
-11.245624542236328
-11.247733116149902
-11.244841575622559
-11.2435302734375
-11.234917640686035
-11.23228931427002
-11.222827911376953
-11.216719627380371
-11.22704029083252
-11.23528003692627
-11.23754596710205
-11.2478666305542
-11.25092887878418
-11.245863914489746
-11.23814868927002
-11.23024845123291
-11.221521377563477
-11.21714973449707
-11.221810340881348
-11.2344331741333
-11.240721702575684
-11.241925239562988
-11.247099876403809
-11.253128051757812
-11.250033378601074
-11.251116752624512
-11.247977256774902
-11.252589225769043
-11.250195503234863
-11.2515869140625
-11.241670608520508
-11.23298454284668
-11.225421905517578
-11.2142333984375
-11.223114013671875
-11.228288650512695
-11.241829872131348
-11.24944019317627
-11.257135391235352
-11.26613998413086
-11.265071868896484
-11.256285667419434
-11.244637489318848
-11.219027519226074
-11.19001579284668
-11.187753677368164
-11.214357376098633
-11.24696159362793
-11.262114524841309
-11.258981704711914
-11.245532035827637
-11.207202911376953
-11.165990829467773
-11.173175811767578
-11.206873893737793
-11.241046905517578
-11.256440162658691
-11.261032104492188
-11.257540702819824
-11.243454933166504
-11.204063415527344
-11.167319297790527
-11.19635009765625
-11.240468978881836
-11.262139320373535
-11.265244483947754
-11.244126319885254
-11.220161437988281
-11.199785232543945
-11.213522911071777
-11.231642723083496
-11.240608215332031
-11.25362491607666
-11.259628295898438
-11.259790420532227
-11.26341438293457
-11.266731262207031
-11.258697509765625
-11.248745918273926
-11.24070930480957
-11.232992172241211
-11.23228645324707
-11.233513832092285
-11.251337051391602
-11.254807472229004
-11.258870124816895
-11.264545440673828
-11.25947380065918
-11.26211166381836
-11.247441291809082
-11.243447303771973
-11.232903480529785
-11.225963592529297
-11.226552963256836
-11.218758583068848
-11.22259521484375
-11.225253105163574
-11.23267936706543
-11.250713348388672
-11.253225326538086
-11.256680488586426
-11.264266967773438
-11.264627456665039
-11.261711120605469
-11.270094871520996
-11.264822006225586
-11.262405395507812
-11.2574462890625
-11.257269859313965
-11.260604858398438
-11.259747505187988
-11.257525444030762
-11.259305000305176
-11.247825622558594
-11.22868824005127
-11.227559089660645
-11.223612785339355
-11.224684715270996
-11.222908973693848
-11.224041938781738
-11.243833541870117
-11.250079154968262
-11.261137962341309
-11.269554138183594
-11.264932632446289
-11.25677490234375
-11.242091178894043
-11.237425804138184
-11.249456405639648
-11.241072654724121
-11.246749877929688
-11.255237579345703
-11.263538360595703
-11.267914772033691
-11.267278671264648
-11.266172409057617
-11.260300636291504
-11.239745140075684
-11.218181610107422
-11.210325241088867
-11.219882011413574
-11.232131958007812
-11.254590034484863
-11.259490966796875
-11.268026351928711
-11.27016544342041
-11.269299507141113
-11.26772689819336
-11.268144607543945
-11.268662452697754
-11.264710426330566
-11.259769439697266
-11.2521333694458
-11.251896858215332
-11.248077392578125
-11.240623474121094
-11.223268508911133
-11.210159301757812
-11.208220481872559
-11.212495803833008
-11.23016357421875
-11.244991302490234
-11.256590843200684
-11.26474380493164
-11.260663032531738
-11.263775825500488
-11.248873710632324
-11.229901313781738
-11.203971862792969
-11.204503059387207
-11.233680725097656
-11.258281707763672
-11.265572547912598
-11.265777587890625
-11.260056495666504
-11.25607967376709
-11.24364948272705
-11.23719596862793
-11.229364395141602
-11.230502128601074
-11.219659805297852
-11.206693649291992
-11.211458206176758
-11.231667518615723
-11.24992561340332
-11.267029762268066
-11.276366233825684
-11.26446533203125
-11.256011009216309
-11.239964485168457
-11.2269926071167
-11.208094596862793
-11.226740837097168
-11.248578071594238
-11.257545471191406
-11.262723922729492
-11.25741958618164
-11.259000778198242
-11.256853103637695
-11.256492614746094
-11.248835563659668
-11.230868339538574
-11.227511405944824
-11.218596458435059
-11.229272842407227
-11.244361877441406
-11.257607460021973
-11.26677417755127
-11.273988723754883
-11.27155590057373
-11.255274772644043
-11.236536979675293
-11.218173027038574
-11.203219413757324
-11.218111991882324
-11.246946334838867
-11.259444236755371
-11.268230438232422
-11.270922660827637
-11.264750480651855
-11.254077911376953
-11.23678970336914
-11.22284984588623
-11.227372169494629
-11.234971046447754
-11.249983787536621
-11.26419448852539
-11.273011207580566
-11.272550582885742
-11.275455474853516
-11.273821830749512
-11.273333549499512
-11.266530990600586
-11.262861251831055
-11.255061149597168
-11.243953704833984
-11.236623764038086
-11.246748924255371
-11.248560905456543
-11.254596710205078
-11.258658409118652
-11.266105651855469
-11.263145446777344
-11.27370548248291
-11.27182388305664
-11.275860786437988
-11.275801658630371
-11.274659156799316
-11.26956558227539
-11.27729320526123
-11.266181945800781
-11.258967399597168
-11.242976188659668
-11.212148666381836
-11.199779510498047
-11.222430229187012
-11.251440048217773
-11.269512176513672
-11.270743370056152
-11.243278503417969
-11.208327293395996
-11.216757774353027
-11.2357177734375
-11.252813339233398
-11.259828567504883
-11.262656211853027
-11.266550064086914
-11.267287254333496
-11.267723083496094
-11.260228157043457
-11.234225273132324
-11.205615997314453
-11.213174819946289
-11.227970123291016
-11.239883422851562
-11.245205879211426
-11.248685836791992
-11.248726844787598
-11.243106842041016
-11.245102882385254
-11.262187004089355
-11.2687349319458
-11.27573299407959
-11.269854545593262
-11.2549409866333
-11.241515159606934
-11.22921085357666
-11.218128204345703
-11.220452308654785
-11.229721069335938
-11.2359619140625
-11.24853229522705
-11.262378692626953
-11.274273872375488
-11.279726028442383
-11.267889022827148
-11.249345779418945
-11.239739418029785
-11.246118545532227
-11.259889602661133
-11.269153594970703
-11.279562950134277
-11.268088340759277
-11.223609924316406
-11.175741195678711
-11.184507369995117
-11.228776931762695
-11.272648811340332
-11.275247573852539
-11.254528045654297
-11.24241828918457
-11.251008033752441
-11.267757415771484
-11.278949737548828
-11.279001235961914
-11.277897834777832
-11.276522636413574
-11.275404930114746
-11.27877140045166
-11.275073051452637
-11.276397705078125
-11.281628608703613
-11.278873443603516
-11.273378372192383
-11.279537200927734
-11.267197608947754
-11.259657859802246
-11.24185848236084
-11.222477912902832
-11.2299222946167
-11.252801895141602
-11.267659187316895
-11.271546363830566
-11.27546215057373
-11.27867603302002
-11.275596618652344
-11.272846221923828
-11.268224716186523
-11.265399932861328
-11.266388893127441
-11.258810997009277
-11.253678321838379
-11.245339393615723
-11.235621452331543
-11.225109100341797
-11.23427963256836
-11.243041038513184
-11.249343872070312
-11.254297256469727
-11.2520112991333
-11.24831485748291
-11.247200012207031
-11.239446640014648
-11.249393463134766
-11.255095481872559
-11.266321182250977
-11.274497032165527
-11.28022575378418
-11.273674964904785
-11.262188911437988
-11.213729858398438
-11.177915573120117
-11.180174827575684
-11.229378700256348
-11.263916969299316
-11.278583526611328
-11.280075073242188
-11.273950576782227
-11.270573616027832
-11.267951965332031
-11.256978034973145
-11.240056991577148
-11.235955238342285
-11.249881744384766
-11.253578186035156
-11.260479927062988
-11.270118713378906
-11.273776054382324
-11.278970718383789
-11.280256271362305
-11.280047416687012
-11.279951095581055
-11.275739669799805
-11.270796775817871
-11.2609281539917
-11.239913940429688
-11.220067977905273
-11.220645904541016
-11.238397598266602
-11.26247501373291
-11.27572250366211
-11.27977180480957
-11.27762222290039
-11.28051471710205
-11.268448829650879
-11.264190673828125
-11.248603820800781
-11.24226188659668
-11.231873512268066
-11.241984367370605
-11.25302505493164
-11.246094703674316
-11.240381240844727
-11.243684768676758
-11.259696960449219
-11.264372825622559
-11.273324966430664
-11.273674011230469
-11.279666900634766
-11.272565841674805
-11.260248184204102
-11.227662086486816
-11.19936752319336
-11.201376914978027
-11.236004829406738
-11.263300895690918
-11.266114234924316
-11.27481460571289
-11.271432876586914
-11.264921188354492
-11.261033058166504
-11.258772850036621
-11.260241508483887
-11.265544891357422
-11.26569652557373
-11.264884948730469
-11.265573501586914
-11.26685905456543
-11.265161514282227
-11.267643928527832
-11.26845932006836
-11.266793251037598
-11.274799346923828
-11.280021667480469
-11.281725883483887
-11.281970977783203
-11.275059700012207
-11.256401062011719
-11.229558944702148
-11.202587127685547
-11.199295997619629
-11.219940185546875
-11.240525245666504
-11.261602401733398
-11.272676467895508
-11.275103569030762
-11.28144645690918
-11.28316879272461
-11.279377937316895
-11.283137321472168
-11.281664848327637
-11.278831481933594
-11.275877952575684
-11.273502349853516
-11.268078804016113
-11.26605224609375
-11.257161140441895
-11.2471342086792
-11.244974136352539
-11.249269485473633
-11.251437187194824
-11.26303482055664
-11.271261215209961
-11.27602481842041
-11.282570838928223
-11.285568237304688
-11.27464771270752
-11.268035888671875
-11.246464729309082
-11.227041244506836
-11.216634750366211
-11.22340202331543
-11.246452331542969
-11.253003120422363
-11.255410194396973
-11.263203620910645
-11.267520904541016
-11.273183822631836
-11.278267860412598
-11.277639389038086
-11.28693675994873
-11.286465644836426
-11.28713321685791
-11.287057876586914
-11.284725189208984
-11.289958000183105
-11.285799980163574
-11.285435676574707
-11.279559135437012
-11.276643753051758
-11.274312019348145
-11.26367473602295
-11.253693580627441
-11.244029998779297
-11.238018035888672
-11.236849784851074
-11.244514465332031
-11.258524894714355
-11.26607608795166
-11.270049095153809
-11.263433456420898
-11.262330055236816
-11.257770538330078
-11.257283210754395
-11.265233993530273
-11.265874862670898
-11.269864082336426
-11.273244857788086
-11.272151947021484
-11.266721725463867
-11.258674621582031
-11.25257682800293
-11.248196601867676
-11.251922607421875
-11.257369995117188
-11.262657165527344
-11.265190124511719
-11.255922317504883
-11.248702049255371
-11.248534202575684
-11.24813461303711
-11.250908851623535
-11.262624740600586
-11.273598670959473
-11.274515151977539
-11.288250923156738
-11.28972053527832
-11.287355422973633
-11.286291122436523
-11.287789344787598
-11.286918640136719
-11.286404609680176
-11.288946151733398
-11.290388107299805
-11.28503704071045
-11.272353172302246
-11.25814437866211
-11.238029479980469
-11.217494010925293
-11.225512504577637
-11.2444486618042
-11.258577346801758
-11.270827293395996
-11.277649879455566
-11.276762962341309
-11.278291702270508
-11.282206535339355
-11.281328201293945
-11.27651596069336
-11.27246379852295
-11.266389846801758
-11.258260726928711
-11.267026901245117
-11.269818305969238
-11.26279067993164
-11.261174201965332
-11.249592781066895
-11.24859619140625
-11.250687599182129
-11.253801345825195
-11.266559600830078
-11.272000312805176
-11.274943351745605
-11.277316093444824
-11.271391868591309
-11.267609596252441
-11.267287254333496
-11.263967514038086
-11.261237144470215
-11.258012771606445
-11.249489784240723
-11.260852813720703
-11.272000312805176
-11.277034759521484
-11.2716646194458
-11.25802230834961
-11.236143112182617
-11.212940216064453
-11.201594352722168
-11.231785774230957
-11.261152267456055
-11.282148361206055
-11.290685653686523
-11.290315628051758
-11.289786338806152
-11.288544654846191
-11.28974723815918
-11.288395881652832
-11.29020881652832
-11.29111099243164
-11.288310050964355
-11.283658981323242
-11.27404499053955
-11.26378345489502
-11.257474899291992
-11.253406524658203
-11.25231647491455
-11.252808570861816
-11.260456085205078
-11.261311531066895
-11.268881797790527
-11.279308319091797
-11.281083106994629
-11.28921127319336
-11.291177749633789
-11.287130355834961
-11.281569480895996
-11.264793395996094
-11.25617504119873
-11.250268936157227
-11.237737655639648
-11.238272666931152
-11.24643611907959
-11.264517784118652
-11.271488189697266
-11.276074409484863
-11.268985748291016
-11.269968032836914
-11.262853622436523
-11.247753143310547
-11.240012168884277
-11.235217094421387
-11.242034912109375
-11.257121086120605
-11.276433944702148
-11.286813735961914
-11.282940864562988
-11.249013900756836
-11.196303367614746
-11.18049144744873
-11.238496780395508
-11.278778076171875
-11.292086601257324
-11.290258407592773
-11.287322998046875
-11.274155616760254
-11.255816459655762
-11.247556686401367
-11.245140075683594
-11.24613094329834
-11.25032901763916
-11.266368865966797
-11.274836540222168
-11.277968406677246
-11.278599739074707
-11.28419303894043
-11.283116340637207
-11.285123825073242
-11.284919738769531
-11.283254623413086
-11.287134170532227
-11.279254913330078
-11.271882057189941
-11.265532493591309
-11.262859344482422
-11.262177467346191
-11.262295722961426
-11.276799201965332
-11.283365249633789
-11.288939476013184
-11.288753509521484
-11.29187297821045
-11.289716720581055
-11.287199974060059
-11.275677680969238
-11.260974884033203
-11.248616218566895
-11.244012832641602
-11.25255012512207
-11.264906883239746
-11.278030395507812
-11.277506828308105
-11.288763999938965
-11.292564392089844
-11.291290283203125
-11.295454025268555
-11.288384437561035
-11.293410301208496
-11.296777725219727
-11.294629096984863
-11.291810035705566
-11.291919708251953
-11.290831565856934
-11.289266586303711
-11.288520812988281
-11.284011840820312
-11.279133796691895
-11.272087097167969
-11.272616386413574
-11.266090393066406
-11.262643814086914
-11.25994873046875
-11.25892162322998
-11.25868034362793
-11.253687858581543
-11.258180618286133
-11.263864517211914
-11.261856079101562
-11.274887084960938
-11.284817695617676
-11.28668212890625
-11.296257019042969
-11.291888236999512
-11.294916152954102
-11.290987014770508
-11.292220115661621
-11.294431686401367
-11.293121337890625
-11.291988372802734
-11.290452003479004
-11.28284740447998
-11.277002334594727
-11.267419815063477
-11.257806777954102
-11.24951457977295
-11.246207237243652
-11.251404762268066
-11.260287284851074
-11.265204429626465
-11.271932601928711
-11.281858444213867
-11.284978866577148
-11.282719612121582
-11.278728485107422
-11.268536567687988
-11.254377365112305
-11.238158226013184
-11.234537124633789
-11.22671127319336
-11.247530937194824
-11.265953063964844
-11.286090850830078
-11.290260314941406
-11.291495323181152
-11.287906646728516
-11.290146827697754
-11.287603378295898
-11.287792205810547
-11.289168357849121
-11.293092727661133
-11.293530464172363
-11.282022476196289
-11.252397537231445
-11.199707984924316
-11.178191184997559
-11.211674690246582
-11.26865291595459
-11.29043197631836
-11.29074764251709
-11.266324996948242
-11.233661651611328
-11.213332176208496
-11.2369966506958
-11.263896942138672
-11.283804893493652
-11.287880897521973
-11.294478416442871
-11.293453216552734
-11.293845176696777
-11.292953491210938
-11.297209739685059
-11.297140121459961
-11.295147895812988
-11.292091369628906
-11.296031951904297
-11.29312515258789
-11.295355796813965
-11.292020797729492
-11.284996032714844
-11.277471542358398
-11.27044677734375
-11.25752067565918
-11.243343353271484
-11.242469787597656
-11.250041961669922
-11.270309448242188
-11.281728744506836
-11.283411979675293
-11.285110473632812
-11.283467292785645
-11.277241706848145
-11.276518821716309
-11.283681869506836
-11.28382396697998
-11.289875984191895
-11.287423133850098
-11.292418479919434
-11.293447494506836
-11.293902397155762
-11.296521186828613
-11.296747207641602
-11.298449516296387
-11.291084289550781
-11.285269737243652
-11.281834602355957
-11.27255916595459
-11.260318756103516
-11.244558334350586
-11.230035781860352
-11.237020492553711
-11.24518871307373
-11.260881423950195
-11.271751403808594
-11.281929969787598
-11.283684730529785
-11.289133071899414
-11.291491508483887
-11.292854309082031
-11.29796028137207
-11.296021461486816
-11.298206329345703
-11.293773651123047
-11.284918785095215
-11.27460765838623
-11.246063232421875
-11.221707344055176
-11.211953163146973
-11.231036186218262
-11.258428573608398
-11.272082328796387
-11.277420043945312
-11.279328346252441
-11.279651641845703
-11.281368255615234
-11.276968955993652
-11.272453308105469
-11.268526077270508
-11.273093223571777
-11.268973350524902
-11.252985000610352
-11.237698554992676
-11.229918479919434
-11.24070930480957
-11.25525951385498
-11.269819259643555
-11.284955024719238
-11.293231010437012
-11.285141944885254
-11.264288902282715
-11.223026275634766
-11.229682922363281
-11.25457763671875
-11.271533012390137
-11.28281307220459
-11.291202545166016
-11.286477088928223
-11.28305435180664
-11.2715425491333
-11.267250061035156
-11.271749496459961
-11.266756057739258
-11.265600204467773
-11.270878791809082
-11.268065452575684
-11.266462326049805
-11.254593849182129
-11.253440856933594
-11.251075744628906
-11.271299362182617
-11.287189483642578
-11.297819137573242
-11.29296875
-11.280997276306152
-11.275857925415039
-11.266236305236816
-11.263742446899414
-11.259499549865723
-11.255709648132324
-11.264591217041016
-11.282886505126953
-11.290152549743652
-11.29171085357666
-11.297798156738281
-11.301156044006348
-11.298946380615234
-11.295202255249023
-11.299699783325195
-11.298405647277832
-11.296821594238281
-11.29393482208252
-11.283613204956055
-11.277771949768066
-11.259800910949707
-11.263310432434082
-11.270842552185059
-11.285529136657715
-11.293935775756836
-11.298998832702637
-11.293000221252441
-11.278437614440918
-11.252222061157227
-11.228979110717773
-11.240523338317871
-11.26805305480957
-11.28494930267334
-11.294315338134766
-11.301532745361328
-11.301973342895508
-11.300003051757812
-11.30147933959961
-11.302016258239746
-11.296038627624512
-11.29113483428955
-11.286370277404785
-11.28210163116455
-11.269088745117188
-11.261970520019531
-11.262446403503418
-11.267210006713867
-11.274359703063965
-11.2689208984375
-11.270901679992676
-11.274682998657227
-11.276933670043945
-11.275452613830566
-11.267545700073242
-11.265144348144531
-11.265935897827148
-11.273396492004395
-11.284214973449707
-11.29526138305664
-11.297947883605957
-11.302289009094238
-11.301183700561523
-11.303874015808105
-11.299345970153809
-11.292469024658203
-11.292058944702148
-11.287590026855469
-11.282039642333984
-11.28071403503418
-11.27731990814209
-11.269253730773926
-11.260187149047852
-11.263343811035156
-11.278223037719727
-11.295429229736328
-11.302175521850586
-11.293292045593262
-11.275303840637207
-11.259039878845215
-11.249756813049316
-11.25545883178711
-11.272989273071289
-11.280753135681152
-11.286048889160156
-11.295801162719727
-11.299424171447754
-11.297840118408203
-11.30240535736084
-11.303309440612793
-11.2974853515625
-11.291993141174316
-11.29040813446045
-11.290276527404785
-11.289251327514648
-11.288840293884277
-11.28377628326416
-11.28507137298584
-11.280665397644043
-11.27381706237793
-11.261370658874512
-11.25378131866455
-11.264375686645508
-11.280776977539062
-11.293389320373535
-11.300485610961914
-11.301562309265137
-11.302200317382812
-11.296736717224121
-11.292497634887695
-11.286248207092285
-11.28193473815918
-11.269950866699219
-11.255376815795898
-11.246190071105957
-11.245384216308594
-11.261757850646973
-11.2796049118042
-11.292256355285645
-11.301993370056152
-11.305418014526367
-11.29867172241211
-11.294150352478027
-11.28380298614502
-11.262128829956055
-11.24869155883789
-11.249905586242676
-11.27181625366211
-11.291982650756836
-11.299005508422852
-11.299395561218262
-11.29385757446289
-11.274484634399414
-11.240724563598633
-11.225348472595215
-11.245670318603516
-11.278945922851562
-11.300882339477539
-11.294720649719238
-11.274137496948242
-11.23318099975586
-11.221403121948242
-11.25008487701416
-11.285744667053223
-11.298541069030762
-11.299820899963379
-11.2861328125
-11.259673118591309
-11.235889434814453
-11.237627983093262
-11.26179027557373
-11.29140567779541
-11.301412582397461
-11.29902458190918
-11.289722442626953
-11.278035163879395
-11.27470874786377
-11.282148361206055
-11.283733367919922
-11.281371116638184
-11.281208038330078
-11.279659271240234
-11.279033660888672
-11.28826904296875
-11.295742988586426
-11.297869682312012
-11.301240921020508
-11.306057929992676
-11.301885604858398
-11.292393684387207
-11.293807029724121
-11.28366756439209
-11.276437759399414
-11.279480934143066
-11.278240203857422
-11.278553009033203
-11.276571273803711
-11.276518821716309
-11.283493995666504
-11.290175437927246
-11.294363975524902
-11.293403625488281
-11.291972160339355
-11.297218322753906
-11.291739463806152
-11.287751197814941
-11.285821914672852
-11.280465126037598
-11.277970314025879
-11.28029727935791
-11.277023315429688
-11.27627182006836
-11.278780937194824
-11.278539657592773
-11.286332130432129
-11.292542457580566
-11.298405647277832
-11.301473617553711
-11.301241874694824
-11.30624771118164
-11.303314208984375
-11.308259010314941
-11.305512428283691
-11.303024291992188
-11.303975105285645
-11.299888610839844
-11.302871704101562
-11.307178497314453
-11.30765151977539
-11.305251121520996
-11.304853439331055
-11.303765296936035
-11.299946784973145
-11.297843933105469
-11.288504600524902
-11.269291877746582
-11.244074821472168
-11.228363037109375
-11.246539115905762
-11.272645950317383
-11.289746284484863
-11.297436714172363
-11.299995422363281
-11.307955741882324
-11.304655075073242
-11.29906940460205
-11.283453941345215
-11.267022132873535
-11.2433443069458
-11.25085163116455
-11.26171875
-11.267557144165039
-11.27262020111084
-11.277957916259766
-11.288139343261719
-11.295924186706543
-11.302456855773926
-11.303646087646484
-11.306808471679688
-11.304059028625488
-11.306512832641602
-11.30224895477295
-11.290058135986328
-11.26891040802002
-11.250188827514648
-11.239834785461426
-11.242151260375977
-11.259751319885254
-11.280820846557617
-11.293059349060059
-11.296756744384766
-11.295919418334961
-11.297405242919922
-11.29710578918457
-11.291873931884766
-11.286828994750977
-11.280317306518555
-11.27855110168457
-11.28417682647705
-11.287273406982422
-11.293652534484863
-11.2960205078125
-11.29881477355957
-11.296098709106445
-11.293249130249023
-11.28713607788086
-11.282256126403809
-11.276701927185059
-11.28239917755127
-11.28434944152832
-11.290572166442871
-11.290633201599121
-11.295194625854492
-11.295146942138672
-11.300455093383789
-11.303848266601562
-11.304308891296387
-11.306042671203613
-11.30817699432373
-11.30085277557373
-11.29500961303711
-11.282909393310547
-11.275675773620605
-11.256647109985352
-11.245159149169922
-11.24698543548584
-11.24931812286377
-11.257426261901855
-11.267882347106934
-11.276413917541504
