loss_u
-5.839653015136719
-5.8553147315979
-5.9704365730285645
-5.933440208435059
-5.993942737579346
-6.017789363861084
-5.980443000793457
-5.944413185119629
-6.0004191398620605
-6.105037212371826
-6.117612361907959
-6.03602409362793
-6.044999599456787
-6.149345397949219
-6.103782653808594
-6.076879501342773
-6.069129467010498
-6.109053611755371
-6.109541416168213
-6.166988372802734
-6.101862907409668
-6.094894886016846
-6.147160053253174
-6.12726354598999
-6.1179280281066895
-6.094143390655518
-6.1889872550964355
-6.129522800445557
-6.120386600494385
-6.138197898864746
-6.1910080909729
-6.140242576599121
-6.126380443572998
-6.177305221557617
-6.288687705993652
-6.159092903137207
-6.098901748657227
-6.208111763000488
-6.151185035705566
-6.19742488861084
-6.233918190002441
-6.207345008850098
-6.266833782196045
-6.225896835327148
-6.218872547149658
-6.191080570220947
-6.181649208068848
-6.184281349182129
-6.193905830383301
-6.239089488983154
-6.267840385437012
-6.180853843688965
-6.1986284255981445
-6.223912239074707
-6.255306720733643
-6.320285320281982
-6.205292224884033
-6.221235752105713
-6.240322589874268
-6.226789474487305
-6.317639350891113
-6.263269901275635
-6.23129940032959
-6.264212608337402
-6.284969806671143
-6.247696876525879
-6.193016529083252
-6.326589107513428
-6.256740093231201
-6.310410499572754
-6.22922945022583
-6.343864440917969
-6.323929309844971
-6.2598395347595215
-6.2762603759765625
-6.2985029220581055
-6.233095169067383
-6.309709548950195
-6.339295387268066
-6.265079975128174
-6.315895080566406
-6.259971618652344
-6.3718342781066895
-6.361801624298096
-6.3379807472229
-6.325466632843018
-6.315576076507568
-6.336849212646484
-6.329852104187012
-6.29780912399292
-6.295637130737305
-6.316194534301758
-6.34830379486084
-6.356372356414795
-6.328158378601074
-6.345402717590332
-6.351112365722656
-6.323971271514893
-6.3510870933532715
-6.345943927764893
-6.369336128234863
-6.388513565063477
-6.405245304107666
-6.391953468322754
-6.411323070526123
-6.377939224243164
-6.375975131988525
-6.415902137756348
-6.429523944854736
-6.4231414794921875
-6.413449287414551
-6.416272163391113
-6.450909614562988
-6.456482410430908
-6.456129550933838
-6.45496940612793
-6.414618015289307
-6.435883045196533
-6.453747272491455
-6.401813507080078
-6.486477851867676
-6.441861629486084
-6.440989971160889
-6.464764595031738
-6.445492744445801
-6.459194660186768
-6.464400768280029
-6.459219455718994
-6.453995227813721
-6.471997261047363
-6.472783088684082
-6.472500801086426
-6.4644365310668945
-6.462458610534668
-6.486738204956055
-6.484035015106201
-6.4880170822143555
-6.48607873916626
-6.487288951873779
-6.49360990524292
-6.4861321449279785
-6.476926803588867
-6.489698886871338
-6.4980268478393555
-6.478763580322266
-6.499188423156738
-6.4926557540893555
-6.496704578399658
-6.48725700378418
-6.501193046569824
-6.50579309463501
-6.496164321899414
-6.507393836975098
-6.504776477813721
-6.505998134613037
-6.500481128692627
-6.521853446960449
-6.508468151092529
-6.5136919021606445
-6.504867076873779
-6.520683288574219
-6.513359546661377
-6.517937660217285
-6.513968467712402
-6.523998737335205
-6.53642463684082
-6.537604331970215
-6.536697864532471
-6.53417444229126
-6.5317864418029785
-6.548051834106445
-6.548382759094238
-6.542462348937988
-6.557016849517822
-6.553062438964844
-6.569319248199463
-6.557527542114258
-6.57990837097168
-6.5711989402771
-6.602319240570068
-6.600924015045166
-6.604557037353516
-6.614041805267334
-6.617393970489502
-6.626407146453857
-6.635046005249023
-6.6565022468566895
-6.66030740737915
-6.6908183097839355
-6.718283176422119
-6.703548908233643
-6.684159755706787
-6.753021717071533
-6.767107009887695
-6.773463249206543
-6.779306411743164
-6.800796031951904
-6.810598850250244
-6.825623512268066
-6.825323581695557
-6.919698715209961
-6.951411247253418
-6.945525169372559
-6.9829230308532715
-7.0189008712768555
-7.034717082977295
-7.06689453125
-7.10776424407959
-7.12205171585083
-7.202020168304443
-7.147945880889893
-7.234642505645752
-7.24738883972168
-7.320615768432617
-7.389995574951172
-7.432522296905518
-7.442445755004883
-7.442464828491211
-7.487161159515381
-7.604516506195068
-7.671815395355225
-7.76555871963501
-7.6623334884643555
-7.850273609161377
-7.831843376159668
-7.850373268127441
-7.947441101074219
-7.976332664489746
-8.069292068481445
-8.099417686462402
-8.029526710510254
-7.716429710388184
-8.258904457092285
-7.73898983001709
-8.225086212158203
-7.915895938873291
-8.325484275817871
-7.891474723815918
-8.106162071228027
-8.208333969116211
-8.255236625671387
-8.491416931152344
-8.269186973571777
-8.516142845153809
-8.419437408447266
-8.543145179748535
-8.646486282348633
-8.64766788482666
-8.65656566619873
-8.609793663024902
-8.779696464538574
-8.79488754272461
-8.77649974822998
-8.71423053741455
-8.8532075881958
-8.786893844604492
-8.888105392456055
-8.944231986999512
-8.922277450561523
-9.048155784606934
-8.977014541625977
-9.062651634216309
-8.952430725097656
-9.012879371643066
-8.968225479125977
-9.082366943359375
-9.039663314819336
-9.161514282226562
-9.271587371826172
-9.117974281311035
-9.179607391357422
-9.223288536071777
-9.225248336791992
-9.25610637664795
-9.201761245727539
-9.166871070861816
-9.307419776916504
-9.291051864624023
-9.257148742675781
-9.35107707977295
-9.321496963500977
-9.365273475646973
-9.352368354797363
-9.413008689880371
-9.455551147460938
-9.395895957946777
-9.39178466796875
-9.39587116241455
-9.499732971191406
-9.495955467224121
-9.520308494567871
-9.416300773620605
-9.520820617675781
-9.53630256652832
-9.475114822387695
-9.274996757507324
-9.38393783569336
-9.467499732971191
-9.410896301269531
-9.288873672485352
-9.54500961303711
-9.51159381866455
-9.158130645751953
-9.620168685913086
-9.417261123657227
-9.519940376281738
-9.646014213562012
-9.467265129089355
-9.643099784851074
-9.57896900177002
-9.500680923461914
-9.673101425170898
-9.49316692352295
-9.575161933898926
-9.666626930236816
-9.646523475646973
-9.764020919799805
-9.69446086883545
-9.704442024230957
-9.711066246032715
-9.751848220825195
-9.751018524169922
-9.671607971191406
-9.764599800109863
-9.803314208984375
-9.76758861541748
-9.807147026062012
-9.707895278930664
-9.824981689453125
-9.830798149108887
-9.870149612426758
-9.813558578491211
-9.83063793182373
-9.78504753112793
-9.79759407043457
-9.806319236755371
-9.813806533813477
-9.83824634552002
-9.757375717163086
-9.828659057617188
-9.685120582580566
-9.696712493896484
-9.791169166564941
-9.821419715881348
-9.799714088439941
-9.79486083984375
-9.770963668823242
-9.829339027404785
-9.89726448059082
-9.858663558959961
-9.844217300415039
-9.811336517333984
-9.85289478302002
-9.869223594665527
-9.903497695922852
-9.834478378295898
-9.816083908081055
-9.83873462677002
-9.913633346557617
-9.909140586853027
-9.87768268585205
-9.900065422058105
-9.878108024597168
-9.946064949035645
-9.868417739868164
-9.925141334533691
-9.955892562866211
-9.910269737243652
-9.886566162109375
-9.935942649841309
-9.947381019592285
-9.816461563110352
-9.880620956420898
-9.947365760803223
-10.008834838867188
-9.93778133392334
-9.928523063659668
-9.955565452575684
-9.94178295135498
-9.904072761535645
-9.875869750976562
-9.99952507019043
-9.90266227722168
-9.849862098693848
-9.978515625
-9.937893867492676
-9.89714527130127
-9.926652908325195
-9.977615356445312
-9.9293851852417
-9.974570274353027
-9.99642276763916
-9.995896339416504
-10.015243530273438
-10.026541709899902
-9.995615005493164
-9.99143123626709
-9.941747665405273
-9.98650074005127
-9.97724723815918
-10.021471977233887
-10.002235412597656
-10.041929244995117
-9.97619915008545
-10.002429008483887
-9.995909690856934
-9.909614562988281
-9.879055976867676
-9.960367202758789
-10.041560173034668
-9.990598678588867
-9.980814933776855
-10.042133331298828
-10.048688888549805
-9.993057250976562
-9.998425483703613
-9.960576057434082
-10.077282905578613
-9.99023723602295
-9.996501922607422
-10.045881271362305
-10.055487632751465
-10.022645950317383
-10.070619583129883
-10.096851348876953
-10.080829620361328
-10.075338363647461
-10.050512313842773
-10.063693046569824
-10.078619956970215
-10.068248748779297
-10.067737579345703
-10.083273887634277
-10.119105339050293
-10.071844100952148
-10.07526969909668
-10.100250244140625
-10.102654457092285
-10.109973907470703
-10.086710929870605
-10.079757690429688
-10.132801055908203
-10.14412784576416
-10.10863208770752
-10.108222961425781
-10.106935501098633
-10.103007316589355
-10.081878662109375
-10.08206558227539
-10.103598594665527
-10.12057113647461
-10.143441200256348
-10.11368465423584
-10.067225456237793
-10.09160041809082
-10.1238374710083
-10.173955917358398
-10.108858108520508
-10.10573959350586
-10.129887580871582
-10.145894050598145
-10.156362533569336
-10.099957466125488
-10.143610954284668
-10.178853034973145
-10.155580520629883
-10.155052185058594
-10.141253471374512
-10.155405044555664
-10.140893936157227
-10.139667510986328
-10.166964530944824
-10.15910530090332
-10.1756010055542
-10.157612800598145
-10.134476661682129
-10.155183792114258
-10.189069747924805
-10.183248519897461
-10.171031951904297
-10.169547080993652
-10.211468696594238
-10.148637771606445
-10.212779998779297
-10.179645538330078
-10.211695671081543
-10.170644760131836
-10.172394752502441
-10.198370933532715
-10.199004173278809
-10.206942558288574
-10.203173637390137
-10.183014869689941
-10.214679718017578
-10.243598937988281
-10.190815925598145
-10.2130126953125
-10.183940887451172
-10.216157913208008
-10.23269271850586
-10.221113204956055
-10.196393013000488
-10.223301887512207
-10.237091064453125
-10.218165397644043
-10.22253131866455
-10.257914543151855
-10.256285667419434
-10.25772476196289
-10.25928783416748
-10.241196632385254
-10.253158569335938
-10.219679832458496
-10.266809463500977
-10.273858070373535
-10.287530899047852
-10.263396263122559
-10.247584342956543
-10.288451194763184
-10.263282775878906
-10.296607971191406
-10.273402214050293
-10.289371490478516
-10.261879920959473
-10.275505065917969
-10.268477439880371
-10.273843765258789
-10.285918235778809
-10.236236572265625
-10.258191108703613
-10.27226448059082
-10.277737617492676
-10.309123039245605
-10.299747467041016
-10.331384658813477
-10.273195266723633
-10.250804901123047
-10.246685981750488
-10.25912094116211
-10.26048469543457
-10.307557106018066
-10.312769889831543
-10.25592041015625
-10.271438598632812
-10.308181762695312
-10.299126625061035
-10.350287437438965
-10.330035209655762
-10.363038063049316
-10.34804916381836
-10.32463264465332
-10.342914581298828
-10.339073181152344
-10.32094669342041
-10.327522277832031
-10.33890438079834
-10.312206268310547
-10.335186958312988
-10.334718704223633
-10.336758613586426
-10.376648902893066
-10.360555648803711
-10.333244323730469
-10.355663299560547
-10.342708587646484
-10.348970413208008
-10.344185829162598
-10.275341987609863
-10.315017700195312
-10.387721061706543
-10.38865852355957
-10.383565902709961
-10.378890037536621
-10.290475845336914
-10.064971923828125
-10.324631690979004
-10.42243480682373
-10.361849784851074
-10.23842716217041
-10.34190559387207
-10.379671096801758
-10.367323875427246
-10.336506843566895
-10.355374336242676
-10.416460990905762
-10.403399467468262
-10.359867095947266
-10.33890151977539
-10.402344703674316
-10.436043739318848
-10.445812225341797
-10.459733009338379
-10.35361385345459
-10.35582160949707
-10.34121322631836
-10.28415584564209
-10.377546310424805
-10.45169448852539
-10.436681747436523
-10.367057800292969
-10.364815711975098
-10.431920051574707
-10.468998908996582
-10.432209968566895
-10.323429107666016
-10.305599212646484
-10.441780090332031
-10.441000938415527
-10.417387008666992
-10.370930671691895
-10.426033973693848
-10.50628662109375
-10.47914981842041
-10.42738151550293
-10.415031433105469
-10.421150207519531
-10.389183044433594
-10.455683708190918
-10.445836067199707
-10.455290794372559
-10.500901222229004
-10.504073143005371
-10.430719375610352
-10.46155071258545
-10.516261100769043
-10.51771354675293
-10.470003128051758
-10.435627937316895
-10.486324310302734
-10.513520240783691
-10.542800903320312
-10.552535057067871
-10.556661605834961
-10.551250457763672
-10.551722526550293
-10.498000144958496
-10.469377517700195
-10.431439399719238
-10.452777862548828
-10.500492095947266
-10.495638847351074
-10.559886932373047
-10.54875659942627
-10.54716968536377
-10.58908748626709
-10.539758682250977
-10.567176818847656
-10.517577171325684
-10.517151832580566
-10.480323791503906
-10.460554122924805
-10.482776641845703
-10.568772315979004
-10.610442161560059
-10.596441268920898
-10.405928611755371
-10.3745698928833
-10.611858367919922
-10.416051864624023
-10.357613563537598
-10.602245330810547
-10.307917594909668
-10.46731948852539
-10.601198196411133
-10.308362007141113
-10.53164005279541
-10.548709869384766
-10.3589506149292
-10.562795639038086
-10.4912109375
-10.357728958129883
-10.621383666992188
-10.507150650024414
-10.48867416381836
-10.589251518249512
-10.505586624145508
-10.539342880249023
-10.572100639343262
-10.437429428100586
-10.614840507507324
-10.565650939941406
-10.469588279724121
-10.605913162231445
-10.63519287109375
-10.526107788085938
-10.605903625488281
-10.631531715393066
-10.63192081451416
-10.590198516845703
-10.604393005371094
-10.646007537841797
-10.640484809875488
-10.616862297058105
-10.61147403717041
-10.642099380493164
-10.659756660461426
-10.649564743041992
-10.639942169189453
-10.647883415222168
-10.65103530883789
-10.700267791748047
-10.667024612426758
-10.656126022338867
-10.63769817352295
-10.585481643676758
-10.612521171569824
-10.66567611694336
-10.697901725769043
-10.622469902038574
-10.603002548217773
-10.632195472717285
-10.6834716796875
-10.651691436767578
-10.581930160522461
-10.573786735534668
-10.687273025512695
-10.652957916259766
-10.582047462463379
-10.634673118591309
-10.663084983825684
-10.674888610839844
-10.677104949951172
-10.635895729064941
-10.688944816589355
-10.689589500427246
-10.622130393981934
-10.623726844787598
-10.66221809387207
-10.703388214111328
-10.691884994506836
-10.690958023071289
-10.684804916381836
-10.679777145385742
-10.720958709716797
-10.694693565368652
-10.650749206542969
-10.687085151672363
-10.68834400177002
-10.710290908813477
-10.695465087890625
-10.700353622436523
-10.700572967529297
-10.711618423461914
-10.71084976196289
-10.71488094329834
-10.718708992004395
-10.709972381591797
-10.699821472167969
-10.682068824768066
-10.70974063873291
-10.682296752929688
-10.703924179077148
-10.728921890258789
-10.711852073669434
-10.72366714477539
-10.7053804397583
-10.72240924835205
-10.729705810546875
-10.730857849121094
-10.710033416748047
-10.729087829589844
-10.743456840515137
-10.715475082397461
-10.715242385864258
-10.71630859375
-10.744709014892578
-10.737885475158691
-10.726187705993652
-10.741411209106445
-10.743247032165527
-10.759505271911621
-10.741567611694336
-10.73376750946045
-10.756328582763672
-10.73890209197998
-10.728182792663574
-10.728464126586914
-10.74697208404541
-10.74887466430664
-10.74499797821045
-10.75366497039795
-10.740948677062988
-10.758596420288086
-10.7515869140625
-10.753121376037598
-10.745704650878906
-10.757511138916016
-10.748173713684082
-10.765607833862305
-10.725403785705566
-10.70207405090332
-10.682841300964355
-10.687225341796875
-10.718372344970703
-10.740530967712402
-10.752197265625
-10.760398864746094
-10.759090423583984
-10.760777473449707
-10.74494457244873
-10.73874568939209
-10.72774600982666
-10.695565223693848
-10.678911209106445
-10.705986022949219
-10.728971481323242
-10.737034797668457
-10.759282112121582
-10.758793830871582
-10.749016761779785
-10.746169090270996
-10.715516090393066
-10.672916412353516
-10.716404914855957
-10.756625175476074
-10.760059356689453
-10.76374340057373
-10.753267288208008
-10.774801254272461
-10.748064994812012
-10.763731956481934
-10.776721000671387
-10.758749008178711
-10.752074241638184
-10.734501838684082
-10.709602355957031
-10.68617057800293
-10.70096492767334
-10.738626480102539
-10.798653602600098
-10.770296096801758
-10.767945289611816
-10.766406059265137
-10.770186424255371
-10.712963104248047
-10.697775840759277
-10.72728157043457
-10.75866413116455
-10.770837783813477
-10.771367073059082
-10.756294250488281
-10.752716064453125
-10.751581192016602
-10.74329948425293
-10.762362480163574
-10.784769058227539
-10.782151222229004
-10.760956764221191
-10.659555435180664
-10.68707275390625
-10.775513648986816
-10.773354530334473
-10.758659362792969
-10.720253944396973
-10.725587844848633
-10.76622486114502
-10.758952140808105
-10.771923065185547
-10.759688377380371
-10.781547546386719
-10.784759521484375
-10.7783784866333
-10.77350902557373
-10.797876358032227
-10.790987968444824
-10.752209663391113
-10.757333755493164
-10.78632926940918
-10.786111831665039
-10.795097351074219
-10.788989067077637
-10.807845115661621
-10.784082412719727
-10.799361228942871
-10.797684669494629
-10.810407638549805
-10.810442924499512
-10.784564018249512
-10.791451454162598
-10.7619047164917
-10.757658004760742
-10.756484031677246
-10.762767791748047
-10.783000946044922
-10.794205665588379
-10.74903678894043
-10.737727165222168
-10.76192569732666
-10.782577514648438
-10.81000804901123
-10.807522773742676
-10.80460262298584
-10.793164253234863
-10.787622451782227
-10.776026725769043
-10.791823387145996
-10.768603324890137
-10.759063720703125
-10.764930725097656
-10.782780647277832
-10.751728057861328
-10.665919303894043
-10.638489723205566
-10.721616744995117
-10.79859447479248
-10.791388511657715
-10.750809669494629
-10.720657348632812
-10.802070617675781
-10.775069236755371
-10.732584953308105
-10.728221893310547
-10.780837059020996
-10.800060272216797
-10.804184913635254
-10.772764205932617
-10.770442008972168
-10.76797103881836
-10.79682731628418
-10.818278312683105
-10.794260025024414
-10.7947998046875
-10.804108619689941
-10.815164566040039
-10.816573143005371
-10.803592681884766
-10.78651237487793
-10.77010726928711
-10.790976524353027
-10.815488815307617
-10.813762664794922
-10.810860633850098
-10.80948257446289
-10.801799774169922
-10.7952880859375
-10.796455383300781
-10.817227363586426
-10.811807632446289
-10.815134048461914
-10.818567276000977
-10.82473087310791
-10.827848434448242
-10.827749252319336
-10.835236549377441
-10.810131072998047
-10.816383361816406
-10.820099830627441
-10.809469223022461
-10.834067344665527
-10.82509994506836
-10.832737922668457
-10.821451187133789
-10.833313941955566
-10.8455810546875
-10.824878692626953
-10.843090057373047
-10.832712173461914
-10.833440780639648
-10.821603775024414
-10.836264610290527
-10.82619571685791
-10.825254440307617
-10.807920455932617
-10.81160831451416
-10.792380332946777
-10.776618957519531
-10.779131889343262
-10.819093704223633
-10.832646369934082
-10.839751243591309
-10.845357894897461
-10.8262357711792
-10.810319900512695
-10.7891206741333
-10.807933807373047
-10.813182830810547
-10.82933521270752
-10.839371681213379
-10.837616920471191
-10.836528778076172
-10.834071159362793
-10.833160400390625
-10.826692581176758
-10.835064888000488
-10.798394203186035
-10.818107604980469
-10.817021369934082
-10.83181095123291
-10.857696533203125
-10.84575366973877
-10.86005973815918
-10.85545539855957
-10.83818244934082
-10.845160484313965
-10.84477424621582
-10.830039978027344
-10.813129425048828
-10.785074234008789
-10.804400444030762
-10.82631778717041
-10.828354835510254
-10.825237274169922
-10.795313835144043
-10.809739112854004
-10.8242769241333
-10.807535171508789
-10.810070037841797
-10.813488960266113
-10.826154708862305
-10.851846694946289
-10.837924003601074
-10.845480918884277
-10.855905532836914
-10.857833862304688
-10.869403839111328
-10.859417915344238
-10.820749282836914
-10.803351402282715
-10.817841529846191
-10.849471092224121
-10.868793487548828
-10.848109245300293
-10.865433692932129
-10.875243186950684
-10.851522445678711
-10.854377746582031
-10.87344741821289
-10.860786437988281
-10.86154842376709
-10.844868659973145
-10.843148231506348
-10.8258695602417
-10.833337783813477
-10.845213890075684
-10.845503807067871
-10.870179176330566
-10.860614776611328
-10.877936363220215
-10.85534381866455
-10.750274658203125
-10.653579711914062
-10.796440124511719
-10.867657661437988
-10.782760620117188
-10.681109428405762
-10.793450355529785
-10.858946800231934
-10.854649543762207
-10.804787635803223
-10.783608436584473
-10.817770957946777
-10.85904312133789
-10.853638648986816
-10.853686332702637
-10.835474967956543
-10.858684539794922
-10.869974136352539
-10.851604461669922
-10.8521728515625
-10.853019714355469
-10.864951133728027
-10.854135513305664
-10.866531372070312
-10.87570571899414
-10.873923301696777
-10.87786865234375
-10.873954772949219
-10.869892120361328
-10.879615783691406
-10.82194709777832
-10.8021879196167
-10.838403701782227
-10.8602294921875
-10.88461971282959
-10.88482666015625
-10.874791145324707
-10.8809814453125
-10.866830825805664
-10.870234489440918
-10.853489875793457
-10.864331245422363
-10.887289047241211
-10.863067626953125
-10.873723030090332
-10.873504638671875
-10.875943183898926
-10.885923385620117
-10.887198448181152
-10.898737907409668
-10.889201164245605
-10.86733627319336
-10.882345199584961
-10.897351264953613
-10.898231506347656
-10.897663116455078
-10.876662254333496
-10.912527084350586
-10.901427268981934
-10.882856369018555
-10.878260612487793
-10.897221565246582
-10.896881103515625
-10.905573844909668
-10.913588523864746
-10.906289100646973
-10.910574913024902
-10.92243766784668
-10.907820701599121
-10.904175758361816
-10.876014709472656
-10.84618854522705
-10.858128547668457
-10.888178825378418
-10.91140365600586
-10.90374755859375
-10.924548149108887
-10.89016342163086
-10.881158828735352
-10.898736000061035
-10.920753479003906
-10.921730995178223
-10.928125381469727
-10.925559043884277
-10.904733657836914
-10.888894081115723
-10.86281681060791
-10.872203826904297
-10.894454956054688
-10.906173706054688
-10.932242393493652
-10.91822624206543
-10.879209518432617
-10.874960899353027
-10.886236190795898
-10.921918869018555
-10.90019702911377
-10.88234806060791
-10.87303352355957
-10.894023895263672
-10.932770729064941
-10.943957328796387
-10.93362045288086
-10.923531532287598
-10.92719554901123
-10.928587913513184
-10.936199188232422
-10.931273460388184
-10.922507286071777
-10.921976089477539
-10.913196563720703
-10.915388107299805
-10.931328773498535
-10.919690132141113
-10.935470581054688
-10.920271873474121
-10.938268661499023
-10.946502685546875
-10.937577247619629
-10.940016746520996
-10.938425064086914
-10.941608428955078
-10.942034721374512
-10.955297470092773
-10.944012641906738
-10.946712493896484
-10.947820663452148
-10.933732986450195
-10.936430931091309
-10.947876930236816
-10.945322036743164
-10.925064086914062
-10.917405128479004
-10.903363227844238
-10.915987014770508
-10.899455070495605
-10.883444786071777
-10.9130277633667
-10.94902515411377
-10.951204299926758
-10.939005851745605
-10.935547828674316
-10.94068431854248
-10.926193237304688
-10.94715690612793
-10.931604385375977
-10.880125999450684
-10.876782417297363
-10.906099319458008
-10.916250228881836
-10.941046714782715
-10.950298309326172
-10.946429252624512
-10.948773384094238
-10.936625480651855
-10.916658401489258
-10.899053573608398
-10.922947883605957
-10.941902160644531
-10.957780838012695
-10.955207824707031
-10.935806274414062
-10.890732765197754
-10.859169960021973
-10.888318061828613
-10.938941955566406
-10.974740028381348
-10.951047897338867
-10.890158653259277
-10.878313064575195
-10.913717269897461
-10.949764251708984
-10.960028648376465
-10.950039863586426
-10.944625854492188
-10.932873725891113
-10.920928955078125
-10.918729782104492
-10.929390907287598
-10.959446907043457
-10.970266342163086
-10.95982837677002
-10.939380645751953
-10.948043823242188
-10.961347579956055
-10.976522445678711
-10.965001106262207
-10.959908485412598
-10.943158149719238
-10.903192520141602
-10.87545394897461
-10.922813415527344
-10.970484733581543
-10.970226287841797
-10.934098243713379
-10.910189628601074
-10.919012069702148
-10.970752716064453
-10.976385116577148
-10.968496322631836
-10.967377662658691
-10.974566459655762
-10.971028327941895
-10.983506202697754
-10.979924201965332
-10.969234466552734
-10.97124195098877
-10.96135425567627
-10.9542818069458
-10.952569961547852
-10.954947471618652
-10.964734077453613
-10.946654319763184
-10.964025497436523
-10.977001190185547
-10.9793062210083
-10.985767364501953
-10.983515739440918
-10.996768951416016
-10.980169296264648
-10.982378005981445
-10.993840217590332
-10.979879379272461
-10.99071216583252
-10.984814643859863
-10.980513572692871
-10.991523742675781
-10.987890243530273
-10.979893684387207
-10.981738090515137
-10.982504844665527
-10.983317375183105
-10.996788024902344
-10.979313850402832
-10.984979629516602
-10.981597900390625
-10.99099063873291
-11.005562782287598
-10.99371337890625
-10.981839179992676
-10.99431324005127
-10.97612476348877
-10.982419967651367
-10.987049102783203
-10.963669776916504
-10.965309143066406
-10.957069396972656
-10.952845573425293
-10.9423828125
-10.945490837097168
-10.963224411010742
-10.997854232788086
-11.003191947937012
-11.003314971923828
-10.985779762268066
-10.980441093444824
-10.969999313354492
-10.961042404174805
-10.971887588500977
-10.966367721557617
-10.985139846801758
-11.000907897949219
-10.996482849121094
-10.995851516723633
-11.012717247009277
-11.001960754394531
-10.989031791687012
-10.990692138671875
-10.970694541931152
-10.961389541625977
-10.961162567138672
-10.9625244140625
-10.962569236755371
-10.981802940368652
-10.99476432800293
-10.995488166809082
-11.00151538848877
-11.004727363586426
-10.9868803024292
-10.99793815612793
-10.984570503234863
-10.983757019042969
-10.96095085144043
-10.9567232131958
-10.959908485412598
-10.971108436584473
-10.98145866394043
-11.013306617736816
-10.99866771697998
-10.962061882019043
-10.923096656799316
-10.944867134094238
-10.976540565490723
-11.013579368591309
-11.010083198547363
-10.999000549316406
-10.987149238586426
-10.978338241577148
-10.953024864196777
-10.945865631103516
-10.969939231872559
-11.004776000976562
-11.017243385314941
-11.013028144836426
-10.971943855285645
-10.958897590637207
-10.972620964050293
-10.98580551147461
-10.990849494934082
-10.984013557434082
-11.006824493408203
-11.003036499023438
-11.016947746276855
-11.002962112426758
-10.993878364562988
-10.986695289611816
-10.98073959350586
-10.991438865661621
-11.003751754760742
-11.010818481445312
-11.006158828735352
-11.01359748840332
-10.999383926391602
-10.993541717529297
-11.010318756103516
-11.006754875183105
-11.02755355834961
-11.016895294189453
-11.009100914001465
-10.995603561401367
-10.999526023864746
-11.008611679077148
-11.016707420349121
-11.027099609375
-11.015830039978027
-11.021993637084961
-11.03614616394043
-11.010727882385254
-11.0127592086792
-10.986555099487305
-10.979496955871582
-10.961203575134277
-10.981505393981934
-11.000407218933105
-11.01111888885498
-10.9985933303833
-11.008062362670898
-11.021150588989258
-11.007159233093262
-11.009634971618652
-10.994840621948242
-11.000497817993164
-11.01110553741455
-11.005877494812012
-11.007390975952148
-11.002897262573242
-11.016877174377441
-11.014416694641113
-11.032877922058105
-11.028122901916504
-11.004932403564453
-10.999350547790527
-10.979751586914062
-10.9977445602417
-11.020233154296875
-11.03364372253418
-11.024447441101074
-11.01065731048584
-10.996732711791992
-10.964994430541992
-10.968406677246094
-11.004508018493652
-11.026055335998535
-11.030539512634277
-11.031397819519043
-11.017714500427246
-11.004192352294922
-11.01005744934082
-11.009102821350098
-10.998196601867676
-10.997815132141113
-11.000920295715332
-11.026936531066895
-11.01881217956543
-11.026885986328125
-11.037786483764648
-11.025429725646973
-11.039153099060059
-11.032629013061523
-11.024402618408203
-11.02155876159668
-11.0067777633667
-11.01171875
-11.003096580505371
-11.012557983398438
-11.024750709533691
-11.037181854248047
-11.03923225402832
-11.032726287841797
-11.0346097946167
-11.03668212890625
-11.045793533325195
-11.041962623596191
-11.038166999816895
-11.04349136352539
-11.031665802001953
-11.032488822937012
-11.017520904541016
-10.998472213745117
-10.967403411865234
-10.9566068649292
-10.95460319519043
-10.996874809265137
-11.007340431213379
-11.029644966125488
-11.031585693359375
-11.05545711517334
-11.04272174835205
-11.032310485839844
-11.014410972595215
-10.999618530273438
-10.988158226013184
-10.984334945678711
-11.01582145690918
-11.038874626159668
-11.042277336120605
-11.027641296386719
-11.00700569152832
-11.016410827636719
-11.015311241149902
-11.037971496582031
-11.050480842590332
-11.044465065002441
-11.042906761169434
-11.00937271118164
-10.997488021850586
-10.992040634155273
-11.013716697692871
-11.025633811950684
-11.041020393371582
-11.051849365234375
-11.049960136413574
-11.045190811157227
-11.052177429199219
-11.037220001220703
-11.051204681396484
-11.04322624206543
-11.05516242980957
-11.048651695251465
-11.036797523498535
-11.022092819213867
-11.013500213623047
-11.010376930236816
-11.014787673950195
-11.014857292175293
-11.011716842651367
-10.98436164855957
-10.97780990600586
-10.991971969604492
-11.027496337890625
-11.048534393310547
-11.041555404663086
-11.054424285888672
-11.05411148071289
-11.05943775177002
-11.051688194274902
-11.05557632446289
-11.045422554016113
-11.025372505187988
-11.01219654083252
-11.00029468536377
-11.002761840820312
-11.010702133178711
-11.01245403289795
-11.031655311584473
-11.046845436096191
-11.057496070861816
-11.041733741760254
-11.028003692626953
-11.005431175231934
-11.004939079284668
-11.01433277130127
-11.035613059997559
-11.05242919921875
-11.062020301818848
-11.066428184509277
-11.061162948608398
-11.058337211608887
-11.043723106384277
-11.03671932220459
-11.03044605255127
-11.04313850402832
-11.043452262878418
-11.04330062866211
-11.0581693649292
-11.06124496459961
-11.070618629455566
-11.055904388427734
-11.066305160522461
-11.072172164916992
-11.079111099243164
-11.065049171447754
-11.05781364440918
-11.057270050048828
-11.06058406829834
-11.057527542114258
-11.051080703735352
-11.046900749206543
-11.031655311584473
-11.017504692077637
-11.005797386169434
-11.00942611694336
-11.02103328704834
-11.05083179473877
-11.065071105957031
-11.070795059204102
-11.065949440002441
-11.05611801147461
-11.02675724029541
-11.004327774047852
-11.01120376586914
-11.036711692810059
-11.039854049682617
-11.05309772491455
-11.069990158081055
-11.062666893005371
-11.055781364440918
-11.060725212097168
-11.056389808654785
-11.059606552124023
-11.055168151855469
-11.061789512634277
-11.051248550415039
-11.036375045776367
-11.051736831665039
-11.030316352844238
-11.028948783874512
-11.01342487335205
-11.0462064743042
-11.056846618652344
-11.067888259887695
-11.081853866577148
-11.058442115783691
-11.067630767822266
-11.064023971557617
-11.056100845336914
-11.03995418548584
-11.014814376831055
-10.994889259338379
-11.023521423339844
-11.045343399047852
-11.067750930786133
-11.0794095993042
-11.070231437683105
-11.037864685058594
-11.010652542114258
-10.965585708618164
-11.01496410369873
-11.053483963012695
-11.075156211853027
-11.06563949584961
-11.035962104797363
-11.003315925598145
-11.00267505645752
-11.011494636535645
-11.05174446105957
-11.061874389648438
-11.07140827178955
-11.065017700195312
-11.076407432556152
-11.074189186096191
-11.053139686584473
-11.002291679382324
-10.974074363708496
-11.009879112243652
-11.049262046813965
-11.0745267868042
-11.03264045715332
-10.972956657409668
-10.999080657958984
-11.047525405883789
-11.075536727905273
-11.064558029174805
-10.96049690246582
-10.805983543395996
-11.03096866607666
-11.010577201843262
-10.858529090881348
-11.021125793457031
-11.056173324584961
-10.950223922729492
-11.001829147338867
-11.050273895263672
-11.044201850891113
-10.98818302154541
-10.985297203063965
-11.031702041625977
-11.06470775604248
-11.037557601928711
-10.988662719726562
-10.97290325164795
-11.047807693481445
-11.076074600219727
-11.037003517150879
-11.001957893371582
-11.029873847961426
-11.074275970458984
-11.07526969909668
-11.050346374511719
-11.01649284362793
-11.046913146972656
-11.065013885498047
-11.084522247314453
-11.050660133361816
-11.038601875305176
-11.06729507446289
-11.077476501464844
-11.079121589660645
-11.05739974975586
-11.056259155273438
-11.056768417358398
-11.073803901672363
-11.087214469909668
-11.078060150146484
-11.071975708007812
-11.07214069366455
-11.080248832702637
-11.08856201171875
-11.094367980957031
-11.088217735290527
-11.090811729431152
-11.087230682373047
-11.089188575744629
-11.09367561340332
-11.087250709533691
-11.094517707824707
-11.088144302368164
-11.09230899810791
-11.103675842285156
-11.10023021697998
-11.0892972946167
-11.07104778289795
-11.065835952758789
-11.03055477142334
-11.035331726074219
-11.046894073486328
-11.073918342590332
-11.090801239013672
-11.095012664794922
-11.101632118225098
-11.091512680053711
-11.083616256713867
-11.067179679870605
-11.058018684387207
-11.0531005859375
-11.069561958312988
-11.10435962677002
-11.102500915527344
-11.080033302307129
-11.024941444396973
-10.997431755065918
-11.02487850189209
-11.070240020751953
-11.098089218139648
-11.099236488342285
-11.065217018127441
-11.032071113586426
-11.019028663635254
-11.045941352844238
-11.079601287841797
-11.089415550231934
-11.097745895385742
-11.100814819335938
-11.098037719726562
-11.095743179321289
-11.09671688079834
-11.099394798278809
-11.098748207092285
-11.093954086303711
-11.099122047424316
-11.101933479309082
-11.083733558654785
-11.062579154968262
-11.070962905883789
-11.067238807678223
-11.08434009552002
-11.0980224609375
-11.086941719055176
-11.08023452758789
-11.06751537322998
-11.057689666748047
-11.060033798217773
-11.05585765838623
-11.067264556884766
-11.091169357299805
-11.103652000427246
-11.09906005859375
-11.090344429016113
-11.078269958496094
-11.060641288757324
-11.0636625289917
-11.079243659973145
-11.100399017333984
-11.10505199432373
-11.104938507080078
-11.099263191223145
-11.092399597167969
-11.081489562988281
-11.076128959655762
-11.073894500732422
-11.091174125671387
-11.10029125213623
-11.100829124450684
-11.113850593566895
-11.112770080566406
-11.107852935791016
-11.10135555267334
-11.08495044708252
-11.060888290405273
-11.064220428466797
-11.0712890625
-11.094993591308594
-11.094374656677246
-11.114484786987305
-11.108409881591797
-11.107694625854492
-11.117069244384766
-11.10885238647461
-11.09617805480957
-11.09325122833252
-11.077935218811035
-11.06607723236084
-11.052706718444824
-11.072794914245605
-11.093342781066895
-11.112627029418945
-11.107295036315918
-11.117955207824707
-11.111359596252441
-11.091827392578125
-11.067017555236816
-11.079705238342285
-11.076823234558105
-11.102059364318848
-11.102283477783203
-11.117419242858887
-11.107037544250488
-11.111503601074219
-11.109610557556152
-11.10315990447998
-11.102309226989746
-11.100183486938477
-11.107552528381348
-11.086221694946289
-11.076933860778809
-11.076149940490723
-11.067957878112793
-11.06712532043457
-11.061832427978516
-11.062947273254395
-11.083827018737793
-11.081780433654785
-11.08215045928955
-11.079988479614258
-11.079510688781738
-11.077280044555664
-11.074566841125488
-11.095489501953125
-11.104185104370117
-11.107586860656738
-11.111777305603027
-11.1250581741333
-11.113448143005371
-11.116973876953125
-11.099661827087402
-11.08244800567627
-11.067952156066895
-11.051405906677246
-11.078265190124512
-11.105615615844727
-11.117727279663086
-11.12455940246582
-11.121042251586914
-11.12966537475586
-11.118400573730469
-11.127963066101074
-11.122575759887695
-11.112078666687012
-11.113520622253418
-11.102326393127441
-11.090758323669434
-11.087841033935547
-11.086270332336426
-11.082585334777832
-11.107000350952148
-11.09378433227539
-11.08120059967041
-11.072025299072266
-11.072901725769043
-11.090270042419434
-11.08387279510498
-11.105732917785645
-11.120109558105469
-11.125060081481934
-11.118412971496582
-11.099772453308105
-11.083783149719238
-11.04433822631836
-11.055753707885742
-11.053515434265137
-11.087182998657227
-11.105889320373535
-11.114891052246094
-11.11817455291748
-11.124967575073242
-11.125728607177734
-11.109569549560547
-11.11337947845459
-11.0945405960083
-11.080167770385742
-11.077156066894531
-11.104901313781738
-11.116711616516113
-11.124890327453613
-11.128070831298828
-11.128149032592773
-11.128704071044922
-11.122288703918457
-11.128334999084473
-11.131324768066406
-11.128775596618652
-11.126830101013184
-11.12930965423584
-11.13178825378418
-11.127913475036621
-11.131404876708984
-11.12533950805664
-11.131595611572266
-11.124715805053711
-11.125345230102539
-11.127941131591797
-11.123678207397461
-11.127408027648926
-11.11449909210205
-11.099916458129883
-11.074747085571289
-11.052083015441895
-11.048115730285645
-11.058523178100586
-11.1170072555542
-11.137744903564453
-11.131997108459473
-11.11733341217041
-11.078690528869629
-11.058337211608887
-11.078652381896973
-11.112126350402832
-11.126594543457031
-11.129265785217285
-11.128277778625488
-11.128641128540039
-11.13974666595459
-11.129348754882812
-11.125967979431152
-11.123270034790039
-11.127695083618164
-11.135231018066406
-11.137384414672852
-11.138350486755371
-11.126728057861328
-11.12255859375
-11.112010955810547
-11.08838939666748
-11.069500923156738
-11.047977447509766
-11.067341804504395
-11.089007377624512
-11.098745346069336
-11.117008209228516
-11.130889892578125
-11.139250755310059
-11.140813827514648
-11.12189769744873
-11.089030265808105
-11.08363151550293
-11.078285217285156
-11.110591888427734
-11.113917350769043
-11.129854202270508
-11.140003204345703
-11.133536338806152
-11.122231483459473
-11.113326072692871
-11.091443061828613
-11.088078498840332
-11.090502738952637
-11.120375633239746
-11.118175506591797
-11.121678352355957
-11.126591682434082
-11.13524055480957
-11.140192031860352
-11.116605758666992
-11.085671424865723
-11.078245162963867
-11.072308540344238
-11.087715148925781
-11.101082801818848
-11.096603393554688
-11.0935697555542
-11.098734855651855
-11.108789443969727
-11.122428894042969
-11.124019622802734
-11.138957977294922
-11.122557640075684
-11.117681503295898
-11.108389854431152
-11.098257064819336
-11.096317291259766
-11.109403610229492
-11.117986679077148
-11.121793746948242
-11.120614051818848
-11.133248329162598
-11.131507873535156
-11.125492095947266
-11.130974769592285
-11.13772964477539
-11.143744468688965
-11.138773918151855
-11.148518562316895
-11.1442289352417
-11.143685340881348
-11.1451997756958
-11.137964248657227
-11.143359184265137
-11.146166801452637
-11.147579193115234
-11.1522216796875
-11.143377304077148
-11.147261619567871
-11.148368835449219
-11.146628379821777
-11.138936042785645
-11.139071464538574
-11.138782501220703
-11.144851684570312
-11.144671440124512
-11.129311561584473
-11.124519348144531
-11.11872386932373
-11.096902847290039
-11.089825630187988
-11.110721588134766
-11.12899398803711
-11.143608093261719
-11.12932300567627
-11.116458892822266
-11.072495460510254
-11.063658714294434
-11.091659545898438
-11.127817153930664
-11.130516052246094
-11.141510963439941
-11.147290229797363
-11.144584655761719
-11.146016120910645
-11.132766723632812
-11.135255813598633
-11.105252265930176
-11.087115287780762
-11.076964378356934
-11.101567268371582
-11.131163597106934
-11.13409423828125
-11.13841438293457
-11.146987915039062
-11.150338172912598
-11.142946243286133
-11.145573616027832
-11.151042938232422
-11.147294044494629
-11.142999649047852
-11.140569686889648
-11.125154495239258
-11.113768577575684
-11.119585037231445
-11.1361722946167
-11.152061462402344
-11.15013599395752
-11.14858341217041
-11.155077934265137
-11.15588665008545
-11.14132308959961
-11.135992050170898
-11.109637260437012
-11.091432571411133
-11.078347206115723
-11.081912994384766
-11.10531997680664
-11.124628067016602
-11.14157485961914
-11.150652885437012
-11.157456398010254
-11.12962532043457
-11.106078147888184
-11.060385704040527
-11.058614730834961
-11.11226749420166
-11.13892936706543
-11.150301933288574
-11.135708808898926
-11.140181541442871
-11.142439842224121
-11.128369331359863
-11.14114761352539
-11.144753456115723
-11.145671844482422
-11.147714614868164
-11.151732444763184
-11.15001106262207
-11.141186714172363
-11.145153999328613
-11.131495475769043
-11.13670539855957
-11.141195297241211
-11.154026985168457
-11.148008346557617
-11.15506362915039
-11.157843589782715
-11.160811424255371
-11.150622367858887
-11.150629043579102
-11.153253555297852
-11.149542808532715
-11.139819145202637
-11.120766639709473
-11.102190971374512
-11.077362060546875
-11.097521781921387
-11.105198860168457
-11.126723289489746
-11.147958755493164
-11.153473854064941
-11.155800819396973
-11.146810531616211
-11.115744590759277
-11.088010787963867
-11.097569465637207
-11.115397453308105
-11.134844779968262
-11.13425064086914
-11.142267227172852
-11.154187202453613
-11.162944793701172
-11.158295631408691
-11.157899856567383
-11.132349014282227
-11.11527156829834
-11.096354484558105
-11.07454776763916
-11.109725952148438
-11.143044471740723
-11.157100677490234
-11.159625053405762
-11.154048919677734
-11.1520357131958
-11.148351669311523
-11.120109558105469
-11.113680839538574
-11.115185737609863
-11.134589195251465
-11.145881652832031
-11.159053802490234
-11.153018951416016
-11.160552978515625
-11.158987045288086
-11.158580780029297
-11.157429695129395
-11.155375480651855
-11.148286819458008
-11.152497291564941
-11.144347190856934
-11.142848014831543
-11.15052604675293
-11.16118335723877
-11.157599449157715
-11.164520263671875
-11.162765502929688
-11.162074089050293
-11.149649620056152
-11.133420944213867
-11.114860534667969
-11.129964828491211
-11.145305633544922
-11.150280952453613
-11.135940551757812
-11.138992309570312
-11.153489112854004
-11.160127639770508
-11.167269706726074
-11.161574363708496
-11.160274505615234
-11.14892864227295
-11.140836715698242
-11.145186424255371
-11.155084609985352
-11.166253089904785
-11.166525840759277
-11.166572570800781
-11.17261791229248
-11.174927711486816
-11.169560432434082
-11.162355422973633
-11.161580085754395
-11.168646812438965
-11.173473358154297
-11.175193786621094
-11.167011260986328
-11.17136001586914
-11.168010711669922
-11.144170761108398
-11.129969596862793
-11.123931884765625
-11.095471382141113
-11.085714340209961
-11.117840766906738
-11.137378692626953
-11.171531677246094
-11.161703109741211
-11.140813827514648
-11.092589378356934
-11.054071426391602
-11.09463882446289
-11.168156623840332
-11.154322624206543
-11.08765983581543
-11.002459526062012
-11.064351081848145
-11.138760566711426
-11.174068450927734
-11.1585111618042
-11.111776351928711
-11.049437522888184
-11.085211753845215
-11.139226913452148
-11.164085388183594
-11.167251586914062
-11.131868362426758
-11.111076354980469
-11.113382339477539
-11.139581680297852
-11.171586036682129
-11.159636497497559
-11.146461486816406
-11.112095832824707
-11.102396011352539
-11.104463577270508
-11.132948875427246
-11.148269653320312
-11.14632511138916
-11.138113975524902
-11.129222869873047
-11.12011432647705
-11.126642227172852
-11.15815258026123
-11.170605659484863
-11.172051429748535
-11.170120239257812
-11.154580116271973
-11.1536226272583
-11.134674072265625
-11.126667022705078
-11.134953498840332
-11.158079147338867
-11.168780326843262
-11.177736282348633
-11.170366287231445
-11.151936531066895
-11.128620147705078
-11.137523651123047
-11.151518821716309
-11.168403625488281
-11.170947074890137
-11.17481803894043
-11.175957679748535
-11.179183006286621
-11.179778099060059
-11.175098419189453
-11.1663818359375
-11.168993949890137
-11.159419059753418
-11.165008544921875
-11.157076835632324
-11.150369644165039
-11.143011093139648
-11.152382850646973
-11.170615196228027
-11.180265426635742
-11.181145668029785
-11.175516128540039
-11.168797492980957
-11.162271499633789
-11.151206970214844
-11.128067970275879
-11.122550010681152
-11.137267112731934
-11.161828994750977
-11.182260513305664
-11.176916122436523
-11.141803741455078
-11.123004913330078
-11.118073463439941
-11.11948299407959
-11.139145851135254
-11.159903526306152
-11.175475120544434
-11.180461883544922
-11.159516334533691
-11.113226890563965
-11.095375061035156
-11.121467590332031
-11.155447959899902
-11.174213409423828
-11.177789688110352
-11.174544334411621
-11.178088188171387
-11.1752347946167
-11.159547805786133
-11.148524284362793
-11.143528938293457
-11.161888122558594
-11.185864448547363
-11.176874160766602
-11.159919738769531
-11.14934253692627
-11.144947052001953
-11.15455150604248
-11.176295280456543
-11.179964065551758
-11.183077812194824
-11.177874565124512
-11.156837463378906
-11.140728950500488
-11.135704040527344
-11.140907287597656
-11.156407356262207
-11.174853324890137
-11.177993774414062
-11.187193870544434
-11.182307243347168
-11.17957878112793
-11.184104919433594
-11.185235977172852
-11.182172775268555
-11.177389144897461
-11.183712005615234
-11.178960800170898
-11.16878890991211
-11.168456077575684
-11.170283317565918
-11.174851417541504
-11.188970565795898
-11.185636520385742
-11.1860990524292
-11.191610336303711
-11.191885948181152
-11.176350593566895
-11.154664039611816
-11.132294654846191
-11.116788864135742
-11.141313552856445
-11.163546562194824
-11.18835163116455
-11.16179370880127
-11.082579612731934
-11.059928894042969
-11.131375312805176
-11.182796478271484
-11.185480117797852
-11.154864311218262
-11.12186050415039
-11.118767738342285
-11.154170036315918
-11.186511993408203
-11.185803413391113
-11.15430736541748
-11.125353813171387
-11.120951652526855
-11.14011001586914
-11.163223266601562
-11.174543380737305
-11.183015823364258
-11.19436264038086
-11.179115295410156
-11.158259391784668
-11.142570495605469
-11.139471054077148
-11.175236701965332
-11.19127368927002
-11.16977310180664
-11.13764476776123
-11.089348793029785
-11.11705493927002
-11.164681434631348
-11.175863265991211
-11.188931465148926
-11.177233695983887
-11.181329727172852
-11.181920051574707
-11.180520057678223
-11.182401657104492
-11.184917449951172
-11.18068790435791
-11.181693077087402
-11.186251640319824
-11.190176963806152
-11.18895149230957
-11.193933486938477
-11.187760353088379
-11.197211265563965
-11.194705963134766
-11.191633224487305
-11.190735816955566
-11.1831636428833
-11.16048526763916
-11.148776054382324
-11.144881248474121
-11.153400421142578
-11.185922622680664
-11.193970680236816
-11.194671630859375
-11.186201095581055
-11.17606258392334
-11.150904655456543
-11.147893905639648
-11.155572891235352
-11.165526390075684
-11.183212280273438
-11.193418502807617
-11.194643020629883
-11.190773010253906
-11.194758415222168
-11.189581871032715
-11.190885543823242
-11.183395385742188
-11.178016662597656
-11.162137985229492
-11.140264511108398
-11.144118309020996
-11.160250663757324
-11.190064430236816
-11.184725761413574
-11.157173156738281
-11.13879680633545
-11.163747787475586
-11.196858406066895
-11.207327842712402
-11.174764633178711
-11.11699390411377
-11.12024974822998
-11.154706001281738
-11.204686164855957
-11.187006950378418
-11.149136543273926
-11.119891166687012
-11.151304244995117
-11.178666114807129
-11.203760147094727
-11.200994491577148
-11.175765037536621
-11.141556739807129
-11.143973350524902
-11.15230941772461
-11.194052696228027
-11.2039794921875
-11.158552169799805
-11.102653503417969
-11.112521171569824
-11.163192749023438
-11.198033332824707
-11.191356658935547
-11.18578815460205
-11.176966667175293
-11.166298866271973
-11.16067123413086
-11.165023803710938
-11.185653686523438
-11.187546730041504
-11.182718276977539
-11.184890747070312
-11.182406425476074
-11.190923690795898
-11.195489883422852
-11.18877124786377
-11.190875053405762
-11.206418991088867
-11.203339576721191
-11.199844360351562
-11.19837474822998
-11.200867652893066
-11.197937965393066
-11.202776908874512
-11.202587127685547
-11.199727058410645
-11.203336715698242
-11.192007064819336
-11.19157886505127
-11.197283744812012
-11.184758186340332
-11.177155494689941
-11.169544219970703
-11.156876564025879
-11.150407791137695
-11.173770904541016
-11.192359924316406
-11.203154563903809
-11.2046480178833
-11.20544147491455
-11.204495429992676
-11.196166038513184
-11.191874504089355
-11.180583953857422
-11.172600746154785
-11.175143241882324
-11.180899620056152
-11.181106567382812
-11.172598838806152
-11.177544593811035
-11.190242767333984
-11.19747543334961
-11.201102256774902
-11.20544147491455
-11.211729049682617
-11.207746505737305
-11.209244728088379
-11.208008766174316
-11.20171070098877
-11.206833839416504
-11.203197479248047
-11.205022811889648
-11.212532997131348
-11.204302787780762
-11.203681945800781
-11.2080078125
-11.208273887634277
-11.188633918762207
-11.195579528808594
-11.178943634033203
-11.170212745666504
-11.172701835632324
-11.188508033752441
-11.194880485534668
-11.193107604980469
-11.199728012084961
-11.206768035888672
-11.202223777770996
-11.20388126373291
-11.204771995544434
-11.199141502380371
-11.189943313598633
-11.180268287658691
-11.172163009643555
-11.175210952758789
-11.185022354125977
-11.179397583007812
-11.180567741394043
-11.183445930480957
-11.181203842163086
-11.186613082885742
-11.195571899414062
-11.198272705078125
-11.209464073181152
-11.21646499633789
-11.209659576416016
-11.214569091796875
-11.214332580566406
-11.206291198730469
-11.218347549438477
-11.210465431213379
-11.209381103515625
-11.212334632873535
-11.201035499572754
-11.180645942687988
-11.149916648864746
-11.115738868713379
-11.111632347106934
-11.170052528381348
-11.205323219299316
-11.212575912475586
-11.20328140258789
-11.197099685668945
-11.188955307006836
-11.176138877868652
-11.174576759338379
-11.188539505004883
-11.1959228515625
-11.203924179077148
-11.209722518920898
-11.21264362335205
-11.212512016296387
-11.215432167053223
-11.216254234313965
-11.212011337280273
-11.200200080871582
-11.17979621887207
-11.160056114196777
-11.13648509979248
-11.139374732971191
-11.172492980957031
-11.2005033493042
-11.208852767944336
-11.201990127563477
-11.215811729431152
-11.215044021606445
-11.219963073730469
-11.21733570098877
-11.21147632598877
-11.196786880493164
-11.187719345092773
-11.159299850463867
-11.143464088439941
-11.13626766204834
-11.156991004943848
-11.18966293334961
-11.210436820983887
-11.175110816955566
-11.122679710388184
-11.124547958374023
-11.162924766540527
-11.206856727600098
-11.216229438781738
-11.209224700927734
-11.206944465637207
-11.20525074005127
-11.18569278717041
-11.17153263092041
-11.180087089538574
-11.184953689575195
-11.19907283782959
-11.210143089294434
-11.2225980758667
-11.218279838562012
-11.21624755859375
-11.222461700439453
-11.221355438232422
-11.226205825805664
-11.213459014892578
-11.201031684875488
-11.172171592712402
-11.143143653869629
-11.143708229064941
-11.170673370361328
-11.19144344329834
-11.203689575195312
-11.203314781188965
-11.207710266113281
-11.19679069519043
-11.187191009521484
-11.181180953979492
-11.175617218017578
-11.157755851745605
-11.177420616149902
-11.2011079788208
-11.214945793151855
-11.21313762664795
-11.226231575012207
-11.21826171875
-11.208547592163086
-11.189258575439453
-11.163841247558594
-11.151846885681152
-11.163713455200195
-11.184484481811523
-11.20864486694336
-11.22251033782959
-11.196558952331543
-11.176984786987305
-11.158500671386719
-11.152338981628418
-11.161459922790527
-11.199344635009766
-11.226419448852539
-11.210932731628418
-11.168392181396484
-11.12533187866211
-11.151638984680176
-11.188862800598145
-11.214466094970703
-11.216145515441895
-11.216100692749023
-11.1784029006958
-11.134269714355469
-11.113669395446777
-11.165669441223145
-11.2041015625
-11.22642993927002
-11.22632122039795
-11.220633506774902
-11.217512130737305
-11.211626052856445
-11.218549728393555
-11.215950965881348
-11.214314460754395
-11.227339744567871
-11.224113464355469
-11.226020812988281
-11.224091529846191
-11.211285591125488
-11.196756362915039
-11.176064491271973
-11.17285442352295
-11.18713092803955
-11.203502655029297
-11.211091041564941
-11.22607707977295
-11.221996307373047
-11.215827941894531
-11.179600715637207
-11.158982276916504
-11.163545608520508
-11.182767868041992
-11.20667552947998
-11.216485977172852
-11.22673225402832
-11.223006248474121
-11.219036102294922
-11.208941459655762
-11.190650939941406
-11.185909271240234
-11.209559440612793
-11.222795486450195
-11.225265502929688
-11.22278118133545
-11.185185432434082
-11.165532112121582
-11.185379028320312
-11.207256317138672
-11.215938568115234
-11.193957328796387
-11.135505676269531
-11.12356948852539
-11.190207481384277
-11.228626251220703
-11.216096878051758
-11.181763648986816
-11.136350631713867
-11.139405250549316
-11.178135871887207
-11.211270332336426
-11.229894638061523
-11.194234848022461
-11.157899856567383
-11.167709350585938
-11.223386764526367
-11.220914840698242
-11.180583953857422
-11.143218994140625
-11.156011581420898
-11.210352897644043
-11.233102798461914
-11.186380386352539
-11.167476654052734
-11.185880661010742
-11.210814476013184
-11.227777481079102
-11.228022575378418
-11.220649719238281
-11.226133346557617
-11.230965614318848
-11.226682662963867
-11.22484016418457
-11.220497131347656
-11.212114334106445
-11.22172737121582
-11.231476783752441
-11.226258277893066
-11.220848083496094
-11.227972984313965
-11.231306076049805
-11.215306282043457
-11.212869644165039
-11.207469940185547
-11.20624828338623
-11.212136268615723
-11.227818489074707
-11.226604461669922
-11.227730751037598
-11.231090545654297
-11.231378555297852
-11.23298168182373
-11.231047630310059
-11.236196517944336
-11.22750473022461
-11.233552932739258
-11.230353355407715
-11.236726760864258
-11.235058784484863
-11.231956481933594
-11.226696968078613
-11.2282075881958
-11.23205852508545
-11.231925010681152
-11.229415893554688
-11.233592987060547
-11.235442161560059
-11.235747337341309
-11.227545738220215
-11.238767623901367
-11.227706909179688
-11.233795166015625
-11.227153778076172
-11.230246543884277
-11.234026908874512
-11.228591918945312
-11.227350234985352
-11.225468635559082
-11.219735145568848
-11.211383819580078
-11.211376190185547
-11.192702293395996
-11.202849388122559
-11.209436416625977
-11.22720718383789
-11.229689598083496
-11.238361358642578
-11.227779388427734
-11.229843139648438
-11.214543342590332
-11.209810256958008
-11.214216232299805
-11.215103149414062
-11.22533130645752
-11.232864379882812
-11.236509323120117
-11.232133865356445
-11.23747444152832
-11.222349166870117
-11.205840110778809
-11.195426940917969
-11.188094139099121
-11.206345558166504
-11.210409164428711
-11.222606658935547
-11.231865882873535
-11.237895011901855
-11.235913276672363
-11.219490051269531
-11.204384803771973
-11.18364143371582
-11.19515609741211
-11.209078788757324
-11.213897705078125
-11.21444320678711
-11.206295013427734
-11.217743873596191
-11.22807788848877
-11.235197067260742
-11.231438636779785
-11.239121437072754
-11.238157272338867
-11.242197036743164
-11.236281394958496
-11.230057716369629
-11.224210739135742
-11.21895980834961
-11.207139015197754
-11.194217681884766
-11.198625564575195
-11.216485977172852
-11.224161148071289
-11.231836318969727
-11.23227596282959
-11.227675437927246
-11.246347427368164
-11.247762680053711
-11.236422538757324
-11.238781929016113
-11.23650074005127
-11.230792045593262
-11.22624397277832
-11.221699714660645
-11.214262008666992
-11.217842102050781
-11.20665454864502
-11.20915699005127
-11.221122741699219
-11.232452392578125
-11.234777450561523
-11.239803314208984
-11.239078521728516
-11.241538047790527
-11.236554145812988
-11.236332893371582
-11.247904777526855
-11.24372673034668
-11.226594924926758
-11.211298942565918
-11.199272155761719
-11.198347091674805
-11.203092575073242
-11.21338939666748
-11.228886604309082
-11.238724708557129
-11.24097728729248
-11.234024047851562
-11.238181114196777
-11.239452362060547
-11.242175102233887
-11.232315063476562
-11.22630500793457
-11.223360061645508
-11.207606315612793
-11.194055557250977
-11.181831359863281
-11.18094539642334
-11.202260971069336
-11.229347229003906
-11.235118865966797
-11.23902416229248
-11.239270210266113
-11.236170768737793
-11.235203742980957
-11.239985466003418
-11.233378410339355
-11.226066589355469
-11.233796119689941
-11.223634719848633
-11.202179908752441
-11.200366973876953
-11.196094512939453
-11.20717716217041
-11.210267066955566
-11.207697868347168
-11.20445728302002
-11.196029663085938
-11.218676567077637
-11.237492561340332
-11.239407539367676
-11.243782997131348
-11.24472427368164
-11.23095703125
-11.202319145202637
-11.185718536376953
-11.18763256072998
-11.18405532836914
-11.203709602355957
-11.22561264038086
-11.228530883789062
-11.244490623474121
-11.2412691116333
-11.244661331176758
-11.247870445251465
-11.238621711730957
-11.243035316467285
-11.234749794006348
-11.236367225646973
-11.23906135559082
-11.243609428405762
-11.235081672668457
-11.243515014648438
-11.237245559692383
-11.236139297485352
-11.231356620788574
-11.23565673828125
-11.23436164855957
-11.239681243896484
-11.231654167175293
-11.232161521911621
-11.241459846496582
-11.230772018432617
-11.225555419921875
-11.2138671875
-11.189046859741211
-11.180959701538086
-11.170919418334961
-11.195001602172852
-11.22577953338623
-11.23697280883789
-11.244425773620605
-11.239577293395996
-11.245625495910645
-11.245464324951172
-11.23838996887207
-11.241125106811523
-11.249650001525879
-11.241740226745605
-11.244270324707031
-11.248444557189941
-11.242709159851074
-11.248035430908203
-11.240662574768066
-11.242952346801758
-11.238947868347168
-11.231125831604004
-11.23171329498291
-11.210607528686523
-11.202895164489746
-11.197687149047852
-11.211326599121094
-11.225431442260742
-11.245726585388184
-11.2462797164917
-11.249192237854004
-11.239004135131836
-11.2320556640625
-11.21458625793457
-11.210158348083496
-11.201799392700195
-11.216102600097656
-11.233431816101074
-11.245052337646484
-11.245824813842773
-11.246485710144043
-11.247176170349121
-11.244239807128906
-11.249138832092285
-11.228087425231934
-11.220271110534668
-11.218505859375
-11.21646499633789
-11.21439266204834
-11.217082023620605
-11.224664688110352
-11.236154556274414
-11.233220100402832
-11.237285614013672
-11.223444938659668
-11.220795631408691
-11.197297096252441
-11.18367862701416
-11.188045501708984
-11.197430610656738
-11.218575477600098
-11.236045837402344
-11.247065544128418
-11.252964973449707
-11.251728057861328
-11.255719184875488
-11.244019508361816
-11.243287086486816
-11.228321075439453
-11.224945068359375
-11.221781730651855
-11.217695236206055
-11.211971282958984
-11.22756290435791
-11.230610847473145
-11.241222381591797
-11.245960235595703
-11.24461555480957
-11.246731758117676
-11.255402565002441
-11.23997974395752
-11.237470626831055
-11.23210334777832
-11.2409086227417
-11.219090461730957
-11.220513343811035
-11.218703269958496
