loss_h
-5.759590148925781
-5.672478675842285
-5.727422714233398
-5.740183353424072
-5.766617774963379
-5.884028434753418
-5.801692485809326
-5.785644054412842
-5.659789085388184
-5.663687229156494
-5.696089267730713
-5.882570266723633
-5.9201178550720215
-5.77174186706543
-5.7497148513793945
-5.803719997406006
-5.827125072479248
-5.743676662445068
-5.708456039428711
-5.823901653289795
-5.840238571166992
-5.847845554351807
-5.7671661376953125
-5.879452228546143
-5.796485900878906
-5.868338584899902
-5.790373802185059
-5.769626140594482
-5.769026756286621
-5.903232574462891
-5.667604446411133
-5.8557586669921875
-5.774563789367676
-5.871264934539795
-5.8807053565979
-5.950527667999268
-5.795542240142822
-5.96403169631958
-5.828729629516602
-5.914002418518066
-5.887973308563232
-5.82587194442749
-5.860171794891357
-5.830634593963623
-5.929608345031738
-5.787748336791992
-5.785705089569092
-5.834776401519775
-5.802932262420654
-5.945761680603027
-5.859097957611084
-5.913785934448242
-5.8836493492126465
-5.92618465423584
-5.923295021057129
-5.858827590942383
-5.9352617263793945
-5.945229530334473
-5.90897274017334
-6.026561260223389
-5.9552130699157715
-5.949135780334473
-5.887288570404053
-5.930422782897949
-5.929064750671387
-5.95146369934082
-6.010140895843506
-5.905379295349121
-6.044889450073242
-5.905923366546631
-5.956606864929199
-6.0316572189331055
-5.9799113273620605
-5.982288360595703
-5.987714767456055
-5.879818916320801
-6.04387903213501
-6.127048015594482
-6.026904582977295
-6.0076422691345215
-6.003426551818848
-5.986659049987793
-6.005922794342041
-6.011173248291016
-5.999128341674805
-5.888035774230957
-5.96177864074707
-6.047538757324219
-6.035916328430176
-6.108770847320557
-6.094969749450684
-6.059643268585205
-5.969329833984375
-5.950505256652832
-5.960089683532715
-5.9955244064331055
-6.07789421081543
-6.075097560882568
-6.12715482711792
-6.055563926696777
-6.017027378082275
-6.138012886047363
-6.029483795166016
-6.176547527313232
-6.051433086395264
-5.9928154945373535
-6.202743053436279
-6.164549350738525
-6.15007209777832
-6.155605792999268
-6.218820095062256
-6.1836161613464355
-6.134851932525635
-5.971737384796143
-6.029515743255615
-6.17194938659668
-6.088630676269531
-6.17717170715332
-6.080178260803223
-6.186895847320557
-6.122312545776367
-6.248383045196533
-6.127981662750244
-6.159655570983887
-6.134095668792725
-6.2688727378845215
-6.113874435424805
-6.269220352172852
-6.2329230308532715
-6.135087966918945
-6.138869285583496
-6.243319988250732
-6.243776321411133
-6.232776641845703
-6.170771598815918
-6.1651225090026855
-6.264675617218018
-6.216006278991699
-6.14548397064209
-6.2781805992126465
-6.247006416320801
-6.27907133102417
-6.1937689781188965
-6.242443084716797
-6.197609901428223
-6.413884162902832
-6.291144847869873
-6.1681623458862305
-6.19875955581665
-6.229459762573242
-6.171309947967529
-6.329755783081055
-6.337631702423096
-6.333809852600098
-6.406974792480469
-6.266533374786377
-6.269950866699219
-6.298432350158691
-6.180860996246338
-6.336430072784424
-6.2540483474731445
-6.29246187210083
-6.3542633056640625
-6.428502559661865
-6.365474700927734
-6.38996696472168
-6.3727946281433105
-6.3032965660095215
-6.329307556152344
-6.326479911804199
-6.218747138977051
-6.241713523864746
-6.379010200500488
-6.4663262367248535
-6.261370658874512
-6.337767124176025
-6.425333023071289
-6.400585174560547
-6.333499908447266
-6.456249237060547
-6.373051166534424
-6.354506969451904
-6.4793500900268555
-6.388530731201172
-6.4151811599731445
-6.4592766761779785
-6.419567584991455
-6.465239524841309
-6.389765739440918
-6.466554164886475
-6.495821952819824
-6.384195327758789
-6.469172954559326
-6.364192008972168
-6.520758152008057
-6.424105167388916
-6.672521591186523
-6.555153846740723
-6.477924823760986
-6.5763373374938965
-6.558169364929199
-6.475337028503418
-6.514153480529785
-6.560002326965332
-6.5162787437438965
-6.494813442230225
-6.6064300537109375
-6.5675129890441895
-6.511340618133545
-6.513995170593262
-6.543541431427002
-6.580188751220703
-6.587102890014648
-6.530891418457031
-6.457403659820557
-6.520097732543945
-6.481385707855225
-6.491075038909912
-6.5099196434021
-6.615519046783447
-6.6046671867370605
-6.690244197845459
-6.488727569580078
-6.460608959197998
-6.580990314483643
-6.539763450622559
-6.5382819175720215
-6.6327009201049805
-6.621465682983398
-6.58278226852417
-6.67891788482666
-6.568573951721191
-6.706536769866943
-6.7004313468933105
-6.760766506195068
-6.625909328460693
-6.674793243408203
-6.682493209838867
-6.709237575531006
-6.702186584472656
-6.791132926940918
-6.6333537101745605
-6.667319297790527
-6.685927391052246
-6.774790287017822
-6.658756732940674
-6.721177101135254
-6.686675548553467
-6.738093376159668
-6.698537349700928
-6.705376625061035
-6.654120445251465
-6.685454845428467
-6.689371585845947
-6.80060338973999
-6.718821048736572
-6.864770412445068
-6.775049209594727
-6.693459987640381
-6.7688446044921875
-6.748907566070557
-6.6945414543151855
-6.833717346191406
-6.670022010803223
-6.763889789581299
-6.909955978393555
-6.785688877105713
-6.7657470703125
-6.83566427230835
-6.783865451812744
-6.790558338165283
-6.819390296936035
-6.823488235473633
-6.94989538192749
-6.990771293640137
-6.94260311126709
-6.722731113433838
-6.7769317626953125
-6.800063133239746
-6.83701753616333
-6.843064785003662
-6.863272190093994
-6.824310779571533
-6.889747619628906
-6.845006942749023
-6.78418493270874
-6.851729869842529
-6.851470470428467
-6.79164981842041
-6.894260883331299
-6.8859663009643555
-6.832797527313232
-6.942793846130371
-6.9207329750061035
-6.894798278808594
-6.9074859619140625
-7.09693717956543
-7.011527061462402
-6.922477722167969
-7.03841495513916
-6.930517196655273
-6.954552173614502
-7.014842510223389
-6.932596683502197
-7.085526943206787
-6.904208183288574
-6.9058356285095215
-7.053750038146973
-6.958524703979492
-7.032441139221191
-6.932129859924316
-7.031625747680664
-7.020546913146973
-6.966648101806641
-6.981486797332764
-6.986545562744141
-7.027844429016113
-7.032642841339111
-7.008493423461914
-6.996731758117676
-7.023561000823975
-6.968809127807617
-7.035648345947266
-7.139251232147217
-7.072480201721191
-7.1190266609191895
-7.157962799072266
-6.984938144683838
-6.952310085296631
-7.038674831390381
-7.0627827644348145
-7.09418249130249
-7.0261030197143555
-7.069005012512207
-7.0707783699035645
-7.145561695098877
-7.221059799194336
-7.0009260177612305
-7.056608200073242
-7.104028224945068
-7.156914234161377
-7.095814228057861
-7.184624671936035
-7.140863418579102
-7.163494110107422
-7.1468706130981445
-7.118202209472656
-7.143143177032471
-7.157515048980713
-7.151704788208008
-7.179869174957275
-7.121028900146484
-7.056635856628418
-7.175539970397949
-7.168889999389648
-7.189319133758545
-7.155378341674805
-7.286823272705078
-7.2210493087768555
-7.174042224884033
-7.224071502685547
-7.173459053039551
-7.21052885055542
-7.248452186584473
-7.22560977935791
-7.122899055480957
-7.245227336883545
-7.18710994720459
-7.1530070304870605
-7.219052314758301
-7.225833892822266
-7.22874116897583
-7.247103214263916
-7.147100448608398
-7.117216110229492
-7.284073829650879
-7.21066951751709
-7.210412979125977
-7.2616496086120605
-7.319037437438965
-7.291162490844727
-7.335076808929443
-7.261940956115723
-7.246939182281494
-7.197072982788086
-7.225534439086914
-7.292933464050293
-7.195960998535156
-7.240612030029297
-7.317657947540283
-7.318032741546631
-7.273592948913574
-7.298287391662598
-7.244068622589111
-7.286011695861816
-7.253379821777344
-7.328170299530029
-7.262080192565918
-7.308772563934326
-7.264126777648926
-7.344404220581055
-7.3230156898498535
-7.360041618347168
-7.289584159851074
-7.3118157386779785
-7.334589004516602
-7.321809768676758
-7.403651714324951
-7.416694641113281
-7.329632759094238
-7.291724681854248
-7.33214807510376
-7.349371433258057
-7.314953804016113
-7.368415832519531
-7.287840366363525
-7.277163505554199
-7.32115364074707
-7.327793121337891
-7.320235252380371
-7.362307071685791
-7.396439552307129
-7.284422874450684
-7.294406890869141
-7.354528903961182
-7.368926525115967
-7.277721881866455
-7.382724285125732
-7.372748374938965
-7.372326850891113
-7.335010528564453
-7.469850063323975
-7.3308539390563965
-7.431872367858887
-7.372673034667969
-7.369843482971191
-7.3790082931518555
-7.36600399017334
-7.431027889251709
-7.420654296875
-7.339466571807861
-7.411244869232178
-7.423185348510742
-7.4200053215026855
-7.343545436859131
-7.390765190124512
-7.403389930725098
-7.3558349609375
-7.450418949127197
-7.38740873336792
-7.372441291809082
-7.370370388031006
-7.298308849334717
-7.374444961547852
-7.412544250488281
-7.431802272796631
-7.428368091583252
-7.398969650268555
-7.463955879211426
-7.455226898193359
-7.467020511627197
-7.4504499435424805
-7.453782081604004
-7.462881088256836
-7.4209370613098145
-7.3897881507873535
-7.444671630859375
-7.465978145599365
-7.452253341674805
-7.435000419616699
-7.442756652832031
-7.403786659240723
-7.417214393615723
-7.3742475509643555
-7.456171989440918
-7.4454121589660645
-7.446059226989746
-7.4678473472595215
-7.461546897888184
-7.477502346038818
-7.407005310058594
-7.510586261749268
-7.467926502227783
-7.44809627532959
-7.441247940063477
-7.482663154602051
-7.4062418937683105
-7.492779731750488
-7.472589492797852
-7.465904235839844
-7.460219383239746
-7.3922529220581055
-7.477337837219238
-7.468176364898682
-7.391446113586426
-7.4101667404174805
-7.472885608673096
-7.446996688842773
-7.496438026428223
-7.491133689880371
-7.453002452850342
-7.430912017822266
-7.485764503479004
-7.467020511627197
-7.456456184387207
-7.4462127685546875
-7.473806858062744
-7.488935947418213
-7.44816255569458
-7.47323751449585
-7.469161510467529
-7.467700481414795
-7.451857089996338
-7.462289333343506
-7.461140155792236
-7.5176239013671875
-7.496132850646973
-7.464036464691162
-7.462776184082031
-7.512297630310059
-7.468522548675537
-7.480236053466797
-7.459384918212891
-7.488091945648193
-7.44819450378418
-7.528288841247559
-7.475477695465088
-7.478104591369629
-7.490150451660156
-7.465392589569092
-7.494353771209717
-7.465283393859863
-7.50198221206665
-7.453104019165039
-7.465134620666504
-7.506175518035889
-7.483567714691162
-7.477731704711914
-7.4717864990234375
-7.480581283569336
-7.513031005859375
-7.472714900970459
-7.5341339111328125
-7.477956295013428
-7.471601963043213
-7.452172756195068
-7.492300987243652
-7.494807243347168
-7.484303951263428
-7.470490455627441
-7.534541606903076
-7.495540618896484
-7.500445365905762
-7.550355434417725
-7.481571197509766
-7.504912376403809
-7.514410972595215
-7.47219181060791
-7.473469257354736
-7.523799896240234
-7.481446743011475
-7.5050368309021
-7.5332112312316895
-7.530900478363037
-7.529687404632568
-7.5313334465026855
-7.51627779006958
-7.4709272384643555
-7.47178840637207
-7.515349864959717
-7.547574520111084
-7.507519721984863
-7.543193817138672
-7.534205913543701
-7.504387378692627
-7.508874893188477
-7.480474472045898
-7.523290157318115
-7.471208572387695
-7.542045593261719
-7.486541748046875
-7.5117902755737305
-7.49951171875
-7.500377655029297
-7.502720355987549
-7.45614767074585
-7.493143081665039
-7.513867378234863
-7.4831132888793945
-7.5060858726501465
-7.548532962799072
-7.494490623474121
-7.4815473556518555
-7.503912448883057
-7.494853973388672
-7.524226188659668
-7.532368183135986
-7.461999416351318
-7.518733024597168
-7.507652759552002
-7.522178649902344
-7.51054048538208
-7.50083065032959
-7.5234880447387695
-7.478564262390137
-7.524553298950195
-7.521055698394775
-7.541811943054199
-7.492799758911133
-7.563127040863037
-7.522749423980713
-7.4982805252075195
-7.530027866363525
-7.515675067901611
-7.473990440368652
-7.5577073097229
-7.560790061950684
-7.523429870605469
-7.499569416046143
-7.536559104919434
-7.504237651824951
-7.5008416175842285
-7.518496990203857
-7.544168472290039
-7.51806116104126
-7.500550746917725
-7.536343574523926
-7.516398906707764
-7.528448104858398
-7.535829544067383
-7.525297164916992
-7.5123443603515625
-7.5250043869018555
-7.514228820800781
-7.525914192199707
-7.528246879577637
-7.551222801208496
-7.5270843505859375
-7.53907585144043
-7.54008150100708
-7.541693687438965
-7.527287006378174
-7.540812969207764
-7.567902565002441
-7.519475936889648
-7.533300876617432
-7.56848669052124
-7.548951148986816
-7.531510829925537
-7.510349273681641
-7.51925802230835
-7.53372859954834
-7.545629501342773
-7.511722564697266
-7.532585620880127
-7.499632358551025
-7.546566963195801
-7.509698867797852
-7.538330078125
-7.490368843078613
-7.527437686920166
-7.542578220367432
-7.525670051574707
-7.532926559448242
-7.540276050567627
-7.520211696624756
-7.539858341217041
-7.519145488739014
-7.55364465713501
-7.521718502044678
-7.5461883544921875
-7.531024932861328
-7.543256759643555
-7.5300493240356445
-7.568027019500732
-7.542870998382568
-7.5148844718933105
-7.5367889404296875
-7.540096759796143
-7.552912712097168
-7.527482032775879
-7.522858142852783
-7.501087188720703
-7.52580451965332
-7.570004463195801
-7.5164899826049805
-7.530587673187256
-7.517735004425049
-7.548561096191406
-7.532569408416748
-7.508885860443115
-7.545413017272949
-7.541495323181152
-7.522354602813721
-7.536130905151367
-7.5272040367126465
-7.568935871124268
-7.515620708465576
-7.542647838592529
-7.5421648025512695
-7.556887149810791
-7.562912940979004
-7.5574846267700195
-7.545497417449951
-7.560108184814453
-7.556198596954346
-7.524041175842285
-7.531646728515625
-7.553504943847656
-7.545128345489502
-7.564223766326904
-7.530558109283447
-7.559780120849609
-7.534561634063721
-7.553767204284668
-7.5316009521484375
-7.537267684936523
-7.512668132781982
-7.5454020500183105
-7.525532245635986
-7.548765182495117
-7.527009963989258
-7.556911468505859
-7.5234055519104
-7.561409950256348
-7.562211990356445
-7.533840656280518
-7.553991794586182
-7.543065071105957
-7.555852890014648
-7.529048442840576
-7.551943778991699
-7.552499771118164
-7.537789821624756
-7.564080238342285
-7.539646148681641
-7.545249938964844
-7.55364465713501
-7.532937526702881
-7.557062149047852
-7.54781436920166
-7.54554557800293
-7.56309700012207
-7.582613468170166
-7.520779132843018
-7.551458358764648
-7.550400733947754
-7.573918342590332
-7.560549259185791
-7.544378757476807
-7.524930000305176
-7.580090522766113
-7.547299861907959
-7.561065673828125
-7.540753364562988
-7.551381587982178
-7.56110143661499
-7.561424255371094
-7.568808078765869
-7.570000648498535
-7.524000644683838
-7.5658793449401855
-7.551887035369873
-7.5591278076171875
-7.542367458343506
-7.535034656524658
-7.55360746383667
-7.56528902053833
-7.542614459991455
-7.564215660095215
-7.588013648986816
-7.572935581207275
-7.533937454223633
-7.5544023513793945
-7.54359245300293
-7.554996490478516
-7.564465045928955
-7.552980899810791
-7.571600914001465
-7.523657321929932
-7.58599853515625
-7.549139022827148
-7.552080154418945
-7.573966979980469
-7.532503604888916
-7.53481912612915
-7.574086666107178
-7.559739589691162
-7.561518669128418
-7.557557106018066
-7.547428131103516
-7.5550456047058105
-7.552964687347412
-7.541522026062012
-7.546191215515137
-7.547246932983398
-7.548620223999023
-7.542687892913818
-7.570735454559326
-7.557053089141846
-7.561339855194092
-7.565728187561035
-7.551915168762207
-7.5711140632629395
-7.563704013824463
-7.581369876861572
-7.573666572570801
-7.583266258239746
-7.56980562210083
-7.547147274017334
-7.532605171203613
-7.590563774108887
-7.538937091827393
-7.558736324310303
-7.59874963760376
-7.553031921386719
-7.570237159729004
-7.56006383895874
-7.547028541564941
-7.585903644561768
-7.576045036315918
-7.56939172744751
-7.588837623596191
-7.552867889404297
-7.570820331573486
-7.575867176055908
-7.595448970794678
-7.561636447906494
-7.557551860809326
-7.5698089599609375
-7.5502753257751465
-7.55781888961792
-7.564679145812988
-7.585511684417725
-7.564886093139648
-7.553606033325195
-7.582658290863037
-7.568371295928955
-7.55635404586792
-7.541942119598389
-7.549248218536377
-7.587625980377197
-7.555098056793213
-7.570690155029297
-7.549264907836914
-7.5666117668151855
-7.563295841217041
-7.580578327178955
-7.573673248291016
-7.55731725692749
-7.572359561920166
-7.564257621765137
-7.583309650421143
-7.5611042976379395
-7.573120594024658
-7.596251010894775
-7.58408260345459
-7.589987754821777
-7.571026802062988
-7.582836151123047
-7.568897724151611
-7.568576335906982
-7.583222389221191
-7.581751823425293
-7.561148643493652
-7.570312023162842
-7.574428081512451
-7.591738224029541
-7.587530612945557
-7.548783779144287
-7.570774078369141
-7.574210166931152
-7.5829668045043945
-7.5814361572265625
-7.575998306274414
-7.565430164337158
-7.569864749908447
-7.558970928192139
-7.578964710235596
-7.576919078826904
-7.582871913909912
-7.589897632598877
-7.574304580688477
-7.5874409675598145
-7.5984907150268555
-7.574725151062012
-7.590276718139648
-7.550734043121338
-7.563023090362549
-7.563780307769775
-7.574533939361572
-7.55950403213501
-7.559763431549072
-7.5794548988342285
-7.576748371124268
-7.583906650543213
-7.596761226654053
-7.566108226776123
-7.597579479217529
-7.600081443786621
-7.580164432525635
-7.563575744628906
-7.568759441375732
-7.58289098739624
-7.582172393798828
-7.592012882232666
-7.581271648406982
-7.6097002029418945
-7.571080684661865
-7.570774555206299
-7.575479507446289
-7.577308177947998
-7.573056697845459
-7.581777572631836
-7.569913864135742
-7.592331409454346
-7.579984664916992
-7.588222980499268
-7.576043605804443
-7.5675458908081055
-7.585840702056885
-7.583278179168701
-7.572843551635742
-7.566849231719971
-7.587456703186035
-7.578607559204102
-7.590325355529785
-7.5859479904174805
-7.578571796417236
-7.574570178985596
-7.5894622802734375
-7.577777862548828
-7.57421875
-7.578180313110352
-7.586519718170166
-7.574375629425049
-7.564384460449219
-7.571833610534668
-7.568615913391113
-7.592360973358154
-7.593999862670898
-7.565799236297607
-7.580078601837158
-7.601433277130127
-7.5825700759887695
-7.5837321281433105
-7.5900702476501465
-7.5835723876953125
-7.584536075592041
-7.616948127746582
-7.5915727615356445
-7.582178592681885
-7.5902838706970215
-7.597243785858154
-7.584367275238037
-7.578293323516846
-7.6033525466918945
-7.5861382484436035
-7.575632095336914
-7.580572128295898
-7.59130334854126
-7.568838119506836
-7.605298042297363
-7.583838939666748
-7.587553024291992
-7.581116676330566
-7.579883575439453
-7.588067531585693
-7.5984578132629395
-7.590761184692383
-7.582522392272949
-7.583985805511475
-7.581543922424316
-7.591962814331055
-7.602674961090088
-7.5914998054504395
-7.587778568267822
-7.595794200897217
-7.5845818519592285
-7.584999084472656
-7.580264568328857
-7.584750175476074
-7.604725360870361
-7.578470230102539
-7.586221218109131
-7.612018585205078
-7.618875980377197
-7.585537910461426
-7.594318389892578
-7.6025800704956055
-7.587064743041992
-7.585900783538818
-7.587673187255859
-7.585611820220947
-7.573944091796875
-7.584402561187744
-7.581326961517334
-7.565781116485596
-7.588626861572266
-7.564338207244873
-7.586058616638184
-7.5927958488464355
-7.604406833648682
-7.6110687255859375
-7.589554786682129
-7.580747604370117
-7.573431968688965
-7.586588382720947
-7.579687595367432
-7.576103687286377
-7.591228485107422
-7.596337795257568
-7.589118957519531
-7.591147422790527
-7.5918097496032715
-7.59107780456543
-7.611905574798584
-7.6017351150512695
-7.609971523284912
-7.580159664154053
-7.602700233459473
-7.5864081382751465
-7.594022274017334
-7.5978684425354
-7.592267036437988
-7.611584663391113
-7.583966255187988
-7.602150917053223
-7.598654747009277
-7.589138507843018
-7.611617565155029
-7.6078009605407715
-7.605102062225342
-7.60973596572876
-7.583946228027344
-7.576663494110107
-7.601080417633057
-7.600166320800781
-7.58737850189209
-7.578566551208496
-7.589291572570801
-7.590156555175781
-7.5898613929748535
-7.613595962524414
-7.580248832702637
-7.590749740600586
-7.595492839813232
-7.60133171081543
-7.594831943511963
-7.586625576019287
-7.59236478805542
-7.594443321228027
-7.602234840393066
-7.602524280548096
-7.587211608886719
-7.605996131896973
-7.59370231628418
-7.587047576904297
-7.5878753662109375
-7.607240676879883
-7.611504554748535
-7.5924787521362305
-7.59515380859375
-7.58414888381958
-7.615345001220703
-7.584295749664307
-7.596282005310059
-7.5964179039001465
-7.597169399261475
-7.589097023010254
-7.596113204956055
-7.597209453582764
-7.594056606292725
-7.60432243347168
-7.5975661277771
-7.583612442016602
-7.597209930419922
-7.614700794219971
-7.587701797485352
-7.599964141845703
-7.595391273498535
-7.605529308319092
-7.590670108795166
-7.602726459503174
-7.603137493133545
-7.5963006019592285
-7.592896461486816
-7.599276542663574
-7.611697673797607
-7.607964992523193
-7.61088752746582
-7.596468448638916
-7.5925068855285645
-7.598516464233398
-7.592412948608398
-7.593655586242676
-7.6060991287231445
-7.585876941680908
-7.609330177307129
-7.597616195678711
-7.597630023956299
-7.600616455078125
-7.609123229980469
-7.588397979736328
-7.612420558929443
-7.587005615234375
-7.59507942199707
-7.593108654022217
-7.613340377807617
-7.591926574707031
-7.6085710525512695
-7.608980655670166
-7.6098856925964355
-7.605941295623779
-7.598116874694824
-7.607635021209717
-7.60244607925415
-7.605926513671875
-7.608624458312988
-7.602766990661621
-7.598878860473633
-7.609983921051025
-7.610411643981934
-7.604269981384277
-7.610506534576416
-7.600822448730469
-7.595676422119141
-7.596655368804932
-7.597628116607666
-7.601696968078613
-7.613905906677246
-7.6189866065979
-7.6131134033203125
-7.608150005340576
-7.604880332946777
-7.605371475219727
-7.617245674133301
-7.6029510498046875
-7.614750862121582
-7.599991321563721
-7.599582672119141
-7.605062007904053
-7.5988030433654785
-7.601983070373535
-7.624788284301758
-7.6096320152282715
-7.612176895141602
-7.608911991119385
-7.604417324066162
-7.608127593994141
-7.608804702758789
-7.613585948944092
-7.597874164581299
-7.6165452003479
-7.6211838722229
-7.596177101135254
-7.6040778160095215
-7.61690616607666
-7.619260311126709
-7.604738712310791
-7.608160495758057
-7.604685306549072
-7.605040550231934
-7.614026069641113
-7.617502689361572
-7.612703800201416
-7.599224090576172
-7.610671043395996
-7.614081382751465
-7.601223945617676
-7.606152534484863
-7.613575458526611
-7.596275806427002
-7.607705116271973
-7.608514785766602
-7.618064880371094
-7.603611946105957
-7.620552062988281
-7.605009078979492
-7.608391761779785
-7.61016321182251
-7.625836372375488
-7.615508556365967
-7.632472515106201
-7.60188102722168
-7.603245258331299
-7.615307807922363
-7.618946552276611
-7.60874080657959
-7.615328311920166
-7.60162353515625
-7.6099534034729
-7.598241329193115
-7.609251022338867
-7.607681751251221
-7.611750602722168
-7.5999226570129395
-7.606780052185059
-7.601876258850098
-7.611103057861328
-7.602254867553711
-7.609823703765869
-7.60490083694458
-7.621367454528809
-7.619614601135254
-7.604768753051758
-7.610854148864746
-7.611453533172607
-7.6068644523620605
-7.625838279724121
-7.618455410003662
-7.598165988922119
-7.603693962097168
-7.622722148895264
-7.611147880554199
-7.60125207901001
-7.612273693084717
-7.6140289306640625
-7.618088245391846
-7.614355087280273
-7.60243558883667
-7.619415283203125
-7.602847576141357
-7.597835540771484
-7.6098151206970215
-7.618922233581543
-7.618463039398193
-7.611377716064453
-7.608572959899902
-7.607564926147461
-7.600189208984375
-7.606053352355957
-7.61325216293335
-7.619551181793213
-7.6200056076049805
-7.591705322265625
-7.615513801574707
-7.609443187713623
-7.607174873352051
-7.615468502044678
-7.6075029373168945
-7.610551357269287
-7.599550724029541
-7.620392322540283
-7.606359481811523
-7.616513729095459
-7.608194828033447
-7.606112480163574
-7.609372138977051
-7.6183247566223145
-7.614633083343506
-7.618597507476807
-7.603646278381348
-7.615218162536621
-7.627627372741699
-7.6130146980285645
-7.611584186553955
-7.619184970855713
-7.609832286834717
-7.619349479675293
-7.619220733642578
-7.599298477172852
-7.60670280456543
-7.604926586151123
-7.635776996612549
-7.61403226852417
-7.6190505027771
-7.616000175476074
-7.609580039978027
-7.604897975921631
-7.609024524688721
-7.604650020599365
-7.609663486480713
-7.618775844573975
-7.616872310638428
-7.618170261383057
-7.6145548820495605
-7.617480278015137
-7.625894069671631
-7.623050689697266
-7.61508321762085
-7.6205153465271
-7.603538513183594
-7.608130931854248
-7.617916107177734
-7.610260009765625
-7.615879535675049
-7.611635684967041
-7.614222049713135
-7.62022066116333
-7.608887195587158
-7.614963054656982
-7.618093013763428
-7.609807968139648
-7.612309455871582
-7.621969699859619
-7.6058030128479
-7.624083995819092
-7.621293544769287
-7.632684230804443
-7.625722885131836
-7.615164756774902
-7.619448184967041
-7.614209175109863
-7.627646446228027
-7.607730865478516
-7.6162848472595215
-7.6161909103393555
-7.62055778503418
-7.6151323318481445
-7.615562915802002
-7.622699737548828
-7.620908260345459
-7.6212477684021
-7.617125511169434
-7.617555618286133
-7.615544319152832
-7.622742652893066
-7.6095099449157715
-7.626060485839844
-7.613015651702881
-7.624741554260254
-7.623965740203857
-7.6252946853637695
-7.6037092208862305
-7.61153507232666
-7.636104106903076
-7.601142406463623
-7.616050720214844
-7.6085920333862305
-7.6190643310546875
-7.61447811126709
-7.6202850341796875
-7.6333842277526855
-7.626012325286865
-7.617885589599609
-7.616523265838623
-7.62002420425415
-7.619999885559082
-7.615666389465332
-7.608173370361328
-7.600078105926514
-7.610461711883545
-7.6155195236206055
-7.607303619384766
-7.615260601043701
-7.607293605804443
-7.610561847686768
-7.619431972503662
-7.619117259979248
-7.620364189147949
-7.632969856262207
-7.605581283569336
-7.629838466644287
-7.610321044921875
-7.606571674346924
-7.613204479217529
-7.614561557769775
-7.622045040130615
-7.620731830596924
-7.613872528076172
-7.624307155609131
-7.611729145050049
-7.624362945556641
-7.612462043762207
-7.6199493408203125
-7.612407684326172
-7.616602420806885
-7.609896183013916
-7.624958038330078
-7.62102746963501
-7.624983310699463
-7.623018264770508
-7.6256632804870605
-7.615401744842529
-7.616233825683594
-7.622973918914795
-7.617526054382324
-7.611480236053467
-7.621348857879639
-7.6184186935424805
-7.625496864318848
-7.6143341064453125
-7.6201043128967285
-7.6240620613098145
-7.610041618347168
-7.611788749694824
-7.6190972328186035
-7.617543697357178
-7.624236583709717
-7.625674724578857
-7.631319522857666
-7.614007949829102
-7.612142562866211
-7.629115581512451
-7.6240339279174805
-7.628989219665527
-7.607007026672363
-7.616900444030762
-7.620694160461426
-7.631270885467529
-7.626521587371826
-7.617644786834717
-7.620617866516113
-7.627209663391113
-7.630017280578613
-7.61607551574707
-7.619279861450195
-7.624760627746582
-7.628134727478027
-7.619813919067383
-7.6216654777526855
-7.607105255126953
-7.62144660949707
-7.6165971755981445
-7.616937160491943
-7.611736297607422
-7.622599124908447
-7.611898899078369
-7.613000869750977
-7.617661476135254
-7.625518798828125
-7.6128458976745605
-7.6229400634765625
-7.626198768615723
-7.627282619476318
-7.617114067077637
-7.629010200500488
-7.616207122802734
-7.610637664794922
-7.620660305023193
-7.624797821044922
-7.620711326599121
-7.6233320236206055
-7.63055419921875
-7.628552436828613
-7.623286724090576
-7.617571830749512
-7.615870952606201
-7.620174884796143
-7.6247406005859375
-7.620914936065674
-7.619905948638916
-7.625579357147217
-7.6313395500183105
-7.6265549659729
-7.617591381072998
-7.624245643615723
-7.626797676086426
-7.615662097930908
-7.62421178817749
-7.632075786590576
-7.620333194732666
-7.61839485168457
-7.620630264282227
-7.614151954650879
-7.615675926208496
-7.6165242195129395
-7.622575759887695
-7.614831924438477
-7.618812561035156
-7.625702381134033
-7.6126227378845215
-7.621065139770508
-7.624021530151367
-7.606947422027588
-7.621565341949463
-7.634039878845215
-7.627035140991211
-7.628077983856201
-7.609837055206299
-7.624206066131592
-7.615807056427002
-7.618122577667236
-7.625248908996582
-7.6262288093566895
-7.621902942657471
-7.620626449584961
-7.620575428009033
-7.620320796966553
-7.636354923248291
-7.624722003936768
-7.6082634925842285
-7.624481201171875
-7.618299961090088
-7.618934154510498
-7.616763591766357
-7.628621578216553
-7.634785175323486
-7.628984451293945
-7.627947807312012
-7.623182773590088
-7.632104873657227
-7.6286163330078125
-7.6162285804748535
-7.627388000488281
-7.627313137054443
-7.63008975982666
-7.626236915588379
-7.626029968261719
-7.61581563949585
-7.628921031951904
-7.630753517150879
-7.623435974121094
-7.61913537979126
-7.616855621337891
-7.6199116706848145
-7.630566120147705
-7.625824928283691
-7.6262102127075195
-7.617926597595215
-7.622294902801514
-7.620583534240723
-7.613242149353027
-7.614629745483398
-7.630324840545654
-7.630275726318359
-7.6255645751953125
-7.620611190795898
-7.631540775299072
-7.617319583892822
-7.626338958740234
-7.6301984786987305
-7.615037441253662
-7.632959365844727
-7.622036457061768
-7.623797416687012
-7.615171432495117
-7.628726482391357
-7.630152702331543
-7.624538421630859
-7.62950325012207
-7.627015590667725
-7.616186141967773
-7.628528594970703
-7.628936767578125
-7.616659641265869
-7.619612216949463
-7.618259429931641
-7.622626781463623
-7.630497455596924
-7.627121925354004
-7.63597297668457
-7.627417087554932
-7.6297760009765625
-7.623439311981201
-7.631399154663086
-7.630074501037598
-7.620305061340332
-7.625627040863037
-7.618511199951172
-7.623379707336426
-7.631054878234863
-7.623232364654541
-7.6214470863342285
-7.614872932434082
-7.622060775756836
-7.6262288093566895
-7.616811752319336
-7.6335883140563965
-7.624907493591309
-7.6333208084106445
-7.620626449584961
-7.629824161529541
-7.622601509094238
-7.618407726287842
-7.6248931884765625
-7.616182327270508
-7.629063129425049
-7.629927635192871
-7.614864826202393
-7.625283241271973
-7.635141372680664
-7.637384414672852
-7.6288557052612305
-7.6213908195495605
-7.620048522949219
-7.621269702911377
-7.632113456726074
-7.623882293701172
-7.627535343170166
-7.621520519256592
-7.620059967041016
-7.623715400695801
-7.631315231323242
-7.629064559936523
-7.621066570281982
-7.637850761413574
-7.623830795288086
-7.636484146118164
-7.631473064422607
-7.626062393188477
-7.630884170532227
-7.634120464324951
-7.630819320678711
-7.6341352462768555
-7.634405136108398
-7.608463287353516
-7.6291399002075195
-7.6258320808410645
-7.631366729736328
-7.623501300811768
-7.626830101013184
-7.624354839324951
-7.636062145233154
-7.62083625793457
-7.634305000305176
-7.6306915283203125
-7.624577522277832
-7.628635406494141
-7.631845474243164
-7.629497528076172
-7.623708248138428
-7.634458541870117
-7.625305652618408
-7.638638973236084
-7.623806953430176
-7.626033782958984
-7.640157222747803
-7.634899616241455
-7.628787040710449
-7.6150360107421875
-7.626273155212402
-7.628072261810303
-7.623197555541992
-7.626436233520508
-7.628284931182861
-7.629828929901123
-7.6185197830200195
-7.615961074829102
-7.62448263168335
-7.630513668060303
-7.639800548553467
-7.634490013122559
-7.6381659507751465
-7.624790191650391
-7.623167514801025
-7.638345718383789
-7.622871398925781
-7.633991718292236
-7.608441352844238
-7.633819580078125
-7.630032539367676
-7.6177544593811035
-7.633368492126465
-7.628978252410889
-7.621402263641357
-7.62453031539917
-7.627500057220459
-7.625303268432617
-7.62308406829834
-7.627969264984131
-7.632027626037598
-7.624281406402588
-7.624921798706055
-7.642905235290527
-7.625450611114502
-7.627862930297852
-7.624748706817627
-7.627208709716797
-7.645239353179932
-7.628820419311523
-7.617268085479736
-7.622844219207764
-7.629306316375732
-7.634033679962158
-7.625047206878662
-7.631375312805176
-7.608229637145996
-7.622944355010986
-7.6199164390563965
-7.622960567474365
-7.631507396697998
-7.603660583496094
-7.621540069580078
-7.618532657623291
-7.629967212677002
-7.6263322830200195
-7.620016098022461
-7.62075138092041
-7.625321865081787
-7.625201225280762
-7.632511138916016
-7.6214118003845215
-7.618032932281494
-7.629855632781982
-7.6293840408325195
-7.62595272064209
-7.6342620849609375
-7.615595817565918
-7.627014636993408
-7.630771160125732
-7.62382173538208
-7.630879878997803
-7.626931190490723
-7.631019115447998
-7.619357585906982
-7.614169597625732
-7.629284858703613
-7.636494159698486
-7.638256549835205
-7.6290411949157715
-7.611330032348633
-7.6314473152160645
-7.627951145172119
-7.620741844177246
-7.629939556121826
-7.638693332672119
-7.625643730163574
-7.620248317718506
-7.6147918701171875
-7.635831356048584
-7.609096527099609
-7.630660057067871
-7.628986358642578
-7.628201007843018
-7.634673118591309
-7.6237077713012695
-7.634673595428467
-7.630009651184082
-7.627711296081543
-7.6230244636535645
-7.623505592346191
-7.620936870574951
-7.621762275695801
-7.632678031921387
-7.632237434387207
-7.633854866027832
-7.618494033813477
-7.622561931610107
-7.612072467803955
-7.6335883140563965
-7.62094783782959
-7.616181373596191
-7.628524303436279
-7.624399662017822
-7.623188495635986
-7.638994216918945
-7.631418228149414
-7.632023811340332
-7.629438400268555
-7.6341023445129395
-7.633919715881348
-7.62695837020874
-7.628424167633057
-7.635818958282471
-7.619297504425049
-7.62461519241333
-7.6184611320495605
-7.619968891143799
-7.631385803222656
-7.627877235412598
-7.628416538238525
-7.628058433532715
-7.622685432434082
-7.631152629852295
-7.619091033935547
-7.633570671081543
-7.619710445404053
-7.629765033721924
-7.6297783851623535
-7.624311923980713
-7.622659683227539
-7.62727165222168
-7.631629467010498
-7.625299453735352
-7.6219563484191895
-7.625166416168213
-7.62894868850708
-7.627735614776611
-7.634268760681152
-7.633765697479248
-7.624160289764404
-7.628465175628662
-7.633835792541504
-7.626273155212402
-7.634084701538086
-7.637805938720703
-7.6210832595825195
-7.633452892303467
-7.618813514709473
-7.622284889221191
-7.621164798736572
-7.634286880493164
-7.622163772583008
-7.623133182525635
-7.618190288543701
-7.6425676345825195
-7.629185676574707
-7.637568950653076
-7.616060733795166
-7.612119197845459
-7.62140417098999
-7.6223578453063965
-7.617189884185791
-7.6316819190979
-7.6350579261779785
-7.634775638580322
-7.630747318267822
-7.629620552062988
-7.62307071685791
-7.632150650024414
-7.63205623626709
-7.621161460876465
-7.625257968902588
-7.631978988647461
-7.617525577545166
-7.614419937133789
-7.621750831604004
-7.635709762573242
-7.620951175689697
-7.624404430389404
-7.619336128234863
-7.627202987670898
-7.630345821380615
-7.635261535644531
-7.626615524291992
-7.628131866455078
-7.620834827423096
-7.6299614906311035
-7.637777805328369
-7.629885196685791
-7.638584613800049
-7.623420715332031
-7.632962226867676
-7.640163898468018
-7.629408359527588
-7.630239486694336
-7.626010894775391
-7.618922233581543
-7.6240386962890625
-7.634698867797852
-7.629372596740723
-7.626951217651367
-7.637670040130615
-7.6238203048706055
-7.631083965301514
-7.625101089477539
-7.629262924194336
-7.637959957122803
-7.621335506439209
-7.625970840454102
-7.623590469360352
-7.615119934082031
-7.633088111877441
-7.627033710479736
-7.62761116027832
-7.630556583404541
-7.625234603881836
-7.6337504386901855
-7.626473903656006
-7.62648868560791
-7.637615203857422
-7.630460262298584
-7.631907939910889
-7.624153137207031
-7.621440887451172
-7.625153541564941
-7.633726596832275
-7.6314005851745605
-7.633596420288086
-7.626311302185059
-7.625924110412598
-7.6381425857543945
-7.629867076873779
-7.626967906951904
-7.629093170166016
-7.625734329223633
-7.6318888664245605
-7.617327690124512
-7.6404547691345215
-7.6389546394348145
-7.626370906829834
-7.618817329406738
-7.632627964019775
-7.623870372772217
-7.623640060424805
-7.6190667152404785
-7.631399154663086
-7.63606071472168
-7.626038551330566
-7.640474319458008
-7.638375759124756
-7.639682292938232
-7.635803699493408
-7.628818511962891
-7.635250091552734
-7.632680892944336
-7.628148555755615
-7.6315226554870605
-7.620969295501709
-7.632341384887695
-7.618471622467041
-7.631572246551514
-7.631461143493652
-7.633083343505859
-7.629525184631348
-7.62459135055542
-7.646797180175781
-7.61932897567749
-7.623158931732178
-7.624250411987305
-7.6227617263793945
-7.635239601135254
-7.634405136108398
-7.6236066818237305
-7.627748012542725
-7.6265387535095215
-7.640655040740967
-7.6346540451049805
-7.631401538848877
-7.637113094329834
-7.633426666259766
-7.6312336921691895
-7.630265712738037
-7.623920440673828
-7.642810821533203
-7.626964569091797
-7.619312763214111
-7.636638164520264
-7.628303050994873
-7.6250081062316895
-7.623817443847656
-7.6369733810424805
-7.628911018371582
-7.626438617706299
-7.630757808685303
-7.629698276519775
-7.633108615875244
-7.640190601348877
-7.625792980194092
-7.628817081451416
-7.628093719482422
-7.634532928466797
-7.631236553192139
-7.618788242340088
-7.624244689941406
-7.6371331214904785
-7.6280293464660645
-7.63248872756958
-7.621318340301514
-7.637591361999512
-7.630590915679932
-7.628292083740234
-7.624579906463623
-7.6305317878723145
-7.625629425048828
-7.634626865386963
-7.633194923400879
-7.623380661010742
-7.63303804397583
-7.626615047454834
-7.630268573760986
-7.6287641525268555
-7.6239776611328125
-7.624232769012451
-7.62468147277832
-7.623043060302734
-7.629325866699219
-7.626502513885498
-7.629812717437744
-7.628744125366211
-7.628565788269043
-7.640805244445801
-7.634000301361084
-7.628733158111572
-7.637866497039795
-7.629834175109863
-7.630768299102783
-7.629907131195068
-7.620376110076904
-7.627834796905518
-7.630587577819824
-7.631601333618164
-7.635941982269287
-7.630160808563232
-7.641091823577881
-7.630856513977051
-7.622443199157715
-7.621729850769043
-7.631188869476318
-7.623260974884033
-7.623767375946045
-7.622569561004639
-7.641095161437988
-7.627074241638184
-7.627313613891602
-7.636231422424316
-7.631381511688232
-7.633471488952637
-7.617583274841309
-7.624208450317383
-7.639460563659668
-7.631561279296875
-7.637203216552734
-7.63224458694458
-7.641205787658691
-7.623783111572266
-7.637811660766602
-7.634798049926758
-7.636235237121582
-7.623700141906738
-7.635988712310791
-7.623612880706787
-7.641536712646484
-7.629620552062988
-7.626373767852783
-7.632871150970459
-7.63210391998291
-7.641512393951416
-7.629400730133057
-7.6237101554870605
-7.639247417449951
-7.626610279083252
-7.633317947387695
-7.627026557922363
-7.629521369934082
-7.630360126495361
-7.6259942054748535
-7.631674289703369
-7.639866828918457
-7.620546340942383
-7.64017391204834
-7.639945030212402
-7.625998020172119
-7.626190662384033
-7.62445068359375
-7.618782997131348
-7.644382476806641
-7.630216121673584
-7.6285576820373535
-7.636809825897217
-7.641313552856445
-7.631123065948486
-7.623410224914551
-7.633871078491211
-7.634782791137695
-7.63421630859375
-7.633587837219238
-7.627758026123047
-7.61561918258667
-7.632990837097168
-7.636068820953369
-7.621335983276367
-7.628443717956543
-7.634500026702881
-7.6299567222595215
-7.622349262237549
-7.640859127044678
-7.620274543762207
-7.6205973625183105
-7.625491619110107
-7.621722221374512
-7.645158290863037
-7.632503032684326
-7.63125467300415
-7.631814956665039
-7.634553909301758
-7.623037815093994
-7.633786678314209
-7.6237311363220215
-7.629644870758057
-7.643473148345947
-7.642801284790039
-7.625316143035889
-7.624539375305176
-7.63620138168335
-7.632244110107422
-7.62808084487915
-7.637617588043213
-7.634313106536865
-7.634665012359619
-7.63638162612915
-7.62058687210083
-7.6164374351501465
-7.637383937835693
-7.6280388832092285
-7.6183085441589355
-7.625814914703369
-7.629673004150391
-7.625167369842529
-7.628413200378418
-7.636863708496094
-7.6395463943481445
-7.629362106323242
-7.629934310913086
-7.618941783905029
-7.640277862548828
-7.6318888664245605
-7.6345744132995605
-7.623319625854492
-7.625787258148193
-7.629279613494873
-7.63032865524292
-7.631383895874023
-7.6423726081848145
-7.634672164916992
-7.632063865661621
-7.626376152038574
-7.620960235595703
-7.6229939460754395
-7.627243518829346
-7.623175144195557
-7.638979434967041
-7.631117820739746
-7.63400411605835
-7.626742839813232
-7.6413397789001465
-7.633289337158203
-7.621313571929932
-7.634787559509277
-7.620575428009033
-7.636148929595947
-7.634573459625244
-7.627610206604004
-7.63583517074585
-7.641204357147217
-7.6405253410339355
-7.6339311599731445
-7.623073577880859
-7.636379241943359
-7.628725051879883
-7.623278617858887
-7.6352996826171875
-7.631706237792969
-7.636999607086182
-7.631741046905518
-7.626859664916992
-7.627981662750244
-7.620192050933838
-7.623268127441406
-7.620361328125
-7.627999782562256
-7.639858245849609
-7.631892204284668
-7.629950523376465
-7.614405155181885
-7.628780364990234
-7.629716396331787
-7.630322456359863
-7.628816604614258
-7.6323041915893555
-7.636248588562012
-7.625532627105713
-7.620931625366211
-7.633678436279297
-7.623937129974365
-7.631017208099365
-7.637337684631348
-7.635045051574707
-7.619982719421387
-7.627354621887207
-7.631640911102295
-7.636419773101807
-7.638129711151123
-7.625362396240234
-7.624706745147705
-7.632810115814209
-7.633701801300049
-7.624030590057373
-7.625614643096924
-7.628653049468994
-7.624736785888672
-7.637183666229248
-7.627342700958252
-7.624035358428955
-7.627790451049805
-7.630655765533447
-7.633406639099121
-7.630954265594482
-7.641549587249756
-7.6226325035095215
-7.633269309997559
-7.633522033691406
-7.615070343017578
-7.624110221862793
-7.625654220581055
-7.635798931121826
-7.6276021003723145
-7.626279830932617
-7.639868259429932
-7.642002582550049
-7.641390323638916
-7.631680965423584
-7.630782604217529
-7.636324405670166
-7.632711410522461
-7.631387233734131
-7.634230613708496
-7.631577491760254
-7.62848424911499
-7.626633644104004
-7.636515140533447
-7.615655899047852
-7.621585845947266
-7.62829065322876
-7.633732795715332
-7.628791809082031
-7.608889102935791
-7.632664680480957
-7.632287979125977
-7.638683795928955
-7.633465766906738
-7.632176876068115
-7.628374099731445
-7.633565902709961
-7.6280107498168945
-7.624987602233887
-7.623246669769287
-7.634073257446289
-7.625563144683838
-7.636131763458252
-7.630852699279785
-7.628225326538086
-7.630540370941162
-7.629491329193115
-7.6254777908325195
-7.63513708114624
-7.617758274078369
-7.633394241333008
-7.632139682769775
-7.634668827056885
-7.633548736572266
-7.6237101554870605
-7.633999824523926
-7.632193088531494
-7.626645088195801
-7.63608455657959
-7.616158962249756
-7.63370943069458
-7.62702751159668
-7.632404804229736
-7.6319756507873535
-7.625879287719727
-7.6292524337768555
-7.62794303894043
-7.623342037200928
-7.627320289611816
-7.624546051025391
-7.616320610046387
-7.620298385620117
-7.6285624504089355
-7.6307783126831055
-7.632857322692871
-7.628313064575195
-7.62613582611084
-7.626256942749023
-7.634139537811279
-7.633337497711182
-7.627808094024658
-7.624429225921631
-7.6278510093688965
-7.630746841430664
-7.641840934753418
-7.631439208984375
-7.624948024749756
-7.623654365539551
-7.636815071105957
-7.633193492889404
-7.627955436706543
-7.632639408111572
-7.633328437805176
-7.639115810394287
-7.639054298400879
-7.635203838348389
-7.629726409912109
-7.6288580894470215
-7.640921592712402
-7.636007785797119
-7.629701614379883
-7.63315486907959
-7.638690948486328
-7.634782791137695
-7.642754077911377
-7.627656936645508
-7.623607635498047
-7.632135391235352
-7.6284260749816895
-7.626685619354248
-7.625571250915527
-7.634181976318359
-7.635525703430176
-7.627566814422607
-7.6384782791137695
-7.634063243865967
-7.6364665031433105
-7.628232955932617
-7.6280198097229
-7.627492427825928
-7.633460998535156
-7.616857051849365
-7.637593746185303
-7.630544185638428
-7.628266334533691
-7.634017467498779
-7.637319564819336
-7.630359172821045
-7.62101411819458
-7.631767749786377
-7.63349723815918
-7.630880832672119
-7.6373114585876465
-7.634914875030518
-7.622261047363281
-7.632054328918457
-7.625033378601074
-7.63372802734375
-7.625377655029297
-7.635148525238037
-7.6327619552612305
-7.6202826499938965
-7.627871513366699
-7.626523971557617
-7.6347737312316895
-7.634336471557617
-7.626443386077881
-7.6342453956604
-7.622713565826416
-7.625588893890381
-7.62978982925415
-7.630578994750977
-7.6399383544921875
-7.628922462463379
-7.624258995056152
-7.618913650512695
-7.629755020141602
-7.63270902633667
-7.629837512969971
-7.634511947631836
-7.625669002532959
-7.627081871032715
-7.63360071182251
-7.632242202758789
-7.624997615814209
-7.631069660186768
-7.636638164520264
-7.633032321929932
-7.632231712341309
-7.633358955383301
-7.628084182739258
-7.6446943283081055
-7.633660793304443
-7.6298418045043945
-7.63210916519165
-7.628985404968262
-7.636877536773682
-7.628803253173828
-7.627727031707764
-7.629335403442383
-7.630370140075684
-7.615918159484863
-7.629560470581055
-7.634739875793457
-7.633825302124023
-7.628149509429932
-7.635847568511963
-7.626752853393555
-7.625014305114746
-7.628320217132568
-7.639061450958252
-7.635882377624512
-7.640122890472412
-7.627215385437012
-7.630982398986816
-7.627935886383057
-7.635237216949463
-7.631743431091309
-7.619259834289551
-7.636006832122803
-7.642860412597656
-7.625633716583252
-7.638939380645752
-7.628428936004639
-7.628721237182617
-7.634485721588135
-7.633029460906982
-7.627989768981934
-7.629764080047607
-7.623648643493652
-7.630816459655762
-7.621679306030273
-7.636157512664795
-7.624270439147949
-7.633195400238037
-7.636049270629883
-7.632787227630615
-7.63360595703125
-7.6249589920043945
-7.632297992706299
-7.621577739715576
-7.6344428062438965
-7.62732458114624
-7.631940841674805
-7.631266117095947
-7.623172283172607
-7.633881092071533
-7.630654335021973
-7.622801303863525
-7.628432273864746
-7.637718677520752
-7.636589527130127
-7.630173206329346
-7.6326985359191895
-7.634090423583984
-7.631186485290527
-7.625373840332031
-7.63273811340332
-7.621860980987549
-7.635448455810547
-7.625857353210449
-7.629108905792236
-7.632091999053955
-7.636340618133545
-7.623417377471924
-7.632297515869141
-7.633902549743652
-7.636569023132324
-7.635890007019043
-7.627596378326416
-7.631048679351807
-7.622018814086914
-7.63049840927124
-7.619534969329834
-7.632089138031006
-7.634342670440674
-7.629524230957031
-7.634007453918457
-7.624841690063477
-7.633608818054199
-7.62043571472168
-7.624637126922607
-7.625668525695801
-7.624480724334717
-7.633952617645264
-7.62973165512085
-7.627208709716797
-7.626000881195068
-7.621399402618408
-7.638357162475586
-7.627201080322266
-7.636982440948486
-7.63815975189209
-7.624972343444824
-7.639723777770996
-7.618829727172852
-7.630445957183838
-7.6262288093566895
-7.622661590576172
-7.628989219665527
-7.631146430969238
-7.628904819488525
-7.628829002380371
-7.626794815063477
-7.629204273223877
-7.615395545959473
-7.642396926879883
-7.626787185668945
-7.633416175842285
-7.632084369659424
-7.627559661865234
-7.626691818237305
-7.623419284820557
-7.629588603973389
-7.642087459564209
-7.6288323402404785
-7.635105133056641
-7.624361038208008
-7.62568998336792
-7.633573532104492
-7.625805377960205
-7.628942966461182
-7.643803119659424
-7.628911972045898
-7.636174201965332
-7.618975639343262
-7.6280975341796875
-7.6275482177734375
-7.630494594573975
-7.639410495758057
-7.630555152893066
-7.6390767097473145
-7.626485347747803
-7.635141849517822
-7.622780799865723
-7.632272243499756
-7.618890762329102
-7.626830101013184
-7.624422073364258
-7.627934455871582
-7.624571800231934
-7.629438877105713
-7.620649814605713
-7.636101245880127
-7.6302313804626465
-7.621838092803955
-7.635228633880615
-7.633221626281738
-7.622086524963379
-7.6305131912231445
-7.619848728179932
-7.63767671585083
-7.625720500946045
-7.639819145202637
-7.631502151489258
-7.62934684753418
-7.614460468292236
-7.628256797790527
-7.626985549926758
-7.624757766723633
-7.630637168884277
-7.627654552459717
-7.633866786956787
-7.626401424407959
-7.6245317459106445
-7.62376070022583
-7.638270378112793
-7.639243125915527
-7.627144813537598
-7.629080772399902
-7.635498523712158
-7.642134189605713
-7.625622272491455
-7.626415252685547
-7.631170272827148
-7.637634754180908
-7.632754325866699
-7.624981880187988
-7.634490966796875
-7.6335625648498535
-7.626845359802246
-7.632049560546875
-7.622729301452637
-7.6260986328125
-7.631936073303223
-7.620486259460449
-7.632925033569336
-7.63482141494751
-7.6368818283081055
-7.631165027618408
-7.626760005950928
-7.624388217926025
-7.634494781494141
-7.624316692352295
-7.631572246551514
-7.637997150421143
-7.633521556854248
-7.632672309875488
-7.634516716003418
-7.629697799682617
-7.635828971862793
-7.628851413726807
-7.626581192016602
-7.627282619476318
-7.639254570007324
-7.630218505859375
-7.636780738830566
-7.633209705352783
-7.620538711547852
-7.628369331359863
-7.615927219390869
-7.637014865875244
-7.630609512329102
-7.643187046051025
-7.64035701751709
-7.643224239349365
-7.623472690582275
-7.638922691345215
-7.6241655349731445
-7.636045932769775
-7.6325225830078125
-7.632369041442871
-7.634519100189209
-7.626882553100586
-7.629186153411865
-7.638484954833984
-7.627136707305908
-7.631011009216309
-7.637461185455322
-7.641783237457275
-7.63004207611084
-7.622339725494385
-7.625913619995117
-7.639983654022217
-7.6292219161987305
-7.637672424316406
-7.640377998352051
-7.629512310028076
-7.634198188781738
-7.625137805938721
-7.625019550323486
-7.6312689781188965
-7.628231048583984
-7.632097244262695
-7.615695476531982
-7.623841762542725
-7.628119468688965
-7.639345645904541
-7.641312122344971
-7.629912376403809
-7.627539157867432
-7.643070220947266
-7.635311603546143
-7.630938529968262
-7.631938934326172
-7.630615711212158
-7.62755012512207
-7.627776145935059
-7.630517959594727
-7.627081394195557
-7.630290985107422
-7.641396522521973
-7.628139495849609
-7.619727611541748
-7.619702339172363
-7.622078895568848
-7.626844882965088
-7.616527557373047
-7.630721092224121
-7.634279251098633
-7.627198696136475
-7.627516746520996
-7.635928630828857
-7.629741668701172
-7.615178108215332
-7.620513439178467
-7.635472297668457
-7.638469219207764
-7.626334190368652
-7.619884490966797
-7.622053146362305
-7.62437105178833
-7.6268744468688965
-7.615776062011719
-7.632923126220703
-7.627423286437988
-7.629339218139648
-7.633425235748291
-7.631643295288086
-7.625079154968262
-7.620833396911621
-7.62664270401001
-7.624845504760742
-7.6351518630981445
-7.627575397491455
-7.637327194213867
-7.632931232452393
-7.621901035308838
-7.629446506500244
-7.630684852600098
-7.630466461181641
-7.618433952331543
-7.631381988525391
-7.636749744415283
-7.6313347816467285
-7.6334381103515625
-7.620102882385254
-7.635305404663086
-7.6260986328125
-7.622847080230713
-7.627034664154053
-7.636561393737793
-7.6300201416015625
-7.635061740875244
-7.630609512329102
-7.62977933883667
-7.6285247802734375
-7.628236293792725
-7.6239776611328125
-7.637966632843018
-7.62689733505249
-7.625075817108154
-7.64596700668335
-7.6385369300842285
-7.621659755706787
-7.619937896728516
-7.639898777008057
-7.625586986541748
-7.6248955726623535
-7.640129089355469
-7.625362873077393
-7.632798671722412
-7.638606071472168
-7.624339580535889
-7.621736526489258
-7.627182960510254
-7.633324146270752
-7.629772663116455
-7.626059532165527
-7.624454975128174
-7.631491661071777
-7.62838077545166
-7.631681442260742
-7.625871181488037
-7.628350734710693
-7.627190589904785
-7.616394996643066
-7.632662296295166
-7.622816562652588
-7.6326584815979
-7.633220195770264
-7.617457389831543
-7.6253180503845215
-7.633660316467285
-7.625307083129883
-7.638465404510498
-7.636862277984619
-7.634052276611328
-7.622692108154297
-7.636990547180176
-7.624260425567627
-7.6201558113098145
-7.625143051147461
-7.626392841339111
-7.6201372146606445
-7.637278079986572
-7.624862194061279
-7.625030517578125
-7.63234806060791
-7.631330490112305
-7.631954193115234
-7.635357856750488
-7.631770133972168
-7.630033493041992
-7.625512599945068
-7.6304731369018555
-7.640218257904053
-7.636108875274658
-7.636593341827393
-7.621953964233398
-7.635116100311279
-7.6328301429748535
-7.629706382751465
-7.62515115737915
-7.628872394561768
-7.6339497566223145
-7.6288981437683105
-7.6303582191467285
-7.629684925079346
-7.645604610443115
-7.631516456604004
-7.622798442840576
-7.632166862487793
-7.631295204162598
-7.62961483001709
-7.631293773651123
-7.6346435546875
-7.625978946685791
-7.630479335784912
-7.625943660736084
-7.636594772338867
-7.634570121765137
-7.633050918579102
-7.621044158935547
-7.628098011016846
-7.639129638671875
-7.632832050323486
-7.62571382522583
-7.6302876472473145
-7.62372350692749
-7.63832950592041
-7.627356052398682
-7.622924327850342
-7.621376991271973
-7.622889518737793
-7.626025199890137
-7.636846542358398
-7.630533695220947
-7.63386869430542
-7.622800827026367
-7.6367621421813965
-7.635098934173584
-7.625729560852051
-7.625155448913574
-7.628396511077881
-7.6360344886779785
-7.635956287384033
-7.634348392486572
-7.631100177764893
-7.635854721069336
-7.6319756507873535
-7.6357645988464355
-7.622615814208984
-7.6346235275268555
-7.629617214202881
-7.63089656829834
-7.63757848739624
-7.632108211517334
-7.644223213195801
-7.6314239501953125
-7.645493507385254
-7.630252838134766
-7.634476661682129
-7.628031253814697
-7.635147571563721
-7.6322479248046875
-7.6213603019714355
-7.635947227478027
-7.631873607635498
-7.626311302185059
-7.639913558959961
-7.635051250457764
-7.630411148071289
-7.629730701446533
-7.633504867553711
-7.636558532714844
-7.631106376647949
-7.622550010681152
-7.626948356628418
-7.623300075531006
-7.6381425857543945
-7.635988712310791
-7.622574329376221
-7.6346049308776855
-7.6311726570129395
-7.639632225036621
-7.624069690704346
-7.6330647468566895
-7.622010231018066
-7.637910842895508
-7.631855010986328
-7.631824016571045
-7.639793872833252
-7.632653713226318
-7.642050266265869
-7.631976127624512
-7.629837989807129
-7.636490821838379
-7.629552841186523
-7.634277820587158
-7.639697074890137
-7.628477096557617
-7.621293544769287
-7.6284966468811035
-7.636148452758789
-7.6301655769348145
-7.624568939208984
-7.629912853240967
-7.632205963134766
-7.627234935760498
-7.621430397033691
-7.620675563812256
-7.633016109466553
-7.6276116371154785
-7.631406784057617
-7.634171962738037
-7.624783992767334
-7.629785537719727
-7.6340837478637695
-7.612899303436279
-7.639832496643066
-7.633892059326172
-7.637589931488037
-7.630890369415283
-7.640936851501465
-7.632021427154541
-7.6246442794799805
-7.639645576477051
-7.624306678771973
-7.634654521942139
-7.6319475173950195
-7.629220962524414
-7.6261515617370605
-7.644866943359375
-7.6312360763549805
-7.623594284057617
-7.627788543701172
-7.626821041107178
-7.641207218170166
-7.636837482452393
-7.628692626953125
-7.6183342933654785
-7.6226630210876465
-7.620450973510742
-7.635964870452881
-7.631474018096924
-7.6400370597839355
-7.6205925941467285
-7.629001617431641
-7.620766639709473
-7.632580280303955
-7.64117956161499
-7.632839202880859
-7.642363548278809
-7.628116607666016
-7.631481647491455
-7.635368347167969
-7.626252174377441
-7.624968528747559
-7.626615524291992
-7.628796100616455
-7.6393866539001465
-7.617603302001953
-7.6344194412231445
-7.631348609924316
-7.629897594451904
-7.633965969085693
-7.629059791564941
-7.631380558013916
-7.625165939331055
-7.623476505279541
-7.622622013092041
-7.621324062347412
-7.626194000244141
-7.635882377624512
-7.632101058959961
-7.625514984130859
-7.630434989929199
-7.633223533630371
-7.633711338043213
-7.633203029632568
-7.625466823577881
-7.636472702026367
-7.63714599609375
-7.637533664703369
-7.62285041809082
-7.632335186004639
-7.61997652053833
-7.631063461303711
-7.636013984680176
-7.626673698425293
-7.638512134552002
-7.6318840980529785
-7.637553691864014
-7.631303310394287
-7.637556076049805
-7.63537073135376
-7.633829593658447
-7.629812717437744
-7.623808860778809
-7.631895542144775
-7.62371301651001
-7.632369041442871
-7.631161689758301
-7.627465724945068
-7.635842323303223
-7.6297383308410645
-7.627713203430176
-7.627344131469727
-7.633710861206055
-7.641482830047607
-7.6214704513549805
-7.628109931945801
-7.620089054107666
-7.642075061798096
-7.626804351806641
-7.6313958168029785
-7.636518478393555
-7.6282854080200195
-7.624677658081055
-7.6290740966796875
-7.627700328826904
-7.628964900970459
-7.627694606781006
-7.635091781616211
-7.617805480957031
-7.627531051635742
-7.6250691413879395
-7.622841835021973
-7.624300003051758
-7.633276462554932
-7.628052234649658
-7.632925510406494
-7.6260666847229
-7.631282329559326
-7.621268272399902
-7.625720500946045
-7.636476516723633
-7.639249324798584
-7.626933574676514
-7.6213250160217285
-7.632284164428711
-7.628320693969727
-7.633996963500977
-7.638884544372559
-7.628071308135986
-7.63059663772583
-7.629693508148193
-7.63200044631958
-7.629010200500488
-7.625385284423828
-7.636673927307129
-7.620419025421143
-7.623926162719727
-7.633954048156738
-7.640609264373779
-7.632147312164307
-7.636275291442871
-7.630414962768555
-7.629196643829346
-7.64003324508667
-7.638321399688721
-7.634582996368408
-7.635290622711182
-7.629807472229004
-7.628327369689941
-7.631237506866455
-7.632309913635254
-7.632730960845947
-7.62534761428833
-7.639006614685059
