loss_b
-0.7730841636657715
-0.77339768409729
-0.7736820578575134
-0.7739676833152771
-0.7738592028617859
-0.7739677429199219
-0.7741764783859253
-0.7740797400474548
-0.7740275859832764
-0.7741008400917053
-0.7740527987480164
-0.7740349769592285
-0.7740770578384399
-0.7742200493812561
-0.7743366956710815
-0.774502694606781
-0.7746922373771667
-0.7749857902526855
-0.7752745151519775
-0.7753198146820068
-0.7760339379310608
-0.7765457034111023
-0.7772519588470459
-0.7779985666275024
-0.7789303064346313
-0.779911994934082
-0.7816599011421204
-0.7832997441291809
-0.7852053642272949
-0.7870987057685852
-0.7898179292678833
-0.7924795150756836
-0.796897292137146
-0.8008671998977661
-0.8049246072769165
-0.8102557063102722
-0.817304253578186
-0.824816882610321
-0.8343191742897034
-0.8450108766555786
-0.8531120419502258
-0.8665849566459656
-0.8797080516815186
-0.8985311388969421
-0.9151241183280945
-0.9334384799003601
-0.9652695059776306
-0.9879814982414246
-1.022956132888794
-1.0702921152114868
-1.093406319618225
-1.161202311515808
-1.1848499774932861
-1.2610424757003784
-1.3482060432434082
-1.4136650562286377
-1.5037667751312256
-1.6103150844573975
-1.7115262746810913
-1.890411138534546
-2.0850279331207275
-2.410177707672119
-2.5747764110565186
-2.9724647998809814
-3.2009761333465576
-3.895193099975586
-4.288822174072266
-4.391002655029297
-3.982253313064575
-3.4426326751708984
-3.710001230239868
-3.5134060382843018
-3.8946619033813477
-3.8586907386779785
-4.101786136627197
-4.238374710083008
-4.232964515686035
-4.374532699584961
-4.021259307861328
-4.065004825592041
-4.238902568817139
-4.181721210479736
-4.469172954559326
-4.627005577087402
-4.449306011199951
-4.460150241851807
-4.263620376586914
-4.172988414764404
-4.45123291015625
-4.42474365234375
-4.4389119148254395
-4.469422340393066
-4.472679615020752
-4.4730753898620605
-4.632071495056152
-4.357525825500488
-4.457378387451172
-4.568253517150879
-4.822348117828369
-4.663766384124756
-4.698504447937012
-4.757587432861328
-4.836360931396484
-4.852436065673828
-4.705017566680908
-4.757046222686768
-4.7842583656311035
-4.841863632202148
-4.849949836730957
-4.8034467697143555
-4.8614983558654785
-4.7571306228637695
-4.918354511260986
-5.112483978271484
-4.899595737457275
-4.93289852142334
-5.029596328735352
-5.126124382019043
-5.251935958862305
-5.202506065368652
-5.287239074707031
-5.1843767166137695
-5.2908735275268555
-5.319261074066162
-5.212669372558594
-5.280035972595215
-5.358010292053223
-5.385551452636719
-5.386455059051514
-5.334644317626953
-5.441897392272949
-5.394547939300537
-5.426928997039795
-5.453547477722168
-5.526731014251709
-5.505274295806885
-5.533809185028076
-5.511123180389404
-5.595038890838623
-5.630411624908447
-5.690023899078369
-5.668542385101318
-5.705622673034668
-5.7862019538879395
-5.77755069732666
-5.806155681610107
-5.842952728271484
-5.89573860168457
-5.822110176086426
-5.820262908935547
-5.943938255310059
-5.955770015716553
-6.005375862121582
-6.028754711151123
-6.040737628936768
-5.996111869812012
-6.109766960144043
-6.135527610778809
-6.172822952270508
-6.152612209320068
-6.171639919281006
-6.209518909454346
-6.178143501281738
-6.264201641082764
-6.228847980499268
-6.236349105834961
-6.3069891929626465
-6.293889045715332
-6.317131519317627
-6.280795574188232
-6.341058731079102
-6.382571697235107
-6.401183128356934
-6.434079647064209
-6.4538140296936035
-6.50709342956543
-6.517063617706299
-6.55338716506958
-6.547768592834473
-6.667118072509766
-6.664790630340576
-6.724727630615234
-6.7280778884887695
-6.798385143280029
-6.853310585021973
-6.835297584533691
-6.871800422668457
-6.912678241729736
-6.84142541885376
-7.052414417266846
-6.850863456726074
-7.046950817108154
-6.84505558013916
-7.04464864730835
-6.803719520568848
-7.073269844055176
-6.788415908813477
-6.836236000061035
-7.115355968475342
-6.922826290130615
-7.232907295227051
-6.884409427642822
-7.153057098388672
-6.999661445617676
-7.046881198883057
-7.176779747009277
-7.138921737670898
-7.245507717132568
-7.167895317077637
-7.262341022491455
-7.208827018737793
-7.314227104187012
-7.310705184936523
-7.2828145027160645
-7.319331169128418
-7.349160671234131
-7.357738494873047
-7.396986484527588
-7.344748497009277
-7.413312911987305
-7.438571929931641
-7.432487964630127
-7.358890056610107
-7.370175361633301
-7.357120990753174
-7.408018112182617
-7.4362382888793945
-7.476100921630859
-7.454072952270508
-7.573899745941162
-7.502948760986328
-7.479423999786377
-7.5370073318481445
-7.554480075836182
-7.501494407653809
-7.4828572273254395
-7.5742506980896
-7.445093631744385
-7.539942741394043
-7.441928863525391
-7.624624729156494
-7.443650245666504
-7.533596038818359
-7.474693298339844
-7.563808441162109
-7.504826545715332
-7.593306541442871
-7.501949787139893
-7.613749980926514
-7.512368679046631
-7.606311798095703
-7.59124231338501
-7.572643280029297
-7.652599334716797
-7.619953155517578
-7.611682415008545
-7.716408729553223
-7.714076042175293
-7.747183799743652
-7.569558143615723
-7.627032279968262
-7.663410663604736
-7.629196643829346
-7.659735202789307
-7.583037853240967
-7.720956802368164
-7.658879280090332
-7.748758792877197
-7.671998500823975
-7.695080280303955
-7.67527437210083
-7.696028232574463
-7.700563907623291
-7.738243579864502
-7.82171630859375
-7.744346618652344
-7.7813520431518555
-7.797806739807129
-7.7615647315979
-7.746394634246826
-7.781345844268799
-7.787911891937256
-7.785698890686035
-7.7368316650390625
-7.715632915496826
-7.846905708312988
-7.809611797332764
-7.784806251525879
-7.7631425857543945
-7.849700927734375
-7.8099188804626465
-7.854265213012695
-7.786820411682129
-7.7822113037109375
-7.845186710357666
-7.801138877868652
-7.901606559753418
-7.762245178222656
-7.873110771179199
-7.83201265335083
-7.8561601638793945
-7.846892356872559
-7.928647518157959
-7.872796535491943
-7.9254045486450195
-7.943926811218262
-7.922138690948486
-7.928745746612549
-7.952402591705322
-7.954492092132568
-7.921789169311523
-7.992973327636719
-7.876914024353027
-7.96980619430542
-7.9413323402404785
-7.950586318969727
-7.922438144683838
-7.9792866706848145
-7.952627182006836
-7.883577823638916
-7.93153190612793
-8.02022933959961
-7.916301727294922
-7.990964412689209
-7.944685935974121
-7.915134429931641
-8.078957557678223
-7.955799102783203
-7.979721546173096
-7.953727722167969
-8.074170112609863
-8.0095853805542
-7.9755353927612305
-8.04149055480957
-8.033702850341797
-8.02145767211914
-8.052508354187012
-8.067123413085938
-7.978600978851318
-7.998197555541992
-8.038145065307617
-8.004502296447754
-8.057971954345703
-8.013411521911621
-8.08206844329834
-8.096056938171387
-8.085495948791504
-8.078986167907715
-8.076745986938477
-8.122146606445312
-8.177083969116211
-8.1516695022583
-8.125235557556152
-8.144915580749512
-8.077591896057129
-8.199189186096191
-8.022869110107422
-7.990342140197754
-8.124701499938965
-8.111985206604004
-8.100225448608398
-8.141624450683594
-8.190399169921875
-8.170124053955078
-8.140778541564941
-8.205646514892578
-8.014148712158203
-8.122349739074707
-8.253880500793457
-8.009465217590332
-8.14634895324707
-8.1906156539917
-8.080708503723145
-8.191451072692871
-8.2173433303833
-8.215893745422363
-8.142035484313965
-8.197550773620605
-8.30264949798584
-8.230169296264648
-8.239532470703125
-8.283175468444824
-8.257096290588379
-8.280193328857422
-8.281678199768066
-8.282636642456055
-8.235383033752441
-8.269027709960938
-8.192989349365234
-8.264982223510742
-8.236719131469727
-8.216378211975098
-8.296989440917969
-8.31985092163086
-8.287449836730957
-8.128150939941406
-8.285689353942871
-8.325474739074707
-8.284106254577637
-8.246143341064453
-8.209650993347168
-8.351838111877441
-8.248537063598633
-8.2882661819458
-8.352295875549316
-8.27495002746582
-8.251608848571777
-8.314817428588867
-8.341965675354004
-8.138355255126953
-8.302330017089844
-8.331600189208984
-8.19896125793457
-8.320932388305664
-8.367589950561523
-8.27426815032959
-8.320894241333008
-8.385425567626953
-8.331637382507324
-8.287995338439941
-8.439557075500488
-8.353362083435059
-8.295732498168945
-8.373393058776855
-8.335994720458984
-8.352522850036621
-8.412081718444824
-8.29332160949707
-8.36202621459961
-8.419305801391602
-8.362333297729492
-8.340184211730957
-8.446715354919434
-8.365656852722168
-8.351593971252441
-8.468439102172852
-8.297616004943848
-8.344090461730957
-8.433049201965332
-8.378473281860352
-8.391312599182129
-8.416994094848633
-8.458761215209961
-8.421198844909668
-8.486464500427246
-8.47705078125
-8.488202095031738
-8.457260131835938
-8.439925193786621
-8.48725414276123
-8.485408782958984
-8.504796028137207
-8.43196964263916
-8.4702730178833
-8.49455738067627
-8.497109413146973
-8.515199661254883
-8.496418952941895
-8.406774520874023
-8.46215534210205
-8.582225799560547
-8.52694034576416
-8.51924991607666
-8.50631046295166
-8.561371803283691
-8.510810852050781
-8.502614974975586
-8.471747398376465
-8.555030822753906
-8.507807731628418
-8.536999702453613
-8.563511848449707
-8.511999130249023
-8.48868179321289
-8.468592643737793
-8.529781341552734
-8.587220191955566
-8.482022285461426
-8.500723838806152
-8.576025009155273
-8.523512840270996
-8.45102310180664
-8.549973487854004
-8.602490425109863
-8.443378448486328
-8.507338523864746
-8.561637878417969
-8.593165397644043
-8.570501327514648
-8.565521240234375
-8.630123138427734
-8.619949340820312
-8.628005981445312
-8.5901517868042
-8.631832122802734
-8.650012016296387
-8.598827362060547
-8.548315048217773
-8.67325210571289
-8.60822868347168
-8.570374488830566
-8.629992485046387
-8.651768684387207
-8.589142799377441
-8.655365943908691
-8.679000854492188
-8.527649879455566
-8.569563865661621
-8.664327621459961
-8.647303581237793
-8.578913688659668
-8.5648193359375
-8.67000675201416
-8.581793785095215
-8.490883827209473
-8.65751838684082
-8.64242172241211
-8.601988792419434
-8.550724983215332
-8.673827171325684
-8.548988342285156
-8.557077407836914
-8.660362243652344
-8.69019603729248
-8.607566833496094
-8.64238166809082
-8.654720306396484
-8.72307014465332
-8.645312309265137
-8.667323112487793
-8.702754974365234
-8.704366683959961
-8.696946144104004
-8.669570922851562
-8.735929489135742
-8.706907272338867
-8.724082946777344
-8.719209671020508
-8.762552261352539
-8.746626853942871
-8.690353393554688
-8.691468238830566
-8.765581130981445
-8.716947555541992
-8.697192192077637
-8.746179580688477
-8.699877738952637
-8.708883285522461
-8.773873329162598
-8.767467498779297
-8.749893188476562
-8.744507789611816
-8.754989624023438
-8.718701362609863
-8.720481872558594
-8.723549842834473
-8.77017593383789
-8.774873733520508
-8.745199203491211
-8.679510116577148
-8.732195854187012
-8.771136283874512
-8.770330429077148
-8.818731307983398
-8.821090698242188
-8.741362571716309
-8.632579803466797
-8.7262601852417
-8.73973274230957
-8.804950714111328
-8.790382385253906
-8.77113151550293
-8.794573783874512
-8.852981567382812
-8.75597858428955
-8.721220970153809
-8.729573249816895
-8.794405937194824
-8.829727172851562
-8.853911399841309
-8.79518985748291
-8.808948516845703
-8.804121017456055
-8.7650146484375
-8.840696334838867
-8.865836143493652
-8.819052696228027
-8.841404914855957
-8.827244758605957
-8.861089706420898
-8.831968307495117
-8.799860954284668
-8.834864616394043
-8.869297981262207
-8.849082946777344
-8.85543155670166
-8.818942070007324
-8.845624923706055
-8.857976913452148
-8.873322486877441
-8.846665382385254
-8.74113941192627
-8.777944564819336
-8.800247192382812
-8.832456588745117
-8.814268112182617
-8.83987808227539
-8.777830123901367
-8.760271072387695
-8.834649085998535
-8.864114761352539
-8.90880298614502
-8.881967544555664
-8.843708992004395
-8.831225395202637
-8.795777320861816
-8.805370330810547
-8.858418464660645
-8.877288818359375
-8.918498992919922
-8.863335609436035
-8.881083488464355
-8.898811340332031
-8.87653923034668
-8.86145305633545
-8.840056419372559
-8.847434043884277
-8.893723487854004
-8.930005073547363
-8.926145553588867
-8.87546443939209
-8.84457015991211
-8.856343269348145
-8.862889289855957
-8.878753662109375
-8.873407363891602
-8.96578311920166
-8.94874382019043
-8.918905258178711
-8.914324760437012
-8.975053787231445
-8.899802207946777
-8.85958194732666
-8.783515930175781
-8.902148246765137
-8.97373104095459
-8.956609725952148
-8.97116756439209
-8.96334171295166
-8.915375709533691
-8.928193092346191
-8.912012100219727
-8.858739852905273
-8.916495323181152
-8.940329551696777
-8.968035697937012
-8.963491439819336
-8.899521827697754
-8.861721992492676
-8.910460472106934
-8.957927703857422
-9.001581192016602
-9.028179168701172
-8.934505462646484
-8.99665355682373
-8.938261985778809
-8.855809211730957
-8.8523530960083
-8.957903861999512
-8.987860679626465
-8.993021965026855
-8.992552757263184
-9.008590698242188
-8.992915153503418
-8.990559577941895
-9.007959365844727
-8.989330291748047
-8.95660400390625
-8.935653686523438
-8.893402099609375
-8.971107482910156
-9.016138076782227
-9.022831916809082
-8.923873901367188
-8.745024681091309
-8.951754570007324
-8.993218421936035
-8.757266998291016
-8.773116111755371
-9.0443115234375
-9.031057357788086
-8.923775672912598
-8.899065971374512
-8.960274696350098
-9.043949127197266
-8.935388565063477
-8.89217472076416
-9.005688667297363
-9.043915748596191
-9.032219886779785
-8.94921588897705
-8.976354598999023
-9.016714096069336
-9.032773971557617
-9.077208518981934
-9.069657325744629
-9.038976669311523
-9.023417472839355
-9.053727149963379
-9.067907333374023
-9.094537734985352
-9.07640266418457
-9.093005180358887
-9.078908920288086
-9.03870964050293
-8.957071304321289
-8.859732627868652
-9.034940719604492
-9.069242477416992
-8.900738716125488
-8.791646957397461
-9.040617942810059
-9.091377258300781
-9.045564651489258
-8.84737491607666
-8.947741508483887
-9.10867977142334
-9.062811851501465
-9.092442512512207
-9.015420913696289
-9.01363468170166
-9.050758361816406
-9.070101737976074
-9.106830596923828
-9.081371307373047
-9.065415382385254
-8.97710132598877
-8.985757827758789
-9.08426284790039
-9.130498886108398
-9.161876678466797
-9.1541166305542
-9.156725883483887
-9.059136390686035
-9.09025764465332
-9.110716819763184
-9.179200172424316
-9.102818489074707
-9.053481101989746
-9.08219051361084
-9.11977481842041
-9.14987850189209
-9.093708038330078
-9.08243179321289
-9.088162422180176
-9.091012954711914
-9.133522033691406
-9.174604415893555
-9.17410945892334
-9.131207466125488
-9.13335132598877
-9.039501190185547
-9.024535179138184
-9.074706077575684
-9.116065979003906
-9.177006721496582
-9.067485809326172
-8.845151901245117
-9.07434368133545
-9.190695762634277
-9.112591743469238
-8.928311347961426
-9.0179443359375
-9.160771369934082
-9.140448570251465
-9.083239555358887
-9.048285484313965
-9.056477546691895
-9.081148147583008
-9.108050346374512
-9.091541290283203
-9.104628562927246
-9.195263862609863
-9.157861709594727
-9.132293701171875
-9.015199661254883
-9.108438491821289
-9.180438041687012
-9.19895076751709
-9.153234481811523
-9.155342102050781
-9.091404914855957
-9.151660919189453
-9.221245765686035
-9.228799819946289
-9.172131538391113
-9.14659595489502
-9.171157836914062
-9.166099548339844
-9.195356369018555
-9.206696510314941
-9.114541053771973
-9.049593925476074
-9.167343139648438
-9.19783878326416
-9.12925910949707
-8.98478889465332
-9.144521713256836
-9.211495399475098
-9.16757583618164
-8.97885513305664
-9.099255561828613
-9.18769359588623
-9.218969345092773
-9.185222625732422
-9.107000350952148
-9.097472190856934
-9.111835479736328
-9.2067289352417
-9.239646911621094
-9.21053409576416
-9.199365615844727
-9.226908683776855
-9.201940536499023
-9.197558403015137
-9.129963874816895
-9.104538917541504
-9.185856819152832
-9.17516803741455
-9.146323204040527
-9.25696086883545
-9.2531156539917
-9.249363899230957
-9.172481536865234
-9.165952682495117
-9.224705696105957
-9.253061294555664
-9.262129783630371
-9.258134841918945
-9.190638542175293
-9.148283004760742
-9.075556755065918
-9.161884307861328
-9.21686840057373
-9.269489288330078
-9.241988182067871
-9.288093566894531
-9.225796699523926
-9.116870880126953
-9.169659614562988
-9.234095573425293
-9.268258094787598
-9.298788070678711
-9.311762809753418
-9.3016939163208
-9.27779483795166
-9.316957473754883
-9.334540367126465
-9.33546257019043
-9.271427154541016
-9.278912544250488
-9.100510597229004
-9.029092788696289
-9.253308296203613
-9.260130882263184
-9.117720603942871
-9.110968589782715
-9.219124794006348
-9.2941255569458
-9.308205604553223
-9.22398567199707
-9.200958251953125
-9.158212661743164
-9.243189811706543
-9.296894073486328
-9.305044174194336
-9.324884414672852
-9.263230323791504
-9.276999473571777
-9.297455787658691
-9.34102725982666
-9.285698890686035
-9.292235374450684
-9.301051139831543
-9.2888765335083
-9.236513137817383
-9.160151481628418
-9.177844047546387
-9.256861686706543
-9.230814933776855
-9.284841537475586
-9.313164710998535
-9.28925895690918
-9.305988311767578
-9.353218078613281
-9.336114883422852
-9.318686485290527
-9.320713996887207
-9.254408836364746
-9.26372241973877
-9.266324043273926
-9.206624031066895
-9.257060050964355
-9.261222839355469
-9.24293327331543
-9.256901741027832
-9.29072380065918
-9.308879852294922
-9.340889930725098
-9.308550834655762
-9.343835830688477
-9.337767601013184
-9.357927322387695
-9.311591148376465
-9.19860553741455
-9.16333293914795
-9.279609680175781
-9.343335151672363
-9.374147415161133
-9.295574188232422
-9.282731056213379
-9.301260948181152
-9.259297370910645
-9.26250171661377
-9.318178176879883
-9.33680248260498
-9.245545387268066
-9.221491813659668
-9.241240501403809
-9.234639167785645
-9.362737655639648
-9.379788398742676
-9.279706954956055
-9.180768013000488
-9.233464241027832
-9.34779167175293
-9.373573303222656
-9.38298225402832
-9.39301872253418
-9.373370170593262
-9.385870933532715
-9.350320816040039
-9.318084716796875
-9.293863296508789
-9.291781425476074
-9.281045913696289
-9.259561538696289
-9.31523323059082
-9.345104217529297
-9.319710731506348
-9.214186668395996
-9.263772010803223
-9.275787353515625
-9.292021751403809
-9.356440544128418
-9.391213417053223
-9.346527099609375
-9.297614097595215
-9.277549743652344
-9.267165184020996
-9.329771041870117
-9.377463340759277
-9.38630199432373
-9.364727020263672
-9.286446571350098
-9.232537269592285
-9.253677368164062
-9.307360649108887
-9.376630783081055
-9.373884201049805
-9.353009223937988
-9.27645206451416
-9.314279556274414
-9.36459732055664
-9.35796070098877
-9.398088455200195
-9.426445960998535
-9.383573532104492
-9.359124183654785
-9.351982116699219
-9.281737327575684
-9.227792739868164
-9.280967712402344
-9.384134292602539
-9.360173225402832
-9.31949520111084
-9.372389793395996
-9.354635238647461
-9.333499908447266
-9.283411026000977
-9.371990203857422
-9.382680892944336
-9.383105278015137
-9.332263946533203
-9.26524829864502
-9.289751052856445
-9.38199520111084
-9.390473365783691
-9.413725852966309
-9.350415229797363
-9.318653106689453
-9.266818046569824
-9.344879150390625
-9.386934280395508
-9.360503196716309
-9.350921630859375
-9.324813842773438
-9.320823669433594
-9.383038520812988
-9.374650955200195
-9.370986938476562
-9.330117225646973
-9.267541885375977
-9.346614837646484
-9.40890121459961
-9.418764114379883
-9.378166198730469
-9.408994674682617
-9.440899848937988
-9.363936424255371
-9.342395782470703
-9.339563369750977
-9.396363258361816
-9.41549015045166
-9.390466690063477
-9.418899536132812
-9.400930404663086
-9.372335433959961
-9.418801307678223
-9.378158569335938
-9.304768562316895
-9.302570343017578
-9.337400436401367
-9.397055625915527
-9.404861450195312
-9.4530029296875
-9.461448669433594
-9.436751365661621
-9.495757102966309
-9.441978454589844
-9.471302032470703
-9.442630767822266
-9.48504638671875
-9.460583686828613
-9.444609642028809
-9.31779670715332
-9.279090881347656
-9.340447425842285
-9.410980224609375
-9.4487886428833
-9.456254959106445
-9.47030258178711
-9.38272476196289
-9.30941104888916
-9.299196243286133
-9.453490257263184
-9.486395835876465
-9.46174144744873
-9.481266975402832
-9.48119831085205
-9.422343254089355
-9.359038352966309
-9.283539772033691
-9.321925163269043
-9.368823051452637
-9.389771461486816
-9.370054244995117
-9.40549373626709
-9.400190353393555
-9.392984390258789
-9.31959342956543
-9.331857681274414
-9.424903869628906
-9.475271224975586
-9.455878257751465
-9.21967887878418
-9.344341278076172
-9.470211029052734
-9.492209434509277
-9.46233081817627
-9.472932815551758
-9.343647956848145
-9.332362174987793
-9.432680130004883
-9.470852851867676
-9.466157913208008
-9.395817756652832
-9.28903865814209
-9.381893157958984
-9.48552417755127
-9.502314567565918
-9.495328903198242
-9.48018741607666
-9.462197303771973
-9.50933837890625
-9.484155654907227
-9.443984031677246
-9.248495101928711
-9.3380126953125
-9.476804733276367
-9.487478256225586
-9.470187187194824
-9.349067687988281
-9.307458877563477
-9.440797805786133
-9.512189865112305
-9.458466529846191
-9.488560676574707
-9.494539260864258
-9.416773796081543
-9.329370498657227
-9.361614227294922
-9.48891544342041
-9.511717796325684
-9.447761535644531
-9.421063423156738
-9.389921188354492
-9.438118934631348
-9.466913223266602
-9.500128746032715
-9.444707870483398
-9.365556716918945
-9.39871883392334
-9.443260192871094
-9.474512100219727
-9.499444961547852
-9.469949722290039
-9.443769454956055
-9.424921035766602
-9.380125045776367
-9.408001899719238
-9.497074127197266
-9.483625411987305
-9.44021224975586
-9.307194709777832
-9.397015571594238
-9.464944839477539
-9.517821311950684
-9.546370506286621
-9.505786895751953
-9.498625755310059
-9.48631763458252
-9.45598316192627
-9.364785194396973
-9.307827949523926
-9.447464942932129
-9.522998809814453
-9.514288902282715
-9.508468627929688
-9.495293617248535
-9.527161598205566
-9.536667823791504
-9.510635375976562
-9.530073165893555
-9.530281066894531
-9.52356243133545
-9.51427173614502
-9.5408296585083
-9.550395965576172
-9.482270240783691
-9.461162567138672
-9.43421745300293
-9.442893028259277
-9.50102710723877
-9.492799758911133
-9.459028244018555
-9.459999084472656
-9.4378080368042
-9.38050365447998
-9.393921852111816
-9.4600191116333
-9.532401084899902
-9.558938026428223
-9.42431640625
-9.25089168548584
-9.41154956817627
-9.56247615814209
-9.48440170288086
-9.233503341674805
-9.374027252197266
-9.512994766235352
-9.461676597595215
-9.329549789428711
-9.347545623779297
-9.483839988708496
-9.52755069732666
-9.521336555480957
-9.48183822631836
-9.460060119628906
-9.433635711669922
-9.398093223571777
-9.426136016845703
-9.485126495361328
-9.474311828613281
-9.54002857208252
-9.549276351928711
-9.57629680633545
-9.519784927368164
-9.450408935546875
-9.33146858215332
-9.40125560760498
-9.511213302612305
-9.51508617401123
-9.438846588134766
-9.309677124023438
-9.461955070495605
-9.500787734985352
-9.55558967590332
-9.472563743591309
-9.324867248535156
-9.356472969055176
-9.460111618041992
-9.534031867980957
-9.532398223876953
-9.485832214355469
-9.434806823730469
-9.370762825012207
-9.450666427612305
-9.49869441986084
-9.548949241638184
-9.55325698852539
-9.530747413635254
-9.458797454833984
-9.440372467041016
-9.47114086151123
-9.55321216583252
-9.536421775817871
-9.586668968200684
-9.57402229309082
-9.529732704162598
-9.493814468383789
-9.484808921813965
-9.452665328979492
-9.421525955200195
-9.493709564208984
-9.551721572875977
-9.569543838500977
-9.56988525390625
-9.531494140625
-9.56224250793457
-9.564641952514648
-9.564056396484375
-9.537769317626953
-9.551859855651855
-9.460139274597168
-9.344893455505371
-9.453076362609863
-9.564043998718262
-9.422246932983398
-9.212109565734863
-9.47079086303711
-9.576828002929688
-9.375513076782227
-9.327385902404785
-9.472086906433105
-9.562865257263184
-9.493648529052734
-9.382926940917969
-9.409285545349121
-9.529182434082031
-9.566360473632812
-9.481071472167969
-9.342110633850098
-9.471381187438965
-9.558632850646973
-9.542174339294434
-9.420500755310059
-9.352603912353516
-9.489891052246094
-9.600805282592773
-9.561655044555664
-9.609189987182617
-9.594456672668457
-9.570104598999023
-9.556205749511719
-9.55788516998291
-9.594491004943848
-9.593355178833008
-9.564261436462402
-9.443876266479492
-9.394169807434082
-9.54322624206543
-9.582144737243652
-9.499893188476562
-9.376789093017578
-9.445160865783691
-9.559112548828125
-9.571556091308594
-9.578695297241211
-9.604049682617188
-9.591925621032715
-9.584043502807617
-9.57022476196289
-9.547837257385254
-9.52415943145752
-9.520615577697754
-9.431315422058105
-9.451888084411621
-9.61632251739502
-9.622489929199219
-9.511602401733398
-9.431442260742188
-9.435420036315918
-9.565040588378906
-9.618301391601562
-9.577964782714844
-9.502325057983398
-9.445036888122559
-9.4607515335083
-9.562000274658203
-9.576211929321289
-9.57099437713623
-9.579933166503906
-9.572672843933105
-9.523974418640137
-9.499368667602539
-9.483306884765625
-9.546867370605469
-9.566655158996582
-9.615389823913574
-9.613052368164062
-9.614936828613281
-9.473409652709961
-9.440816879272461
-9.539891242980957
-9.587677001953125
-9.583172798156738
-9.606037139892578
-9.61470890045166
-9.620272636413574
-9.551636695861816
-9.459182739257812
-9.474526405334473
-9.531007766723633
-9.590194702148438
-9.628149032592773
-9.61342716217041
-9.611388206481934
-9.589563369750977
-9.608638763427734
-9.58772087097168
-9.609724998474121
-9.596029281616211
-9.53518009185791
-9.466531753540039
-9.46367359161377
-9.505681991577148
-9.580242156982422
-9.596992492675781
-9.53140640258789
-9.444731712341309
-9.448583602905273
-9.519429206848145
-9.57778263092041
-9.594254493713379
-9.610870361328125
-9.596465110778809
-9.536312103271484
-9.535980224609375
-9.50387954711914
-9.560888290405273
-9.548078536987305
-9.579704284667969
-9.58845329284668
-9.566878318786621
-9.588037490844727
-9.519216537475586
-9.480175971984863
-9.475932121276855
-9.571732521057129
-9.638493537902832
-9.609626770019531
-9.491786003112793
-9.47304916381836
-9.5090970993042
-9.613422393798828
-9.573083877563477
-9.475381851196289
-9.413091659545898
-9.541690826416016
-9.647998809814453
-9.567557334899902
-9.368809700012207
-9.387372970581055
-9.573162078857422
-9.568509101867676
-9.272468566894531
-9.465300559997559
-9.645663261413574
-9.36561107635498
-9.274432182312012
-9.64974308013916
-9.390081405639648
-9.18014144897461
-9.608097076416016
-9.282485961914062
-9.342626571655273
-9.634122848510742
-9.500360488891602
-9.250846862792969
-9.559150695800781
-9.535502433776855
-9.257111549377441
-9.557682037353516
-9.593253135681152
-9.459664344787598
-9.493351936340332
-9.590930938720703
-9.66855239868164
-9.59131908416748
-9.467951774597168
-9.474735260009766
-9.587604522705078
-9.617339134216309
-9.584864616394043
-9.481197357177734
-9.498757362365723
-9.606764793395996
-9.62468147277832
-9.625004768371582
-9.649924278259277
-9.592351913452148
-9.579000473022461
-9.559930801391602
-9.60274600982666
-9.647329330444336
-9.609257698059082
-9.669513702392578
-9.624512672424316
-9.652935028076172
-9.59305191040039
-9.62833023071289
-9.519216537475586
-9.478944778442383
-9.580809593200684
-9.646049499511719
-9.595443725585938
-9.474322319030762
-9.438253402709961
-9.57819652557373
-9.638440132141113
-9.608579635620117
-9.574475288391113
-9.461186408996582
-9.516738891601562
-9.630416870117188
-9.646745681762695
-9.622660636901855
-9.560274124145508
-9.4506254196167
-9.525195121765137
-9.581236839294434
-9.629523277282715
-9.489862442016602
-9.477723121643066
-9.569316864013672
-9.619958877563477
-9.588996887207031
-9.448626518249512
-9.613733291625977
-9.631383895874023
-9.412691116333008
-9.442078590393066
-9.610307693481445
-9.637298583984375
-9.590132713317871
-9.45996379852295
-9.618372917175293
-9.66101360321045
-9.646958351135254
-9.56761360168457
-9.461183547973633
-9.641631126403809
-9.631078720092773
-9.520532608032227
-9.519882202148438
-9.61935806274414
-9.687275886535645
-9.591958999633789
-9.410076141357422
-9.570252418518066
-9.660993576049805
-9.596230506896973
-9.44679069519043
-9.4863920211792
-9.649247169494629
-9.642593383789062
-9.565074920654297
-9.511917114257812
-9.615723609924316
-9.662049293518066
-9.66226577758789
-9.669610977172852
-9.65027141571045
-9.564597129821777
-9.557004928588867
-9.581070899963379
-9.641212463378906
-9.665928840637207
-9.668453216552734
-9.63793659210205
-9.569831848144531
-9.513162612915039
-9.564268112182617
-9.652997970581055
-9.645384788513184
-9.595820426940918
-9.50429916381836
-9.505724906921387
-9.602307319641113
-9.666535377502441
-9.569334030151367
-9.497931480407715
-9.553244590759277
-9.637293815612793
-9.580877304077148
-9.47409725189209
-9.601534843444824
-9.625387191772461
-9.554539680480957
-9.528575897216797
-9.598679542541504
-9.664917945861816
-9.630179405212402
-9.623831748962402
-9.66692066192627
-9.644922256469727
-9.666597366333008
-9.625128746032715
-9.601726531982422
-9.59041976928711
-9.59737491607666
-9.58022403717041
-9.583269119262695
-9.606355667114258
-9.618907928466797
-9.670591354370117
-9.663402557373047
-9.701074600219727
-9.590526580810547
-9.537836074829102
-9.53912353515625
-9.574626922607422
-9.669379234313965
-9.6524019241333
-9.598590850830078
-9.446199417114258
-9.548702239990234
-9.654492378234863
-9.706459045410156
-9.643160820007324
-9.611047744750977
-9.667017936706543
-9.640987396240234
-9.610489845275879
-9.62740421295166
-9.639869689941406
-9.633490562438965
-9.600114822387695
-9.601825714111328
-9.626340866088867
-9.597654342651367
-9.589795112609863
-9.624272346496582
-9.650739669799805
-9.593792915344238
-9.587484359741211
-9.599584579467773
-9.662625312805176
-9.649726867675781
-9.662457466125488
-9.65606689453125
-9.667181015014648
-9.669794082641602
-9.669563293457031
-9.667000770568848
-9.69481372833252
-9.674969673156738
-9.682432174682617
-9.689567565917969
-9.678239822387695
-9.671667098999023
-9.652605056762695
-9.64795207977295
-9.632038116455078
-9.54338264465332
-9.524443626403809
-9.600534439086914
-9.665939331054688
-9.665202140808105
-9.68678092956543
-9.698616981506348
-9.700429916381836
-9.697257995605469
-9.694875717163086
-9.65998649597168
-9.636240005493164
-9.597180366516113
-9.548709869384766
-9.5352201461792
-9.642224311828613
-9.683444023132324
-9.693034172058105
-9.680253982543945
-9.65921401977539
-9.545069694519043
-9.520927429199219
-9.634284019470215
-9.702580451965332
-9.719977378845215
-9.661852836608887
-9.724892616271973
-9.705336570739746
-9.69964599609375
-9.680282592773438
-9.704561233520508
-9.58216381072998
-9.416963577270508
-9.558622360229492
-9.671418190002441
-9.67085075378418
-9.508489608764648
-9.477429389953613
-9.595388412475586
-9.686248779296875
-9.712435722351074
-9.698982238769531
-9.715112686157227
-9.705110549926758
-9.633638381958008
-9.567660331726074
-9.574891090393066
-9.616616249084473
-9.61703872680664
-9.615839958190918
-9.598411560058594
-9.603073120117188
-9.691929817199707
-9.68559455871582
-9.711125373840332
-9.710397720336914
-9.68782901763916
-9.688949584960938
-9.667243957519531
-9.630743026733398
-9.5842924118042
-9.619503021240234
-9.59820556640625
-9.60910701751709
-9.597716331481934
-9.642436027526855
-9.644694328308105
-9.631885528564453
-9.642045021057129
-9.599688529968262
-9.665828704833984
-9.672245025634766
-9.682594299316406
-9.66182804107666
-9.689209938049316
-9.691008567810059
-9.715641975402832
-9.613153457641602
-9.505973815917969
-9.578200340270996
-9.648746490478516
-9.672457695007324
-9.551713943481445
-9.4620361328125
-9.632729530334473
-9.720806121826172
-9.667704582214355
-9.535964965820312
-9.484855651855469
-9.676509857177734
-9.692435264587402
-9.565672874450684
-9.298320770263672
-9.69533634185791
-9.687457084655762
-9.4292631149292
-9.500515937805176
-9.70063304901123
-9.643726348876953
-9.437897682189941
-9.56142520904541
-9.700039863586426
-9.614297866821289
-9.381599426269531
-9.609437942504883
-9.68481159210205
-9.639342308044434
-9.583086967468262
-9.64583683013916
-9.649349212646484
-9.692299842834473
-9.718558311462402
-9.716723442077637
-9.7288179397583
-9.731244087219238
-9.729836463928223
-9.664119720458984
-9.576865196228027
-9.557680130004883
-9.614418029785156
-9.671209335327148
-9.733304023742676
-9.732690811157227
-9.705367088317871
-9.623977661132812
-9.654458999633789
-9.659987449645996
-9.723215103149414
-9.738049507141113
-9.731169700622559
-9.643655776977539
-9.571436882019043
-9.56873607635498
-9.66133975982666
-9.73960018157959
-9.726556777954102
-9.727395057678223
-9.72339916229248
-9.715590476989746
-9.71028995513916
-9.718376159667969
-9.715807914733887
-9.726393699645996
-9.663827896118164
-9.5774564743042
-9.534280776977539
-9.586384773254395
-9.703559875488281
-9.736860275268555
-9.74206829071045
-9.724333763122559
-9.72495174407959
-9.690896987915039
-9.616061210632324
-9.590217590332031
-9.609140396118164
-9.648619651794434
-9.705456733703613
-9.659472465515137
-9.63223648071289
-9.54747200012207
-9.608346939086914
-9.699983596801758
-9.749653816223145
-9.700672149658203
-9.752358436584473
-9.668987274169922
-9.66810131072998
-9.657339096069336
-9.641518592834473
-9.669038772583008
-9.67481803894043
-9.686009407043457
-9.723091125488281
-9.718137741088867
-9.716267585754395
-9.685484886169434
-9.691017150878906
-9.706296920776367
-9.715798377990723
-9.696345329284668
-9.622873306274414
-9.586006164550781
-9.568617820739746
-9.629706382751465
-9.700296401977539
-9.716349601745605
-9.753439903259277
-9.777558326721191
-9.73945140838623
-9.610260009765625
-9.564543724060059
-9.602941513061523
-9.708946228027344
-9.704668045043945
-9.727877616882324
-9.740610122680664
-9.746482849121094
-9.756815910339355
-9.730884552001953
-9.75749397277832
-9.747182846069336
-9.739920616149902
-9.6320219039917
-9.548032760620117
-9.571346282958984
-9.693625450134277
-9.713689804077148
-9.7363862991333
-9.608744621276855
-9.531327247619629
-9.671468734741211
-9.687597274780273
-9.7513427734375
-9.611366271972656
-9.418781280517578
-9.698317527770996
-9.734054565429688
-9.64102554321289
-9.41726016998291
-9.618410110473633
-9.736783027648926
-9.635226249694824
-9.43867015838623
-9.706963539123535
-9.637042999267578
-9.413084983825684
-9.69111442565918
-9.712064743041992
-9.529291152954102
-9.489635467529297
-9.697675704956055
-9.769192695617676
-9.681368827819824
-9.499037742614746
-9.58570671081543
-9.715459823608398
-9.730320930480957
-9.751626014709473
-9.701221466064453
-9.710301399230957
-9.709219932556152
-9.724651336669922
-9.746170043945312
-9.68669319152832
-9.61285400390625
-9.617034912109375
-9.654788970947266
-9.733271598815918
-9.780383110046387
-9.771910667419434
-9.692100524902344
-9.629395484924316
-9.629618644714355
-9.647314071655273
-9.744879722595215
-9.760875701904297
-9.768799781799316
-9.764866828918457
-9.77999210357666
-9.765432357788086
-9.7280855178833
-9.72082805633545
-9.692767143249512
-9.72341537475586
-9.727903366088867
-9.71476936340332
-9.662919044494629
-9.631464004516602
-9.638355255126953
-9.688921928405762
-9.736137390136719
-9.750838279724121
-9.701630592346191
-9.646866798400879
-9.57392692565918
-9.624136924743652
-9.670207977294922
-9.65143871307373
-9.662529945373535
-9.71522045135498
-9.702327728271484
-9.521524429321289
-9.572184562683105
-9.723003387451172
-9.737083435058594
-9.579524993896484
-9.578256607055664
-9.707794189453125
-9.739585876464844
-9.663532257080078
-9.582731246948242
-9.63961124420166
-9.674583435058594
-9.71988582611084
-9.744157791137695
-9.741861343383789
-9.720292091369629
-9.668654441833496
-9.61658000946045
-9.624872207641602
-9.710508346557617
-9.761877059936523
-9.756340026855469
-9.651780128479004
-9.571930885314941
-9.678789138793945
-9.682218551635742
-9.770129203796387
-9.675886154174805
-9.537043571472168
-9.648946762084961
-9.760831832885742
-9.78493881225586
-9.712957382202148
-9.583930015563965
-9.637821197509766
-9.712320327758789
-9.799176216125488
-9.755890846252441
-9.623867988586426
-9.64130973815918
-9.690780639648438
-9.749342918395996
-9.730944633483887
-9.562006950378418
-9.543168067932129
-9.719099044799805
-9.677278518676758
-9.380058288574219
-9.638614654541016
-9.73029899597168
-9.669304847717285
-9.56928825378418
-9.639154434204102
-9.708091735839844
-9.743280410766602
-9.763228416442871
-9.746562004089355
-9.65223503112793
-9.589768409729004
-9.652886390686035
-9.754474639892578
-9.790070533752441
-9.773148536682129
-9.737364768981934
-9.595590591430664
-9.58596420288086
-9.712918281555176
-9.745803833007812
-9.744193077087402
-9.549844741821289
-9.598443984985352
-9.776508331298828
-9.716744422912598
-9.543529510498047
-9.573241233825684
-9.730791091918945
-9.773107528686523
-9.721569061279297
-9.607044219970703
-9.703205108642578
-9.731223106384277
-9.703997611999512
-9.68262767791748
-9.64688777923584
-9.674345016479492
-9.764678001403809
-9.793648719787598
-9.723536491394043
-9.677973747253418
-9.662714958190918
-9.719186782836914
-9.73838996887207
-9.76870059967041
-9.778541564941406
-9.75147819519043
-9.740208625793457
-9.689022064208984
-9.645752906799316
-9.70632553100586
-9.754303932189941
-9.77131462097168
-9.762824058532715
-9.726797103881836
-9.77072811126709
-9.706745147705078
-9.723971366882324
-9.77050495147705
-9.688186645507812
-9.627872467041016
-9.681073188781738
-9.70097541809082
-9.789769172668457
-9.744622230529785
-9.63778018951416
-9.670714378356934
-9.722692489624023
-9.80332088470459
-9.770187377929688
-9.677581787109375
-9.578245162963867
-9.625948905944824
-9.790242195129395
-9.789947509765625
-9.7284517288208
-9.713089942932129
-9.674260139465332
-9.699182510375977
-9.736960411071777
-9.777650833129883
-9.770251274108887
-9.784411430358887
-9.813509941101074
-9.787579536437988
-9.794092178344727
-9.792283058166504
-9.79304313659668
-9.786445617675781
-9.754612922668457
-9.705216407775879
-9.624417304992676
-9.686260223388672
-9.732483863830566
-9.753759384155273
-9.780203819274902
-9.777970314025879
-9.729546546936035
-9.688353538513184
-9.686959266662598
-9.700092315673828
-9.723657608032227
-9.71693229675293
-9.681904792785645
-9.69677734375
-9.696512222290039
-9.700963973999023
-9.660879135131836
-9.664546012878418
-9.672569274902344
-9.701204299926758
-9.761876106262207
-9.801344871520996
-9.788564682006836
-9.727852821350098
-9.65308952331543
-9.625083923339844
-9.705970764160156
-9.766654968261719
-9.77330493927002
-9.796981811523438
-9.762552261352539
-9.745532989501953
-9.588908195495605
-9.65170669555664
-9.780204772949219
-9.736631393432617
-9.552639961242676
-9.581165313720703
-9.745988845825195
-9.667986869812012
-9.471442222595215
-9.689263343811035
-9.747989654541016
-9.769156455993652
-9.702481269836426
-9.692450523376465
-9.692323684692383
-9.671733856201172
-9.753731727600098
-9.764512062072754
-9.78253173828125
-9.804723739624023
-9.806992530822754
-9.78674030303955
-9.78178596496582
-9.686220169067383
-9.673752784729004
-9.67898941040039
-9.745288848876953
-9.79312801361084
-9.799589157104492
-9.781051635742188
-9.745461463928223
-9.72581958770752
-9.671236991882324
-9.772107124328613
-9.775279998779297
-9.790505409240723
-9.761714935302734
-9.68486499786377
-9.628518104553223
-9.686521530151367
-9.783058166503906
-9.74918270111084
-9.541130065917969
-9.659741401672363
-9.784721374511719
-9.76978588104248
-9.650015830993652
-9.535128593444824
-9.731554985046387
-9.769342422485352
-9.690037727355957
-9.530559539794922
-9.708958625793457
-9.782625198364258
-9.783036231994629
-9.765413284301758
-9.665534019470215
-9.677594184875488
-9.716639518737793
-9.75567626953125
-9.828643798828125
-9.773361206054688
-9.752889633178711
-9.632341384887695
-9.61408519744873
-9.772836685180664
-9.805469512939453
-9.773179054260254
-9.636110305786133
-9.63708782196045
-9.813507080078125
-9.775362014770508
-9.590858459472656
-9.594611167907715
-9.7813138961792
-9.811494827270508
-9.782901763916016
-9.65022087097168
-9.673299789428711
-9.769513130187988
-9.807685852050781
-9.801867485046387
-9.739137649536133
-9.68619441986084
-9.692497253417969
-9.76657485961914
-9.806685447692871
-9.823328971862793
-9.801679611206055
-9.739692687988281
-9.605754852294922
-9.65627384185791
-9.808241844177246
-9.808279991149902
-9.761502265930176
-9.76097297668457
-9.72203254699707
-9.77268123626709
-9.78671932220459
-9.806920051574707
-9.772629737854004
-9.707125663757324
-9.629535675048828
-9.66856861114502
-9.772666931152344
-9.807053565979004
-9.829426765441895
-9.791389465332031
-9.82419490814209
-9.834366798400879
-9.8179931640625
-9.850173950195312
-9.799956321716309
-9.72042465209961
-9.689943313598633
-9.738358497619629
-9.728983879089355
-9.751367568969727
-9.782113075256348
-9.788680076599121
-9.78657341003418
-9.753769874572754
-9.727596282958984
-9.73061752319336
-9.691217422485352
-9.71493148803711
-9.759458541870117
-9.811636924743652
-9.815391540527344
-9.81760025024414
-9.793947219848633
-9.78288745880127
-9.767986297607422
-9.754578590393066
-9.728076934814453
-9.753823280334473
-9.77800178527832
-9.737190246582031
-9.689407348632812
-9.77889633178711
-9.819624900817871
-9.810294151306152
-9.837994575500488
-9.818628311157227
-9.757826805114746
-9.698723793029785
-9.635186195373535
-9.75393009185791
-9.808503150939941
-9.790030479431152
-9.522628784179688
-9.646453857421875
-9.787699699401855
-9.804387092590332
-9.738533973693848
-9.704805374145508
-9.737167358398438
-9.791876792907715
-9.839383125305176
-9.844347953796387
-9.775964736938477
-9.683893203735352
-9.700847625732422
-9.716578483581543
-9.728971481323242
-9.758828163146973
-9.783447265625
-9.811007499694824
-9.8405122756958
-9.830812454223633
-9.819991111755371
-9.818607330322266
-9.819588661193848
-9.826645851135254
-9.738252639770508
-9.685346603393555
-9.745723724365234
-9.76230239868164
-9.785971641540527
-9.818180084228516
-9.83885383605957
-9.831668853759766
-9.800875663757324
-9.785534858703613
-9.774120330810547
-9.682494163513184
-9.636616706848145
-9.703873634338379
-9.794878005981445
-9.835038185119629
-9.821161270141602
-9.830886840820312
-9.804662704467773
-9.768898963928223
-9.689019203186035
-9.660283088684082
-9.707042694091797
-9.767719268798828
-9.81382942199707
-9.849163055419922
-9.77808952331543
-9.725011825561523
-9.729530334472656
-9.755569458007812
-9.799586296081543
-9.833978652954102
-9.850561141967773
-9.81913948059082
-9.793200492858887
-9.69412612915039
-9.627495765686035
-9.750778198242188
-9.81567096710205
-9.821402549743652
-9.720722198486328
-9.584604263305664
-9.699203491210938
-9.798500061035156
-9.850353240966797
-9.857017517089844
-9.812223434448242
-9.86184024810791
-9.856710433959961
-9.81081485748291
-9.704244613647461
-9.646347999572754
-9.796265602111816
-9.818520545959473
-9.836215019226074
-9.778153419494629
-9.691665649414062
-9.66749095916748
-9.684858322143555
-9.749734878540039
-9.802562713623047
-9.85508918762207
-9.852710723876953
-9.84753704071045
-9.84349250793457
-9.804327011108398
-9.856618881225586
-9.85272216796875
-9.835601806640625
-9.843499183654785
-9.8375825881958
-9.815918922424316
-9.802461624145508
-9.775656700134277
-9.697665214538574
-9.631439208984375
-9.679429054260254
-9.75772762298584
-9.810920715332031
-9.815768241882324
-9.749496459960938
-9.709638595581055
-9.770004272460938
-9.815651893615723
-9.847357749938965
-9.848233222961426
-9.798215866088867
-9.723278045654297
-9.698256492614746
-9.676602363586426
-9.738788604736328
-9.835718154907227
-9.86448860168457
-9.846914291381836
-9.78276252746582
-9.744121551513672
-9.59196949005127
-9.749743461608887
-9.788135528564453
-9.805318832397461
-9.803305625915527
-9.759625434875488
-9.807703971862793
-9.821049690246582
-9.841645240783691
-9.824248313903809
-9.82658863067627
-9.81189250946045
-9.736493110656738
-9.72083854675293
-9.673357963562012
-9.73965072631836
-9.731075286865234
-9.78002643585205
-9.77100658416748
-9.738418579101562
-9.738128662109375
-9.729575157165527
-9.832677841186523
-9.822851181030273
-9.858918190002441
-9.701278686523438
-9.604188919067383
-9.733356475830078
-9.848711013793945
-9.853708267211914
-9.80592155456543
-9.673583984375
-9.588430404663086
-9.752257347106934
-9.841737747192383
-9.836252212524414
-9.80313491821289
-9.820273399353027
-9.738954544067383
-9.742537498474121
-9.7654447555542
-9.799858093261719
-9.762847900390625
-9.800064086914062
-9.771742820739746
-9.819808959960938
-9.849905014038086
-9.861382484436035
-9.83137321472168
-9.742890357971191
-9.646096229553223
-9.63210678100586
-9.724815368652344
-9.808740615844727
-9.823748588562012
-9.829065322875977
-9.810138702392578
-9.760435104370117
-9.69725227355957
-9.714244842529297
-9.793713569641113
-9.811214447021484
-9.842178344726562
-9.782414436340332
-9.696459770202637
-9.69374942779541
-9.74587631225586
-9.847829818725586
-9.862469673156738
-9.823625564575195
-9.799630165100098
-9.787196159362793
-9.801109313964844
-9.77913761138916
-9.710330963134766
-9.716156959533691
-9.767621040344238
-9.804206848144531
-9.766815185546875
-9.742197036743164
-9.801948547363281
-9.843605041503906
-9.819128036499023
-9.807027816772461
-9.835057258605957
-9.848454475402832
-9.819457054138184
-9.796643257141113
-9.759777069091797
-9.72946548461914
-9.689496040344238
-9.75769329071045
-9.801803588867188
-9.834709167480469
-9.831669807434082
-9.868387222290039
-9.817815780639648
-9.789595603942871
-9.78748607635498
-9.800166130065918
-9.810066223144531
-9.809060096740723
-9.734625816345215
-9.729747772216797
-9.766827583312988
-9.77367877960205
-9.81121826171875
-9.808894157409668
-9.825925827026367
-9.794474601745605
-9.820443153381348
-9.849335670471191
-9.810356140136719
-9.789834976196289
-9.727237701416016
-9.720643043518066
-9.776400566101074
-9.830530166625977
-9.82115650177002
-9.820392608642578
-9.772383689880371
-9.687201499938965
-9.761610984802246
-9.799713134765625
-9.848764419555664
-9.855730056762695
-9.823945999145508
-9.76856803894043
-9.719871520996094
-9.711162567138672
-9.775004386901855
-9.765666961669922
-9.791786193847656
-9.776113510131836
-9.796032905578613
-9.757121086120605
-9.743049621582031
-9.799528121948242
-9.81477165222168
-9.786210060119629
-9.786351203918457
-9.746333122253418
-9.80290412902832
-9.80180835723877
-9.867310523986816
-9.876709938049316
-9.8771333694458
-9.882949829101562
-9.881935119628906
-9.884991645812988
-9.816338539123535
-9.729456901550293
-9.669135093688965
-9.786601066589355
-9.870133399963379
-9.827614784240723
-9.779444694519043
-9.69455623626709
-9.711722373962402
-9.782042503356934
-9.819647789001465
-9.851978302001953
-9.810983657836914
-9.799230575561523
-9.762002944946289
-9.757390022277832
-9.746010780334473
-9.778210639953613
-9.837836265563965
-9.766890525817871
-9.746306419372559
-9.702964782714844
-9.808691024780273
-9.825088500976562
-9.840548515319824
-9.797297477722168
-9.774923324584961
-9.724493980407715
-9.756101608276367
-9.833462715148926
-9.87235164642334
-9.882648468017578
-9.90381908416748
-9.891412734985352
-9.810105323791504
-9.713520050048828
-9.68570327758789
-9.798120498657227
-9.796220779418945
-9.82190990447998
-9.795000076293945
-9.815084457397461
-9.765438079833984
-9.706762313842773
-9.742880821228027
-9.818025588989258
-9.884976387023926
-9.864121437072754
-9.862166404724121
-9.701265335083008
-9.656157493591309
-9.78182601928711
-9.861594200134277
-9.850101470947266
-9.727091789245605
-9.668871879577637
-9.785512924194336
-9.832696914672852
-9.885502815246582
-9.90992259979248
-9.851678848266602
-9.77316665649414
-9.680780410766602
-9.755751609802246
-9.779840469360352
-9.836992263793945
-9.88486385345459
-9.871840476989746
-9.870648384094238
-9.857016563415527
-9.756295204162598
-9.71969985961914
-9.775732040405273
-9.787079811096191
-9.827570915222168
-9.819457054138184
-9.824952125549316
-9.798588752746582
-9.720030784606934
-9.665584564208984
-9.739344596862793
-9.81899642944336
-9.896965980529785
-9.871006965637207
-9.880949974060059
-9.844715118408203
-9.880048751831055
-9.848031997680664
-9.824135780334473
-9.778911590576172
-9.747020721435547
-9.74637508392334
-9.78449821472168
-9.83194351196289
-9.849870681762695
-9.872896194458008
-9.892862319946289
-9.761077880859375
-9.72415828704834
-9.70700454711914
-9.832961082458496
-9.876701354980469
-9.744841575622559
-9.545917510986328
-9.81019115447998
-9.890203475952148
-9.764506340026855
-9.658885955810547
-9.775275230407715
-9.861248016357422
-9.877300262451172
-9.842707633972168
-9.6778564453125
-9.712876319885254
-9.841226577758789
-9.887018203735352
-9.8596773147583
-9.872444152832031
-9.885635375976562
-9.863165855407715
-9.824742317199707
-9.839933395385742
-9.76779842376709
-9.76636791229248
-9.75833511352539
-9.786410331726074
-9.825871467590332
-9.81246280670166
-9.814701080322266
-9.76336669921875
-9.785881042480469
-9.778305053710938
-9.83330249786377
-9.863104820251465
-9.884398460388184
-9.880010604858398
-9.84171199798584
-9.804145812988281
-9.755620956420898
-9.813754081726074
-9.85810375213623
-9.904267311096191
-9.885859489440918
-9.833694458007812
-9.853828430175781
-9.837691307067871
-9.780280113220215
-9.782510757446289
-9.830097198486328
-9.843730926513672
-9.876136779785156
-9.865348815917969
-9.874619483947754
-9.860560417175293
-9.718133926391602
-9.654363632202148
-9.831786155700684
-9.879721641540527
-9.859840393066406
-9.867507934570312
-9.837825775146484
-9.791714668273926
-9.708331108093262
-9.743417739868164
-9.835152626037598
-9.8761625289917
-9.907402992248535
-9.880487442016602
-9.893658638000488
-9.836845397949219
-9.738781929016113
-9.691635131835938
-9.790480613708496
-9.857723236083984
-9.824641227722168
-9.8576078414917
-9.845086097717285
-9.833394050598145
-9.80958366394043
-9.763556480407715
-9.827655792236328
-9.858245849609375
-9.934797286987305
-9.874532699584961
-9.829689025878906
-9.712213516235352
-9.721663475036621
-9.840452194213867
-9.885719299316406
-9.919134140014648
-9.922545433044434
-9.894807815551758
-9.91543197631836
-9.904616355895996
-9.901540756225586
-9.89128589630127
-9.840903282165527
-9.808008193969727
-9.734278678894043
-9.720531463623047
-9.790249824523926
-9.834795951843262
-9.870243072509766
-9.884084701538086
-9.873424530029297
-9.851229667663574
-9.835017204284668
-9.796987533569336
-9.804652214050293
-9.779122352600098
-9.755358695983887
-9.760274887084961
-9.844551086425781
-9.894341468811035
-9.881331443786621
-9.778064727783203
-9.59725284576416
-9.806270599365234
-9.875455856323242
-9.923491477966309
-9.927886962890625
-9.865691184997559
-9.8875732421875
-9.825569152832031
-9.714070320129395
-9.75872802734375
-9.832967758178711
-9.859540939331055
-9.915360450744629
-9.906829833984375
-9.893434524536133
-9.88749885559082
-9.864471435546875
-9.896814346313477
-9.891891479492188
-9.867694854736328
-9.765938758850098
-9.666949272155762
-9.773411750793457
-9.851208686828613
-9.905623435974121
-9.917999267578125
-9.858983039855957
-9.652682304382324
-9.691290855407715
-9.859762191772461
-9.879403114318848
-9.802024841308594
-9.568506240844727
-9.736671447753906
-9.907402992248535
-9.834177017211914
-9.657588958740234
-9.696292877197266
-9.874858856201172
-9.916394233703613
-9.801767349243164
-9.62869930267334
-9.778996467590332
-9.871256828308105
-9.93043041229248
-9.89105224609375
-9.862800598144531
-9.849925994873047
-9.816404342651367
-9.766046524047852
-9.751304626464844
-9.805678367614746
-9.853471755981445
-9.857100486755371
-9.855391502380371
-9.83773422241211
-9.822113990783691
-9.77418327331543
-9.813050270080566
-9.824485778808594
-9.868277549743652
-9.862407684326172
-9.800162315368652
-9.753196716308594
-9.735595703125
-9.841254234313965
-9.868953704833984
-9.903114318847656
-9.879127502441406
-9.881494522094727
-9.910591125488281
-9.907859802246094
-9.9117431640625
-9.918381690979004
-9.87779712677002
-9.851359367370605
-9.75329303741455
-9.71020793914795
-9.826290130615234
-9.890661239624023
-9.913355827331543
-9.895618438720703
-9.889878273010254
-9.898598670959473
-9.849156379699707
-9.802411079406738
-9.82530403137207
-9.840776443481445
-9.804439544677734
-9.84632396697998
-9.848856925964355
-9.866025924682617
-9.907754898071289
-9.904496192932129
-9.909703254699707
-9.892988204956055
-9.841761589050293
-9.73150634765625
-9.736237525939941
-9.875761032104492
-9.927101135253906
-9.901516914367676
-9.84938907623291
-9.713053703308105
-9.812629699707031
-9.899860382080078
-9.893166542053223
-9.871944427490234
-9.75628662109375
-9.756831169128418
-9.827553749084473
-9.888703346252441
-9.903833389282227
-9.891220092773438
-9.891520500183105
-9.816852569580078
-9.753971099853516
-9.815776824951172
-9.844572067260742
-9.832609176635742
-9.81096363067627
-9.840692520141602
-9.871427536010742
-9.866796493530273
-9.871708869934082
-9.883489608764648
-9.886014938354492
-9.929696083068848
-9.893993377685547
-9.88585090637207
-9.807340621948242
-9.817441940307617
-9.82056713104248
-9.75059700012207
-9.807159423828125
-9.829899787902832
-9.867265701293945
-9.865466117858887
-9.901932716369629
-9.908012390136719
-9.907735824584961
-9.910440444946289
-9.862890243530273
-9.843743324279785
-9.821269989013672
-9.768671035766602
-9.797407150268555
-9.855328559875488
-9.88232135772705
-9.872652053833008
-9.878268241882324
-9.867862701416016
-9.8779296875
-9.888707160949707
-9.870940208435059
-9.822458267211914
-9.811283111572266
-9.85677719116211
-9.854951858520508
-9.855233192443848
-9.840314865112305
-9.735509872436523
-9.76624584197998
-9.821941375732422
-9.865411758422852
-9.8658447265625
-9.912793159484863
-9.795183181762695
-9.804378509521484
-9.782444953918457
-9.87941837310791
-9.886174201965332
-9.88809585571289
-9.872103691101074
-9.764932632446289
-9.671597480773926
-9.825416564941406
-9.921695709228516
-9.927495956420898
-9.942272186279297
-9.916193962097168
-9.831616401672363
-9.736292839050293
-9.774148941040039
-9.891303062438965
-9.944314002990723
-9.91960334777832
-9.945923805236816
-9.914107322692871
-9.908803939819336
-9.818302154541016
-9.708913803100586
-9.804004669189453
-9.912459373474121
-9.92623519897461
-9.817670822143555
-9.653205871582031
-9.666272163391113
-9.832867622375488
-9.890629768371582
-9.919561386108398
-9.911657333374023
-9.884931564331055
-9.823105812072754
-9.77030086517334
-9.843640327453613
-9.904377937316895
-9.766693115234375
-9.60447883605957
-9.794679641723633
-9.910137176513672
-9.90760612487793
-9.794438362121582
-9.652554512023926
-9.810516357421875
-9.924948692321777
-9.937990188598633
-9.8936128616333
-9.835535049438477
-9.775671005249023
-9.820840835571289
-9.844030380249023
-9.876936912536621
-9.844432830810547
-9.7909517288208
-9.872447967529297
-9.868982315063477
-9.70736312866211
-9.563880920410156
-9.884632110595703
-9.865617752075195
-9.738003730773926
-9.694425582885742
-9.912637710571289
-9.929275512695312
-9.794651985168457
-9.626482963562012
-9.830534934997559
-9.932794570922852
-9.936842918395996
-9.876047134399414
-9.725188255310059
-9.747028350830078
-9.88998794555664
-9.94308090209961
-9.849183082580566
-9.702723503112793
-9.786115646362305
-9.906147956848145
-9.925638198852539
-9.795783042907715
-9.608080863952637
-9.83922290802002
-9.915489196777344
-9.943754196166992
-9.862983703613281
-9.789656639099121
-9.811842918395996
-9.871915817260742
-9.919090270996094
-9.948692321777344
-9.947554588317871
-9.938896179199219
-9.947938919067383
-9.963241577148438
-9.957223892211914
-9.941567420959473
-9.930904388427734
-9.912799835205078
-9.843878746032715
-9.783098220825195
-9.83537769317627
-9.916780471801758
-9.941617012023926
-9.960494995117188
-9.941370964050293
-9.861308097839355
-9.732827186584473
-9.751169204711914
-9.872099876403809
-9.897199630737305
-9.876853942871094
-9.872193336486816
-9.846728324890137
-9.823378562927246
-9.826550483703613
-9.842041015625
-9.892679214477539
-9.908013343811035
-9.86327838897705
-9.856196403503418
-9.838235855102539
-9.82781982421875
-9.850249290466309
-9.814546585083008
-9.871908187866211
-9.887177467346191
-9.864860534667969
-9.90719223022461
-9.940077781677246
-9.910004615783691
-9.891727447509766
-9.845723152160645
-9.853163719177246
-9.828295707702637
-9.847938537597656
-9.86838150024414
-9.876920700073242
-9.934700965881348
-9.94771671295166
-9.935419082641602
-9.868593215942383
-9.889739990234375
-9.856422424316406
-9.90209674835205
-9.862852096557617
-9.819622993469238
-9.79983901977539
-9.905558586120605
-9.945401191711426
-9.941877365112305
-9.952971458435059
-9.862695693969727
-9.651320457458496
-9.790472030639648
-9.921829223632812
