loss_b
-0.5562355518341064
-0.5599548816680908
-0.5620112419128418
-0.5657348036766052
-0.5683699250221252
-0.5727828145027161
-0.5761895179748535
-0.5851926207542419
-0.5934346318244934
-0.6072681546211243
-0.6176223754882812
-0.6334619522094727
-0.6557291150093079
-0.6838279366493225
-0.7007250785827637
-0.7339842915534973
-0.7788581848144531
-0.8151576519012451
-0.8853011131286621
-0.943554162979126
-1.0260512828826904
-1.1243380308151245
-1.2154223918914795
-1.3403172492980957
-1.4619492292404175
-1.656857967376709
-1.8893951177597046
-2.1089718341827393
-2.59751033782959
-2.843174695968628
-3.234039306640625
-4.000794410705566
-3.8123722076416016
-3.3771047592163086
-3.0292880535125732
-3.403956413269043
-3.4148833751678467
-3.3065359592437744
-3.906639814376831
-3.720090627670288
-3.8341805934906006
-3.883640766143799
-3.626452922821045
-3.6488661766052246
-3.507310152053833
-3.5485808849334717
-3.9415783882141113
-3.8445234298706055
-4.015524864196777
-4.0549821853637695
-4.163687705993652
-4.460599422454834
-3.8278679847717285
-3.9512500762939453
-4.218858242034912
-4.032756805419922
-4.209030628204346
-4.043710231781006
-4.1966447830200195
-4.28157901763916
-4.0540313720703125
-4.211803913116455
-4.368588924407959
-4.250787734985352
-4.281672954559326
-4.506812572479248
-4.508887767791748
-4.522150993347168
-4.51507043838501
-4.44483757019043
-4.721444129943848
-4.638666152954102
-4.6738152503967285
-4.679319381713867
-4.61646842956543
-4.658851146697998
-4.848586559295654
-4.874542236328125
-4.909878253936768
-4.874964237213135
-4.687323570251465
-4.8690505027771
-4.787714958190918
-4.8391218185424805
-4.938605785369873
-5.04051399230957
-4.991610050201416
-5.066495895385742
-5.072529315948486
-4.980867385864258
-5.109665393829346
-5.2050042152404785
-5.2988176345825195
-5.342625617980957
-5.368012428283691
-5.213010787963867
-5.367347240447998
-5.469533443450928
-5.486824035644531
-5.510321617126465
-5.538399696350098
-5.528101444244385
-5.426518440246582
-5.610472202301025
-5.47566556930542
-5.472373008728027
-5.549363613128662
-5.391042232513428
-5.623953819274902
-5.566621780395508
-5.63115930557251
-5.736266613006592
-5.771899223327637
-5.687567710876465
-5.77400541305542
-5.792117118835449
-5.814826488494873
-5.894718647003174
-5.857205390930176
-5.880549907684326
-5.977547645568848
-5.96818208694458
-5.92594051361084
-6.00511360168457
-5.941690444946289
-5.896883964538574
-5.967015743255615
-6.0233330726623535
-6.079743385314941
-6.049133777618408
-6.0601348876953125
-6.023197650909424
-6.041895389556885
-6.056826114654541
-6.005311489105225
-6.0994367599487305
-6.160669803619385
-6.137082576751709
-6.135495662689209
-6.189087390899658
-6.243296146392822
-6.23675537109375
-6.192560195922852
-6.267894268035889
-6.272487163543701
-6.229796409606934
-6.252160549163818
-6.229035377502441
-6.367589950561523
-6.277668476104736
-6.362720489501953
-6.278361797332764
-6.3539323806762695
-6.348181247711182
-6.375842094421387
-6.428446292877197
-6.3533501625061035
-6.480090141296387
-6.289961338043213
-6.520534992218018
-6.4608988761901855
-6.483286380767822
-6.604083061218262
-6.444302558898926
-6.5486741065979
-6.570152282714844
-6.492947101593018
-6.641651153564453
-6.598851680755615
-6.530568599700928
-6.624145984649658
-6.492906093597412
-6.49610710144043
-6.579197883605957
-6.6322855949401855
-6.66044807434082
-6.55813455581665
-6.613005638122559
-6.7054643630981445
-6.762574672698975
-6.736135959625244
-6.764368057250977
-6.745319366455078
-6.682495594024658
-6.856623649597168
-6.814629554748535
-6.688851356506348
-6.874478816986084
-6.735409736633301
-6.813002586364746
-6.887337684631348
-6.926904201507568
-6.787424564361572
-6.9445390701293945
-6.661110877990723
-6.943037033081055
-6.744713306427002
-6.9715423583984375
-6.738380432128906
-6.740633487701416
-6.945706367492676
-6.867018222808838
-7.057123184204102
-6.954685688018799
-7.01924991607666
-6.914750099182129
-6.935891151428223
-7.172314167022705
-7.1476616859436035
-7.169877052307129
-7.171335697174072
-7.078240871429443
-7.187991619110107
-7.049731254577637
-7.113707542419434
-7.260701656341553
-7.213479042053223
-7.233145713806152
-7.268942832946777
-7.196411609649658
-7.259151935577393
-7.301076412200928
-7.325544357299805
-7.3568854331970215
-7.323960781097412
-7.41188907623291
-7.409716606140137
-7.161397457122803
-7.39237117767334
-7.264120578765869
-7.474266052246094
-7.242537975311279
-7.401320934295654
-7.307189464569092
-7.109034061431885
-7.488370895385742
-6.980445861816406
-7.5277934074401855
-7.13259220123291
-7.424867630004883
-7.228026866912842
-7.362792015075684
-7.128188133239746
-7.311892509460449
-7.23050594329834
-7.23969841003418
-7.39424991607666
-7.369706153869629
-7.565054416656494
-7.503216743469238
-7.58597993850708
-7.509992599487305
-7.582348823547363
-7.524799346923828
-7.521772861480713
-7.600541591644287
-7.506936550140381
-7.664714813232422
-7.574981689453125
-7.721270561218262
-7.686285972595215
-7.5572028160095215
-7.623754501342773
-7.6249518394470215
-7.66409969329834
-7.678161144256592
-7.680464267730713
-7.68407678604126
-7.6661376953125
-7.653387069702148
-7.758869171142578
-7.649725914001465
-7.763665199279785
-7.669607639312744
-7.636868953704834
-7.629595756530762
-7.653298854827881
-7.676419734954834
-7.733238697052002
-7.644499778747559
-7.668467044830322
-7.770948886871338
-7.656083583831787
-7.748018741607666
-7.815831661224365
-7.652680397033691
-7.677103519439697
-7.8637285232543945
-7.580125331878662
-7.810855388641357
-7.804019927978516
-7.792112350463867
-7.828886985778809
-7.772132873535156
-7.7679643630981445
-7.806271553039551
-7.908079624176025
-7.791877746582031
-7.800647258758545
-7.811445713043213
-7.547096252441406
-7.844460487365723
-7.736711025238037
-7.810766220092773
-7.8299970626831055
-7.78560733795166
-7.951487064361572
-7.908127784729004
-7.8641886711120605
-7.860416412353516
-7.849631309509277
-7.803049564361572
-7.857819080352783
-7.893588066101074
-7.759437084197998
-7.880848407745361
-8.001982688903809
-7.9508056640625
-7.96942663192749
-8.002962112426758
-7.974041938781738
-7.9227375984191895
-8.079071998596191
-7.875097751617432
-7.897645473480225
-7.966878890991211
-7.745928764343262
-7.990353107452393
-7.886474609375
-7.8503594398498535
-7.979547500610352
-7.742578506469727
-7.945122241973877
-8.042867660522461
-7.881802082061768
-8.060583114624023
-7.927544116973877
-7.954060077667236
-8.046785354614258
-8.026016235351562
-8.027480125427246
-8.097271919250488
-8.005005836486816
-7.825597763061523
-7.992441177368164
-8.06074047088623
-8.069644927978516
-7.9427409172058105
-8.043561935424805
-8.089140892028809
-8.116266250610352
-8.043854713439941
-8.16947078704834
-8.120057106018066
-8.1350736618042
-7.894564151763916
-8.095376968383789
-8.185667991638184
-8.18766975402832
-8.16739559173584
-8.190536499023438
-8.116511344909668
-8.028433799743652
-8.184304237365723
-8.218437194824219
-8.080924987792969
-7.869692325592041
-8.146856307983398
-8.205541610717773
-8.192139625549316
-8.120339393615723
-8.211698532104492
-8.104382514953613
-8.068559646606445
-8.191448211669922
-8.226421356201172
-8.15609073638916
-8.145217895507812
-8.225265502929688
-8.274710655212402
-8.315389633178711
-8.259079933166504
-8.20257568359375
-8.203872680664062
-8.314851760864258
-8.217950820922852
-8.046880722045898
-8.255656242370605
-8.310508728027344
-8.323775291442871
-8.301973342895508
-8.307991981506348
-8.310302734375
-8.2942533493042
-8.16635799407959
-8.124780654907227
-8.34063720703125
-8.210936546325684
-8.077489852905273
-8.314216613769531
-8.219094276428223
-8.095376968383789
-8.327722549438477
-8.277239799499512
-8.02145004272461
-8.345290184020996
-8.305276870727539
-7.997269153594971
-8.37899398803711
-8.182177543640137
-7.982166290283203
-8.32232666015625
-8.063759803771973
-8.23337173461914
-8.369160652160645
-8.313161849975586
-8.27702808380127
-8.39174747467041
-8.414785385131836
-8.359789848327637
-8.2794771194458
-8.294501304626465
-8.341378211975098
-8.392617225646973
-8.443412780761719
-8.395546913146973
-8.432202339172363
-8.414774894714355
-8.453559875488281
-8.377666473388672
-8.369187355041504
-8.37254524230957
-8.393298149108887
-8.45482349395752
-8.448318481445312
-8.41413402557373
-8.426459312438965
-8.42778205871582
-8.403748512268066
-8.332117080688477
-8.366272926330566
-8.386470794677734
-8.489569664001465
-8.536048889160156
-8.480157852172852
-8.386959075927734
-8.37721061706543
-8.45977783203125
-8.518692970275879
-8.548542976379395
-8.479704856872559
-8.408812522888184
-8.46541976928711
-8.52571964263916
-8.573487281799316
-8.584632873535156
-8.542464256286621
-8.518312454223633
-8.426222801208496
-8.401309967041016
-8.477314949035645
-8.520308494567871
-8.542678833007812
-8.570440292358398
-8.577616691589355
-8.594109535217285
-8.544310569763184
-8.404125213623047
-8.356016159057617
-8.402809143066406
-8.555676460266113
-8.590307235717773
-8.487343788146973
-8.270915031433105
-8.442975997924805
-8.587259292602539
-8.637585639953613
-8.587333679199219
-8.603323936462402
-8.558343887329102
-8.601725578308105
-8.6357421875
-8.644583702087402
-8.56757640838623
-8.53674602508545
-8.294177055358887
-8.478341102600098
-8.588171005249023
-8.652950286865234
-8.631357192993164
-8.522947311401367
-8.391212463378906
-8.526485443115234
-8.618270874023438
-8.636570930480957
-8.654878616333008
-8.648107528686523
-8.650005340576172
-8.484832763671875
-8.352476119995117
-8.502517700195312
-8.671749114990234
-8.675042152404785
-8.648195266723633
-8.41272258758545
-8.385364532470703
-8.653402328491211
-8.662371635437012
-8.511861801147461
-8.454861640930176
-8.610976219177246
-8.688970565795898
-8.670809745788574
-8.556717872619629
-8.389508247375488
-8.525118827819824
-8.72390079498291
-8.60513973236084
-8.354782104492188
-8.608436584472656
-8.707523345947266
-8.706294059753418
-8.61779499053955
-8.462922096252441
-8.581877708435059
-8.68181037902832
-8.735228538513184
-8.76194953918457
-8.720450401306152
-8.735811233520508
-8.7595853805542
-8.75681209564209
-8.69611930847168
-8.474647521972656
-8.47657299041748
-8.606241226196289
-8.677567481994629
-8.68645191192627
-8.655688285827637
-8.717302322387695
-8.684786796569824
-8.638228416442871
-8.641422271728516
-8.646772384643555
-8.697346687316895
-8.761552810668945
-8.74374771118164
-8.665870666503906
-8.59968376159668
-8.582127571105957
-8.6690034866333
-8.770421028137207
-8.79587459564209
-8.83293628692627
-8.809645652770996
-8.746421813964844
-8.641533851623535
-8.456418991088867
-8.575912475585938
-8.751228332519531
-8.8058500289917
-8.678067207336426
-8.511320114135742
-8.645493507385254
-8.788471221923828
-8.796052932739258
-8.80079460144043
-8.8339204788208
-8.818592071533203
-8.752755165100098
-8.651208877563477
-8.545652389526367
-8.725214958190918
-8.824030876159668
-8.869734764099121
-8.911551475524902
-8.844548225402832
-8.85669231414795
-8.784442901611328
-8.576602935791016
-8.51261043548584
-8.720107078552246
-8.840014457702637
-8.848495483398438
-8.69210433959961
-8.454144477844238
-8.781572341918945
-8.774853706359863
-8.250336647033691
-8.80533504486084
-8.802925109863281
-8.412405967712402
-8.760701179504395
-8.745467185974121
-8.489999771118164
-8.778319358825684
-8.884926795959473
-8.696624755859375
-8.38752269744873
-8.842524528503418
-8.485687255859375
-8.330626487731934
-8.878897666931152
-8.214813232421875
-8.866779327392578
-8.73524284362793
-8.44852066040039
-8.914169311523438
-8.60939884185791
-8.51712417602539
-8.887457847595215
-8.753355979919434
-8.359394073486328
-8.885342597961426
-8.718880653381348
-8.457086563110352
-8.919008255004883
-8.60658073425293
-8.626237869262695
-8.899662971496582
-8.681143760681152
-8.559135437011719
-8.910078048706055
-8.794008255004883
-8.43832778930664
-8.886022567749023
-8.868951797485352
-8.612269401550293
-8.835244178771973
-8.931386947631836
-8.748422622680664
-8.763681411743164
-8.93946647644043
-8.990503311157227
-8.913896560668945
-8.756620407104492
-8.690065383911133
-8.853513717651367
-8.932778358459473
-8.83179759979248
-8.736790657043457
-8.815335273742676
-8.914081573486328
-8.966431617736816
-8.943734169006348
-8.992627143859863
-8.958502769470215
-8.873695373535156
-8.85593032836914
-8.883100509643555
-8.912508010864258
-8.894843101501465
-8.888334274291992
-8.885832786560059
-8.900259017944336
-8.861919403076172
-8.81061840057373
-8.85306453704834
-8.938300132751465
-8.944683074951172
-8.9660005569458
-8.959359169006348
-8.958769798278809
-8.908269882202148
-8.802424430847168
-8.864005088806152
-8.923992156982422
-8.95570182800293
-8.962053298950195
-8.853006362915039
-8.731764793395996
-8.870332717895508
-8.971004486083984
-9.027562141418457
-8.99775505065918
-9.009464263916016
-9.006141662597656
-8.941217422485352
-8.80216121673584
-8.795816421508789
-8.933745384216309
-8.98763656616211
-9.044178009033203
-9.00801944732666
-8.85834789276123
-8.729453086853027
-8.863849639892578
-8.960275650024414
-9.00203800201416
-8.990208625793457
-9.024450302124023
-9.011871337890625
-8.990755081176758
-8.827095031738281
-8.713598251342773
-8.98495101928711
-9.017538070678711
-8.888736724853516
-8.703938484191895
-8.896480560302734
-9.042262077331543
-9.006789207458496
-8.808722496032715
-8.786375045776367
-9.011777877807617
-9.03357219696045
-8.880158424377441
-8.695219993591309
-8.985991477966309
-9.00711727142334
-8.816391944885254
-8.850370407104492
-8.917518615722656
-8.944245338439941
-8.990743637084961
-8.956437110900879
-8.96069622039795
-9.019433975219727
-9.038996696472168
-8.998912811279297
-8.74702262878418
-8.825912475585938
-9.038151741027832
-8.982958793640137
-8.830164909362793
-8.912030220031738
-9.014372825622559
-9.091341018676758
-9.022449493408203
-8.836816787719727
-8.808060646057129
-8.98377799987793
-9.07880687713623
-9.076061248779297
-8.930336952209473
-8.782536506652832
-8.908982276916504
-9.0477294921875
-9.095577239990234
-9.056406021118164
-8.952789306640625
-8.830278396606445
-8.930935859680176
-9.063133239746094
-9.114705085754395
-9.104704856872559
-9.054122924804688
-8.925677299499512
-8.783270835876465
-8.988525390625
-9.131364822387695
-9.078681945800781
-8.994410514831543
-8.886149406433105
-8.9918794631958
-9.0977201461792
-9.139554023742676
-9.124042510986328
-8.981575965881348
-8.907608985900879
-8.944137573242188
-8.993132591247559
-9.044492721557617
-9.030586242675781
-9.046961784362793
-8.989191055297852
-8.947344779968262
-9.008208274841309
-9.061538696289062
-9.11205768585205
-9.128382682800293
-9.101214408874512
-8.99985122680664
-8.824966430664062
-8.981766700744629
-9.143620491027832
-9.118683815002441
-9.092473030090332
-8.994284629821777
-8.922074317932129
-8.953908920288086
-9.057106971740723
-9.116573333740234
-9.16287612915039
-9.122636795043945
-9.025619506835938
-8.896148681640625
-9.03148365020752
-9.13929557800293
-9.122899055480957
-8.997013092041016
-8.88239860534668
-9.02633285522461
-9.152376174926758
-9.125431060791016
-9.115532875061035
-8.940749168395996
-8.823226928710938
-9.084824562072754
-9.151741027832031
-9.142683029174805
-8.908848762512207
-8.761228561401367
-9.111706733703613
-9.096416473388672
-8.834964752197266
-8.919669151306152
-9.117084503173828
-9.07463264465332
-8.778548240661621
-8.9105806350708
-9.159372329711914
-9.156567573547363
-9.02656078338623
-8.829276084899902
-9.033862113952637
-9.194029808044434
-9.086382865905762
-8.777002334594727
-9.072696685791016
-9.173186302185059
-9.012589454650879
-8.779592514038086
-9.055193901062012
-9.122213363647461
-8.8171968460083
-8.907509803771973
-9.160490036010742
-8.896339416503906
-8.769227027893066
-9.170708656311035
-8.856404304504395
-8.788877487182617
-9.168574333190918
-8.818022727966309
-8.914752960205078
-9.16789722442627
-9.100441932678223
-8.839150428771973
-9.074064254760742
-9.166265487670898
-9.152506828308105
-8.989418983459473
-8.9306001663208
-9.141098976135254
-9.182438850402832
-9.042344093322754
-8.847098350524902
-9.059365272521973
-9.186623573303223
-9.049895286560059
-8.784804344177246
-9.1035737991333
-9.172821044921875
-8.966789245605469
-8.977029800415039
-9.129583358764648
-9.187938690185547
-9.185359954833984
-9.083925247192383
-8.998913764953613
-9.032414436340332
-9.143641471862793
-9.165472984313965
-9.168519020080566
-9.116780281066895
-9.068931579589844
-9.044689178466797
-9.156087875366211
-9.190759658813477
-9.05923080444336
-8.912739753723145
-9.041437149047852
-9.194153785705566
-9.217281341552734
-9.203008651733398
-9.050335884094238
-8.925240516662598
-9.170097351074219
-9.195621490478516
-9.060407638549805
-8.946444511413574
-9.055364608764648
-9.184444427490234
-9.19816780090332
-9.117131233215332
-8.968206405639648
-9.064651489257812
-9.198770523071289
-9.208919525146484
-9.20572566986084
-9.24515151977539
-9.212739944458008
-9.249749183654785
-9.210519790649414
-9.10574722290039
-9.049959182739258
-8.9849214553833
-9.127964973449707
-9.215361595153809
-9.229320526123047
-9.1742582321167
-9.098244667053223
-8.960927963256836
-9.040444374084473
-9.16529369354248
-9.216816902160645
-9.23906421661377
-9.233153343200684
-9.207597732543945
-9.109576225280762
-8.954066276550293
-9.142411231994629
-9.236546516418457
-9.241354942321777
-9.164810180664062
-9.008045196533203
-9.010106086730957
-9.129044532775879
-9.200457572937012
-9.237261772155762
-9.157445907592773
-9.111944198608398
-9.061178207397461
-9.197186470031738
-9.250710487365723
-9.230472564697266
-9.170432090759277
-8.9956636428833
-9.052223205566406
-9.19967269897461
-9.224140167236328
-9.154775619506836
-9.101438522338867
-9.092562675476074
-9.193224906921387
-9.21731185913086
-9.29191780090332
-9.250425338745117
-9.204370498657227
-9.102402687072754
-9.026302337646484
-9.15900707244873
-9.20825481414795
-9.262950897216797
-9.234071731567383
-9.184403419494629
-8.975196838378906
-8.97381591796875
-9.186323165893555
-9.235457420349121
-9.301667213439941
-9.245023727416992
-9.216724395751953
-9.109965324401855
-8.958348274230957
-9.137433052062988
-9.234987258911133
-9.301324844360352
-9.28330135345459
-9.260899543762207
-9.293272972106934
-9.275243759155273
-9.23087215423584
-9.133648872375488
-9.008763313293457
-9.101338386535645
-9.207378387451172
-9.24744987487793
-9.262412071228027
-9.269258499145508
-9.21052074432373
-9.067743301391602
-8.956597328186035
-9.096851348876953
-9.226954460144043
-9.264617919921875
-9.29203987121582
-9.257515907287598
-9.191035270690918
-9.02662181854248
-8.988434791564941
-9.199102401733398
-9.278093338012695
-9.300273895263672
-9.270647048950195
-9.277045249938965
-9.231355667114258
-9.105679512023926
-9.06399917602539
-9.097092628479004
-9.172042846679688
-9.189444541931152
-9.197628021240234
-9.248444557189941
-9.217988967895508
-9.172775268554688
-9.150052070617676
-9.200629234313965
-9.27451229095459
-9.251848220825195
-9.30450439453125
-9.297380447387695
-9.17957592010498
-8.955636978149414
-9.08741569519043
-9.248011589050293
-9.274801254272461
-9.094663619995117
-9.01968002319336
-9.220046997070312
-9.271417617797852
-8.902209281921387
-8.967428207397461
-9.307123184204102
-9.239383697509766
-8.965615272521973
-9.191421508789062
-9.303783416748047
-9.316475868225098
-9.29222583770752
-9.291070938110352
-9.257150650024414
-9.092443466186523
-9.035100936889648
-9.246102333068848
-9.315828323364258
-9.298223495483398
-9.290179252624512
-9.21822452545166
-9.159737586975098
-9.117362976074219
-9.182616233825684
-9.258605003356934
-9.30422306060791
-9.311014175415039
-9.285993576049805
-9.129537582397461
-8.99206829071045
-9.147025108337402
-9.286656379699707
-9.331217765808105
-9.315900802612305
-9.191436767578125
-9.045807838439941
-9.179069519042969
-9.29081916809082
-9.317831993103027
-9.253830909729004
-9.103629112243652
-9.060356140136719
-9.183690071105957
-9.264086723327637
-9.286285400390625
-9.31773567199707
-9.332934379577637
-9.313003540039062
-9.334676742553711
-9.219666481018066
-9.083353042602539
-9.117365837097168
-9.233399391174316
-9.248700141906738
-9.297093391418457
-9.249419212341309
-9.219202995300293
-9.128771781921387
-9.04672908782959
-9.222870826721191
-9.306632041931152
-9.295352935791016
-9.33127212524414
-9.240716934204102
-9.100525856018066
-9.097744941711426
-9.219474792480469
-9.326587677001953
-9.328301429748535
-9.328108787536621
-9.263442039489746
-9.075907707214355
-9.113012313842773
-9.250922203063965
-9.310731887817383
-9.286643028259277
-9.26830005645752
-9.118901252746582
-9.073143005371094
-9.230683326721191
-9.28458023071289
-9.33773136138916
-9.327865600585938
-9.277278900146484
-9.131376266479492
-9.140985488891602
-9.203603744506836
-9.26819133758545
-9.318428039550781
-9.313157081604004
-9.234626770019531
-9.111834526062012
-9.09856128692627
-9.198235511779785
-9.32657527923584
-9.337430000305176
-9.335648536682129
-9.311319351196289
-9.248700141906738
-9.14419937133789
-9.186396598815918
-9.229573249816895
-9.212007522583008
-9.224739074707031
-9.171727180480957
-9.180288314819336
-9.254712104797363
-9.357651710510254
-9.316091537475586
-9.218164443969727
-8.986321449279785
-9.24972152709961
-9.33438491821289
-9.36104965209961
-9.13668155670166
-9.038216590881348
-9.319761276245117
-9.35438346862793
-9.35062026977539
-9.276848793029785
-9.120603561401367
-9.182371139526367
-9.239532470703125
-9.273691177368164
-9.334814071655273
-9.342670440673828
-9.352437019348145
-9.260771751403809
-9.140544891357422
-9.202847480773926
-9.302055358886719
-9.356025695800781
-9.364506721496582
-9.379347801208496
-9.41485595703125
-9.322884559631348
-9.205986022949219
-9.015356063842773
-9.206575393676758
-9.334441184997559
-9.33275032043457
-9.275848388671875
-9.121381759643555
-9.170903205871582
-9.28719425201416
-9.277666091918945
-9.208909034729004
-9.217232704162598
-9.287339210510254
-9.358631134033203
-9.378365516662598
-9.293829917907715
-9.123432159423828
-9.11717700958252
-9.353851318359375
-9.402674674987793
-9.393265724182129
-9.272262573242188
-9.119837760925293
-9.29623794555664
-9.369824409484863
-9.386679649353027
-9.378018379211426
-9.298086166381836
-9.078540802001953
-9.134639739990234
-9.348505020141602
-9.37427043914795
-9.295345306396484
-9.075056076049805
-9.140551567077637
-9.354077339172363
-9.406898498535156
-9.41979694366455
-9.341204643249512
-9.240079879760742
-9.017380714416504
-9.222915649414062
-9.381871223449707
-9.36116886138916
-9.230216026306152
-9.074403762817383
-9.299094200134277
-9.385259628295898
-9.413540840148926
-9.402587890625
-9.385047912597656
-9.333208084106445
-9.138258934020996
-9.066410064697266
-9.287981033325195
-9.430505752563477
-9.410687446594238
-9.391145706176758
-9.2941255569458
-9.10477066040039
-9.147089958190918
-9.362804412841797
-9.379240036010742
-9.422282218933105
-9.403528213500977
-9.392608642578125
-9.391542434692383
-9.251596450805664
-9.00515365600586
-9.267463684082031
-9.403684616088867
-9.262153625488281
-8.954973220825195
-9.356640815734863
-9.42258071899414
-9.183420181274414
-9.053184509277344
-9.309471130371094
-9.404691696166992
-9.407632827758789
-9.429733276367188
-9.412724494934082
-9.38969612121582
-9.26567554473877
-9.077744483947754
-9.311688423156738
-9.400070190429688
-9.424833297729492
-9.406306266784668
-9.24831485748291
-9.001827239990234
-9.349532127380371
-9.435972213745117
-9.260309219360352
-9.008086204528809
-9.222283363342285
-9.437332153320312
-9.43385124206543
-9.358365058898926
-9.1991548538208
-9.059290885925293
-9.370363235473633
-9.429004669189453
-9.202179908752441
-9.051027297973633
-9.324841499328613
-9.422075271606445
-9.42963695526123
-9.321393013000488
-9.024784088134766
-9.26746654510498
-9.41219425201416
-9.436417579650879
-9.424378395080566
-9.335148811340332
-9.183979988098145
-9.203543663024902
-9.320384979248047
-9.374241828918457
-9.39306354522705
-9.426755905151367
-9.399321556091309
-9.266223907470703
-9.164458274841309
-9.315826416015625
-9.455391883850098
-9.409285545349121
-9.425941467285156
-9.43973445892334
-9.408477783203125
-9.293329238891602
-9.099872589111328
-9.195574760437012
-9.356359481811523
-9.43203067779541
-9.396092414855957
-9.31457233428955
-9.211183547973633
-9.225531578063965
-9.364295959472656
-9.434654235839844
-9.458605766296387
-9.434610366821289
-9.39389419555664
-9.19174861907959
-9.063639640808105
-9.395267486572266
-9.434858322143555
-9.312694549560547
-9.090523719787598
-9.24125862121582
-9.445152282714844
-9.397101402282715
-9.204004287719727
-9.153751373291016
-9.321709632873535
-9.434772491455078
-9.445444107055664
-9.421629905700684
-9.292908668518066
-9.131646156311035
-9.347293853759766
-9.425848960876465
-9.39224624633789
-9.254602432250977
-9.03178596496582
-9.354132652282715
-9.460087776184082
-9.454562187194824
-9.453662872314453
-9.447705268859863
-9.388809204101562
-9.197869300842285
-9.251607894897461
-9.30234146118164
-9.408976554870605
-9.43176555633545
-9.380945205688477
-9.32966423034668
-9.26309585571289
-9.245705604553223
-9.278362274169922
-9.355535507202148
-9.409087181091309
-9.36442756652832
-9.378188133239746
-9.331833839416504
-9.307326316833496
-9.402318954467773
-9.388032913208008
-9.357564926147461
-9.333580017089844
-9.30998706817627
-9.377431869506836
-9.320558547973633
-9.368080139160156
-9.396234512329102
-9.480511665344238
-9.428972244262695
-9.298674583435059
-9.05975341796875
-9.31310749053955
-9.431530952453613
-9.462089538574219
-9.446015357971191
-9.419831275939941
-9.278952598571777
-9.164731979370117
-9.266749382019043
-9.374643325805664
-9.409924507141113
-9.390037536621094
-9.438539505004883
-9.447469711303711
-9.374483108520508
-9.194838523864746
-9.183241844177246
-9.445977210998535
-9.455625534057617
-9.316986083984375
-9.098723411560059
-9.336613655090332
-9.459616661071777
-9.188170433044434
-8.978242874145508
-9.480514526367188
-9.026846885681152
-9.058194160461426
-9.436372756958008
-9.007400512695312
-9.24849796295166
-9.441205978393555
-9.179421424865723
-9.135058403015137
-9.496296882629395
-9.338440895080566
-9.001402854919434
-9.414149284362793
-9.373553276062012
-9.05028247833252
-9.369261741638184
-9.400959014892578
-8.949774742126465
-9.377899169921875
-9.189265251159668
-9.058547973632812
-9.387155532836914
-9.28901481628418
-9.02031421661377
-9.410094261169434
-9.326160430908203
-8.93821907043457
-9.447651863098145
-9.079916954040527
-9.048654556274414
-9.452754020690918
-8.893378257751465
-9.342082977294922
-9.431501388549805
-9.309855461120605
-9.249030113220215
-9.34730052947998
-9.479782104492188
-9.486836433410645
-9.371980667114258
-9.308935165405273
-9.284598350524902
-9.34923267364502
-9.430143356323242
-9.450399398803711
-9.440553665161133
-9.44074535369873
-9.409939765930176
-9.325075149536133
-9.233658790588379
-9.276554107666016
-9.359968185424805
-9.446294784545898
-9.372551918029785
-9.245307922363281
-9.384923934936523
-9.4472017288208
-9.456764221191406
-9.396634101867676
-9.24521255493164
-9.25048828125
-9.404220581054688
-9.462239265441895
-9.444929122924805
-9.437365531921387
-9.435118675231934
-9.319303512573242
-9.230575561523438
-9.385425567626953
-9.487526893615723
-9.44025707244873
-9.359970092773438
-9.321759223937988
-9.338753700256348
-9.46783447265625
-9.499093055725098
-9.484919548034668
-9.417413711547852
-9.383885383605957
-9.329243659973145
-9.384861946105957
-9.426188468933105
-9.455802917480469
-9.413520812988281
-9.367783546447754
-9.315594673156738
-9.34957218170166
-9.37364673614502
-9.428184509277344
-9.448576927185059
-9.46092414855957
-9.40660572052002
-9.368180274963379
-9.277937889099121
-9.35198974609375
-9.464695930480957
-9.456687927246094
-9.465651512145996
-9.455193519592285
-9.433189392089844
-9.423562049865723
-9.36959457397461
-9.398632049560547
-9.405539512634277
-9.383885383605957
-9.410489082336426
-9.46584701538086
-9.458969116210938
-9.427534103393555
-9.384832382202148
-9.353830337524414
-9.346439361572266
-9.458619117736816
-9.492768287658691
-9.558892250061035
-9.537679672241211
-9.553558349609375
-9.53530216217041
-9.471619606018066
-9.27313232421875
-9.225593566894531
-9.48373031616211
-9.509117126464844
-9.28956127166748
-9.17992115020752
-9.434447288513184
-9.477210998535156
-9.341817855834961
-9.093091011047363
-9.378557205200195
-9.49193000793457
-9.270882606506348
-9.152631759643555
-9.371395111083984
-9.464475631713867
-9.518975257873535
-9.479217529296875
-9.47341537475586
-9.451382637023926
-9.471195220947266
-9.506265640258789
-9.452925682067871
-9.299007415771484
-9.348001480102539
-9.444621086120605
-9.449444770812988
-9.267807006835938
-9.286806106567383
-9.421789169311523
-9.50600814819336
-9.535419464111328
-9.540474891662598
-9.499277114868164
-9.479758262634277
-9.437216758728027
-9.353181838989258
-9.22713851928711
-9.368730545043945
-9.473472595214844
-9.530272483825684
-9.480603218078613
-9.449751853942871
-9.319376945495605
-9.356882095336914
-9.408980369567871
-9.489755630493164
-9.500630378723145
-9.494271278381348
-9.214702606201172
-9.24506664276123
-9.533650398254395
-9.437278747558594
-9.095934867858887
-9.459391593933105
-9.508773803710938
-9.334222793579102
-9.233712196350098
-9.423965454101562
-9.504644393920898
-9.53542423248291
-9.517276763916016
-9.41402816772461
-9.283235549926758
-9.302417755126953
-9.424171447753906
-9.479175567626953
-9.495526313781738
-9.376070976257324
-9.315808296203613
-9.348060607910156
-9.4695463180542
-9.535173416137695
-9.487524032592773
-9.429351806640625
-9.33604907989502
-9.35079574584961
-9.479484558105469
-9.542134284973145
-9.555815696716309
-9.554222106933594
-9.533609390258789
-9.42190170288086
-9.213357925415039
-9.317197799682617
-9.554173469543457
-9.50040054321289
-9.297446250915527
-9.193384170532227
-9.472589492797852
-9.556028366088867
-9.494129180908203
-9.281790733337402
-9.342901229858398
-9.51601791381836
-9.52577018737793
-9.551711082458496
-9.568337440490723
-9.556159973144531
-9.531943321228027
-9.490049362182617
-9.25943660736084
-9.136889457702637
-9.515877723693848
-9.558467864990234
-9.386481285095215
-9.369227409362793
-9.400177955627441
-9.567578315734863
-9.45003890991211
-9.101787567138672
-9.447820663452148
-9.425361633300781
-9.165491104125977
-9.43799114227295
-9.558879852294922
-9.546642303466797
-9.479467391967773
-9.357593536376953
-9.232094764709473
-9.351938247680664
-9.46787166595459
-9.493402481079102
-9.423978805541992
-9.29984188079834
-9.389392852783203
-9.509654998779297
-9.528042793273926
-9.479537010192871
-9.409981727600098
-9.344141006469727
-9.451478004455566
-9.488241195678711
-9.460308074951172
-9.350048065185547
-9.29497241973877
-9.428189277648926
-9.47642707824707
-9.465649604797363
-9.480788230895996
-9.437320709228516
-9.355809211730957
-9.346688270568848
-9.44051456451416
-9.505756378173828
-9.5297269821167
-9.54788875579834
-9.491999626159668
-9.411145210266113
-9.324219703674316
-9.353256225585938
-9.469913482666016
-9.548074722290039
-9.550559043884277
-9.56942367553711
-9.57808780670166
-9.570502281188965
-9.543246269226074
-9.497637748718262
-9.338560104370117
-9.251128196716309
-9.461689949035645
-9.562934875488281
-9.511367797851562
-9.222789764404297
-9.26047134399414
-9.50072956085205
-9.586061477661133
-9.525788307189941
-9.337985038757324
-9.26173210144043
-9.537939071655273
-9.59811019897461
-9.525257110595703
-9.276745796203613
-9.29539680480957
-9.539772987365723
-9.594411849975586
-9.579644203186035
-9.539448738098145
-9.369575500488281
-9.313672065734863
-9.409395217895508
-9.540790557861328
-9.567102432250977
-9.545036315917969
-9.449361801147461
-9.42293643951416
-9.411998748779297
-9.456783294677734
-9.462482452392578
-9.446174621582031
-9.404361724853516
-9.393010139465332
-9.473984718322754
-9.51246452331543
-9.511780738830566
-9.575233459472656
-9.514480590820312
-9.421483039855957
-9.37381362915039
-9.403898239135742
-9.441805839538574
-9.453082084655762
-9.484521865844727
-9.456911087036133
-9.426827430725098
-9.464441299438477
-9.444562911987305
-9.493179321289062
-9.48452091217041
-9.43090534210205
-9.320032119750977
-9.383281707763672
-9.544463157653809
-9.585335731506348
-9.58072280883789
-9.598261833190918
-9.60696029663086
-9.624381065368652
-9.559918403625488
-9.487574577331543
-9.288125038146973
-9.435813903808594
-9.55417537689209
-9.600098609924316
-9.617456436157227
-9.601553916931152
-9.559768676757812
-9.470876693725586
-9.356781959533691
-9.390900611877441
-9.496500015258789
-9.549647331237793
-9.539782524108887
-9.536251068115234
-9.480427742004395
-9.416415214538574
-9.439960479736328
-9.467951774597168
-9.508182525634766
-9.563193321228027
-9.504294395446777
-9.499092102050781
-9.413183212280273
-9.316826820373535
-9.412549018859863
-9.514815330505371
-9.602131843566895
-9.52096939086914
-9.228311538696289
-9.271220207214355
-9.533767700195312
-9.621339797973633
-9.582376480102539
-9.524266242980957
-9.348915100097656
-9.42127513885498
-9.522603988647461
-9.559121131896973
-9.532377243041992
-9.404589653015137
-9.294042587280273
-9.480942726135254
-9.545799255371094
-9.596643447875977
-9.582071304321289
-9.497942924499512
-9.316640853881836
-9.343538284301758
-9.574759483337402
-9.603449821472168
-9.592586517333984
-9.61250114440918
-9.530444145202637
-9.393449783325195
-9.329015731811523
-9.500811576843262
-9.580111503601074
-9.58107852935791
-9.60982608795166
-9.601822853088379
-9.595758438110352
-9.550724029541016
-9.351896286010742
-9.243481636047363
-9.49717903137207
-9.592866897583008
-9.617913246154785
-9.471967697143555
-9.237957000732422
-9.378832817077637
-9.56118392944336
-9.60566520690918
-9.496728897094727
-9.288195610046387
-9.42255687713623
-9.531386375427246
-9.616124153137207
-9.611917495727539
-9.56729507446289
-9.503435134887695
-9.431802749633789
-9.358400344848633
-9.500060081481934
-9.5501127243042
-9.625771522521973
-9.614259719848633
-9.58183479309082
-9.476832389831543
-9.296429634094238
-9.41809368133545
-9.564993858337402
-9.603904724121094
-9.607505798339844
-9.625868797302246
-9.593958854675293
-9.542482376098633
-9.360238075256348
-9.285106658935547
-9.447935104370117
-9.598710060119629
-9.592161178588867
-9.560425758361816
-9.393729209899902
-9.148444175720215
-9.602245330810547
-9.552824020385742
-9.142460823059082
-9.508709907531738
-9.622315406799316
-9.542964935302734
-9.381841659545898
-9.306061744689941
-9.533936500549316
-9.610860824584961
-9.614007949829102
-9.575397491455078
-9.480302810668945
-9.387279510498047
-9.35540771484375
-9.471785545349121
-9.58804702758789
-9.593485832214355
-9.593477249145508
-9.520853042602539
-9.45703125
-9.317095756530762
-9.46683406829834
-9.563859939575195
-9.595437049865723
-9.578847885131836
-9.541382789611816
-9.410478591918945
-9.355121612548828
-9.447044372558594
-9.574821472167969
-9.585959434509277
-9.592415809631348
-9.548016548156738
-9.337696075439453
-9.257344245910645
-9.596031188964844
-9.61398696899414
-9.479324340820312
-9.345285415649414
-9.418373107910156
-9.552816390991211
-9.59917163848877
-9.545487403869629
-9.405202865600586
-9.367903709411621
-9.492356300354004
-9.626541137695312
-9.603885650634766
-9.384417533874512
-9.35434341430664
-9.543305397033691
-9.620431900024414
-9.626945495605469
-9.587526321411133
-9.464855194091797
-9.261003494262695
-9.444357872009277
-9.59067440032959
-9.609994888305664
-9.45426082611084
-9.273941993713379
-9.492965698242188
-9.554755210876465
-9.557415962219238
-9.386016845703125
-9.303801536560059
-9.539345741271973
-9.650529861450195
-9.438840866088867
-9.137939453125
-9.581768035888672
-9.379759788513184
-9.139636993408203
-9.62211799621582
-9.17845344543457
-9.124031066894531
-9.62441635131836
-8.949193954467773
-9.556800842285156
-9.494150161743164
-9.151127815246582
-9.595818519592285
-9.578944206237793
-9.230229377746582
-9.365859031677246
-9.582426071166992
-9.527673721313477
-9.160920143127441
-9.54873275756836
-9.620565414428711
-9.507105827331543
-9.177682876586914
-9.50568962097168
-9.586045265197754
-9.564677238464355
-9.431609153747559
-9.416354179382324
-9.554824829101562
-9.570417404174805
-9.53634262084961
-9.489347457885742
-9.39814567565918
-9.482586860656738
-9.558130264282227
-9.64016342163086
-9.54715347290039
-9.335866928100586
-9.38313102722168
-9.545721054077148
-9.635737419128418
-9.457793235778809
-9.177258491516113
-9.552398681640625
-9.414020538330078
-9.031628608703613
-9.627016067504883
-8.777167320251465
-9.641551971435547
-8.672988891601562
-9.298307418823242
-8.156715393066406
-7.7714009284973145
-8.830371856689453
-8.15916919708252
-7.390779972076416
-7.538394927978516
-8.420889854431152
-8.602092742919922
-7.842405319213867
-8.205000877380371
-9.316139221191406
-8.319539070129395
-8.305715560913086
-9.35303020477295
-8.319047927856445
-8.234467506408691
-9.351244926452637
-8.451530456542969
-8.4212064743042
-9.482034683227539
-8.547186851501465
-9.113835334777832
-8.596274375915527
-8.43391227722168
-9.420440673828125
-8.210061073303223
-8.151325225830078
-9.416533470153809
-8.040081977844238
-7.610466003417969
-8.07847785949707
-9.476401329040527
-8.377785682678223
-8.71813678741455
-9.008731842041016
-8.834929466247559
-9.341644287109375
-9.10998249053955
-9.247888565063477
-9.49433422088623
-8.838982582092285
-9.312000274658203
-8.641465187072754
-8.682546615600586
-9.29201889038086
-9.229528427124023
-9.10653305053711
-9.370441436767578
-8.84305477142334
-9.249422073364258
-8.517874717712402
-8.447808265686035
-9.499019622802734
-8.347759246826172
-8.466499328613281
-9.349201202392578
-9.085185050964355
-9.494993209838867
-9.463804244995117
-9.165290832519531
-9.57441234588623
-9.043013572692871
-9.601685523986816
-9.425470352172852
-9.377041816711426
-9.580495834350586
-9.438953399658203
-9.315055847167969
-9.609164237976074
-9.523271560668945
-9.38418197631836
-9.586831092834473
-9.60702133178711
-9.57708740234375
-9.484378814697266
-9.512918472290039
-9.608067512512207
-9.600375175476074
-9.652528762817383
-9.644529342651367
-9.657855987548828
-9.6382417678833
-9.640968322753906
-9.629691123962402
-9.650877952575684
-9.603840827941895
-9.54904842376709
-9.500123977661133
-9.529364585876465
-9.621463775634766
-9.65675163269043
-9.658637046813965
-9.64687728881836
-9.647984504699707
-9.66224479675293
-9.651217460632324
-9.645447731018066
-9.655328750610352
-9.68582820892334
-9.665810585021973
-9.640480041503906
-9.643218994140625
-9.611396789550781
-9.532197952270508
-9.515823364257812
-9.500484466552734
-9.54984188079834
-9.580470085144043
-9.591099739074707
-9.630475997924805
-9.642126083374023
-9.646736145019531
-9.556775093078613
-9.498454093933105
-9.517452239990234
-9.614830017089844
-9.63521957397461
-9.667093276977539
-9.65514087677002
-9.549723625183105
-9.488661766052246
-9.515541076660156
-9.616559028625488
-9.650620460510254
-9.637439727783203
-9.609424591064453
-9.59217357635498
-9.54432201385498
-9.51960277557373
-9.540350914001465
-9.582552909851074
-9.612189292907715
-9.622340202331543
-9.624953269958496
-9.586786270141602
-9.515833854675293
-9.52619743347168
-9.571158409118652
-9.592103958129883
-9.58716106414795
-9.591217041015625
-9.57569408416748
-9.610730171203613
-9.606358528137207
-9.62506103515625
-9.63237476348877
-9.595059394836426
-9.568713188171387
-9.618666648864746
-9.570659637451172
-9.66586685180664
-9.634846687316895
-9.666242599487305
-9.650410652160645
-9.677191734313965
-9.57911205291748
-9.425765037536621
-9.508160591125488
-9.567249298095703
-9.658541679382324
-9.663531303405762
-9.634618759155273
-9.640569686889648
-9.590948104858398
-9.565349578857422
-9.504112243652344
-9.5060453414917
-9.61732006072998
-9.650123596191406
-9.685391426086426
-9.663137435913086
-9.577996253967285
-9.455423355102539
-9.407245635986328
-9.615986824035645
-9.659555435180664
-9.704033851623535
-9.638580322265625
-9.576335906982422
-9.406255722045898
-9.443198204040527
-9.607337951660156
-9.68355941772461
-9.662714004516602
-9.622724533081055
-9.428886413574219
-9.437959671020508
-9.55611801147461
-9.578327178955078
-9.611629486083984
-9.56795883178711
-9.580782890319824
-9.568374633789062
-9.56368637084961
-9.581781387329102
-9.574974060058594
-9.511945724487305
-9.478508949279785
-9.559301376342773
-9.594610214233398
-9.6113862991333
-9.623786926269531
-9.63172721862793
-9.610536575317383
-9.582982063293457
-9.521810531616211
-9.484468460083008
-9.539033889770508
-9.584857940673828
-9.640661239624023
-9.656403541564941
-9.68648910522461
-9.631158828735352
-9.507160186767578
-9.373967170715332
-9.478006362915039
-9.654659271240234
-9.66004753112793
-9.698593139648438
-9.694143295288086
-9.65317153930664
-9.688156127929688
-9.645759582519531
-9.495686531066895
-9.482463836669922
-9.543233871459961
-9.618776321411133
-9.67073917388916
-9.607064247131348
-9.488794326782227
-9.436671257019043
-9.566585540771484
-9.63986587524414
-9.66645622253418
-9.666582107543945
-9.625005722045898
-9.564066886901855
-9.4375
-9.541964530944824
-9.653374671936035
-9.672821044921875
-9.646956443786621
-9.487466812133789
-9.362032890319824
-9.570073127746582
-9.640772819519043
-9.661392211914062
-9.694023132324219
-9.67204475402832
-9.540452003479004
-9.385150909423828
-9.467279434204102
-9.57406997680664
-9.621318817138672
-9.607769966125488
-9.632346153259277
-9.646592140197754
-9.617132186889648
-9.577618598937988
-9.417693138122559
-9.494302749633789
-9.607723236083984
-9.660956382751465
-9.664484977722168
-9.677803993225098
-9.489768981933594
-9.371651649475098
-9.60894775390625
-9.70970344543457
-9.610551834106445
-9.487972259521484
-9.46310806274414
-9.625381469726562
-9.678157806396484
-9.658967018127441
-9.6407470703125
-9.606363296508789
-9.573585510253906
-9.550023078918457
-9.510015487670898
-9.538400650024414
-9.532805442810059
-9.59487247467041
-9.633852005004883
-9.628512382507324
-9.622116088867188
-9.559969902038574
-9.50942611694336
-9.542435646057129
-9.58053207397461
-9.646623611450195
-9.670658111572266
-9.664130210876465
-9.667546272277832
-9.537773132324219
-9.420257568359375
-9.559149742126465
-9.63583755493164
-9.669788360595703
-9.66534423828125
-9.663249015808105
-9.543930053710938
-9.431201934814453
-9.479926109313965
-9.592225074768066
-9.592292785644531
-9.67992877960205
-9.697717666625977
-9.738066673278809
-9.703307151794434
-9.708563804626465
-9.691130638122559
-9.736075401306152
-9.705022811889648
-9.69084644317627
-9.601943969726562
-9.345660209655762
-9.422521591186523
-9.642609596252441
-9.635376930236816
-9.505017280578613
-9.306766510009766
-9.615849494934082
-9.612807273864746
-9.23340892791748
-9.51148796081543
-9.698613166809082
-9.48855972290039
-9.281014442443848
-9.690051078796387
-9.419500350952148
-9.100811958312988
-9.695840835571289
-8.78342342376709
-9.657219886779785
-8.596351623535156
-8.977023124694824
-8.734308242797852
-8.646793365478516
-9.468647003173828
-9.2450532913208
-9.139970779418945
-9.631911277770996
-8.909160614013672
-9.486054420471191
-8.421161651611328
-8.447566032409668
-9.546730995178223
-9.103468894958496
-9.594101905822754
-9.498847961425781
-9.189804077148438
-9.67298698425293
-9.003179550170898
-9.665287017822266
-9.399635314941406
-9.25216293334961
-9.657078742980957
-9.289836883544922
-9.522136688232422
-9.690532684326172
-9.59152889251709
-9.376270294189453
-9.565526008605957
-9.681781768798828
-9.629729270935059
-9.481491088867188
-9.62575912475586
-9.693819999694824
-9.585027694702148
-9.306504249572754
-9.531573295593262
-9.708032608032227
-9.700887680053711
-9.553171157836914
-9.448532104492188
-9.571147918701172
-9.690567970275879
-9.593270301818848
-9.333573341369629
-9.604146003723145
-9.697744369506836
-9.674150466918945
-9.58509349822998
-9.543876647949219
-9.565321922302246
-9.647041320800781
-9.659149169921875
-9.65935230255127
-9.635482788085938
-9.539281845092773
-9.567845344543457
-9.62360954284668
-9.617111206054688
-9.610637664794922
-9.63818359375
-9.669150352478027
-9.704170227050781
-9.643169403076172
-9.547647476196289
-9.460498809814453
-9.595457077026367
-9.705619812011719
-9.753670692443848
-9.647966384887695
-9.469949722290039
-9.505918502807617
-9.621312141418457
-9.67197322845459
-9.657760620117188
-9.685345649719238
-9.673195838928223
-9.61855411529541
-9.515523910522461
-9.559812545776367
-9.62449836730957
-9.702396392822266
-9.715166091918945
-9.727492332458496
-9.706542015075684
-9.689967155456543
-9.65288257598877
-9.593469619750977
-9.534757614135742
-9.55671215057373
-9.616177558898926
-9.663288116455078
-9.680112838745117
-9.643133163452148
-9.577864646911621
-9.526665687561035
-9.552475929260254
-9.690544128417969
-9.707435607910156
-9.748491287231445
-9.723416328430176
-9.704313278198242
-9.581725120544434
-9.419384002685547
-9.573265075683594
-9.673933982849121
-9.69576358795166
-9.715703964233398
-9.73576545715332
-9.746655464172363
-9.752442359924316
-9.744898796081543
-9.745376586914062
-9.700691223144531
-9.713082313537598
-9.65976619720459
-9.60488510131836
-9.470020294189453
-9.53847599029541
-9.592743873596191
-9.695427894592285
-9.704200744628906
-9.703609466552734
-9.669020652770996
-9.636554718017578
-9.513691902160645
-9.569851875305176
-9.61689567565918
-9.637398719787598
-9.687838554382324
-9.690651893615723
-9.695115089416504
-9.748560905456543
-9.75395393371582
-9.738505363464355
-9.708503723144531
-9.643365859985352
-9.444050788879395
-9.505935668945312
-9.670916557312012
-9.718716621398926
-9.682497024536133
-9.360886573791504
-9.567742347717285
-9.601029396057129
-9.420145034790039
-9.531791687011719
-9.666923522949219
-9.698596000671387
-9.700112342834473
-9.71240234375
-9.600282669067383
-9.475296974182129
-9.580568313598633
-9.65856647491455
-9.721538543701172
-9.721916198730469
-9.72003173828125
-9.691859245300293
-9.543487548828125
-9.409253120422363
-9.615518569946289
-9.721266746520996
-9.74114990234375
-9.647759437561035
-9.460624694824219
-9.509598731994629
-9.625483512878418
-9.714834213256836
-9.725038528442383
-9.638928413391113
-9.538294792175293
-9.491301536560059
-9.527358055114746
-9.619363784790039
-9.647871017456055
-9.692520141601562
-9.669426918029785
-9.655327796936035
-9.539962768554688
-9.549321174621582
-9.591041564941406
-9.633691787719727
-9.632542610168457
-9.580432891845703
-9.530935287475586
-9.617732048034668
-9.688536643981934
-9.693055152893066
-9.646164894104004
-9.634688377380371
-9.543103218078613
-9.571446418762207
-9.625221252441406
-9.656854629516602
-9.64327335357666
-9.609309196472168
-9.583372116088867
-9.642358779907227
-9.713395118713379
-9.737507820129395
-9.766884803771973
-9.692646980285645
-9.693272590637207
-9.679404258728027
-9.59640884399414
-9.510381698608398
-9.610325813293457
-9.698151588439941
-9.705467224121094
-9.519526481628418
-9.356407165527344
-9.70516300201416
-9.722249984741211
-9.431863784790039
-9.382329940795898
-9.63757610321045
-9.748708724975586
-9.557755470275879
-9.348779678344727
-9.657851219177246
-9.728907585144043
-9.473904609680176
-9.452259063720703
-9.632309913635254
-9.742132186889648
-9.764257431030273
-9.760838508605957
-9.587727546691895
-9.464254379272461
-9.603483200073242
-9.685087203979492
-9.728924751281738
-9.739718437194824
-9.73979663848877
-9.670650482177734
-9.476865768432617
-9.383503913879395
-9.692632675170898
-9.748080253601074
-9.681841850280762
-9.462557792663574
-9.448511123657227
-9.693985939025879
-9.774177551269531
-9.759943962097168
-9.633480072021484
-9.433049201965332
-9.596146583557129
-9.732376098632812
-9.712089538574219
-9.73331069946289
-9.695839881896973
-9.588994026184082
-9.41294002532959
-9.490918159484863
-9.654325485229492
-9.723001480102539
-9.729405403137207
-9.667981147766113
-9.588967323303223
-9.498411178588867
-9.611763954162598
-9.675933837890625
-9.690442085266113
-9.757936477661133
-9.701584815979004
-9.584419250488281
-9.523234367370605
-9.610299110412598
-9.674430847167969
-9.687356948852539
-9.654390335083008
-9.456836700439453
-9.585875511169434
-9.65707778930664
-9.669867515563965
-9.649055480957031
-9.618379592895508
-9.564847946166992
-9.66329288482666
-9.69992446899414
-9.729180335998535
-9.705018997192383
-9.670846939086914
-9.584128379821777
-9.582682609558105
-9.596728324890137
-9.640677452087402
-9.6365966796875
-9.629520416259766
-9.577692031860352
-9.568371772766113
-9.60124683380127
-9.695008277893066
-9.72806167602539
-9.730667114257812
-9.713000297546387
-9.486119270324707
-9.454399108886719
-9.70097541809082
-9.773484230041504
-9.705255508422852
-9.48639965057373
-9.40684986114502
-9.70907974243164
-9.746177673339844
-9.611905097961426
-9.401874542236328
-9.59373950958252
-9.745795249938965
-9.784225463867188
-9.674112319946289
-9.524104118347168
-9.500953674316406
-9.683544158935547
-9.75982666015625
-9.785112380981445
-9.786154747009277
-9.757526397705078
-9.739269256591797
-9.721858978271484
-9.702520370483398
-9.561446189880371
-9.404223442077637
-9.621655464172363
-9.741257667541504
-9.739654541015625
-9.729948997497559
-9.734330177307129
-9.56961441040039
-9.456390380859375
-9.646929740905762
-9.758984565734863
-9.743996620178223
-9.455979347229004
-9.366703987121582
-9.723636627197266
-9.687427520751953
-9.381393432617188
-9.61330509185791
-9.752259254455566
-9.7639799118042
-9.648117065429688
-9.44277572631836
-9.562495231628418
-9.734664916992188
-9.693306922912598
-9.609806060791016
-9.627066612243652
-9.647930145263672
-9.695404052734375
-9.724845886230469
-9.747002601623535
-9.715178489685059
-9.619704246520996
-9.48244857788086
-9.555014610290527
-9.692181587219238
-9.68126106262207
-9.592827796936035
-9.505132675170898
-9.62497615814209
-9.67544174194336
-9.742670059204102
-9.7212553024292
-9.617704391479492
-9.543889045715332
-9.573529243469238
-9.707249641418457
-9.731100082397461
-9.744417190551758
-9.703282356262207
-9.608595848083496
-9.474498748779297
-9.624065399169922
-9.687053680419922
-9.723048210144043
-9.660318374633789
-9.527770042419434
-9.494976997375488
-9.705001831054688
-9.783100128173828
-9.802675247192383
-9.737330436706543
-9.563472747802734
-9.439840316772461
-9.668901443481445
-9.711686134338379
-9.71845817565918
-9.548574447631836
-9.41297721862793
-9.506011962890625
-9.654998779296875
-9.680977821350098
-9.724461555480957
-9.657425880432129
-9.676796913146973
-9.693159103393555
-9.600419044494629
-9.559333801269531
-9.582341194152832
-9.6225004196167
-9.653076171875
-9.719379425048828
-9.730766296386719
-9.777134895324707
-9.682226181030273
-9.450061798095703
-9.41766357421875
-9.720867156982422
-9.785473823547363
-9.731813430786133
-9.537508964538574
-9.429946899414062
-9.737410545349121
-9.763962745666504
-9.541241645812988
-9.409825325012207
-9.697647094726562
-9.731297492980957
-9.774365425109863
-9.773488998413086
-9.702661514282227
-9.58713150024414
-9.592607498168945
-9.632927894592285
-9.696000099182129
-9.645323753356934
-9.686415672302246
-9.645150184631348
-9.705177307128906
-9.68907642364502
-9.682848930358887
-9.561830520629883
-9.49944019317627
-9.637754440307617
-9.756623268127441
-9.702472686767578
-9.52402400970459
-9.504623413085938
-9.643272399902344
-9.694077491760254
-9.698714256286621
-9.663528442382812
-9.594767570495605
-9.486438751220703
-9.558564186096191
-9.708146095275879
-9.756841659545898
-9.770544052124023
-9.732769012451172
-9.599836349487305
-9.443084716796875
-9.656322479248047
-9.71940803527832
-9.744121551513672
-9.762334823608398
-9.691744804382324
-9.606328010559082
-9.565431594848633
-9.632190704345703
-9.683138847351074
-9.71768569946289
-9.626432418823242
-9.596966743469238
-9.590195655822754
-9.697000503540039
-9.73109245300293
-9.713851928710938
-9.602888107299805
-9.622163772583008
-9.697030067443848
-9.809404373168945
-9.77269458770752
-9.499792098999023
-9.467158317565918
-9.66637897491455
-9.731202125549316
-9.775640487670898
-9.75059700012207
-9.667875289916992
-9.453413009643555
-9.562685012817383
-9.75813102722168
-9.783844947814941
-9.662454605102539
-9.42108154296875
-9.588601112365723
-9.768198013305664
-9.779566764831543
-9.658796310424805
-9.48703384399414
-9.601630210876465
-9.757265090942383
-9.798571586608887
-9.788774490356445
-9.713119506835938
-9.577369689941406
-9.51253604888916
-9.597500801086426
-9.693460464477539
-9.780662536621094
-9.77384090423584
-9.712750434875488
-9.455970764160156
-9.514507293701172
-9.729964256286621
-9.781728744506836
-9.705453872680664
-9.355433464050293
-9.688187599182129
-9.785776138305664
-9.742319107055664
-9.474977493286133
-9.471781730651855
-9.749666213989258
-9.800719261169434
-9.674667358398438
-9.487150192260742
-9.668774604797363
-9.761115074157715
-9.624422073364258
-9.281380653381348
-9.70350170135498
-9.716752052307129
-9.314485549926758
-9.669525146484375
-9.756274223327637
-9.520174980163574
-9.4580078125
-9.750287055969238
-9.793228149414062
-9.76225471496582
-9.605189323425293
-9.519783020019531
-9.659285545349121
-9.698932647705078
-9.745881080627441
-9.774784088134766
-9.76052474975586
-9.713593482971191
-9.589509963989258
-9.510516166687012
-9.649709701538086
-9.728593826293945
-9.78805160522461
-9.794026374816895
-9.723069190979004
-9.479450225830078
-9.625455856323242
-9.754449844360352
-9.789978981018066
-9.781427383422852
-9.79647159576416
-9.800782203674316
-9.785745620727539
-9.747359275817871
-9.594693183898926
-9.434377670288086
-9.636761665344238
-9.777982711791992
-9.798563003540039
-9.700444221496582
-9.504215240478516
-9.523560523986816
-9.773504257202148
-9.775029182434082
-9.59502124786377
-9.380035400390625
-9.716282844543457
-9.731749534606934
-9.3475980758667
-9.585914611816406
-9.768045425415039
-9.748632431030273
-9.430184364318848
-9.57414436340332
-9.735523223876953
-9.775177955627441
-9.806788444519043
-9.771708488464355
-9.80450439453125
-9.790182113647461
-9.739851951599121
-9.54909610748291
-9.499626159667969
-9.656551361083984
-9.731306076049805
-9.747961044311523
-9.708264350891113
-9.576987266540527
-9.582347869873047
-9.621793746948242
-9.670296669006348
-9.66710090637207
-9.639327049255371
-9.737771987915039
-9.78990650177002
-9.786380767822266
-9.754646301269531
-9.701238632202148
-9.450176239013672
-9.478920936584473
-9.665169715881348
-9.750679016113281
-9.806325912475586
-9.806992530822754
-9.810056686401367
-9.791515350341797
-9.768394470214844
-9.781403541564941
-9.65861701965332
-9.516522407531738
-9.576796531677246
-9.753849983215332
-9.819953918457031
-9.839903831481934
-9.793122291564941
-9.755655288696289
-9.524164199829102
-9.52042293548584
-9.71451473236084
-9.757157325744629
-9.728352546691895
-9.583993911743164
-9.471735954284668
-9.697550773620605
-9.749561309814453
-9.49669361114502
-9.335086822509766
-9.702604293823242
-9.61271858215332
-9.35095500946045
-9.610806465148926
-9.6820068359375
-9.71976375579834
-9.672337532043457
-9.508545875549316
-9.613048553466797
-9.763650894165039
-9.83724594116211
-9.74073314666748
-9.533205032348633
-9.523494720458984
-9.661491394042969
-9.72892951965332
-9.708415985107422
-9.544681549072266
-9.540961265563965
-9.733901023864746
-9.776739120483398
-9.804227828979492
-9.807184219360352
-9.797933578491211
-9.651078224182129
-9.462059020996094
-9.701868057250977
-9.815363883972168
-9.797024726867676
-9.80497932434082
-9.79132080078125
-9.710837364196777
-9.530940055847168
-9.497872352600098
-9.739282608032227
-9.844425201416016
-9.759343147277832
-9.64968204498291
-9.508258819580078
-9.638846397399902
-9.79611587524414
-9.815783500671387
-9.777644157409668
-9.677749633789062
-9.486352920532227
-9.599200248718262
-9.74873161315918
-9.767574310302734
-9.79631233215332
-9.755724906921387
-9.552210807800293
-9.423455238342285
-9.737597465515137
-9.792484283447266
-9.612421035766602
-9.556270599365234
-9.654848098754883
-9.778613090515137
-9.79602336883545
-9.667312622070312
-9.58166790008545
-9.52666187286377
-9.770407676696777
-9.796780586242676
-9.756340026855469
-9.757387161254883
-9.632972717285156
-9.498729705810547
-9.613487243652344
-9.702954292297363
-9.781150817871094
-9.790682792663574
-9.771735191345215
-9.77673053741455
-9.732857704162598
-9.53064250946045
-9.448431015014648
-9.70786190032959
-9.8026762008667
-9.768190383911133
-9.778996467590332
-9.640974998474121
-9.423443794250488
-9.644364356994629
-9.788481712341309
-9.803388595581055
-9.782187461853027
-9.708359718322754
-9.623089790344238
-9.5889310836792
-9.67863941192627
-9.73812484741211
-9.687586784362793
-9.600905418395996
-9.59386157989502
-9.699337005615234
-9.765101432800293
-9.6942777633667
