loss_b
-2.3902597427368164
-2.390763282775879
-2.3914058208465576
-2.391629934310913
-2.3920328617095947
-2.3924264907836914
-2.39282488822937
-2.393282175064087
-2.3939738273620605
-2.3950014114379883
-2.3960886001586914
-2.3974249362945557
-2.398963451385498
-2.4007341861724854
-2.401709794998169
-2.403468370437622
-2.406116485595703
-2.4080328941345215
-2.4102060794830322
-2.413189649581909
-2.4153828620910645
-2.4185903072357178
-2.422492504119873
-2.425471305847168
-2.4309513568878174
-2.4357962608337402
-2.4407215118408203
-2.4474129676818848
-2.451606273651123
-2.4595704078674316
-2.4661898612976074
-2.4752817153930664
-2.4891178607940674
-2.4988510608673096
-2.5094823837280273
-2.5198264122009277
-2.5394039154052734
-2.5585672855377197
-2.5755927562713623
-2.6003518104553223
-2.6193034648895264
-2.6576731204986572
-2.6798272132873535
-2.717095136642456
-2.748318672180176
-2.770312786102295
-2.85723614692688
-2.8876750469207764
-2.9343783855438232
-3.0309829711914062
-3.090000629425049
-3.1687750816345215
-3.278304100036621
-3.3368418216705322
-3.4368627071380615
-3.631052017211914
-3.7903401851654053
-3.99577260017395
-4.19875431060791
-4.454770565032959
-4.772324562072754
-5.096282482147217
-5.551884651184082
-5.758451461791992
-5.5345377922058105
-5.534964084625244
-5.12092399597168
-5.215673446655273
-5.243008613586426
-5.625113010406494
-5.568906784057617
-5.8434739112854
-5.757692337036133
-5.670187950134277
-5.811212062835693
-5.640805721282959
-5.686450004577637
-5.719818115234375
-5.81121826171875
-5.906609535217285
-5.978752136230469
-5.788181781768799
-5.977100372314453
-5.84360933303833
-5.89087438583374
-5.94485330581665
-5.9438276290893555
-5.8950653076171875
-5.961882591247559
-5.976151466369629
-5.952523708343506
-5.963252544403076
-6.092538356781006
-6.042394638061523
-5.9925127029418945
-5.938483238220215
-6.118496417999268
-6.165294170379639
-6.1224470138549805
-5.991393566131592
-6.097121715545654
-6.092549800872803
-6.135276794433594
-6.1807661056518555
-6.170068740844727
-6.122166633605957
-6.200458526611328
-6.234272480010986
-6.251952171325684
-6.261832237243652
-6.281027793884277
-6.154374122619629
-6.315064907073975
-6.366068363189697
-6.3345537185668945
-6.3819050788879395
-6.309614181518555
-6.39303731918335
-6.298471450805664
-6.418618202209473
-6.40670108795166
-6.540680885314941
-6.461595058441162
-6.528698444366455
-6.360910892486572
-6.538064956665039
-6.635471820831299
-6.596157073974609
-6.527157783508301
-6.495985507965088
-6.655192852020264
-6.631201267242432
-6.576582908630371
-6.690443515777588
-6.65329122543335
-6.764678001403809
-6.812258720397949
-6.877408981323242
-6.849780082702637
-6.963916301727295
-6.872859001159668
-6.981715679168701
-7.062263011932373
-7.044337272644043
-6.937098979949951
-7.0312981605529785
-7.108585357666016
-7.074432373046875
-7.013302326202393
-7.1794586181640625
-7.264071464538574
-7.098902225494385
-7.107839584350586
-7.316725730895996
-7.255595684051514
-7.171009063720703
-7.343232154846191
-7.404151439666748
-7.311721324920654
-7.357289791107178
-7.450879096984863
-7.457139015197754
-7.41168737411499
-7.502565383911133
-7.5149245262146
-7.530337810516357
-7.66959285736084
-7.664220809936523
-7.7134599685668945
-7.687263488769531
-7.635241508483887
-7.624128818511963
-7.723768711090088
-7.694413185119629
-7.807004928588867
-7.708383560180664
-7.752708435058594
-7.8008551597595215
-7.834987163543701
-7.911900997161865
-7.921538352966309
-7.924045562744141
-7.886658191680908
-7.840096473693848
-7.868281841278076
-7.946038722991943
-7.900501728057861
-7.964108943939209
-8.045469284057617
-8.05201244354248
-8.013528823852539
-7.9666876792907715
-8.154622077941895
-8.019131660461426
-8.069705963134766
-8.005290985107422
-8.083500862121582
-8.075045585632324
-8.18549919128418
-8.185308456420898
-8.175758361816406
-8.138043403625488
-8.171395301818848
-8.13973617553711
-8.16207218170166
-8.170836448669434
-8.249444007873535
-8.221475601196289
-8.235894203186035
-8.241771697998047
-8.208826065063477
-8.329204559326172
-8.275248527526855
-8.302200317382812
-8.316707611083984
-8.294031143188477
-8.26573657989502
-8.443753242492676
-8.25560188293457
-8.427389144897461
-8.440940856933594
-8.39409065246582
-8.405787467956543
-8.440098762512207
-8.395339965820312
-8.454970359802246
-8.424408912658691
-8.454734802246094
-8.482884407043457
-8.53533935546875
-8.47297191619873
-8.509134292602539
-8.570852279663086
-8.5284423828125
-8.560263633728027
-8.528889656066895
-8.573887825012207
-8.557037353515625
-8.585110664367676
-8.540694236755371
-8.633867263793945
-8.619651794433594
-8.546614646911621
-8.681205749511719
-8.619091033935547
-8.590536117553711
-8.78139877319336
-8.707989692687988
-8.600668907165527
-8.659174919128418
-8.649985313415527
-8.576933860778809
-8.670999526977539
-8.692035675048828
-8.688055038452148
-8.760198593139648
-8.700972557067871
-8.757914543151855
-8.650540351867676
-8.754823684692383
-8.682761192321777
-8.689643859863281
-8.649124145507812
-8.795270919799805
-8.805927276611328
-8.821064949035645
-8.782264709472656
-8.815385818481445
-8.767518043518066
-8.760650634765625
-8.827630043029785
-8.805473327636719
-8.76526927947998
-8.77829360961914
-8.803772926330566
-8.868171691894531
-8.901901245117188
-8.750824928283691
-8.855118751525879
-8.90007209777832
-8.908914566040039
-8.923620223999023
-8.9586181640625
-8.84672737121582
-8.888252258300781
-9.019359588623047
-8.894561767578125
-8.97407054901123
-8.930648803710938
-8.862317085266113
-8.931608200073242
-8.930484771728516
-8.964743614196777
-8.90478801727295
-8.94387149810791
-8.941250801086426
-8.959633827209473
-8.991304397583008
-8.94363021850586
-8.966686248779297
-8.99190902709961
-8.99791431427002
-8.997830390930176
-8.975019454956055
-8.966665267944336
-8.951821327209473
-9.068157196044922
-9.071077346801758
-9.001220703125
-9.018413543701172
-9.019366264343262
-9.098420143127441
-9.104961395263672
-9.048331260681152
-9.062707901000977
-9.01115894317627
-9.090989112854004
-9.012622833251953
-8.986533164978027
-9.143695831298828
-9.125715255737305
-9.051992416381836
-9.108294486999512
-9.13432502746582
-9.114697456359863
-9.067111015319824
-9.20324420928955
-9.239083290100098
-9.181744575500488
-9.113869667053223
-9.153882026672363
-9.12337875366211
-9.178766250610352
-9.146966934204102
-9.156013488769531
-9.19094181060791
-9.159293174743652
-9.184354782104492
-9.17214584350586
-9.14423942565918
-9.201438903808594
-9.156007766723633
-9.235482215881348
-9.226688385009766
-9.194083213806152
-9.234025955200195
-9.219663619995117
-9.14732837677002
-9.268919944763184
-9.180769920349121
-9.220072746276855
-9.331522941589355
-9.226463317871094
-9.197713851928711
-9.27272891998291
-9.26867961883545
-9.26913070678711
-9.333961486816406
-9.269166946411133
-9.327160835266113
-9.297891616821289
-9.268562316894531
-9.297913551330566
-9.26215648651123
-9.268858909606934
-9.264936447143555
-9.323797225952148
-9.273138046264648
-9.267252922058105
-9.329778671264648
-9.321950912475586
-9.349003791809082
-9.305023193359375
-9.346001625061035
-9.281780242919922
-9.318594932556152
-9.321417808532715
-9.317747116088867
-9.32863712310791
-9.351563453674316
-9.340081214904785
-9.35162353515625
-9.30760669708252
-9.368236541748047
-9.35888957977295
-9.368696212768555
-9.3706636428833
-9.346231460571289
-9.36451244354248
-9.329780578613281
-9.387500762939453
-9.385520935058594
-9.386848449707031
-9.358180046081543
-9.39903736114502
-9.373473167419434
-9.414430618286133
-9.391241073608398
-9.422736167907715
-9.41457462310791
-9.428786277770996
-9.43749713897705
-9.431818008422852
-9.413178443908691
-9.428446769714355
-9.430753707885742
-9.394265174865723
-9.476249694824219
-9.441107749938965
-9.480789184570312
-9.453564643859863
-9.42479133605957
-9.447979927062988
-9.468485832214355
-9.453509330749512
-9.453721046447754
-9.425867080688477
-9.423494338989258
-9.498353004455566
-9.459000587463379
-9.436312675476074
-9.487284660339355
-9.539795875549316
-9.483148574829102
-9.494237899780273
-9.50564193725586
-9.49417495727539
-9.54055404663086
-9.545990943908691
-9.549432754516602
-9.505965232849121
-9.462179183959961
-9.463064193725586
-9.524643898010254
-9.517727851867676
-9.481528282165527
-9.506966590881348
-9.523215293884277
-9.552733421325684
-9.54605770111084
-9.518879890441895
-9.564922332763672
-9.56986141204834
-9.531301498413086
-9.538487434387207
-9.56335735321045
-9.564242362976074
-9.541858673095703
-9.528637886047363
-9.50412654876709
-9.548615455627441
-9.538000106811523
-9.562433242797852
-9.565648078918457
-9.584417343139648
-9.591080665588379
-9.621288299560547
-9.561864852905273
-9.569015502929688
-9.59623908996582
-9.587224960327148
-9.594344139099121
-9.547245979309082
-9.613598823547363
-9.5335111618042
-9.530648231506348
-9.568151473999023
-9.611531257629395
-9.577601432800293
-9.58682632446289
-9.560400009155273
-9.654969215393066
-9.594738006591797
-9.50767707824707
-9.601860046386719
-9.585289001464844
-9.468914985656738
-9.542914390563965
-9.619376182556152
-9.503506660461426
-9.514457702636719
-9.635065078735352
-9.578054428100586
-9.537675857543945
-9.658880233764648
-9.598865509033203
-9.574405670166016
-9.639749526977539
-9.669373512268066
-9.584365844726562
-9.560555458068848
-9.643875122070312
-9.63782024383545
-9.580750465393066
-9.655523300170898
-9.652204513549805
-9.630940437316895
-9.63325023651123
-9.656496047973633
-9.642135620117188
-9.667168617248535
-9.655497550964355
-9.65841007232666
-9.664156913757324
-9.683878898620605
-9.625370025634766
-9.610811233520508
-9.673144340515137
-9.67497730255127
-9.663044929504395
-9.623923301696777
-9.715339660644531
-9.533564567565918
-9.679516792297363
-9.703118324279785
-9.692371368408203
-9.725057601928711
-9.730023384094238
-9.655372619628906
-9.698588371276855
-9.72157096862793
-9.728020668029785
-9.658347129821777
-9.678032875061035
-9.675768852233887
-9.703633308410645
-9.760102272033691
-9.711586952209473
-9.720174789428711
-9.70921802520752
-9.728985786437988
-9.731325149536133
-9.740055084228516
-9.734668731689453
-9.734548568725586
-9.79636001586914
-9.748753547668457
-9.760175704956055
-9.700748443603516
-9.76310920715332
-9.805107116699219
-9.796701431274414
-9.752596855163574
-9.770869255065918
-9.769877433776855
-9.749307632446289
-9.768245697021484
-9.77649974822998
-9.787063598632812
-9.764283180236816
-9.77175235748291
-9.792749404907227
-9.78370189666748
-9.784915924072266
-9.719640731811523
-9.77487850189209
-9.810298919677734
-9.758922576904297
-9.748507499694824
-9.758563995361328
-9.768982887268066
-9.74238395690918
-9.717117309570312
-9.760485649108887
-9.741189956665039
-9.704790115356445
-9.75394344329834
-9.805912017822266
-9.791149139404297
-9.780601501464844
-9.808262825012207
-9.771615982055664
-9.76400375366211
-9.726941108703613
-9.744522094726562
-9.846502304077148
-9.7194185256958
-9.725433349609375
-9.797675132751465
-9.71816635131836
-9.751169204711914
-9.831326484680176
-9.70383071899414
-9.712096214294434
-9.775411605834961
-9.83066463470459
-9.716904640197754
-9.798541069030762
-9.827383041381836
-9.718939781188965
-9.854612350463867
-9.833900451660156
-9.817327499389648
-9.812183380126953
-9.836843490600586
-9.81850528717041
-9.842317581176758
-9.828248023986816
-9.780829429626465
-9.781530380249023
-9.86182689666748
-9.869097709655762
-9.859416007995605
-9.871471405029297
-9.855321884155273
-9.878028869628906
-9.866876602172852
-9.834803581237793
-9.840537071228027
-9.819005012512207
-9.871994972229004
-9.84542465209961
-9.836024284362793
-9.86159896850586
-9.869691848754883
-9.877684593200684
-9.906314849853516
-9.873581886291504
-9.88569164276123
-9.855271339416504
-9.846820831298828
-9.847113609313965
-9.885092735290527
-9.904382705688477
-9.876618385314941
-9.901615142822266
-9.918815612792969
-9.915996551513672
-9.918675422668457
-9.875810623168945
-9.870574951171875
-9.890579223632812
-9.902856826782227
-9.914936065673828
-9.899849891662598
-9.8735990524292
-9.944417953491211
-9.947620391845703
-9.891175270080566
-9.91314697265625
-9.900816917419434
-9.925508499145508
-9.959977149963379
-9.913949012756348
-9.910978317260742
-9.869514465332031
-9.955657958984375
-9.863090515136719
-9.85499095916748
-9.878169059753418
-9.904924392700195
-9.858136177062988
-9.754064559936523
-9.866297721862793
-9.92469310760498
-9.852152824401855
-9.87497329711914
-9.957386016845703
-9.920295715332031
-9.865838050842285
-9.880362510681152
-9.944007873535156
-9.913082122802734
-9.923603057861328
-9.90322494506836
-9.969229698181152
-9.93020248413086
-9.886260032653809
-9.9517822265625
-9.90158462524414
-9.887357711791992
-9.912343978881836
-9.959470748901367
-9.962179183959961
-9.881656646728516
-9.900530815124512
-9.920071601867676
-9.95413589477539
-9.92763614654541
-9.9080171585083
-9.926562309265137
-9.95954704284668
-9.923693656921387
-9.874369621276855
-9.914654731750488
-9.953993797302246
-9.969378471374512
-9.882163047790527
-9.859164237976074
-9.98814582824707
-9.881808280944824
-9.871750831604004
-9.922127723693848
-9.970670700073242
-9.90884017944336
-9.927786827087402
-9.9684476852417
-9.941878318786621
-9.924927711486816
-9.998299598693848
-9.971726417541504
-9.946357727050781
-9.934745788574219
-9.989025115966797
-10.017502784729004
-9.972685813903809
-9.987064361572266
-10.012206077575684
-10.002406120300293
-10.011987686157227
-9.987119674682617
-9.998032569885254
-10.001997947692871
-9.936136245727539
-9.992979049682617
-10.032880783081055
-9.982460021972656
-9.943096160888672
-10.006227493286133
-9.963756561279297
-10.017276763916016
-10.004481315612793
-10.001343727111816
-9.970122337341309
-10.007698059082031
-10.009644508361816
-9.9828462600708
-10.005443572998047
-10.024209022521973
-10.003144264221191
-9.982599258422852
-9.99126148223877
-9.988324165344238
-10.035116195678711
-10.005325317382812
-10.015323638916016
-9.967489242553711
-10.025198936462402
-9.923981666564941
-9.908013343811035
-9.996914863586426
-10.057794570922852
-9.994440078735352
-9.87515926361084
-9.946825981140137
-9.978157043457031
-9.940900802612305
-9.951370239257812
-10.01916790008545
-10.002711296081543
-9.922329902648926
-10.016280174255371
-10.05920124053955
-10.009994506835938
-9.936509132385254
-9.990726470947266
-10.031054496765137
-9.93927001953125
-9.9295015335083
-10.002405166625977
-10.067703247070312
-10.014699935913086
-10.025781631469727
-10.033368110656738
-10.020562171936035
-10.035931587219238
-10.040788650512695
-10.031635284423828
-10.077109336853027
-10.016389846801758
-10.009307861328125
-9.978225708007812
-10.000558853149414
-10.020684242248535
-9.997892379760742
-9.994982719421387
-10.033844947814941
-10.01719856262207
-9.999281883239746
-9.947147369384766
-10.013646125793457
-10.075161933898926
-10.060994148254395
-10.023189544677734
-10.025264739990234
-10.033187866210938
-10.089578628540039
-10.035080909729004
-10.022525787353516
-10.049863815307617
-10.056364059448242
-10.004344940185547
-10.035333633422852
-10.038369178771973
-10.085689544677734
-10.050806045532227
-10.029767036437988
-10.057133674621582
-10.084705352783203
-10.056246757507324
-10.074856758117676
-10.05707836151123
-10.057235717773438
-10.061450004577637
-10.036624908447266
-10.037469863891602
-10.088716506958008
-10.063172340393066
-10.087909698486328
-10.055218696594238
-10.040703773498535
-9.951353073120117
-10.006342887878418
-10.045659065246582
-10.049721717834473
-10.097700119018555
-10.01107406616211
-9.977503776550293
-10.015525817871094
-10.077876091003418
-10.0723237991333
-9.980803489685059
-9.980960845947266
-10.10486888885498
-10.024136543273926
-9.930730819702148
-10.021402359008789
-10.110645294189453
-10.068473815917969
-9.940902709960938
-10.038387298583984
-10.095589637756348
-10.059586524963379
-9.98941421508789
-10.043509483337402
-10.105694770812988
-10.11862850189209
-10.082877159118652
-10.048299789428711
-10.040494918823242
-10.091193199157715
-10.06989860534668
-10.120845794677734
-10.114222526550293
-10.131328582763672
-10.133708953857422
-10.087725639343262
-10.116047859191895
-10.080592155456543
-10.075248718261719
-10.075828552246094
-10.101805686950684
-10.061657905578613
-10.090625762939453
-10.104586601257324
-10.103861808776855
-10.123064994812012
-10.103669166564941
-10.114533424377441
-10.128379821777344
-10.117216110229492
-10.121020317077637
-10.135201454162598
-10.103400230407715
-10.132637023925781
-10.087152481079102
-10.085124969482422
-10.10891056060791
-10.123747825622559
-10.122739791870117
-10.11704158782959
-10.09922981262207
-10.109715461730957
-10.066001892089844
-10.142105102539062
-10.128807067871094
-10.097805976867676
-10.091833114624023
-10.051790237426758
-10.024710655212402
-10.06312370300293
-10.114809036254883
-10.087574005126953
-10.046234130859375
-10.026935577392578
-10.080422401428223
-10.14525318145752
-10.124741554260254
-10.067245483398438
-10.075507164001465
-10.11269474029541
-10.049812316894531
-10.064715385437012
-10.073517799377441
-10.121542930603027
-10.144311904907227
-10.092321395874023
-10.032257080078125
-10.037909507751465
-10.103019714355469
-10.16211223602295
-10.112883567810059
-10.103614807128906
-10.09998893737793
-10.126016616821289
-10.12795639038086
-10.162338256835938
-10.136706352233887
-10.134903907775879
-10.152947425842285
-10.166154861450195
-10.192605018615723
-10.140785217285156
-10.099324226379395
-10.08439826965332
-10.119404792785645
-10.149072647094727
-10.119949340820312
-10.127488136291504
-10.095171928405762
-10.144000053405762
-10.149945259094238
-10.140963554382324
-10.120098114013672
-9.990826606750488
-10.07277774810791
-10.142340660095215
-10.08333969116211
-10.030014991760254
-10.176458358764648
-10.129634857177734
-9.998592376708984
-10.014608383178711
-10.157707214355469
-10.167677879333496
-10.137784004211426
-10.105320930480957
-10.118731498718262
-10.212149620056152
-10.181199073791504
-10.136595726013184
-10.14159870147705
-10.153520584106445
-10.182184219360352
-10.167719841003418
-10.16615104675293
-10.148560523986816
-10.186186790466309
-10.1704740524292
-10.135575294494629
-10.155584335327148
-10.16395378112793
-10.179498672485352
-10.143423080444336
-10.119071006774902
-10.08395004272461
-10.087316513061523
-10.133393287658691
-10.153611183166504
-10.159754753112793
-10.100664138793945
-10.09414291381836
-10.108373641967773
-10.18630313873291
-10.174931526184082
-10.138741493225098
-10.137971878051758
-10.061705589294434
-10.121298789978027
-10.179512977600098
-10.190369606018066
-10.167616844177246
-10.095243453979492
-10.108985900878906
-10.184661865234375
-10.181406021118164
-10.107390403747559
-10.071910858154297
-10.16303539276123
-10.154112815856934
-10.07939338684082
-10.121150970458984
-10.20113754272461
-10.175249099731445
-10.116352081298828
-10.1212158203125
-10.181726455688477
-10.205071449279785
-10.106119155883789
-10.085886001586914
-10.16340160369873
-10.17684268951416
-10.104750633239746
-10.02315616607666
-10.15011978149414
-10.170327186584473
-9.988198280334473
-10.09380054473877
-10.161410331726074
-10.18340015411377
-10.145288467407227
-10.168388366699219
-10.196569442749023
-10.197043418884277
-10.149542808532715
-10.162116050720215
-10.200845718383789
-10.213727951049805
-10.179984092712402
-10.162598609924316
-10.16513729095459
-10.208511352539062
-10.187560081481934
-10.146540641784668
-10.165925025939941
-10.198348999023438
-10.18807601928711
-10.199785232543945
-10.204536437988281
-10.21648120880127
-10.207663536071777
-10.182558059692383
-10.219039916992188
-10.156559944152832
-10.189637184143066
-10.11762809753418
-10.13405704498291
-10.193986892700195
-10.188359260559082
-10.112030982971191
-10.084284782409668
-10.163564682006836
-10.200650215148926
-10.067198753356934
-10.099648475646973
-10.2164888381958
-10.167713165283203
-10.09150505065918
-10.198567390441895
-10.201287269592285
-10.10620403289795
-10.155330657958984
-10.214432716369629
-10.199728012084961
-10.201431274414062
-10.220488548278809
-10.186129570007324
-10.214710235595703
-10.198050498962402
-10.229203224182129
-10.232054710388184
-10.230860710144043
-10.219263076782227
-10.174286842346191
-10.18990421295166
-10.204506874084473
-10.200187683105469
-10.229690551757812
-10.211397171020508
-10.202852249145508
-10.194347381591797
-10.22105884552002
-10.217911720275879
-10.220770835876465
-10.203673362731934
-10.187891960144043
-10.2369384765625
-10.215399742126465
-10.19482421875
-10.228015899658203
-10.199625968933105
-10.214061737060547
-10.199929237365723
-10.182267189025879
-10.156777381896973
-10.16978931427002
-10.2076416015625
-10.202006340026855
-10.204455375671387
-10.174337387084961
-10.1871919631958
-10.159494400024414
-10.20541763305664
-10.23853588104248
-10.183231353759766
-10.140337944030762
-10.205254554748535
-10.247392654418945
-10.205488204956055
-10.20432186126709
-10.218694686889648
-10.19536304473877
-10.242477416992188
-10.211865425109863
-10.249480247497559
-10.216696739196777
-10.228278160095215
-10.234886169433594
-10.23617172241211
-10.25261402130127
-10.21528148651123
-10.222125053405762
-10.182238578796387
-10.171502113342285
-10.237834930419922
-10.227367401123047
-10.203436851501465
-10.214181900024414
-10.220576286315918
-10.273725509643555
-10.255659103393555
-10.232109069824219
-10.189573287963867
-10.184968948364258
-10.235602378845215
-10.246061325073242
-10.252525329589844
-10.192829132080078
-10.1722993850708
-10.234920501708984
-10.260725975036621
-10.204414367675781
-10.202808380126953
-10.223898887634277
-10.250295639038086
-10.238648414611816
-10.234432220458984
-10.234389305114746
-10.214886665344238
-10.255915641784668
-10.248590469360352
-10.25199031829834
-10.243342399597168
-10.242018699645996
-10.247566223144531
-10.224129676818848
-10.176640510559082
-10.190471649169922
-10.24687671661377
-10.256173133850098
-10.235023498535156
-10.200267791748047
-10.192968368530273
-10.247918128967285
-10.252608299255371
-10.263434410095215
-10.230856895446777
-10.226075172424316
-10.144779205322266
-10.11909008026123
-10.171541213989258
-10.247783660888672
-10.250288963317871
-10.2701997756958
-10.238540649414062
-10.248391151428223
-10.280282974243164
-10.254127502441406
-10.202919006347656
-10.214406967163086
-10.213235855102539
-10.229899406433105
-10.22955322265625
-10.222634315490723
-10.248331069946289
-10.248656272888184
-10.25369930267334
-10.231874465942383
-10.217863082885742
-10.236430168151855
-10.269737243652344
-10.275859832763672
-10.271098136901855
-10.229887008666992
-10.239598274230957
-10.221846580505371
-10.206006050109863
-10.22607707977295
-10.231000900268555
-10.256813049316406
-10.280501365661621
-10.219376564025879
-10.143488883972168
-10.17222785949707
-10.234435081481934
-10.28334903717041
-10.155696868896484
-10.140403747558594
-10.21802043914795
-10.241294860839844
-10.171712875366211
-10.02885627746582
-10.211926460266113
-10.245902061462402
-10.130346298217773
-10.143261909484863
-10.25216007232666
-10.278536796569824
-10.197182655334473
-10.156380653381348
-10.248283386230469
-10.275589942932129
-10.221999168395996
-10.158945083618164
-10.078845024108887
-10.22446060180664
-10.242128372192383
-10.106109619140625
-10.141935348510742
-10.261907577514648
-10.267688751220703
-10.208630561828613
-10.186965942382812
-10.259371757507324
-10.257359504699707
-10.226812362670898
-10.211760520935059
-10.226786613464355
-10.265188217163086
-10.287988662719727
-10.273205757141113
-10.220788955688477
-10.247760772705078
-10.255158424377441
-10.259366989135742
-10.280646324157715
-10.280486106872559
-10.263406753540039
-10.267587661743164
-10.266594886779785
-10.261005401611328
-10.26980972290039
-10.266962051391602
-10.288841247558594
-10.295361518859863
-10.2944917678833
-10.294312477111816
-10.286713600158691
-10.28030014038086
-10.279746055603027
-10.266286849975586
-10.269282341003418
-10.272700309753418
-10.276810646057129
-10.291876792907715
-10.293843269348145
-10.299304962158203
-10.317899703979492
-10.259384155273438
-10.274782180786133
-10.212445259094238
-10.21308708190918
-10.234373092651367
-10.278693199157715
-10.25943660736084
-10.31396198272705
-10.272656440734863
-10.27535343170166
-10.210190773010254
-10.203622817993164
-10.26636791229248
-10.273787498474121
-10.236459732055664
-10.229520797729492
-10.211938858032227
-10.27723217010498
-10.27739429473877
-10.237422943115234
-10.248737335205078
-10.276213645935059
-10.228013038635254
-10.276479721069336
-10.256418228149414
-10.29631233215332
-10.263571739196777
-10.292553901672363
-10.298891067504883
-10.298007011413574
-10.274406433105469
-10.30677604675293
-10.206750869750977
-10.211043357849121
-10.235746383666992
-10.299458503723145
-10.287296295166016
-10.317621231079102
-10.324835777282715
-10.301627159118652
-10.310426712036133
-10.296304702758789
-10.282719612121582
-10.268928527832031
-10.242463111877441
-10.271956443786621
-10.28231430053711
-10.281023979187012
-10.287291526794434
-10.248146057128906
-10.231165885925293
-10.255026817321777
-10.300699234008789
-10.330622673034668
-10.320755958557129
-10.294941902160645
-10.291210174560547
-10.303106307983398
-10.300308227539062
-10.313399314880371
-10.306757926940918
-10.292631149291992
-10.33045482635498
-10.300819396972656
-10.271109580993652
-10.255425453186035
-10.28593921661377
-10.258216857910156
-10.281512260437012
-10.276591300964355
-10.285679817199707
-10.296794891357422
-10.325093269348145
-10.303711891174316
-10.280057907104492
-10.231806755065918
-10.218989372253418
-10.224832534790039
-10.273686408996582
-10.296768188476562
-10.271405220031738
-10.293957710266113
-10.214334487915039
-10.176422119140625
-10.27347469329834
-10.274974822998047
-10.220046997070312
-10.182623863220215
-10.250232696533203
-10.29519271850586
-10.27384090423584
-10.198195457458496
-10.22597599029541
-10.288409233093262
-10.313350677490234
-10.259891510009766
-10.201996803283691
-10.212596893310547
-10.291882514953613
-10.293318748474121
-10.217336654663086
-10.168741226196289
-10.28183650970459
-10.328892707824707
-10.259211540222168
-10.258641242980957
-10.292502403259277
-10.338902473449707
-10.333563804626465
-10.300402641296387
-10.304332733154297
-10.29389762878418
-10.275744438171387
-10.284942626953125
-10.316863059997559
-10.283713340759277
-10.306382179260254
-10.297320365905762
-10.30472469329834
-10.317148208618164
-10.307714462280273
-10.305593490600586
-10.2235107421875
-10.194892883300781
-10.269980430603027
-10.334484100341797
-10.31102180480957
-10.298321723937988
-10.263752937316895
-10.282983779907227
-10.292417526245117
-10.354142189025879
-10.300137519836426
-10.198333740234375
-10.155309677124023
-10.259929656982422
-10.332642555236816
-10.199788093566895
-10.165334701538086
-10.31792163848877
-10.2451171875
-10.120429992675781
-10.270127296447754
-10.319146156311035
-10.234136581420898
-10.146773338317871
-10.234280586242676
-10.316533088684082
-10.305663108825684
-10.2075834274292
-10.285982131958008
-10.315573692321777
-10.275430679321289
-10.255359649658203
-10.290022850036621
-10.330589294433594
-10.269978523254395
-10.201112747192383
-10.217190742492676
-10.295909881591797
-10.341445922851562
-10.269376754760742
-10.222638130187988
-10.286619186401367
-10.337520599365234
-10.30978012084961
-10.294485092163086
-10.29784870147705
-10.329137802124023
-10.305069923400879
-10.264609336853027
-10.225579261779785
-10.295357704162598
-10.318163871765137
-10.317158699035645
-10.295939445495605
-10.243855476379395
-10.257308959960938
-10.337367057800293
-10.327996253967285
-10.248889923095703
-10.266748428344727
-10.308009147644043
-10.31588363647461
-10.158105850219727
-10.179581642150879
-10.261842727661133
-10.313199043273926
-10.20775318145752
-10.166059494018555
-10.313632011413574
-10.300223350524902
-10.251835823059082
-10.236167907714844
-10.309818267822266
-10.306386947631836
-10.287162780761719
-10.21780776977539
-10.284468650817871
-10.27983283996582
-10.266319274902344
-10.268996238708496
-10.29709243774414
-10.33027172088623
-10.311585426330566
-10.192965507507324
-10.28807258605957
-10.312499046325684
-10.2802095413208
-10.280208587646484
-10.335302352905273
-10.312633514404297
-10.247445106506348
-10.284772872924805
-10.341546058654785
-10.344422340393066
-10.303630828857422
-10.289305686950684
-10.322039604187012
-10.348819732666016
-10.336759567260742
-10.306028366088867
-10.318452835083008
-10.32043170928955
-10.326977729797363
-10.312902450561523
-10.320611000061035
-10.321378707885742
-10.315662384033203
-10.353333473205566
-10.32724380493164
-10.34079360961914
-10.339669227600098
-10.328634262084961
-10.300921440124512
-10.312764167785645
-10.340890884399414
-10.338516235351562
-10.313400268554688
-10.307402610778809
-10.352273941040039
-10.332779884338379
-10.354059219360352
-10.316056251525879
-10.339935302734375
-10.346147537231445
-10.306168556213379
-10.322649955749512
-10.268963813781738
-10.281620025634766
-10.278853416442871
-10.300126075744629
-10.363231658935547
-10.331287384033203
-10.278671264648438
-10.315567016601562
-10.359949111938477
-10.340936660766602
-10.313410758972168
-10.28238582611084
-10.326579093933105
-10.337626457214355
-10.325592994689941
-10.309211730957031
-10.273567199707031
-10.348182678222656
-10.316686630249023
-10.2584228515625
-10.25286865234375
-10.301703453063965
-10.326034545898438
-10.263101577758789
-10.289697647094727
-10.312361717224121
-10.346397399902344
-10.342881202697754
-10.322526931762695
-10.339212417602539
-10.356947898864746
-10.358445167541504
-10.332919120788574
-10.373197555541992
-10.319683074951172
-10.2988862991333
-10.340056419372559
-10.364809036254883
-10.361259460449219
-10.287796020507812
-10.25269603729248
-10.290307998657227
-10.343565940856934
-10.374549865722656
-10.321232795715332
-10.2992582321167
-10.300777435302734
-10.334136962890625
-10.336153984069824
-10.350326538085938
-10.295699119567871
-10.296164512634277
-10.32282543182373
-10.385322570800781
-10.36412239074707
-10.29619312286377
-10.332154273986816
-10.342825889587402
-10.362957954406738
-10.250560760498047
-10.257575035095215
-10.315272331237793
-10.376191139221191
-10.309904098510742
-10.32614803314209
-10.342499732971191
-10.373819351196289
-10.366240501403809
-10.31906795501709
-10.331335067749023
-10.357707023620605
-10.37510871887207
-10.369187355041504
-10.37475299835205
-10.283443450927734
-10.25699520111084
-10.371779441833496
-10.355447769165039
-10.288716316223145
-10.154091835021973
-10.297280311584473
-10.343794822692871
-10.271483421325684
-10.242466926574707
-10.29049015045166
-10.361709594726562
-10.349562644958496
-10.31531047821045
-10.333611488342285
-10.329288482666016
-10.361445426940918
-10.346481323242188
-10.376138687133789
-10.326838493347168
-10.32381534576416
-10.339804649353027
-10.352445602416992
-10.372135162353516
-10.369674682617188
-10.307185173034668
-10.288387298583984
-10.326583862304688
-10.364738464355469
-10.341216087341309
-10.36512279510498
-10.364327430725098
-10.365164756774902
-10.360523223876953
-10.362438201904297
-10.321443557739258
-10.287674903869629
-10.345719337463379
-10.378439903259277
-10.379050254821777
-10.374659538269043
-10.369284629821777
-10.386198043823242
-10.362671852111816
-10.355591773986816
-10.336596488952637
-10.365299224853516
-10.358230590820312
-10.352852821350098
-10.354379653930664
-10.365189552307129
-10.366310119628906
-10.37387752532959
-10.347406387329102
-10.362781524658203
-10.359683990478516
-10.356744766235352
-10.386811256408691
-10.370428085327148
-10.394766807556152
-10.385047912597656
-10.393478393554688
-10.387807846069336
-10.388348579406738
-10.380487442016602
-10.39530086517334
-10.319348335266113
-10.283099174499512
-10.371009826660156
-10.406593322753906
-10.349299430847168
-10.355085372924805
-10.369111061096191
-10.337845802307129
-10.321820259094238
-10.389963150024414
-10.374642372131348
-10.33698558807373
-10.263277053833008
-10.296984672546387
-10.34989070892334
-10.372118949890137
-10.366718292236328
-10.380694389343262
-10.378663063049316
-10.345050811767578
-10.370535850524902
-10.398785591125488
-10.357608795166016
-10.36874771118164
-10.33268928527832
-10.29861068725586
-10.363372802734375
-10.395119667053223
-10.35650634765625
-10.31344223022461
-10.287138938903809
-10.32714557647705
-10.345697402954102
-10.389585494995117
-10.36036205291748
-10.297500610351562
-10.352458000183105
-10.395198822021484
-10.394583702087402
-10.37499713897705
-10.370452880859375
-10.377023696899414
-10.359319686889648
-10.384544372558594
-10.390297889709473
-10.370275497436523
-10.3858642578125
-10.376285552978516
-10.347687721252441
-10.389948844909668
-10.390522956848145
-10.383931159973145
-10.393978118896484
-10.38969898223877
-10.380609512329102
-10.3970308303833
-10.402559280395508
-10.385130882263184
-10.342047691345215
-10.311982154846191
-10.312505722045898
-10.352201461791992
-10.374707221984863
-10.371394157409668
-10.371344566345215
-10.376693725585938
-10.364490509033203
-10.357444763183594
-10.357917785644531
-10.367154121398926
-10.380645751953125
-10.379015922546387
-10.384825706481934
-10.408987045288086
-10.407127380371094
-10.385910034179688
-10.374194145202637
-10.368548393249512
-10.357254028320312
-10.324357032775879
-10.397635459899902
-10.409045219421387
-10.295323371887207
-10.228048324584961
-10.313843727111816
-10.397396087646484
-10.217816352844238
-10.198637962341309
-10.39282512664795
-10.335151672363281
-10.192556381225586
-10.313281059265137
-10.406618118286133
-10.335658073425293
-10.263426780700684
-10.323564529418945
-10.40142822265625
-10.285255432128906
-10.198732376098633
-10.326372146606445
-10.407075881958008
-10.339127540588379
-10.2279052734375
-10.32629108428955
-10.419461250305176
-10.3121919631958
-10.238336563110352
-10.356430053710938
-10.405468940734863
-10.338188171386719
-10.299375534057617
-10.36242389678955
-10.392111778259277
-10.409963607788086
-10.381442070007324
-10.372693061828613
-10.363697052001953
-10.414112091064453
-10.380670547485352
-10.3511323928833
-10.258296012878418
-10.300886154174805
-10.404458999633789
-10.327665328979492
-10.205771446228027
-10.394582748413086
-10.38970947265625
-10.263501167297363
-10.38034439086914
-10.404139518737793
-10.323195457458496
-10.263460159301758
-10.344377517700195
-10.400474548339844
-10.354677200317383
-10.296784400939941
-10.3429594039917
-10.39151668548584
-10.399358749389648
-10.349617004394531
-10.310868263244629
-10.384438514709473
-10.410428047180176
-10.37454891204834
-10.35893440246582
-10.366889953613281
-10.396903991699219
-10.412696838378906
-10.400585174560547
-10.341955184936523
-10.33570384979248
-10.381257057189941
-10.40660572052002
-10.387492179870605
-10.285506248474121
-10.325231552124023
-10.405671119689941
-10.423447608947754
-10.38581657409668
-10.394048690795898
-10.40904712677002
-10.40625
-10.424394607543945
-10.4212646484375
-10.420276641845703
-10.424800872802734
-10.408061981201172
-10.399815559387207
-10.435066223144531
-10.451798439025879
-10.418021202087402
-10.415581703186035
-10.40915584564209
-10.41809368133545
-10.380722999572754
-10.381964683532715
-10.32470703125
-10.340802192687988
-10.421418190002441
-10.421601295471191
-10.38284969329834
-10.33914566040039
-10.339694023132324
-10.37758731842041
-10.412200927734375
-10.431373596191406
-10.3775053024292
-10.317337036132812
-10.357547760009766
-10.391477584838867
-10.438746452331543
-10.345673561096191
-10.26171588897705
-10.351888656616211
-10.409346580505371
-10.397491455078125
-10.33333683013916
-10.340639114379883
-10.41170597076416
-10.403029441833496
-10.331576347351074
-10.347492218017578
-10.395045280456543
-10.409723281860352
-10.41248893737793
-10.36766529083252
-10.384523391723633
-10.405108451843262
-10.425594329833984
-10.429933547973633
-10.404129028320312
-10.408293724060059
-10.393034934997559
-10.413219451904297
-10.43237018585205
-10.411492347717285
-10.424335479736328
-10.444302558898926
-10.397425651550293
-10.39798355102539
-10.323090553283691
-10.324272155761719
-10.410526275634766
-10.409465789794922
-10.4036226272583
-10.31518268585205
-10.280467987060547
-10.409855842590332
-10.400531768798828
-10.302148818969727
-10.311657905578613
-10.407623291015625
-10.420774459838867
-10.321986198425293
-10.294591903686523
-10.394831657409668
-10.43278694152832
-10.402649879455566
-10.367422103881836
-10.375926971435547
-10.40528392791748
-10.427565574645996
-10.457862854003906
-10.377763748168945
-10.288620948791504
-10.37100887298584
-10.419658660888672
-10.353893280029297
-10.322641372680664
-10.37351131439209
-10.439421653747559
-10.378487586975098
-10.297462463378906
-10.321972846984863
-10.416826248168945
-10.428801536560059
-10.384808540344238
-10.356925964355469
-10.387036323547363
-10.415492057800293
-10.439234733581543
-10.401288986206055
-10.365358352661133
-10.373248100280762
-10.436591148376465
-10.42765998840332
-10.439169883728027
-10.419815063476562
-10.402132034301758
-10.418922424316406
-10.385863304138184
-10.413790702819824
-10.390605926513672
-10.40774917602539
-10.438366889953613
-10.44174861907959
-10.430314064025879
-10.428182601928711
-10.42953109741211
-10.3955717086792
-10.432677268981934
-10.355384826660156
-10.313063621520996
-10.396100044250488
-10.424796104431152
-10.403299331665039
-10.335284233093262
-10.346792221069336
-10.415764808654785
-10.443520545959473
-10.399842262268066
-10.337342262268066
-10.366592407226562
-10.37155818939209
-10.435104370117188
-10.420867919921875
-10.435105323791504
-10.443284034729004
-10.44840145111084
-10.438557624816895
-10.427181243896484
-10.432747840881348
-10.445205688476562
-10.442753791809082
-10.446111679077148
-10.437482833862305
-10.42600154876709
-10.441305160522461
-10.432859420776367
-10.450675964355469
-10.44371223449707
-10.433257102966309
-10.450430870056152
-10.434447288513184
-10.431386947631836
-10.424834251403809
-10.38058853149414
-10.388622283935547
-10.410523414611816
-10.438538551330566
-10.448689460754395
-10.439030647277832
-10.416979789733887
-10.39266300201416
-10.38936996459961
-10.417464256286621
-10.424054145812988
-10.4313383102417
-10.460562705993652
-10.41296100616455
-10.38985824584961
-10.282516479492188
-10.330663681030273
-10.441046714782715
-10.38179874420166
-10.228705406188965
-10.375532150268555
-10.430610656738281
-10.349581718444824
-10.255303382873535
-10.388825416564941
-10.437929153442383
-10.372925758361816
-10.351677894592285
-10.401482582092285
-10.471870422363281
-10.434596061706543
-10.437397003173828
-10.42165470123291
-10.460030555725098
-10.449176788330078
-10.418049812316895
-10.386359214782715
-10.369169235229492
-10.413108825683594
-10.431964874267578
-10.448885917663574
-10.4401216506958
-10.42813491821289
-10.439836502075195
-10.440296173095703
-10.438429832458496
-10.453984260559082
-10.453143119812012
-10.441720962524414
-10.42177677154541
-10.431422233581543
-10.438462257385254
-10.47447395324707
-10.458318710327148
-10.418170928955078
-10.429468154907227
-10.4264497756958
-10.438286781311035
-10.440607070922852
-10.478734016418457
-10.430939674377441
-10.397125244140625
-10.423914909362793
-10.42521858215332
-10.439550399780273
-10.437862396240234
-10.472029685974121
-10.365106582641602
-10.26826000213623
-10.341522216796875
-10.431708335876465
-10.463540077209473
-10.341987609863281
-10.289961814880371
-10.410819053649902
-10.465715408325195
-10.403164863586426
-10.344490051269531
-10.383256912231445
-10.454080581665039
-10.469157218933105
-10.4476318359375
-10.389154434204102
-10.386149406433105
-10.427803993225098
-10.469449996948242
-10.466769218444824
-10.444241523742676
-10.40195369720459
-10.34912109375
-10.375529289245605
-10.433756828308105
-10.462306022644043
-10.444876670837402
-10.429718017578125
-10.405618667602539
-10.47291374206543
-10.45398235321045
-10.433445930480957
-10.443634986877441
-10.458539009094238
-10.450292587280273
-10.47443675994873
-10.479546546936035
-10.475727081298828
-10.454996109008789
-10.466188430786133
-10.456942558288574
-10.476299285888672
-10.477865219116211
-10.454724311828613
-10.436782836914062
-10.428377151489258
-10.415433883666992
-10.41097640991211
-10.4264497756958
-10.464104652404785
-10.465513229370117
-10.468572616577148
-10.457094192504883
-10.4620943069458
-10.431142807006836
-10.411582946777344
-10.363119125366211
-10.368467330932617
-10.451848983764648
-10.4757719039917
-10.4219331741333
-10.341689109802246
-10.350401878356934
-10.465682029724121
-10.425661087036133
-10.312349319458008
-10.402318000793457
-10.458636283874512
-10.425073623657227
-10.349034309387207
-10.355307579040527
-10.450944900512695
-10.468992233276367
-10.361902236938477
-10.291204452514648
-10.368491172790527
-10.462686538696289
-10.452885627746582
-10.398003578186035
-10.368924140930176
-10.433436393737793
-10.45877742767334
-10.463768005371094
-10.471763610839844
-10.452851295471191
-10.393671035766602
-10.37962532043457
-10.401439666748047
-10.427754402160645
-10.459564208984375
-10.461709022521973
-10.460062026977539
-10.45203685760498
-10.454854011535645
-10.460593223571777
-10.45169734954834
-10.438125610351562
-10.478859901428223
-10.46800422668457
-10.480844497680664
-10.416163444519043
-10.356468200683594
-10.415215492248535
-10.45142936706543
-10.464025497436523
-10.341106414794922
-10.300687789916992
-10.447930335998535
-10.475043296813965
-10.331526756286621
-10.301605224609375
-10.43929386138916
-10.45017147064209
-10.458247184753418
-10.421382904052734
-10.415796279907227
-10.424423217773438
-10.461363792419434
-10.477953910827637
-10.49268627166748
-10.47059440612793
-10.456160545349121
-10.445327758789062
-10.445318222045898
-10.490979194641113
-10.42055892944336
-10.319979667663574
-10.35153865814209
-10.447242736816406
-10.490519523620605
-10.392097473144531
-10.33963394165039
-10.444068908691406
-10.495809555053711
-10.430209159851074
-10.383810043334961
-10.392058372497559
-10.443941116333008
-10.470722198486328
-10.47012996673584
-10.396143913269043
-10.369952201843262
-10.418822288513184
-10.47085189819336
-10.499174118041992
-10.449270248413086
-10.389829635620117
-10.430916786193848
-10.465685844421387
-10.468972206115723
-10.319259643554688
-10.32713508605957
-10.452752113342285
-10.498435974121094
-10.450572967529297
-10.4352388381958
-10.438494682312012
-10.433688163757324
-10.44192886352539
-10.49839973449707
-10.449389457702637
-10.366527557373047
-10.415323257446289
-10.481496810913086
-10.4905366897583
-10.451070785522461
-10.369678497314453
-10.387434959411621
-10.437787055969238
-10.484336853027344
-10.482566833496094
-10.440125465393066
-10.408111572265625
-10.418298721313477
-10.49608325958252
-10.477563858032227
-10.447482109069824
-10.268786430358887
-10.356179237365723
-10.493427276611328
-10.483362197875977
-10.412909507751465
-10.375197410583496
-10.442137718200684
-10.49072265625
-10.43991470336914
-10.362686157226562
-10.389647483825684
-10.481943130493164
-10.480609893798828
-10.439179420471191
-10.417071342468262
-10.4458646774292
-10.46737003326416
-10.479604721069336
-10.439823150634766
-10.37711238861084
-10.445056915283203
-10.490947723388672
-10.464363098144531
-10.45889949798584
-10.434998512268066
-10.474601745605469
-10.488122940063477
-10.477843284606934
-10.48552417755127
-10.4869966506958
-10.481741905212402
-10.494038581848145
-10.496959686279297
-10.495272636413574
-10.500056266784668
-10.477768898010254
-10.473042488098145
-10.50614070892334
-10.504240989685059
-10.482056617736816
-10.464097023010254
-10.413902282714844
-10.385647773742676
-10.437064170837402
-10.481706619262695
-10.510186195373535
-10.503068923950195
-10.472064018249512
-10.435359954833984
-10.454302787780762
-10.471088409423828
-10.49528980255127
-10.489450454711914
-10.509048461914062
-10.468847274780273
-10.451301574707031
-10.418225288391113
-10.42532730102539
-10.48060131072998
-10.475274085998535
-10.410072326660156
-10.341168403625488
-10.414559364318848
-10.478541374206543
-10.46755313873291
-10.426526069641113
-10.4871826171875
-10.478896141052246
-10.464543342590332
-10.43012809753418
-10.395757675170898
-10.447937965393066
-10.482394218444824
-10.496785163879395
-10.474814414978027
-10.426226615905762
-10.394947052001953
-10.398673057556152
-10.44743824005127
-10.470183372497559
-10.486780166625977
-10.401979446411133
-10.3372220993042
-10.398369789123535
-10.486907005310059
-10.515575408935547
-10.491743087768555
-10.432470321655273
-10.371377944946289
-10.414926528930664
-10.479883193969727
-10.509201049804688
-10.489972114562988
-10.462772369384766
-10.465185165405273
-10.482111930847168
-10.483529090881348
-10.482742309570312
-10.493718147277832
-10.491623878479004
-10.523580551147461
-10.488849639892578
-10.431853294372559
-10.424904823303223
-10.454550743103027
-10.491578102111816
-10.490549087524414
-10.485325813293457
-10.420000076293945
-10.404973983764648
-10.427316665649414
-10.460816383361816
-10.501267433166504
-10.489822387695312
-10.482583045959473
-10.4496488571167
-10.437908172607422
-10.394706726074219
-10.407392501831055
-10.473369598388672
-10.506288528442383
-10.502273559570312
-10.416015625
-10.366353988647461
-10.495452880859375
-10.493644714355469
-10.42833423614502
-10.33033561706543
-10.418412208557129
-10.490434646606445
-10.495889663696289
-10.499686241149902
-10.484611511230469
-10.45493221282959
-10.45860767364502
-10.483003616333008
-10.489863395690918
-10.503867149353027
-10.513587951660156
-10.492338180541992
-10.497113227844238
-10.458901405334473
-10.442928314208984
-10.465872764587402
-10.479161262512207
-10.49779224395752
-10.484126091003418
-10.419585227966309
-10.385650634765625
-10.395886421203613
-10.445515632629395
-10.490130424499512
-10.505416870117188
-10.464430809020996
-10.406984329223633
-10.38062858581543
-10.439168930053711
-10.489239692687988
-10.465917587280273
-10.384557723999023
-10.409200668334961
-10.48970890045166
-10.500231742858887
-10.48523998260498
-10.440528869628906
-10.463587760925293
-10.485577583312988
-10.537697792053223
-10.463879585266113
-10.358880043029785
-10.419109344482422
-10.489156723022461
-10.50893497467041
-10.506904602050781
-10.498936653137207
-10.487664222717285
-10.481164932250977
-10.482954978942871
-10.48388385772705
-10.461374282836914
-10.475646018981934
-10.49782943725586
-10.522701263427734
-10.490346908569336
-10.4772367477417
-10.488187789916992
-10.463812828063965
-10.514402389526367
-10.518052101135254
-10.50627613067627
-10.510581970214844
-10.491244316101074
-10.519350051879883
-10.475866317749023
-10.45660400390625
-10.411189079284668
-10.387126922607422
-10.399371147155762
-10.474623680114746
-10.485577583312988
-10.519964218139648
-10.52481460571289
-10.520771026611328
-10.511627197265625
-10.518447875976562
-10.511751174926758
-10.512687683105469
-10.517374992370605
-10.511568069458008
-10.530986785888672
-10.523432731628418
-10.50825309753418
-10.510720252990723
-10.492270469665527
-10.465201377868652
-10.390156745910645
-10.384159088134766
-10.510891914367676
-10.517671585083008
-10.465874671936035
-10.300721168518066
-10.318208694458008
-10.468635559082031
-10.49275016784668
-10.404460906982422
-10.356977462768555
-10.461910247802734
-10.513922691345215
-10.460397720336914
-10.370999336242676
-10.457647323608398
-10.518966674804688
-10.482983589172363
-10.444692611694336
-10.430102348327637
-10.483774185180664
-10.519776344299316
-10.510422706604004
-10.478985786437988
-10.4617919921875
-10.484098434448242
-10.48509693145752
-10.503005027770996
-10.471656799316406
-10.515893936157227
-10.372167587280273
-10.32005500793457
-10.459236145019531
-10.50973892211914
-10.442869186401367
-10.365716934204102
-10.40189266204834
-10.492780685424805
-10.513969421386719
-10.446012496948242
-10.398574829101562
-10.465935707092285
-10.490211486816406
-10.532058715820312
-10.506681442260742
-10.502524375915527
-10.511549949645996
-10.54160213470459
-10.508627891540527
-10.520370483398438
-10.51748275756836
-10.510851860046387
-10.456013679504395
-10.423869132995605
-10.405241966247559
-10.443482398986816
-10.4534912109375
-10.483813285827637
-10.488420486450195
-10.503853797912598
-10.50078296661377
-10.514533042907715
-10.481866836547852
-10.461769104003906
-10.471369743347168
-10.48436164855957
-10.509023666381836
-10.53006649017334
-10.546491622924805
-10.521485328674316
-10.524314880371094
-10.481677055358887
-10.449691772460938
-10.414139747619629
-10.467617988586426
-10.536197662353516
-10.530108451843262
-10.481246948242188
-10.400615692138672
-10.399007797241211
-10.489733695983887
-10.53268814086914
-10.515006065368652
-10.507606506347656
-10.495152473449707
-10.5253267288208
-10.521791458129883
-10.538594245910645
-10.528115272521973
-10.517146110534668
-10.440145492553711
-10.359834671020508
-10.442312240600586
-10.508926391601562
-10.534743309020996
-10.52574348449707
-10.49266242980957
-10.4611177444458
-10.45354175567627
-10.485387802124023
-10.513945579528809
-10.518088340759277
-10.527929306030273
-10.496781349182129
-10.530535697937012
-10.526524543762207
-10.542219161987305
-10.506766319274902
-10.506317138671875
-10.338486671447754
-10.338805198669434
-10.478279113769531
-10.527673721313477
-10.415233612060547
-10.278240203857422
-10.418135643005371
-10.513187408447266
-10.529918670654297
-10.452436447143555
-10.417411804199219
-10.46397590637207
-10.525017738342285
-10.533268928527832
-10.489863395690918
-10.517047882080078
-10.525046348571777
-10.52552604675293
-10.546043395996094
-10.530272483825684
-10.525649070739746
-10.532451629638672
-10.518830299377441
-10.503172874450684
-10.442519187927246
-10.437633514404297
-10.449180603027344
-10.504986763000488
-10.544546127319336
-10.543723106384277
-10.501843452453613
-10.423011779785156
-10.406203269958496
-10.502159118652344
-10.523128509521484
-10.450623512268066
-10.381434440612793
-10.445209503173828
-10.536443710327148
-10.494124412536621
-10.391931533813477
-10.456421852111816
-10.515214920043945
-10.527937889099121
-10.409554481506348
-10.355402946472168
-10.524920463562012
-10.513340950012207
-10.365612030029297
-10.439840316772461
-10.518845558166504
-10.503266334533691
-10.419838905334473
-10.38651180267334
-10.508614540100098
-10.5284423828125
-10.45341968536377
-10.381046295166016
-10.457096099853516
-10.533645629882812
-10.413219451904297
-10.342697143554688
-10.5065279006958
-10.498125076293945
-10.374300003051758
-10.375163078308105
-10.521441459655762
-10.535730361938477
-10.397039413452148
-10.389195442199707
-10.515131950378418
-10.509425163269043
-10.398594856262207
-10.433748245239258
-10.52003002166748
-10.536014556884766
-10.375700950622559
-10.38343334197998
-10.499113082885742
-10.54520320892334
-10.502548217773438
-10.439071655273438
-10.454056739807129
-10.484518051147461
-10.537493705749512
-10.526710510253906
-10.444611549377441
-10.40829086303711
-10.510355949401855
-10.552520751953125
-10.511509895324707
-10.433116912841797
-10.447452545166016
-10.515111923217773
-10.526642799377441
-10.511014938354492
-10.536872863769531
-10.520316123962402
-10.540454864501953
-10.544391632080078
-10.539360046386719
-10.552421569824219
-10.537790298461914
-10.551261901855469
-10.530190467834473
-10.486333847045898
-10.48405933380127
-10.516633033752441
-10.525045394897461
-10.521283149719238
-10.545225143432617
-10.534995079040527
-10.495231628417969
-10.524537086486816
-10.544004440307617
-10.56552791595459
-10.545654296875
-10.486350059509277
-10.507413864135742
-10.517888069152832
-10.528594970703125
-10.517596244812012
-10.525084495544434
-10.515981674194336
-10.507753372192383
-10.532896995544434
-10.546086311340332
-10.528318405151367
-10.545814514160156
-10.513084411621094
-10.49186897277832
-10.449980735778809
-10.47634220123291
-10.501201629638672
-10.536287307739258
-10.549504280090332
-10.537501335144043
-10.548355102539062
-10.543022155761719
-10.528096199035645
-10.466776847839355
-10.433122634887695
-10.498847961425781
-10.55340576171875
-10.536479949951172
-10.507523536682129
-10.475878715515137
-10.488800048828125
-10.513134956359863
-10.533584594726562
-10.500334739685059
-10.42374038696289
-10.38748550415039
-10.472627639770508
-10.516035079956055
-10.555192947387695
-10.538850784301758
-10.491979598999023
-10.449496269226074
-10.515729904174805
-10.553781509399414
-10.55048942565918
-10.550420761108398
-10.512303352355957
-10.523991584777832
-10.51850414276123
-10.558416366577148
-10.536598205566406
-10.506689071655273
-10.486885070800781
-10.473161697387695
-10.521137237548828
-10.544576644897461
-10.54482364654541
-10.546991348266602
-10.541641235351562
-10.554104804992676
-10.513113975524902
-10.439170837402344
-10.438692092895508
-10.508243560791016
-10.530632019042969
-10.564699172973633
-10.55545711517334
-10.556805610656738
-10.546579360961914
-10.550460815429688
-10.546205520629883
-10.52924919128418
-10.521726608276367
-10.508469581604004
-10.499999046325684
-10.521062850952148
-10.5525541305542
-10.538726806640625
-10.555734634399414
-10.551725387573242
-10.535144805908203
-10.510188102722168
-10.478256225585938
-10.50008773803711
-10.53984260559082
-10.52525520324707
-10.537322998046875
-10.487958908081055
-10.480446815490723
-10.488727569580078
-10.49819278717041
-10.531245231628418
-10.561320304870605
-10.55820369720459
-10.53033447265625
-10.49421501159668
-10.4462251663208
-10.456123352050781
-10.538025856018066
-10.551885604858398
-10.49247932434082
-10.441428184509277
-10.453372955322266
-10.542533874511719
-10.556427955627441
-10.545913696289062
-10.503704071044922
-10.457844734191895
-10.519935607910156
-10.561568260192871
-10.543872833251953
-10.554697036743164
-10.539327621459961
-10.535280227661133
-10.525530815124512
-10.524140357971191
-10.508974075317383
-10.517715454101562
-10.536548614501953
-10.540549278259277
-10.533819198608398
-10.510252952575684
-10.48929214477539
-10.513753890991211
-10.519639015197754
-10.55296516418457
-10.574392318725586
-10.56828784942627
-10.550233840942383
-10.563575744628906
-10.56398868560791
-10.562158584594727
-10.542756080627441
-10.510431289672852
-10.486069679260254
-10.540144920349121
-10.540301322937012
-10.533916473388672
-10.552301406860352
-10.45815372467041
-10.41633415222168
-10.448749542236328
-10.5028076171875
-10.525176048278809
-10.556900978088379
-10.54220962524414
-10.556727409362793
-10.503080368041992
-10.498358726501465
-10.522994995117188
-10.515179634094238
-10.557517051696777
-10.559538841247559
-10.545092582702637
-10.568892478942871
-10.559349060058594
-10.570430755615234
-10.579965591430664
-10.509087562561035
-10.45567512512207
-10.37674331665039
-10.43659782409668
-10.542655944824219
-10.554289817810059
-10.492931365966797
-10.433910369873047
-10.396702766418457
-10.541263580322266
-10.572759628295898
-10.52702522277832
-10.44556713104248
-10.422750473022461
-10.50906753540039
-10.5462007522583
-10.556812286376953
-10.470909118652344
-10.399811744689941
-10.517230987548828
-10.547370910644531
-10.546618461608887
-10.5055570602417
-10.466935157775879
-10.508989334106445
-10.537424087524414
-10.554755210876465
-10.554106712341309
-10.497161865234375
-10.466318130493164
-10.475571632385254
-10.57632064819336
-10.552399635314941
-10.443330764770508
-10.523372650146484
-10.56753158569336
-10.518431663513184
-10.497328758239746
-10.503588676452637
-10.53886890411377
-10.578476905822754
-10.556291580200195
-10.55384349822998
-10.478875160217285
-10.41707706451416
-10.464035034179688
-10.529195785522461
-10.557254791259766
-10.552702903747559
-10.479988098144531
-10.451495170593262
-10.507190704345703
-10.55254077911377
-10.580015182495117
-10.558636665344238
-10.572927474975586
-10.548484802246094
-10.532815933227539
-10.53515625
-10.515434265136719
-10.50761604309082
-10.476072311401367
-10.477742195129395
-10.543582916259766
-10.5739164352417
-10.569561958312988
-10.54417610168457
-10.509661674499512
-10.529295921325684
-10.544035911560059
-10.55502986907959
-10.551155090332031
-10.553736686706543
-10.487276077270508
-10.44070053100586
-10.51766586303711
-10.562819480895996
-10.578371047973633
-10.540656089782715
-10.472957611083984
-10.441597938537598
-10.497465133666992
-10.529781341552734
-10.557498931884766
-10.539546966552734
-10.556929588317871
-10.560606002807617
-10.573895454406738
-10.558170318603516
-10.537099838256836
-10.47739315032959
-10.429633140563965
-10.495627403259277
-10.546241760253906
-10.552218437194824
-10.570171356201172
-10.530694961547852
-10.506704330444336
-10.528759002685547
-10.54596996307373
-10.581436157226562
-10.548929214477539
-10.502918243408203
-10.467743873596191
-10.471288681030273
-10.507919311523438
-10.540122032165527
-10.553065299987793
-10.58289909362793
-10.55465030670166
-10.558199882507324
-10.556013107299805
-10.530497550964355
-10.546164512634277
-10.561197280883789
-10.511655807495117
-10.478860855102539
-10.43879222869873
-10.485614776611328
-10.500381469726562
-10.557652473449707
-10.566715240478516
-10.545232772827148
-10.51426887512207
-10.45811653137207
-10.487817764282227
-10.55824089050293
-10.562894821166992
-10.53022575378418
-10.499433517456055
-10.493962287902832
-10.516292572021484
-10.549704551696777
-10.515323638916016
-10.497227668762207
-10.513620376586914
-10.560953140258789
-10.571222305297852
-10.526987075805664
-10.485197067260742
-10.470519065856934
-10.514771461486816
-10.54598617553711
-10.565155029296875
-10.575185775756836
-10.480690002441406
-10.393585205078125
-10.508255958557129
-10.583464622497559
-10.550704002380371
-10.41515064239502
-10.37277889251709
-10.492867469787598
-10.572982788085938
-10.552481651306152
-10.465590476989746
-10.446385383605957
-10.513172149658203
-10.57104206085205
-10.569315910339355
-10.542840003967285
-10.511810302734375
-10.498690605163574
-10.52743148803711
-10.533855438232422
-10.572171211242676
-10.549518585205078
-10.534098625183105
-10.537018775939941
-10.580259323120117
-10.583588600158691
-10.560053825378418
-10.545120239257812
-10.513564109802246
-10.553990364074707
-10.577486038208008
-10.586219787597656
-10.573518753051758
-10.588083267211914
-10.583106994628906
-10.541544914245605
-10.485243797302246
-10.460687637329102
-10.50948715209961
-10.568208694458008
-10.567825317382812
-10.574119567871094
-10.575830459594727
-10.558135032653809
-10.51836109161377
-10.525787353515625
-10.525421142578125
-10.550507545471191
-10.561491966247559
-10.560303688049316
-10.564043045043945
-10.600408554077148
-10.591840744018555
-10.584510803222656
-10.52418041229248
-10.4688081741333
-10.450113296508789
-10.505167007446289
-10.566222190856934
-10.576762199401855
