loss_b
-0.5244150757789612
-0.5245569944381714
-0.5249150991439819
-0.5249258279800415
-0.5251041054725647
-0.5251112580299377
-0.525161862373352
-0.5252276659011841
-0.5252726078033447
-0.5254073739051819
-0.5257846117019653
-0.5258780121803284
-0.526281476020813
-0.5264726877212524
-0.527018129825592
-0.5275251865386963
-0.5279462337493896
-0.528694212436676
-0.5292230844497681
-0.530091404914856
-0.5313702821731567
-0.5327099561691284
-0.5340670347213745
-0.5353331565856934
-0.537040114402771
-0.5396860837936401
-0.5413208603858948
-0.545272707939148
-0.5475928783416748
-0.5530683994293213
-0.5543529987335205
-0.5610618591308594
-0.5650254487991333
-0.5719831585884094
-0.5788043737411499
-0.5841173529624939
-0.5945729613304138
-0.6051382422447205
-0.614210307598114
-0.6239123940467834
-0.646196722984314
-0.6510469317436218
-0.6813904047012329
-0.6910503506660461
-0.7255187034606934
-0.7469244599342346
-0.7671582698822021
-0.8009850978851318
-0.8617963790893555
-0.8976788520812988
-0.9564613103866577
-0.9958841800689697
-1.09600830078125
-1.1593331098556519
-1.2763433456420898
-1.3575478792190552
-1.495781421661377
-1.6574177742004395
-1.7650564908981323
-1.926276445388794
-2.193474769592285
-2.6622185707092285
-3.201202869415283
-3.0629587173461914
-3.9984326362609863
-3.3814313411712646
-3.4167134761810303
-3.3475117683410645
-3.142463445663452
-3.3115978240966797
-3.4247357845306396
-3.516432762145996
-3.6871821880340576
-3.7849209308624268
-3.477998971939087
-3.4667627811431885
-3.7771589756011963
-3.714852809906006
-3.624159097671509
-3.691800594329834
-4.035885810852051
-3.9552736282348633
-3.7452211380004883
-3.737938404083252
-3.9554548263549805
-3.710757255554199
-3.629452705383301
-3.8585422039031982
-3.86855149269104
-3.8508846759796143
-3.6975269317626953
-4.089321136474609
-4.109277725219727
-3.9692397117614746
-3.9099559783935547
-3.7933712005615234
-4.0431318283081055
-4.070855140686035
-3.8184192180633545
-4.046351432800293
-4.343695640563965
-3.8831498622894287
-4.370175361633301
-4.019474983215332
-4.16701078414917
-4.256826400756836
-4.024831771850586
-4.526401996612549
-4.309222221374512
-3.9979047775268555
-4.175538063049316
-4.116117000579834
-4.2696685791015625
-4.419637203216553
-4.215091228485107
-4.171732425689697
-4.2040605545043945
-4.434162616729736
-4.1528401374816895
-4.394218921661377
-4.50988245010376
-4.428425312042236
-4.321284294128418
-4.31845235824585
-4.356419086456299
-4.531933784484863
-4.6986470222473145
-4.4057817459106445
-4.3326544761657715
-4.654208660125732
-4.361405372619629
-4.703887939453125
-4.732034206390381
-4.559754848480225
-4.719570636749268
-4.492934226989746
-4.873776912689209
-4.892448902130127
-4.75969123840332
-4.676735877990723
-4.845904350280762
-4.788370132446289
-4.813772201538086
-4.7917375564575195
-4.944582462310791
-5.106785297393799
-4.747945308685303
-4.874815464019775
-5.000687122344971
-4.917713642120361
-5.158188343048096
-5.412825584411621
-4.911291599273682
-5.098638534545898
-5.140993118286133
-5.396719932556152
-5.188456058502197
-5.209041118621826
-5.305711269378662
-5.24113655090332
-5.432010650634766
-5.33059024810791
-5.323372840881348
-5.5663652420043945
-5.4660820960998535
-5.41145133972168
-5.597518444061279
-5.690071105957031
-5.611913681030273
-5.791521072387695
-5.705308437347412
-5.7059245109558105
-5.795302391052246
-5.762363433837891
-5.835850715637207
-5.866893768310547
-5.801465034484863
-5.827114582061768
-5.8572916984558105
-5.856335639953613
-5.8538713455200195
-5.811891078948975
-5.908777713775635
-5.906827449798584
-5.891024589538574
-5.949560165405273
-5.888569355010986
-5.898507118225098
-5.966884613037109
-5.8768086433410645
-5.921131134033203
-5.929902076721191
-5.9204559326171875
-5.935309410095215
-5.949324131011963
-5.981940746307373
-5.961390495300293
-5.937497615814209
-6.015636444091797
-5.998701095581055
-6.037140369415283
-5.979934215545654
-6.03859281539917
-6.0279622077941895
-6.067512512207031
-6.002027988433838
-6.079329967498779
-6.086303234100342
-6.103824615478516
-6.094237804412842
-6.084834098815918
-6.069132328033447
-6.070038795471191
-6.126199245452881
-6.107007026672363
-6.207973957061768
-6.102812767028809
-6.114067554473877
-6.127429485321045
-6.083617210388184
-6.130517959594727
-6.191949844360352
-6.128947734832764
-6.133671283721924
-6.103045463562012
-6.081741809844971
-6.115965366363525
-6.239535331726074
-6.179961681365967
-6.000424861907959
-6.229731559753418
-6.18371057510376
-6.225422382354736
-6.267210960388184
-6.1946001052856445
-6.198890686035156
-6.218870639801025
-6.209895610809326
-6.239407539367676
-6.176054000854492
-6.270203590393066
-6.255653381347656
-6.224918842315674
-6.2570719718933105
-6.267709255218506
-6.320515155792236
-6.2853851318359375
-6.290432929992676
-6.322131156921387
-6.302710056304932
-6.371415615081787
-6.315250873565674
-6.277254104614258
-6.344640254974365
-6.378711700439453
-6.269814491271973
-6.278964042663574
-6.351890563964844
-6.317261219024658
-6.400087833404541
-6.400871276855469
-6.48307991027832
-6.324983596801758
-6.373019218444824
-6.30137825012207
-6.385380268096924
-6.404756546020508
-6.398308753967285
-6.3603973388671875
-6.382368087768555
-6.4062066078186035
-6.448712348937988
-6.308793544769287
-6.451618671417236
-6.393545627593994
-6.466568946838379
-6.420058727264404
-6.466798305511475
-6.536445140838623
-6.500741958618164
-6.480696678161621
-6.547662734985352
-6.5211896896362305
-6.519572734832764
-6.506752014160156
-6.562786102294922
-6.561675071716309
-6.489510536193848
-6.582247257232666
-6.496889114379883
-6.581297874450684
-6.593210697174072
-6.476187229156494
-6.635509490966797
-6.554154872894287
-6.542594909667969
-6.658169269561768
-6.652307510375977
-6.646917819976807
-6.6863226890563965
-6.583520889282227
-6.637533187866211
-6.643945693969727
-6.661972999572754
-6.676405906677246
-6.686771869659424
-6.684438228607178
-6.729937553405762
-6.71151065826416
-6.671545505523682
-6.705993175506592
-6.7289042472839355
-6.747023105621338
-6.7972846031188965
-6.710232257843018
-6.733017921447754
-6.760513782501221
-6.740550518035889
-6.801825523376465
-6.736195087432861
-6.779319763183594
-6.7313971519470215
-6.78055477142334
-6.752903938293457
-6.784892559051514
-6.847499370574951
-6.903359889984131
-6.879202365875244
-6.88726806640625
-6.90207052230835
-6.975943088531494
-6.919140815734863
-6.93405818939209
-7.033182621002197
-6.915702819824219
-6.852746486663818
-6.815008163452148
-6.931180000305176
-6.80094051361084
-6.963725566864014
-6.804767608642578
-6.943462371826172
-6.867489337921143
-6.957992076873779
-6.927009582519531
-7.004970073699951
-6.90985631942749
-6.876317501068115
-6.905885219573975
-6.974470138549805
-6.923293590545654
-7.101722717285156
-6.978577136993408
-7.08851432800293
-7.0219011306762695
-7.03740930557251
-6.952548980712891
-7.15471887588501
-6.969508171081543
-7.025690078735352
-6.994606971740723
-6.891699314117432
-7.19821834564209
-7.067081928253174
-7.1542205810546875
-7.097400665283203
-7.247819423675537
-7.186306476593018
-7.0953216552734375
-7.173739433288574
-7.171936988830566
-7.170599937438965
-7.118207931518555
-7.17549991607666
-7.208713054656982
-7.221903324127197
-7.1653923988342285
-7.209675312042236
-7.208355903625488
-7.2374982833862305
-7.250122547149658
-7.26458215713501
-7.17594051361084
-7.213393688201904
-7.1710686683654785
-7.142487525939941
-7.199223518371582
-7.228835582733154
-7.097028732299805
-7.2327117919921875
-7.230490684509277
-7.323800086975098
-7.192230701446533
-7.236927509307861
-7.18812370300293
-7.297148704528809
-7.298592567443848
-7.4014787673950195
-7.240378379821777
-7.233973979949951
-7.4097137451171875
-7.405158519744873
-7.2958784103393555
-7.210568904876709
-7.232853412628174
-7.1832194328308105
-7.286648273468018
-7.320202350616455
-7.37606954574585
-7.373906135559082
-7.317478656768799
-7.290314674377441
-7.374737739562988
-7.412601947784424
-7.390259265899658
-7.40030574798584
-7.347531318664551
-7.461119174957275
-7.296212673187256
-7.4524312019348145
-7.33254861831665
-7.458352088928223
-7.36749267578125
-7.477703094482422
-7.46457576751709
-7.418846130371094
-7.458739757537842
-7.460007190704346
-7.353829860687256
-7.341344356536865
-7.43788480758667
-7.341639041900635
-7.43843412399292
-7.270324230194092
-7.4837727546691895
-7.290139675140381
-7.497564792633057
-7.374418258666992
-7.468783378601074
-7.328253269195557
-7.489322662353516
-7.480106830596924
-7.536652565002441
-7.45380973815918
-7.49343729019165
-7.434047698974609
-7.462069511413574
-7.474752426147461
-7.513211727142334
-7.504536151885986
-7.551933288574219
-7.47662878036499
-7.47965145111084
-7.422275543212891
-7.393441200256348
-7.551340579986572
-7.560502529144287
-7.52163028717041
-7.537042617797852
-7.535858154296875
-7.637519359588623
-7.49815559387207
-7.562507629394531
-7.492739200592041
-7.537105083465576
-7.526767730712891
-7.552923679351807
-7.595149993896484
-7.592115879058838
-7.5687103271484375
-7.599941253662109
-7.6016716957092285
-7.592185974121094
-7.517241477966309
-7.596132755279541
-7.569786548614502
-7.5866498947143555
-7.512737274169922
-7.608422756195068
-7.702634334564209
-7.569191932678223
-7.654783248901367
-7.6166672706604
-7.651951313018799
-7.625404357910156
-7.632649898529053
-7.646083831787109
-7.612302303314209
-7.686994552612305
-7.702020645141602
-7.575178623199463
-7.68390417098999
-7.473928451538086
-7.766263961791992
-7.642762184143066
-7.72172737121582
-7.576318740844727
-7.667649269104004
-7.660931587219238
-7.701364517211914
-7.677767276763916
-7.70149040222168
-7.7331671714782715
-7.826807498931885
-7.84047794342041
-7.823939800262451
-7.877084732055664
-7.865012168884277
-7.680417537689209
-7.642529010772705
-7.87526273727417
-7.738430023193359
-7.8226752281188965
-7.807977199554443
-7.654417037963867
-7.854738712310791
-7.902507781982422
-7.825932025909424
-7.892715930938721
-7.947941303253174
-7.937736988067627
-7.869636535644531
-7.8904829025268555
-8.00086498260498
-7.958922386169434
-7.856184482574463
-7.7948479652404785
-8.041173934936523
-7.865808486938477
-7.921858787536621
-7.97100305557251
-7.862304210662842
-7.976371765136719
-7.953187942504883
-7.8977203369140625
-8.020345687866211
-7.888667106628418
-7.931230545043945
-8.037537574768066
-7.830931186676025
-8.056458473205566
-8.098265647888184
-7.934464931488037
-8.006016731262207
-8.086434364318848
-7.990825176239014
-7.951428413391113
-8.092350959777832
-8.083203315734863
-8.132527351379395
-8.114853858947754
-8.124305725097656
-8.16368293762207
-8.173377990722656
-8.076258659362793
-8.011913299560547
-8.098371505737305
-8.106023788452148
-7.733893394470215
-8.075963020324707
-8.071722984313965
-7.961994171142578
-8.141786575317383
-8.111525535583496
-7.9793314933776855
-8.119298934936523
-8.133760452270508
-8.037525177001953
-8.191463470458984
-8.172301292419434
-8.171964645385742
-8.164449691772461
-8.068649291992188
-8.144536018371582
-8.21774959564209
-8.159019470214844
-8.14866828918457
-8.213345527648926
-8.211825370788574
-8.211209297180176
-8.218289375305176
-8.254861831665039
-8.258795738220215
-8.238865852355957
-8.205604553222656
-8.232460021972656
-8.247246742248535
-8.240806579589844
-8.252381324768066
-8.263038635253906
-8.231793403625488
-8.27939224243164
-8.27686882019043
-8.1958589553833
-8.24748706817627
-8.304056167602539
-8.266650199890137
-8.24705982208252
-8.24390983581543
-8.226372718811035
-8.255853652954102
-8.273062705993652
-8.379444122314453
-8.307687759399414
-8.29541015625
-8.323229789733887
-8.3385648727417
-8.346692085266113
-8.327712059020996
-8.318251609802246
-8.332737922668457
-8.313194274902344
-8.32541275024414
-8.372239112854004
-8.356098175048828
-8.366288185119629
-8.321017265319824
-8.322604179382324
-8.330245971679688
-8.353540420532227
-8.372466087341309
-8.369388580322266
-8.338059425354004
-8.33434009552002
-8.375812530517578
-8.367300033569336
-8.367473602294922
-8.37423038482666
-8.362916946411133
-8.385350227355957
-8.401238441467285
-8.393464088439941
-8.395992279052734
-8.420975685119629
-8.383024215698242
-8.358448028564453
-8.422506332397461
-8.380850791931152
-8.284425735473633
-8.317880630493164
-8.409393310546875
-8.449467658996582
-8.447118759155273
-8.4098539352417
-8.439760208129883
-8.419428825378418
-8.387969017028809
-8.313817024230957
-8.40113639831543
-8.456509590148926
-8.4628324508667
-8.440367698669434
-8.447667121887207
-8.475902557373047
-8.514737129211426
-8.496481895446777
-8.473630905151367
-8.336280822753906
-8.227855682373047
-8.40305233001709
-8.48144245147705
-8.448227882385254
-8.388519287109375
-8.366450309753418
-8.431511878967285
-8.550405502319336
-8.476173400878906
-8.475499153137207
-8.506006240844727
-8.54379653930664
-8.535744667053223
-8.536581993103027
-8.51043701171875
-8.456332206726074
-8.305353164672852
-8.435369491577148
-8.524646759033203
-8.473369598388672
-8.307976722717285
-8.437841415405273
-8.516223907470703
-8.521771430969238
-8.430482864379883
-8.477962493896484
-8.531664848327637
-8.561235427856445
-8.54901123046875
-8.544413566589355
-8.566473960876465
-8.566905975341797
-8.560283660888672
-8.507406234741211
-8.55717945098877
-8.584028244018555
-8.59149169921875
-8.59804916381836
-8.464447975158691
-8.42037296295166
-8.457722663879395
-8.523442268371582
-8.572309494018555
-8.59349536895752
-8.576193809509277
-8.531280517578125
-8.460200309753418
-8.284773826599121
-8.45753288269043
-8.568842887878418
-8.421236991882324
-8.40638542175293
-8.55479907989502
-8.555241584777832
-8.445799827575684
-8.473528861999512
-8.56655216217041
-8.612696647644043
-8.534244537353516
-8.47736930847168
-8.569945335388184
-8.616762161254883
-8.592548370361328
-8.585403442382812
-8.522411346435547
-8.565681457519531
-8.633217811584473
-8.60023307800293
-8.54188060760498
-8.58888053894043
-8.557262420654297
-8.526785850524902
-8.281133651733398
-8.624953269958496
-8.596423149108887
-8.39077377319336
-8.550247192382812
-8.600375175476074
-8.49539566040039
-8.50693130493164
-8.575596809387207
-8.639698028564453
-8.66235637664795
-8.489230155944824
-8.552531242370605
-8.622283935546875
-8.577361106872559
-8.563961029052734
-8.624398231506348
-8.649557113647461
-8.629171371459961
-8.621203422546387
-8.678459167480469
-8.662630081176758
-8.673544883728027
-8.663871765136719
-8.65860652923584
-8.659906387329102
-8.66226863861084
-8.675506591796875
-8.689867973327637
-8.644014358520508
-8.623184204101562
-8.64074420928955
-8.68118953704834
-8.703384399414062
-8.695939064025879
-8.68471622467041
-8.697114944458008
-8.720315933227539
-8.71143627166748
-8.695771217346191
-8.731457710266113
-8.737638473510742
-8.703554153442383
-8.727683067321777
-8.684541702270508
-8.671637535095215
-8.714360237121582
-8.720122337341309
-8.6751127243042
-8.62721061706543
-8.63245677947998
-8.710012435913086
-8.73559856414795
-8.759939193725586
-8.714094161987305
-8.769631385803223
-8.705720901489258
-8.669005393981934
-8.711545944213867
-8.6527681350708
-8.68813705444336
-8.714953422546387
-8.789883613586426
-8.686908721923828
-8.633602142333984
-8.595359802246094
-8.667998313903809
-8.766722679138184
-8.730293273925781
-8.738543510437012
-8.650548934936523
-8.641144752502441
-8.740449905395508
-8.753329277038574
-8.758766174316406
-8.760075569152832
-8.747090339660645
-8.745035171508789
-8.77256965637207
-8.787299156188965
-8.724020957946777
-8.776872634887695
-8.768054008483887
-8.794900894165039
-8.825075149536133
-8.796113014221191
-8.81459903717041
-8.795494079589844
-8.766470909118652
-8.786291122436523
-8.687066078186035
-8.616186141967773
-8.75082778930664
-8.795798301696777
-8.811161041259766
-8.805134773254395
-8.765271186828613
-8.76651668548584
-8.75189208984375
-8.650076866149902
-8.69202995300293
-8.819341659545898
-8.815542221069336
-8.78315544128418
-8.675304412841797
-8.658381462097168
-8.755281448364258
-8.805132865905762
-8.854924201965332
-8.810636520385742
-8.696343421936035
-8.695965766906738
-8.784770011901855
-8.846997261047363
-8.830422401428223
-8.866748809814453
-8.836909294128418
-8.802434921264648
-8.814475059509277
-8.709123611450195
-8.650992393493652
-8.772714614868164
-8.871926307678223
-8.888888359069824
-8.794363021850586
-8.723682403564453
-8.793632507324219
-8.82963752746582
-8.86324691772461
-8.879971504211426
-8.874404907226562
-8.869630813598633
-8.818482398986816
-8.766308784484863
-8.724499702453613
-8.809632301330566
-8.926423072814941
-8.838951110839844
-8.732745170593262
-8.721196174621582
-8.839822769165039
-8.898444175720215
-8.878422737121582
-8.694618225097656
-8.801730155944824
-8.902223587036133
-8.886580467224121
-8.861647605895996
-8.755779266357422
-8.762036323547363
-8.82892894744873
-8.890883445739746
-8.898161888122559
-8.854565620422363
-8.839018821716309
-8.825148582458496
-8.840892791748047
-8.899306297302246
-8.897645950317383
-8.91789722442627
-8.87112045288086
-8.88624382019043
-8.895611763000488
-8.837617874145508
-8.818509101867676
-8.873810768127441
-8.890560150146484
-8.877482414245605
-8.88907527923584
-8.916643142700195
-8.876712799072266
-8.89066219329834
-8.86328125
-8.92531967163086
-8.984440803527832
-8.917229652404785
-8.911052703857422
-8.92576789855957
-8.820521354675293
-8.824596405029297
-8.932043075561523
-8.903913497924805
-8.904024124145508
-8.927227973937988
-8.919861793518066
-8.929794311523438
-8.949346542358398
-8.906633377075195
-8.775101661682129
-8.767741203308105
-8.831068992614746
-8.932390213012695
-8.960647583007812
-8.862229347229004
-8.729659080505371
-8.894057273864746
-8.978589057922363
-8.835075378417969
-8.710726737976074
-8.917874336242676
-8.978391647338867
-8.881298065185547
-8.824091911315918
-8.965206146240234
-8.943520545959473
-8.93387508392334
-8.758139610290527
-8.818235397338867
-8.961030006408691
-8.947500228881836
-8.755268096923828
-8.896919250488281
-8.987442016601562
-8.95627212524414
-8.822998046875
-8.783894538879395
-9.042370796203613
-8.889304161071777
-8.71513557434082
-8.984642028808594
-8.939252853393555
-8.757315635681152
-8.955696105957031
-8.983187675476074
-8.896627426147461
-8.869046211242676
-8.9439697265625
-9.008220672607422
-9.019682884216309
-8.976655960083008
-8.882136344909668
-8.941499710083008
-8.961311340332031
-8.984193801879883
-8.994614601135254
-8.983489036560059
-9.016467094421387
-9.006471633911133
-9.020665168762207
-9.0013427734375
-9.018924713134766
-9.01059341430664
-8.994239807128906
-9.022096633911133
-8.967020034790039
-8.937490463256836
-8.916021347045898
-8.979316711425781
-8.979178428649902
-9.009032249450684
-9.029842376708984
-8.95923900604248
-8.881133079528809
-8.84359359741211
-8.996420860290527
-9.021187782287598
-9.024236679077148
-8.951727867126465
-8.965424537658691
-9.00435733795166
-8.953287124633789
-8.932622909545898
-8.976037979125977
-9.029470443725586
-9.033453941345215
-9.03870677947998
-9.004804611206055
-8.943255424499512
-8.950729370117188
-8.987205505371094
-9.01843547821045
-8.969059944152832
-8.918089866638184
-8.936613082885742
-8.960722923278809
-9.030081748962402
-9.055408477783203
-9.070362091064453
-8.968955039978027
-8.947924613952637
-8.964353561401367
-9.083971977233887
-9.042558670043945
-8.968143463134766
-8.952512741088867
-9.02283763885498
-9.015349388122559
-9.003461837768555
-8.994735717773438
-9.003865242004395
-9.034003257751465
-9.051201820373535
-9.06385326385498
-9.024188995361328
-8.989664077758789
-9.014486312866211
-9.03627872467041
-9.038788795471191
-9.017912864685059
-9.032112121582031
-9.016853332519531
-8.9832181930542
-8.99857234954834
-9.054733276367188
-9.065227508544922
-9.106719970703125
-9.055931091308594
-9.067239761352539
-9.00830364227295
-9.005409240722656
-8.976579666137695
-9.031046867370605
-9.064318656921387
-9.080056190490723
-9.087841987609863
-9.067399024963379
-9.060686111450195
-9.08939266204834
-9.103644371032715
-9.09533405303955
-9.067471504211426
-9.067530632019043
-9.072365760803223
-9.03348159790039
-9.030655860900879
-9.025856018066406
-9.072657585144043
-9.044032096862793
-9.089756965637207
-9.099710464477539
-9.105632781982422
-9.078618049621582
-9.007988929748535
-8.838896751403809
-9.090678215026855
-9.091733932495117
-8.974117279052734
-8.969173431396484
-9.045727729797363
-9.06893539428711
-9.10328483581543
-9.064139366149902
-9.120546340942383
-9.058309555053711
-8.993998527526855
-8.960994720458984
-9.019878387451172
-9.046342849731445
-9.057219505310059
-8.973261833190918
-8.927125930786133
-9.040629386901855
-9.058252334594727
-9.028221130371094
-8.986109733581543
-9.029752731323242
-9.086487770080566
-9.10470199584961
-9.04322338104248
-9.034082412719727
-9.031792640686035
-9.096301078796387
-9.092785835266113
-9.089360237121582
-9.099778175354004
-9.122574806213379
-9.11194133758545
-9.087725639343262
-9.10108757019043
-9.095636367797852
-9.141853332519531
-9.119754791259766
-9.103686332702637
-9.056988716125488
-9.000529289245605
-9.009018898010254
-9.048222541809082
-9.10828971862793
-9.101968765258789
-9.050750732421875
-8.946037292480469
-9.014573097229004
-9.06943416595459
-9.14439868927002
-9.123228073120117
-9.08258056640625
-9.063682556152344
-8.93259048461914
-9.040980339050293
-9.115933418273926
-9.118513107299805
-9.12224006652832
-9.039947509765625
-8.904874801635742
-9.098034858703613
-9.086831092834473
-8.925126075744629
-8.989276885986328
-9.098896980285645
-9.121099472045898
-9.108763694763184
-9.049491882324219
-9.05880069732666
-9.085844039916992
-9.090888977050781
-9.143062591552734
-9.13440990447998
-9.158658027648926
-9.12146282196045
-9.071146965026855
-8.991015434265137
-9.028196334838867
-9.133008003234863
-9.174450874328613
-9.17510986328125
-9.10124397277832
-9.068154335021973
-9.05224895477295
-9.062995910644531
-9.138803482055664
-9.14734172821045
-9.154876708984375
-9.102605819702148
-9.075562477111816
-9.108894348144531
-9.15694808959961
-9.173768997192383
-9.17728042602539
-9.125320434570312
-9.117316246032715
-9.112367630004883
-9.17190933227539
-9.176918983459473
-9.08333969116211
-9.065482139587402
-9.074942588806152
-9.125251770019531
-9.178240776062012
-9.178915023803711
-9.138104438781738
-9.07308578491211
-9.129024505615234
-9.106204986572266
-9.097960472106934
-9.144213676452637
-9.13578987121582
-9.141709327697754
-9.160117149353027
-9.127028465270996
-9.11729621887207
-8.995426177978516
-9.025538444519043
-9.135340690612793
-9.158504486083984
-9.01334285736084
-8.926995277404785
-9.111176490783691
-9.154877662658691
-8.853954315185547
-8.997305870056152
-9.170644760131836
-9.052526473999023
-8.986525535583496
-9.110567092895508
-9.18469524383545
-9.133050918579102
-8.958517074584961
-9.060349464416504
-9.187012672424316
-9.082682609558105
-8.976902961730957
-9.117439270019531
-9.16988468170166
-8.977828979492188
-8.839804649353027
-9.184099197387695
-9.023728370666504
-8.888158798217773
-9.118308067321777
-9.1963529586792
-9.12363052368164
-9.07888126373291
-9.062932014465332
-9.061802864074707
-9.127714157104492
-9.180380821228027
-9.226682662963867
-9.130730628967285
-9.074029922485352
-9.147698402404785
-9.217432975769043
-9.146672248840332
-9.163463592529297
-9.157476425170898
-9.160873413085938
-9.137227058410645
-9.158105850219727
-9.135812759399414
-9.15629768371582
-9.158894538879395
-9.212972640991211
-9.184028625488281
-9.192097663879395
-9.134262084960938
-9.162094116210938
-9.111863136291504
-9.144482612609863
-9.183156967163086
-9.162352561950684
-9.164175987243652
-9.187047004699707
-9.177848815917969
-9.185786247253418
-9.185856819152832
-9.164216995239258
-9.204285621643066
-9.17786979675293
-9.199685096740723
-9.200531005859375
-9.182266235351562
-9.192070960998535
-9.175214767456055
-9.18116283416748
-9.198184967041016
-9.113838195800781
-9.115484237670898
-9.146441459655762
-9.194351196289062
-9.20106029510498
-9.032251358032227
-9.000057220458984
-9.096487998962402
-9.18233585357666
-8.813496589660645
-9.128697395324707
-9.140175819396973
-8.81449031829834
-9.168486595153809
-9.099909782409668
-8.980116844177246
-9.116156578063965
-9.177626609802246
-9.168590545654297
-9.091623306274414
-9.148433685302734
-9.16696548461914
-9.228691101074219
-9.194186210632324
-9.138229370117188
-9.214597702026367
-9.242445945739746
-9.224387168884277
-9.201506614685059
-9.156655311584473
-9.15375804901123
-9.196537017822266
-9.198807716369629
-9.220487594604492
-9.207128524780273
-9.205826759338379
-9.223430633544922
-9.218620300292969
-9.250116348266602
-9.243523597717285
-9.203972816467285
-9.235456466674805
-9.237072944641113
-9.211705207824707
-9.098573684692383
-9.190534591674805
-9.19711685180664
-9.195602416992188
-9.186018943786621
-9.206501007080078
-9.198129653930664
-9.222879409790039
-9.226875305175781
-9.206989288330078
-9.21532917022705
-9.2274751663208
-9.115076065063477
-9.128378868103027
-9.161112785339355
-9.234002113342285
-9.203185081481934
-9.155025482177734
-9.082893371582031
-9.209061622619629
-9.241523742675781
-9.194570541381836
-9.152449607849121
-9.163382530212402
-9.15560245513916
-9.198052406311035
-9.213116645812988
-9.221138000488281
-9.21286678314209
-9.101298332214355
-9.101354598999023
-9.185077667236328
-9.24165153503418
-9.266319274902344
-9.226665496826172
-9.182478904724121
-9.181833267211914
-9.230363845825195
-9.247330665588379
-9.267829895019531
-9.208648681640625
-9.222625732421875
-9.235342979431152
-9.279374122619629
-9.22731876373291
-9.236193656921387
-9.27531623840332
-9.267464637756348
-9.252646446228027
-9.255716323852539
-9.235989570617676
-9.27003002166748
-9.260329246520996
-9.203824996948242
-9.169781684875488
-9.202985763549805
-9.227680206298828
-9.215540885925293
-9.186100959777832
-9.259268760681152
-9.254829406738281
-9.143272399902344
-9.10875129699707
-9.223166465759277
-9.23560619354248
-9.05199909210205
-8.988175392150879
-9.281839370727539
-9.23818588256836
-9.03945541381836
-9.142382621765137
-9.250589370727539
-9.235161781311035
-9.235343933105469
-9.154045104980469
-9.23298454284668
-9.263757705688477
-9.249553680419922
-9.26832389831543
-9.289108276367188
-9.262181282043457
-9.262129783630371
-9.231046676635742
-9.216771125793457
-9.197273254394531
-9.2003173828125
-9.227896690368652
-9.234658241271973
-9.225646018981934
-9.261064529418945
-9.307618141174316
-9.270078659057617
-9.288365364074707
-9.272623062133789
-9.13874626159668
-9.212200164794922
-9.259961128234863
-9.279723167419434
-9.282358169555664
-9.296142578125
-9.21678352355957
-9.152053833007812
-9.224006652832031
-9.265384674072266
-9.25117015838623
-9.223197937011719
-9.180707931518555
-9.127554893493652
-9.200064659118652
-9.275144577026367
-9.296257019042969
-9.306046485900879
-9.272625923156738
-9.2289400100708
-9.209343910217285
-9.144765853881836
-9.144211769104004
-9.225018501281738
-9.278498649597168
-9.266578674316406
-9.214479446411133
-9.215471267700195
-9.226581573486328
-9.272751808166504
-9.273519515991211
-9.268619537353516
-9.273900032043457
-9.275288581848145
-9.216458320617676
-9.23380184173584
-9.227800369262695
-9.296454429626465
-9.26151180267334
-9.233773231506348
-9.149015426635742
-9.17799186706543
-9.220325469970703
-9.300418853759766
-9.300146102905273
-9.254607200622559
-9.190421104431152
-9.241301536560059
-9.28830337524414
-9.321390151977539
-9.285477638244629
-9.256582260131836
-9.18826675415039
-9.23917293548584
-9.243244171142578
-9.277222633361816
-9.286120414733887
-9.287481307983398
-9.28236198425293
-9.238096237182617
-9.248183250427246
-9.270130157470703
-9.166177749633789
-9.178949356079102
-9.275275230407715
-9.285643577575684
-9.226963996887207
-9.216861724853516
-9.211236953735352
-9.250141143798828
-9.321052551269531
-9.282632827758789
-9.31921672821045
-9.336304664611816
-9.288827896118164
-9.276663780212402
-9.311918258666992
-9.257013320922852
-9.313679695129395
-9.30609130859375
-9.2207612991333
-9.230304718017578
-9.277335166931152
-9.289814949035645
-9.289247512817383
-9.330469131469727
-9.337128639221191
-9.30787467956543
-9.311067581176758
-9.24044132232666
-9.21315860748291
-9.241869926452637
-9.286035537719727
-9.29800796508789
-9.321611404418945
-9.33790111541748
-9.269598960876465
-9.281744003295898
-9.200948715209961
-9.213200569152832
-9.235156059265137
-9.28648853302002
-9.330657958984375
-9.308408737182617
-9.317097663879395
-9.333067893981934
-9.279603004455566
-9.252367973327637
-9.189533233642578
-9.239907264709473
-9.312097549438477
-9.360963821411133
-9.315776824951172
-9.309035301208496
-9.236233711242676
-9.1965913772583
-9.269428253173828
-9.272872924804688
-9.238211631774902
-9.32087516784668
-9.338163375854492
-9.341301918029785
-9.313505172729492
-9.292590141296387
-9.334421157836914
-9.297614097595215
-9.303150177001953
-9.262611389160156
-9.24785327911377
-9.220779418945312
-9.264119148254395
-9.323345184326172
-9.309118270874023
-9.318167686462402
-9.257734298706055
-9.191723823547363
-9.194668769836426
-9.328398704528809
-9.37277603149414
-9.327757835388184
-9.324313163757324
-9.34489631652832
-9.348697662353516
-9.328014373779297
-9.371862411499023
-9.336854934692383
-9.338499069213867
-9.248505592346191
-9.240120887756348
-9.15392780303955
-9.22185230255127
-9.313360214233398
-9.345426559448242
-9.275857925415039
-9.121984481811523
-9.17670726776123
-9.320036888122559
-9.342379570007324
-9.205466270446777
-9.169528007507324
-9.271767616271973
-9.32596492767334
-9.308910369873047
-9.319899559020996
-9.35293960571289
-9.339828491210938
-9.32486343383789
-9.192437171936035
-9.123736381530762
-9.255338668823242
-9.31861686706543
-9.336153030395508
-9.322321891784668
-9.197550773620605
-9.23462963104248
-9.273937225341797
-9.316031455993652
-9.334166526794434
-9.305235862731934
-9.227876663208008
-9.198919296264648
-9.221976280212402
-9.321035385131836
-9.284274101257324
-9.32077693939209
-9.341428756713867
-9.334912300109863
-9.286563873291016
-9.261829376220703
-9.266697883605957
-9.333683967590332
-9.361618995666504
-9.349629402160645
-9.324484825134277
-9.336597442626953
-9.277313232421875
-9.219779968261719
-9.281818389892578
-9.359403610229492
-9.361955642700195
-9.344852447509766
-9.279375076293945
-9.199472427368164
-9.261967658996582
-9.343588829040527
-9.36926555633545
-9.37138557434082
-9.28211784362793
-9.258392333984375
-9.219864845275879
-9.252420425415039
-9.350505828857422
-9.391530990600586
-9.348932266235352
-9.34810733795166
-9.277440071105957
-9.233678817749023
-9.259848594665527
-9.335725784301758
-9.295698165893555
-9.371683120727539
-9.349038124084473
-9.347203254699707
-9.25481128692627
-9.226456642150879
-9.214604377746582
-9.329534530639648
-9.328103065490723
-9.174869537353516
-9.133044242858887
-9.298174858093262
-9.372956275939941
-9.352665901184082
-9.29945182800293
-9.292677879333496
-9.245081901550293
-9.29259204864502
-9.303325653076172
-9.350397109985352
-9.376019477844238
-9.369750022888184
-9.357124328613281
-9.38100528717041
-9.410162925720215
-9.384504318237305
-9.299592971801758
-9.32516098022461
-9.165342330932617
-9.260534286499023
-9.329834938049316
-9.382466316223145
-9.345760345458984
-9.349111557006836
-9.378878593444824
-9.392998695373535
-9.405545234680176
-9.345549583435059
-9.289664268493652
-9.235190391540527
-9.300339698791504
-9.343338012695312
-9.378761291503906
-9.39739990234375
-9.35185718536377
-9.366212844848633
-9.347302436828613
-9.291522026062012
-9.310110092163086
-9.326403617858887
-9.396915435791016
-9.362370491027832
-9.364754676818848
-9.32384967803955
-9.256633758544922
-9.313852310180664
-9.34253978729248
-9.345232963562012
-9.350289344787598
-9.330897331237793
-9.309759140014648
-9.311356544494629
-9.358222007751465
-9.37010383605957
-9.398017883300781
-9.36526107788086
-9.363798141479492
-9.361571311950684
-9.343104362487793
-9.319828033447266
-9.328909873962402
-9.356755256652832
-9.399637222290039
-9.302473068237305
-9.244010925292969
-9.172114372253418
-9.348780632019043
-9.35279655456543
-9.313958168029785
-9.22640609741211
-9.31769847869873
-9.396236419677734
-9.338630676269531
-9.100604057312012
-9.209487915039062
-9.331550598144531
-9.276386260986328
-9.142312049865723
-9.31724739074707
-9.401565551757812
-9.29743766784668
-9.090402603149414
-9.324716567993164
-9.386951446533203
-9.242475509643555
-9.165483474731445
-9.356724739074707
-9.395992279052734
-9.333542823791504
-9.251338958740234
-9.297834396362305
-9.378056526184082
-9.395429611206055
-9.29475212097168
-9.223543167114258
-9.306373596191406
-9.357678413391113
-9.415416717529297
-9.341057777404785
-9.24891471862793
-9.282146453857422
-9.353283882141113
-9.421274185180664
-9.413002014160156
-9.237966537475586
-9.269561767578125
-9.337316513061523
-9.436446189880371
-9.413907051086426
-9.332181930541992
-9.259746551513672
-9.298702239990234
-9.373139381408691
-9.403919219970703
-9.361721992492676
-9.325188636779785
-9.230547904968262
-9.328544616699219
-9.416115760803223
-9.385564804077148
-9.252677917480469
-9.201167106628418
-9.383444786071777
-9.440901756286621
-9.318621635437012
-9.191560745239258
-9.26498031616211
-9.429474830627441
-9.400520324707031
-9.180418968200684
-9.248469352722168
-9.398797035217285
-9.450858116149902
-9.374547958374023
-9.309051513671875
-9.364450454711914
-9.411609649658203
-9.41343879699707
-9.395277976989746
-9.438079833984375
-9.357513427734375
-9.328665733337402
-9.314024925231934
-9.348289489746094
-9.367265701293945
-9.407341003417969
-9.440829277038574
-9.38235855102539
-9.297078132629395
-9.27049732208252
-9.375571250915527
-9.402734756469727
-9.419730186462402
-9.451947212219238
-9.388246536254883
-9.41565990447998
-9.447178840637207
-9.407731056213379
-9.348711967468262
-9.309257507324219
-9.353961944580078
-9.400694847106934
-9.418171882629395
-9.445014953613281
-9.410207748413086
-9.398838996887207
-9.403817176818848
-9.451127052307129
-9.393757820129395
-9.443775177001953
-9.404173851013184
-9.385891914367676
-9.310991287231445
-9.28994083404541
-9.390029907226562
-9.422014236450195
-9.364912986755371
-9.294978141784668
-9.285518646240234
-9.422723770141602
-9.398865699768066
-9.333732604980469
-9.271258354187012
-9.29906940460205
-9.396232604980469
-9.355436325073242
-9.21028995513916
-9.3543119430542
-9.460734367370605
-9.348511695861816
-9.23428726196289
-9.298055648803711
-9.410303115844727
-9.400193214416504
-9.319311141967773
-9.248854637145996
-9.372028350830078
-9.366704940795898
-9.312386512756348
-9.25784969329834
-9.3679780960083
-9.435349464416504
-9.44661808013916
-9.3850736618042
-9.371709823608398
-9.386922836303711
-9.409469604492188
-9.404552459716797
-9.420923233032227
-9.369508743286133
-9.327163696289062
-9.386836051940918
-9.39989185333252
-9.42156982421875
-9.457399368286133
-9.434468269348145
-9.394083023071289
-9.413650512695312
-9.461786270141602
-9.430940628051758
-9.428741455078125
-9.455133438110352
-9.446027755737305
-9.432955741882324
-9.36426830291748
-9.326539039611816
-9.320703506469727
-9.421650886535645
-9.449943542480469
-9.478365898132324
-9.445150375366211
-9.36721420288086
-9.368303298950195
-9.297451972961426
-9.37671947479248
-9.459022521972656
-9.448198318481445
-9.267882347106934
-9.20905876159668
-9.360908508300781
-9.449505805969238
-9.42628288269043
-9.32036018371582
-9.227953910827637
-9.404743194580078
-9.458795547485352
-9.434610366821289
-9.37614631652832
-9.363771438598633
-9.369284629821777
-9.40998649597168
-9.416109085083008
-9.470062255859375
-9.428546905517578
-9.364734649658203
-9.296239852905273
-9.352328300476074
-9.473432540893555
-9.419240951538086
-9.321023941040039
-9.29698657989502
-9.355661392211914
-9.444135665893555
-9.403132438659668
-9.398414611816406
-9.361827850341797
-9.39011287689209
-9.41916275024414
-9.39016342163086
-9.390165328979492
-9.432984352111816
-9.46939468383789
-9.475859642028809
-9.476908683776855
-9.425935745239258
-9.444746971130371
-9.310576438903809
-9.276183128356934
-9.382373809814453
-9.486719131469727
-9.417078971862793
-9.329367637634277
-9.334809303283691
-9.400544166564941
-9.458332061767578
-9.451919555664062
-9.423543930053711
-9.344701766967773
-9.450469017028809
-9.439620971679688
-9.434791564941406
-9.3895263671875
-9.333210945129395
-9.410040855407715
-9.457064628601074
-9.465231895446777
-9.437625885009766
-9.327290534973145
-9.326324462890625
-9.41268253326416
-9.481261253356934
-9.483447074890137
-9.474481582641602
-9.46973705291748
-9.460281372070312
-9.49617862701416
-9.44369125366211
-9.488717079162598
-9.461834907531738
-9.382583618164062
-9.276944160461426
-9.407636642456055
-9.430926322937012
-9.489715576171875
-9.475433349609375
-9.415461540222168
-9.42784309387207
-9.401705741882324
-9.437179565429688
-9.448314666748047
-9.477716445922852
-9.474052429199219
-9.47385025024414
-9.446063995361328
-9.493072509765625
-9.458321571350098
-9.42127799987793
-9.399746894836426
-9.425506591796875
-9.43460464477539
-9.37548828125
-9.40632438659668
-9.406841278076172
-9.368860244750977
-9.442558288574219
-9.430240631103516
-9.481468200683594
-9.50853157043457
-9.461597442626953
-9.436296463012695
-9.412335395812988
-9.396202087402344
-9.406927108764648
-9.43516731262207
-9.481147766113281
-9.500652313232422
-9.497190475463867
-9.464019775390625
-9.399335861206055
-9.4020414352417
-9.384221076965332
-9.413703918457031
-9.46110725402832
-9.504607200622559
-9.42885684967041
-9.296550750732422
-9.408061027526855
-9.455827713012695
-9.483444213867188
-9.470696449279785
-9.335630416870117
-9.386423110961914
-9.468400955200195
-9.4900541305542
-9.50372314453125
-9.459280014038086
-9.415397644042969
-9.331682205200195
-9.476142883300781
-9.447916984558105
-9.35389518737793
-9.30836296081543
-9.43812084197998
-9.487104415893555
-9.50015640258789
-9.476235389709473
-9.430207252502441
-9.376778602600098
-9.34952449798584
-9.398420333862305
-9.51371955871582
-9.494568824768066
-9.476073265075684
-9.354230880737305
-9.313643455505371
-9.466684341430664
-9.487944602966309
-9.404223442077637
-9.276601791381836
-9.406194686889648
-9.471129417419434
-9.511613845825195
-9.47677993774414
-9.480932235717773
-9.42792797088623
-9.458105087280273
-9.451498985290527
-9.4580078125
-9.484825134277344
-9.374738693237305
-9.408641815185547
-9.407694816589355
-9.407910346984863
-9.461538314819336
-9.49565601348877
-9.535462379455566
-9.470634460449219
-9.431897163391113
-9.323284149169922
-9.393595695495605
-9.500726699829102
-9.533589363098145
-9.484399795532227
-9.381632804870605
-9.374933242797852
-9.459210395812988
-9.488407135009766
-9.484535217285156
-9.422850608825684
-9.420638084411621
-9.429787635803223
-9.460837364196777
-9.487350463867188
-9.512411117553711
-9.491311073303223
-9.498506546020508
-9.4428071975708
-9.300834655761719
-9.425392150878906
-9.478690147399902
-9.528660774230957
-9.485157012939453
-9.46919059753418
-9.467474937438965
-9.397811889648438
-9.374954223632812
-9.475351333618164
-9.495441436767578
-9.486823081970215
-9.22042465209961
-9.374914169311523
-9.532939910888672
-9.473012924194336
-9.35502815246582
-9.38984489440918
-9.519742012023926
-9.506095886230469
-9.512151718139648
-9.442854881286621
-9.301213264465332
-9.379284858703613
-9.503850936889648
-9.488805770874023
-9.399295806884766
-9.306772232055664
-9.439353942871094
-9.525416374206543
-9.514906883239746
-9.394243240356445
-9.309453010559082
-9.4052734375
-9.515913963317871
-9.414518356323242
-9.355077743530273
-9.446459770202637
-9.492844581604004
-9.500255584716797
-9.443952560424805
-9.384552001953125
-9.44120979309082
-9.465188026428223
-9.519857406616211
-9.53010082244873
-9.575026512145996
-9.547300338745117
-9.564603805541992
-9.495094299316406
-9.444072723388672
-9.417183876037598
-9.46545696258545
-9.491453170776367
-9.522405624389648
-9.479554176330566
-9.45052433013916
-9.426107406616211
-9.426850318908691
-9.491795539855957
-9.538640022277832
-9.531149864196777
-9.491052627563477
-9.443601608276367
-9.393476486206055
-9.435951232910156
-9.502230644226074
-9.509443283081055
-9.532397270202637
-9.532217025756836
-9.536988258361816
-9.551087379455566
-9.528824806213379
-9.559490203857422
-9.549829483032227
-9.549980163574219
-9.483776092529297
-9.413036346435547
-9.394143104553223
-9.46945571899414
-9.552846908569336
-9.491121292114258
-9.442361831665039
-9.333864212036133
-9.391369819641113
-9.511512756347656
-9.553923606872559
-9.551448822021484
-9.539026260375977
-9.527701377868652
-9.540362358093262
-9.473831176757812
-9.423421859741211
-9.469374656677246
-9.478912353515625
-9.472855567932129
-9.526246070861816
-9.537836074829102
-9.425829887390137
-9.383533477783203
-9.532963752746582
-9.554676055908203
-9.519865989685059
-9.464917182922363
-9.436738967895508
-9.48953914642334
-9.534162521362305
-9.558713912963867
-9.534210205078125
-9.53164005279541
-9.553971290588379
-9.551290512084961
-9.538365364074707
-9.527348518371582
-9.553521156311035
-9.562521934509277
-9.478983879089355
-9.426783561706543
-9.408889770507812
-9.522329330444336
-9.544576644897461
-9.49314022064209
-9.386466979980469
-9.382036209106445
-9.525345802307129
-9.525266647338867
-9.402158737182617
-9.298177719116211
-9.457833290100098
-9.548141479492188
-9.389890670776367
-9.290824890136719
-9.529335021972656
-9.563240051269531
-9.4868745803833
-9.403865814208984
-9.438854217529297
-9.477315902709961
-9.513550758361816
-9.506050109863281
-9.505616188049316
-9.525411605834961
-9.562503814697266
-9.518991470336914
-9.513909339904785
-9.495928764343262
-9.442376136779785
-9.474778175354004
-9.513230323791504
-9.530081748962402
-9.5333251953125
-9.524605751037598
-9.579896926879883
-9.562516212463379
-9.492753982543945
-9.385340690612793
-9.431514739990234
-9.50434398651123
-9.557084083557129
-9.562599182128906
-9.578047752380371
-9.540884017944336
-9.500378608703613
-9.469183921813965
-9.492233276367188
-9.487222671508789
-9.535277366638184
-9.585844039916992
-9.547057151794434
-9.517426490783691
-9.478433609008789
-9.43535041809082
-9.461048126220703
-9.538890838623047
-9.538193702697754
-9.561493873596191
-9.425493240356445
-9.379939079284668
-9.454448699951172
-9.574199676513672
-9.559221267700195
-9.473730087280273
-9.394319534301758
-9.430068016052246
-9.569157600402832
-9.56647777557373
-9.557957649230957
-9.506282806396484
-9.518375396728516
-9.528353691101074
-9.533028602600098
-9.530804634094238
-9.514792442321777
-9.529703140258789
-9.47898006439209
-9.413189888000488
-9.528681755065918
-9.543340682983398
-9.576910018920898
-9.547513961791992
-9.57050609588623
-9.50460433959961
-9.42573070526123
-9.452598571777344
-9.520554542541504
-9.555014610290527
-9.579912185668945
-9.579697608947754
-9.577975273132324
-9.576305389404297
-9.485665321350098
-9.395997047424316
-9.501238822937012
-9.550396919250488
-9.556683540344238
-9.567055702209473
-9.564221382141113
-9.580575942993164
-9.563043594360352
-9.599164009094238
-9.561271667480469
-9.573953628540039
-9.569833755493164
-9.591436386108398
-9.60452938079834
-9.556930541992188
-9.459522247314453
-9.484585762023926
-9.481598854064941
-9.555112838745117
-9.544700622558594
-9.607471466064453
-9.592057228088379
-9.597660064697266
-9.522061347961426
-9.407671928405762
-9.39195728302002
-9.50525951385498
-9.5762300491333
-9.612278938293457
-9.587960243225098
-9.574941635131836
-9.613149642944336
-9.60128116607666
-9.58973217010498
-9.542080879211426
-9.596899032592773
-9.56688404083252
-9.515917778015137
-9.507065773010254
-9.465523719787598
-9.538349151611328
-9.540311813354492
-9.553675651550293
-9.568586349487305
-9.505460739135742
-9.569234848022461
-9.596495628356934
-9.553775787353516
-9.522960662841797
-9.507314682006836
-9.553345680236816
-9.537772178649902
-9.513980865478516
-9.496315956115723
-9.51502799987793
-9.544169425964355
-9.587798118591309
-9.568020820617676
-9.627055168151855
-9.594159126281738
-9.603471755981445
-9.60261344909668
-9.574539184570312
-9.603692054748535
-9.580999374389648
-9.504220962524414
-9.397335052490234
-9.53713321685791
-9.582093238830566
-9.568047523498535
-9.46479320526123
-9.426959991455078
-9.564202308654785
-9.59349536895752
-9.576698303222656
-9.595510482788086
-9.568170547485352
-9.608169555664062
-9.588842391967773
-9.596796989440918
-9.6312255859375
-9.585505485534668
-9.565552711486816
-9.529513359069824
-9.449102401733398
-9.481484413146973
-9.536992073059082
-9.6078462600708
-9.58719253540039
-9.518782615661621
-9.421098709106445
-9.431087493896484
-9.556127548217773
-9.591994285583496
-9.566115379333496
-9.439580917358398
-9.333616256713867
-9.481368064880371
-9.607889175415039
-9.619674682617188
-9.584763526916504
-9.611729621887207
-9.561971664428711
-9.6111421585083
-9.605782508850098
-9.644898414611816
-9.583910942077637
-9.563532829284668
-9.493420600891113
-9.477770805358887
-9.570974349975586
-9.609375953674316
-9.607680320739746
-9.446805953979492
-9.253131866455078
-9.550929069519043
-9.489946365356445
-9.18195915222168
-9.589683532714844
-9.409880638122559
-9.096793174743652
-9.608400344848633
-9.316689491271973
-9.182720184326172
-9.565949440002441
-9.057756423950195
-9.574132919311523
-9.449668884277344
-9.085564613342285
-9.612988471984863
-9.211263656616211
-9.369813919067383
-9.62203311920166
-9.437440872192383
-9.410387992858887
-9.551883697509766
-9.589001655578613
-9.509236335754395
-9.462603569030762
-9.52662181854248
-9.591689109802246
-9.610547065734863
-9.597987174987793
-9.605332374572754
-9.531254768371582
-9.467294692993164
-9.578313827514648
-9.588743209838867
-9.581812858581543
-9.453033447265625
-9.41726016998291
-9.544190406799316
-9.579904556274414
-9.584809303283691
-9.437634468078613
-9.450087547302246
-9.523470878601074
-9.588126182556152
-9.611686706542969
-9.597797393798828
-9.595036506652832
-9.524913787841797
-9.477219581604004
-9.5007963180542
-9.584688186645508
-9.626721382141113
-9.61662769317627
-9.60716724395752
-9.558150291442871
-9.498834609985352
-9.52156925201416
-9.586996078491211
-9.62525749206543
-9.61093521118164
-9.61832046508789
-9.632097244262695
-9.6381196975708
-9.647582054138184
-9.632889747619629
-9.618834495544434
-9.616890907287598
-9.560090065002441
-9.463282585144043
-9.57583999633789
-9.648479461669922
-9.647013664245605
-9.640996932983398
-9.634722709655762
-9.65182876586914
-9.634050369262695
-9.607941627502441
-9.574319839477539
-9.525443077087402
-9.490272521972656
-9.545414924621582
-9.64072322845459
-9.653874397277832
-9.642212867736816
-9.64146614074707
-9.59992790222168
-9.638169288635254
-9.656804084777832
-9.652081489562988
-9.667512893676758
-9.626653671264648
-9.621063232421875
-9.646540641784668
-9.625743865966797
-9.631073951721191
-9.567453384399414
-9.51278018951416
-9.457466125488281
-9.570643424987793
-9.64025592803955
-9.646839141845703
-9.505617141723633
-9.433387756347656
-9.551766395568848
-9.636347770690918
-9.599417686462402
-9.524528503417969
-9.47131633758545
-9.545682907104492
-9.580567359924316
-9.64019775390625
-9.617867469787598
-9.631023406982422
-9.640335083007812
-9.647040367126465
-9.612653732299805
-9.586617469787598
-9.546164512634277
-9.52799129486084
-9.604497909545898
-9.615385055541992
-9.631245613098145
-9.615494728088379
-9.625406265258789
-9.653870582580566
-9.670164108276367
-9.637231826782227
-9.629528999328613
-9.541600227355957
-9.467259407043457
-9.503984451293945
-9.636350631713867
-9.655278205871582
-9.624086380004883
-9.464634895324707
-9.373197555541992
-9.617218017578125
-9.613794326782227
-9.479162216186523
-9.576634407043457
-9.662227630615234
-9.676675796508789
-9.65931510925293
-9.599299430847168
-9.647819519042969
-9.571823120117188
-9.55696964263916
-9.540410041809082
-9.618210792541504
-9.616727828979492
-9.594775199890137
-9.56885814666748
-9.518961906433105
-9.52075481414795
-9.628417015075684
-9.59931468963623
-9.402809143066406
-9.48323917388916
-9.581768035888672
-9.619457244873047
-9.60996150970459
-9.639386177062988
-9.493008613586426
-9.45008373260498
-9.553085327148438
-9.648785591125488
-9.678009033203125
-9.627328872680664
-9.568825721740723
-9.42819881439209
-9.530210494995117
-9.634949684143066
-9.6741304397583
-9.649307250976562
-9.614896774291992
-9.552275657653809
-9.525381088256836
-9.529271125793457
-9.562101364135742
-9.623763084411621
-9.626147270202637
-9.638468742370605
-9.579614639282227
-9.536407470703125
-9.506633758544922
-9.584627151489258
-9.631688117980957
-9.691304206848145
-9.657964706420898
-9.65257740020752
-9.612035751342773
-9.541494369506836
-9.57049560546875
-9.566965103149414
-9.577343940734863
-9.562580108642578
-9.606061935424805
-9.566191673278809
-9.593879699707031
-9.617231369018555
-9.607545852661133
-9.652789115905762
-9.703973770141602
-9.649395942687988
-9.673330307006836
-9.663283348083496
-9.61563777923584
-9.555449485778809
-9.557401657104492
-9.568069458007812
-9.630017280578613
-9.624381065368652
-9.57598876953125
-9.640843391418457
-9.580879211425781
-9.526273727416992
-9.602255821228027
-9.681716918945312
-9.684089660644531
-9.695365905761719
-9.660323143005371
-9.712815284729004
-9.688434600830078
-9.68215274810791
-9.67023754119873
-9.553084373474121
-9.505348205566406
-9.565268516540527
-9.55417537689209
-9.564093589782715
-9.60449504852295
-9.616918563842773
-9.655563354492188
-9.688980102539062
-9.652135848999023
-9.632471084594727
-9.645038604736328
-9.615139961242676
-9.640987396240234
-9.655359268188477
-9.63843059539795
-9.660205841064453
-9.580493927001953
-9.555282592773438
-9.515056610107422
-9.558276176452637
-9.62896728515625
-9.679069519042969
-9.642748832702637
-9.629415512084961
-9.602090835571289
-9.58310317993164
-9.536175727844238
-9.568524360656738
-9.646340370178223
-9.701753616333008
-9.665817260742188
-9.692004203796387
-9.662862777709961
-9.630376815795898
-9.553688049316406
-9.532482147216797
-9.602331161499023
-9.664273262023926
-9.674273490905762
-9.654345512390137
-9.574860572814941
-9.488609313964844
-9.589649200439453
-9.670611381530762
-9.655694961547852
-9.6608304977417
-9.558972358703613
-9.506756782531738
-9.582953453063965
-9.683101654052734
-9.67568302154541
-9.654016494750977
-9.686728477478027
-9.682202339172363
-9.69243335723877
-9.647167205810547
-9.540273666381836
-9.568779945373535
-9.59772777557373
-9.611190795898438
-9.629105567932129
-9.651219367980957
-9.645001411437988
-9.658535957336426
-9.676513671875
-9.663796424865723
-9.637064933776855
-9.624269485473633
-9.590253829956055
-9.615814208984375
-9.617009162902832
-9.685193061828613
-9.658843994140625
-9.711684226989746
-9.68871021270752
-9.710464477539062
-9.654071807861328
-9.609208106994629
-9.5963134765625
-9.594542503356934
-9.605125427246094
-9.613033294677734
-9.62947940826416
-9.577763557434082
-9.62713623046875
-9.594539642333984
-9.660136222839355
-9.670318603515625
-9.697574615478516
-9.680830001831055
-9.689657211303711
-9.70996379852295
-9.683530807495117
-9.64830493927002
-9.641505241394043
-9.582819938659668
-9.532944679260254
-9.579965591430664
-9.584321975708008
-9.623199462890625
-9.646526336669922
-9.689840316772461
-9.706719398498535
-9.680097579956055
-9.69904899597168
-9.68957805633545
-9.601712226867676
-9.501869201660156
-9.59139347076416
-9.624700546264648
-9.645215034484863
-9.6913480758667
-9.691744804382324
-9.62533187866211
-9.614336013793945
-9.594192504882812
-9.53834342956543
-9.609382629394531
-9.69921588897705
-9.681385040283203
-9.702290534973145
-9.698607444763184
-9.700366020202637
-9.705602645874023
-9.711161613464355
-9.670778274536133
-9.674705505371094
-9.596006393432617
-9.489852905273438
-9.583334922790527
-9.624996185302734
-9.69552993774414
-9.616400718688965
-9.338769912719727
-9.577054977416992
-9.668049812316895
-9.515219688415527
-9.402522087097168
-9.625685691833496
-9.683819770812988
-9.692656517028809
-9.636404991149902
-9.556863784790039
-9.567973136901855
-9.650006294250488
-9.65272331237793
-9.679230690002441
-9.697847366333008
-9.698493957519531
-9.616317749023438
-9.559028625488281
-9.618106842041016
-9.666603088378906
-9.632240295410156
-9.641082763671875
-9.634647369384766
-9.568886756896973
-9.658110618591309
-9.681159973144531
-9.683279991149902
-9.704708099365234
-9.7068510055542
-9.65221118927002
-9.672394752502441
-9.644218444824219
-9.570940017700195
-9.615128517150879
-9.679070472717285
-9.710197448730469
-9.676408767700195
-9.66506576538086
-9.542208671569824
-9.529034614562988
-9.673585891723633
-9.710344314575195
-9.708053588867188
-9.56651496887207
-9.462198257446289
-9.61121940612793
-9.70246410369873
-9.723312377929688
-9.672425270080566
-9.513213157653809
-9.51789665222168
-9.648056983947754
-9.654026985168457
-9.698888778686523
-9.673863410949707
-9.639327049255371
-9.542238235473633
-9.552389144897461
-9.660901069641113
-9.70429515838623
-9.670605659484863
-9.694952964782715
-9.641158103942871
-9.511957168579102
-9.56033992767334
-9.664169311523438
-9.698554039001465
-9.706439018249512
-9.612863540649414
-9.628274917602539
-9.62287712097168
-9.6442289352417
-9.682069778442383
-9.707662582397461
-9.708963394165039
-9.687180519104004
-9.617996215820312
-9.594005584716797
-9.573507308959961
-9.596949577331543
-9.665594100952148
-9.667194366455078
-9.675588607788086
-9.613964080810547
-9.582850456237793
-9.531085968017578
-9.621886253356934
-9.716840744018555
-9.722020149230957
-9.696287155151367
-9.729092597961426
-9.703330039978027
-9.491125106811523
-9.384284973144531
-9.66974925994873
-9.720209121704102
-9.551887512207031
-9.444173812866211
-9.662110328674316
-9.732856750488281
-9.68417739868164
-9.643145561218262
-9.596611976623535
-9.640745162963867
-9.664826393127441
-9.71709156036377
-9.68125057220459
-9.617239952087402
-9.622257232666016
-9.642242431640625
-9.71191692352295
-9.747383117675781
-9.732674598693848
-9.723296165466309
-9.727531433105469
-9.694016456604004
-9.615259170532227
-9.575786590576172
-9.629660606384277
-9.716897964477539
-9.743617057800293
-9.747856140136719
-9.732291221618652
-9.664358139038086
-9.460495948791504
-9.558616638183594
-9.69018268585205
-9.720757484436035
-9.709216117858887
-9.636518478393555
-9.589252471923828
-9.553654670715332
-9.64376449584961
-9.717897415161133
-9.748117446899414
-9.74874210357666
-9.65003490447998
-9.55661392211914
-9.555743217468262
-9.669382095336914
-9.722574234008789
-9.727226257324219
-9.669571876525879
-9.614566802978516
-9.657212257385254
-9.715437889099121
-9.748050689697266
-9.754602432250977
-9.753904342651367
-9.733420372009277
-9.710916519165039
-9.666949272155762
-9.636553764343262
-9.58834457397461
-9.65621566772461
-9.69297981262207
-9.70051383972168
-9.717151641845703
-9.73716926574707
-9.740030288696289
-9.729351997375488
-9.761341094970703
-9.774151802062988
-9.766657829284668
-9.782014846801758
-9.724261283874512
-9.757516860961914
-9.709488868713379
-9.658866882324219
-9.525364875793457
-9.596779823303223
-9.69921588897705
-9.737853050231934
-9.758456230163574
-9.73101806640625
-9.753240585327148
-9.723116874694824
-9.580081939697266
-9.560514450073242
-9.625420570373535
-9.739326477050781
-9.755693435668945
-9.755744934082031
-9.686866760253906
-9.561392784118652
-9.603755950927734
-9.704140663146973
-9.76221752166748
-9.759147644042969
-9.525431632995605
-9.469747543334961
-9.672107696533203
-9.74229907989502
-9.71548843383789
-9.661227226257324
-9.52528190612793
-9.564704895019531
-9.69357681274414
-9.734466552734375
-9.707707405090332
-9.737324714660645
-9.743647575378418
-9.745471000671387
-9.737500190734863
-9.748382568359375
-9.740606307983398
-9.738951683044434
-9.675444602966309
-9.541419982910156
-9.579031944274902
-9.677258491516113
-9.713081359863281
-9.740500450134277
-9.760773658752441
-9.696429252624512
-9.569842338562012
-9.548115730285645
-9.663660049438477
-9.70686149597168
-9.743002891540527
-9.754692077636719
-9.753227233886719
-9.70211410522461
-9.659061431884766
-9.579185485839844
-9.600062370300293
-9.669663429260254
-9.746480941772461
-9.7655611038208
-9.708599090576172
-9.536405563354492
-9.580824851989746
-9.71208667755127
-9.755118370056152
-9.765121459960938
-9.786334037780762
-9.783256530761719
-9.691991806030273
-9.601334571838379
-9.600837707519531
-9.742761611938477
-9.7559175491333
-9.785886764526367
-9.764601707458496
-9.776763916015625
-9.767793655395508
-9.771537780761719
-9.760564804077148
-9.709650039672852
-9.616852760314941
-9.574824333190918
-9.650965690612793
-9.678972244262695
-9.723042488098145
-9.742108345031738
-9.750346183776855
-9.731380462646484
-9.654511451721191
-9.612714767456055
-9.6592435836792
-9.704011917114258
-9.725757598876953
-9.74837589263916
-9.765674591064453
-9.758729934692383
-9.742867469787598
-9.688458442687988
-9.58047103881836
