loss_s
-4.773250579833984
-4.853713512420654
-4.845920085906982
-4.945930480957031
-4.931241035461426
-4.951746463775635
-4.965738296508789
-5.011446475982666
-5.071451663970947
-5.078556537628174
-5.149406909942627
-5.203020095825195
-5.214634418487549
-5.18241024017334
-5.192173957824707
-5.243052959442139
-5.22505521774292
-5.297890663146973
-5.284971714019775
-5.319738864898682
-5.395555019378662
-5.280571937561035
-5.3557658195495605
-5.313973903656006
-5.375409126281738
-5.374414443969727
-5.314093112945557
-5.356259822845459
-5.354252338409424
-5.437488555908203
-5.328948020935059
-5.425087928771973
-5.388523101806641
-5.406898498535156
-5.395709037780762
-5.32413911819458
-5.303499221801758
-5.347087860107422
-5.378751277923584
-5.336971282958984
-5.3658318519592285
-5.422565937042236
-5.373061180114746
-5.376917839050293
-5.334571838378906
-5.362521171569824
-5.351362705230713
-5.346027374267578
-5.395370006561279
-5.414794921875
-5.418260097503662
-5.335689067840576
-5.388487815856934
-5.383862495422363
-5.3760833740234375
-5.39932107925415
-5.399116516113281
-5.428154468536377
-5.397305488586426
-5.412076950073242
-5.4590229988098145
-5.4552083015441895
-5.3866496086120605
-5.423043251037598
-5.420349597930908
-5.380846977233887
-5.414874076843262
-5.44226598739624
-5.459826946258545
-5.406744956970215
-5.361664772033691
-5.399229526519775
-5.4391632080078125
-5.4167704582214355
-5.4269232749938965
-5.412878513336182
-5.4546637535095215
-5.4211344718933105
-5.422852516174316
-5.434469223022461
-5.3949198722839355
-5.398854732513428
-5.4683027267456055
-5.4168171882629395
-5.475089073181152
-5.511178493499756
-5.4588303565979
-5.442692279815674
-5.4391560554504395
-5.4445977210998535
-5.412901878356934
-5.470821380615234
-5.4902567863464355
-5.435664653778076
-5.478229522705078
-5.438149929046631
-5.470664978027344
-5.466695308685303
-5.490326881408691
-5.502902030944824
-5.493536949157715
-5.49334192276001
-5.493077278137207
-5.515212059020996
-5.519580841064453
-5.491445064544678
-5.51839542388916
-5.492062091827393
-5.473062992095947
-5.574817657470703
-5.547640800476074
-5.536898612976074
-5.537242889404297
-5.544909477233887
-5.572656631469727
-5.5800347328186035
-5.561549186706543
-5.5540642738342285
-5.565158367156982
-5.5398383140563965
-5.582175254821777
-5.567739963531494
-5.576420307159424
-5.59339714050293
-5.5955491065979
-5.6332831382751465
-5.6056108474731445
-5.623000621795654
-5.655411720275879
-5.650548458099365
-5.679041862487793
-5.65008544921875
-5.725826263427734
-5.670740604400635
-5.710878849029541
-5.759824752807617
-5.778311729431152
-5.7759599685668945
-5.827564716339111
-5.835519313812256
-5.889873504638672
-5.937193870544434
-6.010715961456299
-6.046970367431641
-6.037456512451172
-6.202575206756592
-6.261845588684082
-6.324371814727783
-6.458833694458008
-6.535593509674072
-6.617623805999756
-6.686037063598633
-6.756292343139648
-6.948606967926025
-6.935348033905029
-7.047103404998779
-7.116253852844238
-7.085592746734619
-7.259939670562744
-7.182046413421631
-7.199007034301758
-7.162166595458984
-7.240684986114502
-7.373946189880371
-7.423460006713867
-7.423432350158691
-7.38601016998291
-7.37504243850708
-7.367208003997803
-7.411731243133545
-7.51698112487793
-7.595705509185791
-7.57702112197876
-7.625223636627197
-7.571924686431885
-7.6247358322143555
-7.5569024085998535
-7.667646884918213
-7.6041951179504395
-7.662756443023682
-7.678434371948242
-7.670676231384277
-7.774110794067383
-7.744114875793457
-7.787509918212891
-7.7437615394592285
-7.731624126434326
-7.745915412902832
-7.845367431640625
-7.756070613861084
-7.829459190368652
-7.8150506019592285
-7.888898849487305
-7.851410865783691
-7.7744832038879395
-7.919842720031738
-7.878873825073242
-7.896537780761719
-7.893838405609131
-7.852982997894287
-7.987593173980713
-7.910520553588867
-7.868645668029785
-7.941735744476318
-7.916447162628174
-7.944877624511719
-7.968510150909424
-7.910948276519775
-7.990387916564941
-7.8779425621032715
-7.970300674438477
-7.920894145965576
-7.996619701385498
-7.960333347320557
-8.01640796661377
-8.018896102905273
-7.966644763946533
-8.01389217376709
-8.033287048339844
-7.946104526519775
-7.957164764404297
-7.971996784210205
-8.001457214355469
-8.016830444335938
-8.000821113586426
-7.991419315338135
-8.003005981445312
-8.022894859313965
-8.02676010131836
-7.959639072418213
-8.016836166381836
-8.03126335144043
-7.98220157623291
-8.006967544555664
-8.030553817749023
-8.057236671447754
-8.062726020812988
-8.01241397857666
-8.043416023254395
-8.017523765563965
-8.012721061706543
-8.067575454711914
-8.038009643554688
-8.015877723693848
-8.066630363464355
-8.06209945678711
-8.0559663772583
-8.049154281616211
-7.999117374420166
-8.076669692993164
-8.059850692749023
-8.05134391784668
-8.060303688049316
-8.063673973083496
-8.091075897216797
-8.085733413696289
-8.11492919921875
-8.086145401000977
-8.08997917175293
-8.04667854309082
-8.058070182800293
-8.059919357299805
-8.049051284790039
-8.059772491455078
-8.050116539001465
-8.050844192504883
-8.076018333435059
-8.089674949645996
-8.022746086120605
-8.10545825958252
-8.088336944580078
-8.060283660888672
-8.05841064453125
-8.090373992919922
-8.066749572753906
-8.099123001098633
-8.076399803161621
-8.081920623779297
-8.06081485748291
-8.07999038696289
-8.027762413024902
-8.060371398925781
-8.056058883666992
-8.060112953186035
-8.100818634033203
-8.077677726745605
-7.988085746765137
-8.093167304992676
-8.03044605255127
-8.083024978637695
-8.078182220458984
-8.100767135620117
-8.100337982177734
-8.081068992614746
-8.069812774658203
-8.104856491088867
-8.108726501464844
-8.070292472839355
-8.09702205657959
-8.078035354614258
-8.092477798461914
-8.109700202941895
-8.093082427978516
-8.110257148742676
-8.107162475585938
-8.056718826293945
-8.095477104187012
-8.102889060974121
-8.08269214630127
-8.097946166992188
-8.082830429077148
-8.099623680114746
-8.107270240783691
-8.088062286376953
-8.105767250061035
-8.095318794250488
-8.050331115722656
-8.097042083740234
-8.073907852172852
-8.101412773132324
-8.094610214233398
-8.103086471557617
-8.102121353149414
-8.099701881408691
-8.101268768310547
-8.110908508300781
-8.12133502960205
-8.112594604492188
-8.075606346130371
-8.104917526245117
-8.08093547821045
-8.092132568359375
-8.126117706298828
-8.051603317260742
-8.098589897155762
-8.091400146484375
-8.031609535217285
-8.059395790100098
-8.122776985168457
-7.996201038360596
-8.108036994934082
-8.083683967590332
-8.073434829711914
-8.123605728149414
-8.100171089172363
-8.083105087280273
-8.108135223388672
-8.105785369873047
-8.084318161010742
-8.119179725646973
-8.102119445800781
-8.08741569519043
-8.110824584960938
-8.102500915527344
-8.123953819274902
-8.108695030212402
-8.126856803894043
-8.078099250793457
-8.079431533813477
-8.113479614257812
-8.101468086242676
-8.096925735473633
-8.102035522460938
-8.098097801208496
-8.101094245910645
-8.11672592163086
-8.091772079467773
-8.136266708374023
-8.099823951721191
-8.13622760772705
-8.129999160766602
-8.130681991577148
-8.058660507202148
-8.136740684509277
-8.091544151306152
-8.0779390335083
-8.100388526916504
-8.112763404846191
-8.102681159973145
-8.097867965698242
-8.101461410522461
-8.11392879486084
-8.109436988830566
-8.130457878112793
-8.10987377166748
-8.11843490600586
-8.097694396972656
-8.125555038452148
-8.10988712310791
-8.11419677734375
-8.13198184967041
-8.116247177124023
-8.104748725891113
-8.11426830291748
-8.11642837524414
-8.114824295043945
-8.105165481567383
-8.100618362426758
-8.1289701461792
-8.079244613647461
-8.119269371032715
-8.123640060424805
-8.091139793395996
-8.137263298034668
-8.118513107299805
-8.117792129516602
-8.1157865524292
-8.120716094970703
-8.12075424194336
-8.064842224121094
-8.140230178833008
-8.113608360290527
-8.093832015991211
-8.13052749633789
-8.1434907913208
-8.096633911132812
-8.093780517578125
-8.111404418945312
-8.11886978149414
-8.136295318603516
-8.099560737609863
-8.112987518310547
-8.12529182434082
-8.113584518432617
-8.132890701293945
-8.124223709106445
-8.100276947021484
-8.12508773803711
-8.118010520935059
-8.129512786865234
-8.122762680053711
-8.137199401855469
-8.12878131866455
-8.108043670654297
-8.123137474060059
-8.13049030303955
-8.137735366821289
-8.125139236450195
-8.136392593383789
-8.13801097869873
-8.147809982299805
-8.11771297454834
-8.121394157409668
-8.119169235229492
-8.1145658493042
-8.136699676513672
-8.131963729858398
-8.139172554016113
-8.1336088180542
-8.12661075592041
-8.126226425170898
-8.141260147094727
-8.119550704956055
-8.13078784942627
-8.126175880432129
-8.145878791809082
-8.131810188293457
-8.127241134643555
-8.135607719421387
-8.134623527526855
-8.113653182983398
-8.139825820922852
-8.14128589630127
-8.13663387298584
-8.118574142456055
-8.143678665161133
-8.074152946472168
-8.126724243164062
-8.13291072845459
-8.086725234985352
-8.1144437789917
-8.133635520935059
-8.076408386230469
-8.143315315246582
-8.111564636230469
-8.129796981811523
-8.128515243530273
-8.150245666503906
-8.068073272705078
-8.133511543273926
-8.108741760253906
-8.13663387298584
-8.150125503540039
-8.107388496398926
-8.104985237121582
-8.125243186950684
-8.117934226989746
-8.12563419342041
-8.142736434936523
-8.138818740844727
-8.1178560256958
-8.155424118041992
-8.151204109191895
-8.144782066345215
-8.1286039352417
-8.116227149963379
-8.136771202087402
-8.131640434265137
-8.088006973266602
-8.126872062683105
-8.127767562866211
-8.147490501403809
-8.144489288330078
-8.127891540527344
-8.126300811767578
-8.143653869628906
-8.145298957824707
-8.158122062683105
-8.10214900970459
-8.131243705749512
-8.142714500427246
-8.092716217041016
-8.134387016296387
-8.125713348388672
-8.133706092834473
-8.148964881896973
-8.13614273071289
-8.154439926147461
-8.14249038696289
-8.133752822875977
-8.151841163635254
-8.152896881103516
-8.119665145874023
-8.132562637329102
-8.123287200927734
-8.136835098266602
-8.128578186035156
-8.155472755432129
-8.135369300842285
-8.108224868774414
-8.129037857055664
-8.1235990524292
-8.108902931213379
-8.15391731262207
-8.140825271606445
-8.130748748779297
-8.139739036560059
-8.156044960021973
-8.12307357788086
-8.154008865356445
-8.146851539611816
-8.140174865722656
-8.141923904418945
-8.142730712890625
-8.143250465393066
-8.15390396118164
-8.151330947875977
-8.14571762084961
-8.147344589233398
-8.155906677246094
-8.162610054016113
-8.126838684082031
-8.152847290039062
-8.130671501159668
-8.127928733825684
-8.13104248046875
-8.146716117858887
-8.126009941101074
-8.137901306152344
-8.077738761901855
-8.127057075500488
-8.162075996398926
-8.067903518676758
-8.129439353942871
-8.120506286621094
-8.116698265075684
-8.128203392028809
-8.134915351867676
-8.126338005065918
-8.142810821533203
-8.140852928161621
-8.12753677368164
-8.156344413757324
-8.14997673034668
-8.134963035583496
-8.142953872680664
-8.146710395812988
-8.125775337219238
-8.13930892944336
-8.116164207458496
-8.10462474822998
-8.158062934875488
-8.100505828857422
-8.147453308105469
-8.155710220336914
-8.138535499572754
-8.137945175170898
-8.148503303527832
-8.149493217468262
-8.133634567260742
-8.162735939025879
-8.146848678588867
-8.165056228637695
-8.10693359375
-8.138215065002441
-8.136946678161621
-8.123811721801758
-8.144680976867676
-8.141661643981934
-8.129802703857422
-8.15848159790039
-8.144641876220703
-8.1425142288208
-8.149418830871582
-8.16015625
-8.134839057922363
-8.13770866394043
-8.153079986572266
-8.135555267333984
-8.15114688873291
-8.161948204040527
-8.134379386901855
-8.165205001831055
-8.153501510620117
-8.138757705688477
-8.148881912231445
-8.147344589233398
-8.147906303405762
-8.136991500854492
-8.153409957885742
-8.153694152832031
-8.173991203308105
-8.143244743347168
-8.13388442993164
-8.144951820373535
-8.133901596069336
-8.14710521697998
-8.1273775100708
-8.125837326049805
-8.156349182128906
-8.12784481048584
-8.165865898132324
-8.159839630126953
-8.14949893951416
-8.151647567749023
-8.106719017028809
-8.151604652404785
-8.158225059509277
-8.131686210632324
-8.058915138244629
-8.160184860229492
-8.112884521484375
-8.128684043884277
-8.14958667755127
-8.139122009277344
-8.118606567382812
-8.165580749511719
-8.132057189941406
-8.117877960205078
-8.151704788208008
-8.136555671691895
-8.14802360534668
-8.157096862792969
-8.161905288696289
-8.134428024291992
-8.153291702270508
-8.137530326843262
-8.13621997833252
-8.154082298278809
-8.15182876586914
-8.143827438354492
-8.170074462890625
-8.152610778808594
-8.140045166015625
-8.159544944763184
-8.154149055480957
-8.134387016296387
-8.158452987670898
-8.144700050354004
-8.160237312316895
-8.155768394470215
-8.125880241394043
-8.159388542175293
-8.155081748962402
-8.147738456726074
-8.162491798400879
-8.161136627197266
-8.129924774169922
-8.168363571166992
-8.170198440551758
-8.159809112548828
-8.159958839416504
-8.183155059814453
-8.1477689743042
-8.166239738464355
-8.163461685180664
-8.146263122558594
-8.156503677368164
-8.147774696350098
-8.167075157165527
-8.155383110046387
-8.157315254211426
-8.137775421142578
-8.143086433410645
-8.16072940826416
-8.144119262695312
-8.129142761230469
-8.14395523071289
-8.114340782165527
-8.166778564453125
-8.154352188110352
-8.143515586853027
-8.146081924438477
-8.148016929626465
-8.149421691894531
-8.156259536743164
-8.159783363342285
-8.114007949829102
-8.161202430725098
-8.1602144241333
-8.140656471252441
-8.15641975402832
-8.155001640319824
-8.16083812713623
-8.154352188110352
-8.147197723388672
-8.172863006591797
-8.14443302154541
-8.162379264831543
-8.150373458862305
-8.166764259338379
-8.125869750976562
-8.164199829101562
-8.160706520080566
-8.165103912353516
-8.159626960754395
-8.172699928283691
-8.172035217285156
-8.118993759155273
-8.156250953674316
-8.151153564453125
-8.08194637298584
-8.175448417663574
-8.112574577331543
-8.127782821655273
-8.145134925842285
-8.160531997680664
-8.063703536987305
-8.169126510620117
-8.127222061157227
-8.140149116516113
-8.163723945617676
-8.170344352722168
-8.171197891235352
-8.160496711730957
-8.163552284240723
-8.140629768371582
-8.15717887878418
-8.161495208740234
-8.161362648010254
-8.162086486816406
-8.172372817993164
-8.140753746032715
-8.145397186279297
-8.165115356445312
-8.171863555908203
-8.166730880737305
-8.148720741271973
-8.165220260620117
-8.14529800415039
-8.162057876586914
-8.162881851196289
-8.125823974609375
-8.133391380310059
-8.159594535827637
-8.134721755981445
-8.154468536376953
-8.146240234375
-8.155953407287598
-8.180582046508789
-8.152325630187988
-8.162520408630371
-8.164697647094727
-8.162532806396484
-8.155664443969727
-8.176301956176758
-8.158260345458984
-8.17637825012207
-8.161892890930176
-8.138250350952148
-8.156157493591309
-8.141161918640137
-8.173184394836426
-8.177453994750977
-8.166933059692383
-8.150123596191406
-8.15225887298584
-8.145315170288086
-8.157776832580566
-8.141204833984375
-8.153388023376465
-8.15640640258789
-8.136209487915039
-8.149171829223633
-8.14627742767334
-8.12862777709961
-8.160295486450195
-8.159517288208008
-8.162018775939941
-8.164992332458496
-8.170658111572266
-8.098845481872559
-8.16691780090332
-8.152807235717773
-8.163640975952148
-8.157846450805664
-8.135360717773438
-8.15396785736084
-8.144065856933594
-8.151721954345703
-8.157297134399414
-8.108980178833008
-8.163269996643066
-8.146865844726562
-8.131702423095703
-8.16213607788086
-8.135342597961426
-8.134908676147461
-8.172045707702637
-8.150019645690918
-8.17300796508789
-8.157456398010254
-8.18289566040039
-8.17342758178711
-8.15731430053711
-8.15585994720459
-8.176246643066406
-8.117056846618652
-8.178936004638672
-8.170101165771484
-8.16696548461914
-8.169591903686523
-8.114288330078125
-8.163196563720703
-8.141595840454102
-8.109871864318848
-8.190783500671387
-8.167423248291016
-8.124028205871582
-8.156238555908203
-8.165886878967285
-8.16476821899414
-8.173112869262695
-8.165987968444824
-8.116841316223145
-8.15433406829834
-8.186518669128418
-8.168230056762695
-8.18575382232666
-8.17706298828125
-8.116144180297852
-8.178072929382324
-8.14525318145752
-8.15914249420166
-8.160813331604004
-8.167839050292969
-8.187227249145508
-8.150216102600098
-8.155411720275879
-8.16614818572998
-8.168086051940918
-8.166565895080566
-8.179709434509277
-8.160999298095703
-8.166041374206543
-8.161903381347656
-8.176167488098145
-8.157135009765625
-8.184151649475098
-8.15620231628418
-8.171756744384766
-8.160346984863281
-8.186929702758789
-8.141790390014648
-8.133071899414062
-8.171218872070312
-8.174524307250977
-8.164267539978027
-8.169291496276855
-8.168535232543945
-8.147832870483398
-8.172342300415039
-8.176036834716797
-8.14650821685791
-8.155463218688965
-8.1820650100708
-8.160872459411621
-8.179409980773926
-8.140425682067871
-8.182001113891602
-8.166842460632324
-8.174413681030273
-8.17138957977295
-8.169410705566406
-8.176877975463867
-8.160500526428223
-8.168242454528809
-8.153670310974121
-8.159757614135742
-8.166325569152832
-8.170320510864258
-8.179794311523438
-8.155290603637695
-8.14376163482666
-8.161779403686523
-8.157320976257324
-8.130035400390625
-8.175679206848145
-8.147490501403809
-8.153730392456055
-8.177410125732422
-8.173818588256836
-8.178049087524414
-8.144326210021973
-8.175817489624023
-8.148285865783691
-8.10328197479248
-8.168733596801758
-8.066481590270996
-8.139863014221191
-8.17219066619873
-8.178674697875977
-8.10006046295166
-8.120969772338867
-8.149954795837402
-8.120464324951172
-8.171920776367188
-8.162396430969238
-8.166027069091797
-8.121243476867676
-8.155137062072754
-8.172552108764648
-8.12529468536377
-8.199121475219727
-8.194497108459473
-8.157754898071289
-8.18267822265625
-8.170412063598633
-8.174356460571289
-8.166386604309082
-8.173563003540039
-8.19685173034668
-8.180482864379883
-8.16285228729248
-8.159834861755371
-8.188492774963379
-8.181487083435059
-8.164085388183594
-8.170365333557129
-8.1548490524292
-8.151272773742676
-8.181741714477539
-8.126368522644043
-8.18238639831543
-8.16535758972168
-8.153589248657227
-8.158562660217285
-8.178604125976562
-8.176368713378906
-8.168316841125488
-8.182942390441895
-8.180707931518555
-8.156088829040527
-8.180755615234375
-8.178170204162598
-8.123958587646484
-8.178321838378906
-8.143350601196289
-8.112329483032227
-8.184504508972168
-8.16550350189209
-8.133288383483887
-8.176284790039062
-8.150121688842773
-8.14797306060791
-8.17265796661377
-8.170206069946289
-8.16801929473877
-8.159274101257324
-8.170714378356934
-8.164145469665527
-8.177509307861328
-8.181504249572754
-8.167269706726074
-8.174609184265137
-8.177709579467773
-8.177238464355469
-8.170511245727539
-8.176974296569824
-8.172052383422852
-8.170914649963379
-8.134960174560547
-8.172601699829102
-8.114384651184082
-8.165725708007812
-8.168143272399902
-8.144570350646973
-8.116643905639648
-8.18797492980957
-8.174131393432617
-8.138501167297363
-8.1839017868042
-8.167720794677734
-8.172986030578613
-8.171114921569824
-8.179041862487793
-8.127249717712402
-8.131683349609375
-8.174334526062012
-8.09716796875
-8.15723991394043
-8.176859855651855
-8.153790473937988
-8.1624755859375
-8.157054901123047
-8.178939819335938
-8.188291549682617
-8.174760818481445
-8.171218872070312
-8.175338745117188
-8.181614875793457
-8.174829483032227
-8.177133560180664
-8.16836929321289
-8.158933639526367
-8.174934387207031
-8.186416625976562
-8.176300048828125
-8.147768020629883
-8.15822982788086
-8.096110343933105
-8.183246612548828
-8.088828086853027
-8.117356300354004
-8.184478759765625
-8.14431381225586
-8.16734504699707
-8.187664985656738
-8.167110443115234
-8.155723571777344
-8.174885749816895
-8.15868854522705
-8.129592895507812
-8.19428825378418
-8.174341201782227
-8.153966903686523
-8.158160209655762
-8.186328887939453
-8.154501914978027
-8.147396087646484
-8.16112995147705
-8.166728973388672
-8.177522659301758
-8.190884590148926
-8.14215087890625
-8.167777061462402
-8.168067932128906
-8.15047836303711
-8.192384719848633
-8.178865432739258
-8.175168991088867
-8.202641487121582
-8.171161651611328
-8.171356201171875
-8.156983375549316
-8.162269592285156
-8.167776107788086
-8.182574272155762
-8.173189163208008
-8.190045356750488
-8.178580284118652
-8.189952850341797
-8.14002513885498
-8.174163818359375
-8.160158157348633
-8.18118667602539
-8.180816650390625
-8.179738998413086
-8.178230285644531
-8.182196617126465
-8.17909049987793
-8.149331092834473
-8.181282997131348
-8.176628112792969
-8.176512718200684
-8.184401512145996
-8.177870750427246
-8.185347557067871
-8.144668579101562
-8.200082778930664
-8.17529296875
-8.167627334594727
-8.153282165527344
-8.166226387023926
-8.173907279968262
-8.158339500427246
-8.134912490844727
-8.18354320526123
-8.16891098022461
-8.159956932067871
-8.146620750427246
-8.168206214904785
-8.144824981689453
-8.123767852783203
-8.189458847045898
-8.17133903503418
-8.168031692504883
-8.147850036621094
-8.16650104522705
-8.174372673034668
-8.215123176574707
-8.127199172973633
-8.16934585571289
-8.169251441955566
-8.099457740783691
-8.166881561279297
-8.154041290283203
-8.179943084716797
-8.141551971435547
-8.16101360321045
-8.177391052246094
-8.139164924621582
-8.161540985107422
-8.155029296875
-8.126823425292969
-8.17922306060791
-8.176218032836914
-8.158171653747559
-8.176591873168945
-8.185977935791016
-8.17327880859375
-8.169777870178223
-8.170943260192871
-8.173904418945312
-8.16836929321289
-8.184700965881348
-8.183332443237305
-8.177160263061523
-8.182110786437988
-8.146049499511719
-8.174090385437012
-8.174463272094727
-8.186229705810547
-8.189208030700684
-8.139179229736328
-8.180716514587402
-8.167548179626465
-8.168371200561523
-8.178762435913086
-8.203726768493652
-8.150845527648926
-8.164166450500488
-8.164836883544922
-8.152570724487305
-8.186796188354492
-8.166272163391113
-8.139555931091309
-8.189356803894043
-8.136370658874512
-8.109930992126465
-8.17420768737793
-8.157790184020996
-8.114262580871582
-8.153968811035156
-8.13058853149414
-8.142194747924805
-8.187105178833008
-8.146293640136719
-8.127840042114258
-8.185001373291016
-8.183170318603516
-8.172113418579102
-8.18239688873291
-8.195687294006348
-8.140190124511719
-8.155957221984863
-8.18277645111084
-8.164413452148438
-8.140650749206543
-8.178089141845703
-8.161205291748047
-8.186442375183105
-8.189728736877441
-8.181497573852539
-8.191327095031738
-8.176156997680664
-8.181649208068848
-8.18015193939209
-8.195478439331055
-8.18301773071289
-8.185888290405273
-8.161067962646484
-8.177810668945312
-8.170880317687988
-8.171041488647461
-8.19325065612793
-8.190681457519531
-8.185293197631836
-8.17245101928711
-8.166439056396484
-8.190692901611328
-8.161396980285645
-8.18963623046875
-8.178593635559082
-8.179452896118164
-8.173700332641602
-8.1902437210083
-8.213918685913086
-8.141498565673828
-8.154232025146484
-8.181659698486328
-8.157747268676758
-8.168420791625977
-8.182747840881348
-8.126201629638672
-8.175154685974121
-8.16502571105957
-8.14964771270752
-8.177688598632812
-8.183403015136719
-8.19576644897461
-8.184176445007324
-8.161261558532715
-8.16877269744873
-8.150647163391113
-8.179521560668945
-8.177596092224121
-8.164724349975586
-8.172147750854492
-8.19421672821045
-8.1790771484375
-8.172475814819336
-8.169403076171875
-8.186572074890137
-8.190170288085938
-8.174500465393066
-8.175795555114746
-8.176960945129395
-8.174492835998535
-8.191971778869629
-8.17434310913086
-8.18200969696045
-8.194381713867188
-8.192659378051758
-8.154630661010742
-8.183155059814453
-8.177458763122559
-8.125006675720215
-8.186691284179688
-8.161996841430664
-8.167472839355469
-8.176633834838867
-8.194001197814941
-8.1683988571167
-8.145222663879395
-8.187671661376953
-8.167052268981934
-8.187170028686523
-8.188968658447266
-8.183614730834961
-8.18018913269043
-8.194756507873535
-8.186370849609375
-8.167023658752441
-8.16969108581543
-8.18185043334961
-8.191372871398926
-8.204301834106445
-8.188459396362305
-8.178672790527344
-8.182990074157715
-8.17164134979248
-8.172971725463867
-8.176066398620605
-8.171667098999023
-8.112178802490234
-8.18796443939209
-8.168925285339355
-8.192487716674805
-8.180482864379883
-8.153120040893555
-8.172605514526367
-8.212907791137695
-8.17220401763916
-8.178021430969238
-8.181105613708496
-8.161491394042969
-8.177960395812988
-8.178903579711914
-8.180706977844238
-8.176016807556152
-8.18217658996582
-8.192139625549316
-8.1693754196167
-8.180681228637695
-8.181524276733398
-8.17624282836914
-8.182817459106445
-8.174118995666504
-8.170453071594238
-8.191035270690918
-8.129632949829102
-8.20173168182373
-8.180047035217285
-8.175990104675293
-8.183833122253418
-8.186734199523926
-8.140583992004395
-8.160514831542969
-8.181517601013184
-8.185474395751953
-8.175436973571777
-8.156015396118164
-8.1888427734375
-8.187249183654785
-8.130865097045898
-8.18982219696045
-8.107545852661133
-8.179347038269043
-8.189008712768555
-8.200887680053711
-8.175012588500977
-8.176097869873047
-8.176802635192871
-8.185368537902832
-8.187084197998047
-8.192863464355469
-8.188102722167969
-8.167525291442871
-8.177275657653809
-8.179740905761719
-8.178411483764648
-8.177543640136719
-8.175555229187012
-8.177435874938965
-8.190166473388672
-8.171554565429688
-8.175333023071289
-8.19278335571289
-8.141546249389648
-8.179781913757324
-8.186822891235352
-8.178715705871582
-8.190695762634277
-8.18869686126709
-8.182686805725098
-8.17939567565918
-8.168697357177734
-8.183939933776855
-8.206253051757812
-8.203749656677246
-8.191084861755371
-8.140583992004395
-8.153014183044434
-8.142778396606445
-8.172554016113281
-8.188015937805176
-8.207565307617188
-8.09010124206543
-8.175055503845215
-8.175835609436035
-8.163383483886719
-8.120664596557617
-8.189467430114746
-8.136673927307129
-8.191286087036133
-8.19292163848877
-8.184758186340332
-8.192188262939453
-8.174810409545898
-8.20633316040039
-8.182236671447754
-8.181642532348633
-8.18383502960205
-8.155228614807129
-8.158215522766113
-8.18774127960205
-8.1207914352417
-8.155342102050781
-8.17654037475586
-8.064881324768066
-8.096304893493652
-8.18538761138916
-8.175941467285156
-7.972874641418457
-8.174041748046875
-8.178498268127441
-8.15139102935791
-8.13465690612793
-8.1950044631958
-8.143697738647461
-8.075335502624512
-8.18028736114502
-8.163741111755371
-8.150508880615234
-8.16279125213623
-8.193315505981445
-8.128925323486328
-8.145885467529297
-8.194828987121582
-8.117607116699219
-8.123512268066406
-8.178995132446289
-8.192901611328125
-8.009434700012207
-8.086477279663086
-8.179842948913574
-8.119799613952637
-7.875657081604004
-8.09021282196045
-8.147911071777344
-7.964381217956543
-8.03275203704834
-8.154104232788086
-8.152576446533203
-8.071309089660645
-8.111430168151855
-8.19210147857666
-8.14065933227539
-8.126018524169922
-8.139158248901367
-8.192394256591797
-8.14607048034668
-8.128433227539062
-8.180305480957031
-8.140885353088379
-8.145309448242188
-8.183212280273438
-8.184574127197266
-8.126051902770996
-8.179644584655762
-8.182406425476074
-8.184743881225586
-8.170007705688477
-8.189593315124512
-8.196504592895508
-8.180169105529785
-8.186262130737305
-8.16737174987793
-8.171218872070312
-8.207155227661133
-8.130542755126953
-8.185125350952148
-8.165250778198242
-8.144447326660156
-8.18346881866455
-8.11402416229248
-8.187423706054688
-8.184455871582031
-8.140748977661133
-8.158855438232422
-8.190078735351562
-8.151268005371094
-8.085379600524902
-8.1607666015625
-8.164664268493652
-8.108917236328125
-8.159799575805664
-8.158488273620605
-8.139443397521973
-8.140616416931152
-8.142176628112793
-8.184087753295898
-8.15104866027832
-8.10376262664795
-8.202082633972168
-8.147058486938477
-8.15180778503418
-8.177813529968262
-8.159332275390625
-8.177972793579102
-8.165813446044922
-8.164393424987793
-8.19013500213623
-8.188430786132812
-8.15694522857666
-8.197259902954102
-8.196891784667969
-8.154857635498047
-8.171268463134766
-8.210943222045898
-8.184377670288086
-8.196878433227539
-8.169057846069336
-8.186238288879395
-8.16081428527832
-8.197990417480469
-8.174132347106934
-8.185848236083984
-8.187064170837402
-8.187003135681152
-8.180802345275879
-8.172628402709961
-8.176309585571289
-8.17790699005127
-8.193947792053223
-8.174739837646484
-8.191971778869629
-8.200225830078125
-8.117745399475098
-8.172830581665039
-8.1826810836792
-8.172597885131836
-8.184978485107422
-8.199198722839355
-8.195676803588867
-8.171499252319336
-8.135208129882812
-8.181761741638184
-8.154494285583496
-8.094803810119629
-8.189156532287598
-8.17008113861084
-8.178873062133789
-8.153583526611328
-8.186263084411621
-8.157955169677734
-8.211004257202148
-8.182817459106445
-8.18836784362793
-8.188283920288086
-8.17785930633545
-8.193224906921387
-8.165771484375
-8.192493438720703
-8.188350677490234
-8.174714088439941
-8.124394416809082
-8.192599296569824
-8.166913032531738
-8.170618057250977
-8.178383827209473
-8.153814315795898
-8.18713665008545
-8.171859741210938
-8.184568405151367
-8.179891586303711
-8.179435729980469
-8.183237075805664
-8.181836128234863
-8.200769424438477
-8.17102336883545
-8.17862606048584
-8.18529987335205
-8.185516357421875
-8.173604011535645
-8.197738647460938
-8.192556381225586
-8.186470031738281
-8.15795612335205
-8.172863006591797
-8.180331230163574
-8.144882202148438
-8.15459156036377
-8.185970306396484
-8.154678344726562
-8.14685344696045
-8.141963958740234
-8.20716381072998
-8.163119316101074
-8.120065689086914
-8.176416397094727
-8.159531593322754
-8.144126892089844
-8.188652992248535
-8.183773040771484
-8.189874649047852
-8.17381477355957
-8.192773818969727
-8.186908721923828
-8.189345359802246
-8.142240524291992
-8.147865295410156
-8.182336807250977
-8.189483642578125
-8.125414848327637
-8.166462898254395
-8.20986557006836
-8.077773094177246
-8.069738388061523
-8.19294548034668
-8.156410217285156
-8.089420318603516
-8.150982856750488
-8.20091724395752
-8.177982330322266
-8.155923843383789
-8.16479206085205
-8.198722839355469
-8.16703987121582
-8.187553405761719
-8.196398735046387
-8.161958694458008
-8.168458938598633
-8.151673316955566
-8.168224334716797
-8.182586669921875
-8.185171127319336
-8.188383102416992
-8.173755645751953
-8.189407348632812
-8.18143081665039
-8.195842742919922
-8.178205490112305
-8.191668510437012
-8.186003684997559
-8.14517879486084
-8.194479942321777
-8.141806602478027
-8.193314552307129
-8.183704376220703
-8.17763900756836
-8.188252449035645
-8.173245429992676
-8.143431663513184
-8.187704086303711
-8.196907043457031
-8.158495903015137
-8.126602172851562
-8.17284870147705
-8.159072875976562
-8.153759002685547
-8.160573959350586
-8.17159366607666
-8.089056968688965
-8.195029258728027
-8.195049285888672
-8.183509826660156
-8.183189392089844
-8.179410934448242
-8.179529190063477
-8.184972763061523
-8.179447174072266
-8.196663856506348
-8.176332473754883
-8.183427810668945
-8.194588661193848
-8.179868698120117
-8.19299602508545
-8.183720588684082
-8.178902626037598
-8.187341690063477
-8.184690475463867
-8.186057090759277
-8.174677848815918
-8.194201469421387
-8.19885540008545
-8.197649002075195
-8.123247146606445
-8.19774341583252
-8.157269477844238
-8.15228271484375
-8.183562278747559
-8.143427848815918
-8.193567276000977
-8.192185401916504
-8.204568862915039
-8.181965827941895
-8.190269470214844
-8.186124801635742
-8.16204833984375
-8.117356300354004
-8.175061225891113
-8.189249992370605
-8.148893356323242
-8.181307792663574
-8.19963550567627
-8.167157173156738
-8.186483383178711
-8.195791244506836
-8.166055679321289
-8.1754789352417
-8.183830261230469
-8.205711364746094
-8.185113906860352
-8.186266899108887
-8.171653747558594
-8.197635650634766
-8.18916130065918
-8.18343734741211
-8.19556999206543
-8.182147979736328
-8.18647575378418
-8.19836711883545
-8.198893547058105
-8.1787748336792
-8.188101768493652
-8.185321807861328
-8.185839653015137
-8.179140090942383
-8.192985534667969
-8.161080360412598
-8.18860149383545
-8.183551788330078
-8.147965431213379
-8.161004066467285
-8.22373104095459
-8.106612205505371
-8.166276931762695
-8.188124656677246
-8.171627044677734
-8.148099899291992
-8.165881156921387
-8.1820068359375
-8.208253860473633
-8.188715934753418
-8.146730422973633
-8.174433708190918
-8.170928001403809
-8.127253532409668
-8.156206130981445
-8.181148529052734
-8.18178939819336
-8.157230377197266
-8.17447566986084
-8.193388938903809
-8.204797744750977
-8.173182487487793
-8.190888404846191
-8.205397605895996
-8.111509323120117
-8.197900772094727
-8.183652877807617
-8.173030853271484
-8.145218849182129
-8.155617713928223
-8.178812980651855
-8.076239585876465
-8.212806701660156
-8.205232620239258
-8.179980278015137
-8.196022033691406
-8.192861557006836
-8.19206428527832
-8.178643226623535
-8.196212768554688
-8.198223114013672
-8.207989692687988
-8.178838729858398
-8.202766418457031
-8.187374114990234
-8.179092407226562
-8.190494537353516
-8.155210494995117
-8.1926908493042
-8.199735641479492
-8.18565559387207
-8.167394638061523
-8.190406799316406
-8.184213638305664
-8.106123924255371
-8.188809394836426
-8.18164348602295
-8.149799346923828
-8.187581062316895
-8.189519882202148
-8.170432090759277
-8.170238494873047
-8.200166702270508
-8.200272560119629
-8.182313919067383
-8.191893577575684
-8.205209732055664
-8.185855865478516
-8.212892532348633
-8.184563636779785
-8.190750122070312
-8.186016082763672
-8.180134773254395
-8.186483383178711
-8.205251693725586
-8.188309669494629
-8.16162109375
-8.141377449035645
-8.191890716552734
-8.189475059509277
-8.161005020141602
-8.175405502319336
-8.177946090698242
-8.125131607055664
-8.158954620361328
-8.175444602966309
-8.147107124328613
-8.131367683410645
-8.180789947509766
-8.17852783203125
-8.185214042663574
-8.190055847167969
-8.195916175842285
-8.190766334533691
-8.18000602722168
-8.183932304382324
-8.182927131652832
-8.184932708740234
-8.188008308410645
-8.174710273742676
-8.151047706604004
-8.195089340209961
-8.19211483001709
-8.201494216918945
-8.140202522277832
-8.184842109680176
-8.171683311462402
-8.1283597946167
-8.203089714050293
-8.17829704284668
-8.190777778625488
-8.16125774383545
-8.196038246154785
-8.193737983703613
-8.163216590881348
-8.16542911529541
-8.191039085388184
-8.170681953430176
-8.16315746307373
-8.190715789794922
-8.162016868591309
-8.168319702148438
-8.19006633758545
-8.17973518371582
-8.139500617980957
-8.179054260253906
-8.180586814880371
-8.199838638305664
-8.155616760253906
-8.17854118347168
-8.193306922912598
-8.174703598022461
-8.17823600769043
-8.189159393310547
-8.203849792480469
-8.182771682739258
-8.180564880371094
-8.18752384185791
-8.200590133666992
-8.180497169494629
-8.189037322998047
-8.188361167907715
-8.198566436767578
-8.181962013244629
-8.193126678466797
-8.221095085144043
-8.188582420349121
-8.189430236816406
-8.185881614685059
-8.187201499938965
-8.189620018005371
-8.187630653381348
-8.198968887329102
-8.187405586242676
-8.192025184631348
-8.186941146850586
-8.18640422821045
-8.193257331848145
-8.193470001220703
-8.191849708557129
-8.179069519042969
-8.191850662231445
-8.199268341064453
-8.191644668579102
-8.146576881408691
-8.203116416931152
-8.186540603637695
-8.177372932434082
-8.207243919372559
-8.154433250427246
-8.15079116821289
-8.197773933410645
-8.2004976272583
-8.175944328308105
-8.187260627746582
-8.185220718383789
-8.180331230163574
-8.217243194580078
-8.160088539123535
-8.12253189086914
-8.187725067138672
-8.1804780960083
-8.163531303405762
-8.171348571777344
-8.193249702453613
-8.19035530090332
-8.17677116394043
-8.149359703063965
-8.175074577331543
-8.17251205444336
-8.084589958190918
-8.179819107055664
-8.225488662719727
-8.132783889770508
-8.162394523620605
-8.203071594238281
-8.201099395751953
-8.182790756225586
-8.18631649017334
-8.133011817932129
-8.20074462890625
-8.14622974395752
-8.195356369018555
-8.172115325927734
-8.19454288482666
-8.190666198730469
-8.199384689331055
-8.191163063049316
-8.185600280761719
-8.18940544128418
-8.190896987915039
-8.203330993652344
-8.1583890914917
-8.190239906311035
-8.18107795715332
-8.191841125488281
-8.180818557739258
-8.131319046020508
-8.167648315429688
-8.18122386932373
-8.195564270019531
-8.175098419189453
-8.195361137390137
-8.163117408752441
-8.180296897888184
-8.198012351989746
-8.202831268310547
-8.143399238586426
-8.17880916595459
-8.208133697509766
-8.170835494995117
-8.17315673828125
-8.183856964111328
-8.197173118591309
-8.180870056152344
-8.131070137023926
-8.200488090515137
-8.174186706542969
-8.173179626464844
-8.129907608032227
-8.168282508850098
-8.206890106201172
-8.145485877990723
-8.137765884399414
-8.18222427368164
-8.187079429626465
-8.129454612731934
-8.095146179199219
-8.179604530334473
-8.173776626586914
-8.077424049377441
-8.1318941116333
-8.19313907623291
-8.082919120788574
-8.170417785644531
-8.198742866516113
-8.166199684143066
-8.164529800415039
-8.174591064453125
-8.173473358154297
-8.16606330871582
-8.198058128356934
-8.194709777832031
-8.196968078613281
-8.1924467086792
-8.16993522644043
-8.21031665802002
-8.221030235290527
-8.183257102966309
-8.140018463134766
-8.180561065673828
-8.159599304199219
-8.183436393737793
-8.192834854125977
-8.184167861938477
-8.167813301086426
-8.18961238861084
-8.20031452178955
-8.22812271118164
-8.180644035339355
-8.213568687438965
-8.195202827453613
-8.184059143066406
-8.178135871887207
-8.21264934539795
-8.193928718566895
-8.226934432983398
-8.207843780517578
-8.213208198547363
-8.147679328918457
-8.189373016357422
-8.160418510437012
-8.203978538513184
-8.201476097106934
-8.205055236816406
-8.200119972229004
-8.180404663085938
-8.186328887939453
-8.164517402648926
-8.193254470825195
-8.195852279663086
-8.195985794067383
-8.20309829711914
-8.158437728881836
-8.210363388061523
-8.172463417053223
-8.17674446105957
-8.17013931274414
-8.177616119384766
-8.213970184326172
-8.198747634887695
-8.154949188232422
-8.17063045501709
-8.205388069152832
-8.148327827453613
-8.161961555480957
-8.183259963989258
-8.1771879196167
-8.170844078063965
-8.177064895629883
-8.205016136169434
-8.195215225219727
-8.187009811401367
-8.178544998168945
-8.189538955688477
-8.204527854919434
-8.206743240356445
-8.211151123046875
-8.17580509185791
-8.193303108215332
-8.174711227416992
-8.191072463989258
-8.17824935913086
-8.177915573120117
-8.211479187011719
-8.18250560760498
-8.186182022094727
-8.19786548614502
-8.17717456817627
-8.219429016113281
-8.164711952209473
-8.190269470214844
-8.182644844055176
-8.175460815429688
-8.186484336853027
-8.18861198425293
-8.20830249786377
-8.189844131469727
-8.203778266906738
-8.190132141113281
-8.189913749694824
-8.176678657531738
-8.199621200561523
-8.198399543762207
-8.181534767150879
-8.14328670501709
-8.164529800415039
-8.169116973876953
-8.142616271972656
-8.171767234802246
-8.210175514221191
-8.191710472106934
-8.1607027053833
-8.169273376464844
-8.2127103805542
-8.182313919067383
-8.179447174072266
-8.16490364074707
-8.174551010131836
-8.194967269897461
-8.203466415405273
-8.132782936096191
-8.18246841430664
-8.177266120910645
-8.156789779663086
-8.188620567321777
-8.164650917053223
-8.203787803649902
-8.176937103271484
-8.050219535827637
-8.23086166381836
-8.203335762023926
-8.171164512634277
-8.185014724731445
-8.187273979187012
-8.190949440002441
-8.190224647521973
-8.183074951171875
-8.191149711608887
-8.18215560913086
-8.173318862915039
-8.197461128234863
-8.200993537902832
-8.198086738586426
-8.202838897705078
-8.192147254943848
-8.169185638427734
-8.208751678466797
-8.187209129333496
-8.190177917480469
-8.210586547851562
-8.195847511291504
-8.167895317077637
-8.18519115447998
-8.208639144897461
-8.17916202545166
-8.195479393005371
-8.165989875793457
-8.146378517150879
-8.20690631866455
-8.197342872619629
-8.163904190063477
-8.165308952331543
-8.187371253967285
-8.181381225585938
-8.216716766357422
-8.189958572387695
-8.186073303222656
-8.180904388427734
-8.196331977844238
-8.189518928527832
-8.172331809997559
-8.210363388061523
-8.200698852539062
-8.227246284484863
-8.209784507751465
-8.160175323486328
-8.14920425415039
-8.184879302978516
-8.153995513916016
-8.172112464904785
-8.183055877685547
-8.210068702697754
-8.1680908203125
-8.200737953186035
-8.179614067077637
-8.205510139465332
-8.201366424560547
-8.180978775024414
-8.169593811035156
-8.183248519897461
-8.212118148803711
-8.202651977539062
-8.164541244506836
-8.182014465332031
-8.17915153503418
-8.198122024536133
-8.210959434509277
-8.207730293273926
-8.211787223815918
-8.185982704162598
-8.181645393371582
-8.177943229675293
-8.158534049987793
-8.200843811035156
-8.189602851867676
-8.198254585266113
-8.163700103759766
-8.157977104187012
-8.191228866577148
-8.207447052001953
-8.166414260864258
-8.082003593444824
-8.186261177062988
-8.16969108581543
-8.141200065612793
-8.191865921020508
-8.162286758422852
-8.179462432861328
-8.189005851745605
-8.062488555908203
-8.185929298400879
-8.171903610229492
-8.100624084472656
-8.173200607299805
-8.195208549499512
-8.184762954711914
-8.138736724853516
-8.165338516235352
-8.171297073364258
-8.154361724853516
-8.182205200195312
-8.20438289642334
-8.169718742370605
-8.175214767456055
-8.20386791229248
-8.191319465637207
-8.175204277038574
-8.19095230102539
-8.210050582885742
-8.159189224243164
-8.178094863891602
-8.174790382385254
-8.176606178283691
-8.174242973327637
-8.183862686157227
-8.188541412353516
-8.183088302612305
-8.148965835571289
-8.204119682312012
-8.19966983795166
-8.184765815734863
-8.194452285766602
-8.205986022949219
-8.18470573425293
-8.177267074584961
-8.182928085327148
-8.187026977539062
-8.151923179626465
-8.192773818969727
-8.19435977935791
-8.19676399230957
-8.182814598083496
-8.179635047912598
-8.178991317749023
-8.196479797363281
-8.1878662109375
-8.159069061279297
-8.196932792663574
-8.169038772583008
-8.1693115234375
-8.159975051879883
-8.197781562805176
-8.174105644226074
-8.193222999572754
-8.189318656921387
-8.16435432434082
-8.203635215759277
-8.186430931091309
-8.19808292388916
-8.175909996032715
-8.18496036529541
-8.187280654907227
-8.195914268493652
-8.187298774719238
-8.191450119018555
-8.199335098266602
-8.150664329528809
-8.164365768432617
-8.189496040344238
-8.185439109802246
-8.17658519744873
-8.183582305908203
-8.200260162353516
-8.203594207763672
-8.1987886428833
-8.208213806152344
-8.202468872070312
-8.195317268371582
-8.186043739318848
-8.208221435546875
-8.18458080291748
-8.20220947265625
-8.202505111694336
-8.188470840454102
-8.209835052490234
-8.175247192382812
-8.198894500732422
-8.19137191772461
-8.184165954589844
-8.167612075805664
-8.18755054473877
-8.169319152832031
-8.20499324798584
-8.204446792602539
-8.207130432128906
-8.204147338867188
-8.194100379943848
-8.189773559570312
-8.19108772277832
-8.206223487854004
-8.195512771606445
-8.184600830078125
-8.192426681518555
-8.198573112487793
-8.17962646484375
-8.198299407958984
-8.182031631469727
-8.18309211730957
-8.209685325622559
-8.180906295776367
-8.191473007202148
-8.197505950927734
-8.19515609741211
-8.204718589782715
-8.154728889465332
-8.181937217712402
-8.202998161315918
-8.18269157409668
-8.19324016571045
-8.174795150756836
-8.1975736618042
-8.158851623535156
-8.184877395629883
-8.188543319702148
-8.190546035766602
-8.18532943725586
-8.159339904785156
-8.205277442932129
-8.161300659179688
-8.191855430603027
-8.192848205566406
-8.202530860900879
-8.129435539245605
-8.190234184265137
-8.183905601501465
-8.175353050231934
-8.155494689941406
-8.181428909301758
-8.203567504882812
-8.187911033630371
-8.150946617126465
-8.199037551879883
-8.185293197631836
-8.179616928100586
-8.173866271972656
-8.20103645324707
-8.176389694213867
-8.180492401123047
-8.184259414672852
-8.178864479064941
-8.206713676452637
-8.2117338180542
-8.177176475524902
-8.18606185913086
-8.204462051391602
-8.2013578414917
-8.178792953491211
-8.190789222717285
-8.190698623657227
-8.199563980102539
-8.172351837158203
-8.166915893554688
-8.195538520812988
-8.18929672241211
-8.172163009643555
-8.185359001159668
-8.192305564880371
-8.19504165649414
-8.195653915405273
-8.197242736816406
-8.181314468383789
-8.182151794433594
-8.205928802490234
-8.19037914276123
-8.205207824707031
-8.215740203857422
-8.20763874053955
-8.127082824707031
-8.201865196228027
-8.193659782409668
-8.138345718383789
-8.20778751373291
-8.173484802246094
-8.176104545593262
-8.176865577697754
-8.199437141418457
-8.150039672851562
-8.160877227783203
-8.192204475402832
-8.18073844909668
-8.206791877746582
-8.211529731750488
-8.196871757507324
-8.174453735351562
-8.204863548278809
-8.19525146484375
-8.195847511291504
-8.185498237609863
-8.211533546447754
-8.190059661865234
-8.199654579162598
-8.191489219665527
-8.1889066696167
-8.205698013305664
-8.181310653686523
-8.21147632598877
-8.202620506286621
-8.180710792541504
-8.186277389526367
-8.18813419342041
-8.173392295837402
-8.193563461303711
-8.185009002685547
-8.183265686035156
-8.191253662109375
-8.191181182861328
-8.200627326965332
-8.211417198181152
-8.156288146972656
-8.16019344329834
-8.19913387298584
-8.178518295288086
-8.163352966308594
-8.194087028503418
-8.193365097045898
-8.192326545715332
-8.204954147338867
-8.194464683532715
-8.199349403381348
-8.189553260803223
-8.186112403869629
-8.192004203796387
-8.184751510620117
-8.188474655151367
-8.203099250793457
-8.193317413330078
-8.226283073425293
-8.204385757446289
-8.172209739685059
-8.204983711242676
-8.190558433532715
-8.171540260314941
-8.155872344970703
-8.206960678100586
-8.189867973327637
-8.157916069030762
-8.175326347351074
-8.187782287597656
-8.182585716247559
-8.154251098632812
-8.142624855041504
-8.184065818786621
-8.148725509643555
-8.143180847167969
-8.19464111328125
-8.182991981506348
-8.121819496154785
-8.154878616333008
-8.218273162841797
-8.157417297363281
-8.1083402633667
-8.17250919342041
-8.1929931640625
-8.132156372070312
-8.181611061096191
-8.189275741577148
-8.185368537902832
-8.228818893432617
-8.187016487121582
-8.167807579040527
-8.200318336486816
-8.192046165466309
-8.166094779968262
-8.181876182556152
-8.215728759765625
-8.145715713500977
-8.170534133911133
-8.187996864318848
-8.18598747253418
-8.168624877929688
-8.195302963256836
-8.181327819824219
-8.157353401184082
-8.158751487731934
-8.207419395446777
-8.141921997070312
-8.175591468811035
-8.189620018005371
-8.189085006713867
-8.121452331542969
-8.199273109436035
-8.19491958618164
-8.165016174316406
-8.190983772277832
-8.187814712524414
-8.20326042175293
-8.17367935180664
-8.188825607299805
-8.172764778137207
-8.168424606323242
-8.192322731018066
-8.176617622375488
-8.178367614746094
-8.172281265258789
-8.191163063049316
-8.20139217376709
-8.183526992797852
-8.172683715820312
-8.196309089660645
-8.19100570678711
-8.159725189208984
-8.188159942626953
-8.204126358032227
-8.162894248962402
-8.197742462158203
-8.196159362792969
-8.18657112121582
-8.21044635772705
-8.195868492126465
-8.198675155639648
-8.196637153625488
-8.183526992797852
-8.184859275817871
-8.195181846618652
-8.205291748046875
-8.16270923614502
-8.186186790466309
-8.168132781982422
-8.178366661071777
-8.173417091369629
-8.1829833984375
-8.216395378112793
-8.17892837524414
-8.189528465270996
-8.193208694458008
-8.183670043945312
-8.202436447143555
-8.182897567749023
-8.189927101135254
-8.202705383300781
-8.092312812805176
-8.188514709472656
-8.189299583435059
-8.172096252441406
-8.173538208007812
-8.172954559326172
-8.180792808532715
-8.199030876159668
-8.1669282913208
-8.19284439086914
-8.195920944213867
-8.175305366516113
-8.196858406066895
-8.167131423950195
-8.19846248626709
-8.201301574707031
-8.185619354248047
-8.191764831542969
-8.208808898925781
-8.210517883300781
-8.18364143371582
-8.205739974975586
-8.174890518188477
-8.183694839477539
-8.160675048828125
-8.201520919799805
-8.197674751281738
-8.1893949508667
-8.208046913146973
-8.194034576416016
-8.191238403320312
-8.20418930053711
-8.191598892211914
-8.182174682617188
-8.215669631958008
-8.224915504455566
-8.18031120300293
-8.179368019104004
-8.205802917480469
-8.190037727355957
-8.179877281188965
-8.170079231262207
-8.184894561767578
-8.191058158874512
-8.153910636901855
-8.156295776367188
-8.182184219360352
-8.16096305847168
-8.170511245727539
-8.206501960754395
-8.177533149719238
-8.173609733581543
-8.198214530944824
-8.191021919250488
-8.156288146972656
-8.188102722167969
-8.191134452819824
-8.204926490783691
-8.24873161315918
-8.15915298461914
-8.142175674438477
-8.201930046081543
-8.177542686462402
-8.16805648803711
-8.153033256530762
-8.19423770904541
-8.158987045288086
-8.121382713317871
-8.148612022399902
-8.176322937011719
-8.135926246643066
-8.160664558410645
-8.195064544677734
-8.183064460754395
-8.17832088470459
-8.159049034118652
-8.213163375854492
-8.1918306350708
-8.186020851135254
-8.205819129943848
-8.177277565002441
-8.170246124267578
-8.188272476196289
-8.19914436340332
-8.182110786437988
-8.208109855651855
-8.212050437927246
-8.191288948059082
-8.191649436950684
-8.202974319458008
-8.191350936889648
-8.200254440307617
-8.20937442779541
-8.219724655151367
-8.1911039352417
-8.195230484008789
-8.20361328125
-8.221309661865234
-8.188680648803711
-8.219408988952637
-8.149446487426758
-8.19152545928955
-8.189650535583496
-8.18466567993164
-8.195651054382324
-8.187067985534668
-8.173687934875488
-8.195852279663086
-8.177766799926758
-8.195615768432617
-8.18449592590332
-8.21469783782959
-8.201619148254395
-8.183967590332031
-8.192495346069336
-8.20508098602295
-8.1749267578125
-8.202971458435059
-8.202799797058105
-8.199586868286133
-8.204103469848633
-8.191035270690918
-8.202289581298828
-8.207633018493652
-8.191876411437988
-8.188017845153809
-8.210803985595703
-8.188942909240723
-8.197455406188965
-8.198685646057129
-8.162013053894043
-8.195384979248047
-8.196085929870605
-8.196229934692383
-8.191965103149414
-8.176470756530762
-8.197331428527832
-8.16777515411377
-8.179256439208984
-8.19265365600586
-8.189797401428223
-8.195856094360352
-8.184523582458496
-8.185026168823242
-8.189353942871094
-8.212637901306152
-8.209209442138672
-8.200689315795898
-8.185954093933105
-8.166910171508789
-8.12608814239502
-8.206968307495117
-8.17525577545166
-8.179372787475586
-8.205012321472168
-8.196850776672363
-8.180853843688965
-8.19411849975586
-8.217242240905762
-8.21798038482666
-8.130011558532715
-8.1898775100708
-8.20303726196289
-8.170658111572266
-8.161130905151367
-8.189321517944336
-8.193011283874512
-8.18452262878418
-8.17455005645752
-8.198868751525879
-8.194337844848633
-8.185492515563965
-8.199140548706055
-8.200474739074707
-8.18132209777832
-8.187479019165039
-8.205225944519043
-8.18327808380127
-8.213111877441406
-8.17313289642334
-8.187174797058105
-8.196271896362305
-8.213010787963867
-8.214869499206543
-8.196568489074707
-8.15984058380127
-8.19954776763916
-8.18667221069336
-8.196301460266113
-8.20478630065918
-8.193138122558594
-8.176102638244629
-8.190878868103027
-8.192829132080078
-8.165365219116211
-8.186355590820312
-8.190611839294434
-8.171393394470215
-8.193177223205566
-8.221139907836914
-8.055827140808105
-8.190581321716309
-8.208027839660645
-8.194141387939453
-8.165884017944336
-8.20119571685791
-8.13427448272705
-8.217617988586426
-8.198720932006836
-8.202432632446289
-8.199371337890625
-8.184416770935059
-8.189900398254395
-8.191556930541992
-8.217941284179688
-8.18990421295166
-8.156973838806152
-8.17377758026123
-8.162607192993164
-8.159430503845215
-8.177205085754395
-8.200400352478027
-8.194099426269531
-8.19837474822998
-8.209761619567871
-8.165489196777344
-8.186280250549316
-8.14958667755127
-8.168721199035645
-8.192418098449707
-8.191551208496094
-8.12044620513916
-8.180614471435547
-8.188857078552246
-8.154779434204102
-8.183334350585938
-8.205357551574707
-8.185940742492676
-8.212569236755371
-8.13424015045166
-8.199767112731934
-8.1790771484375
-8.123135566711426
-8.181126594543457
-8.191801071166992
-8.149141311645508
-8.168252944946289
-8.188191413879395
-8.189559936523438
-8.171895980834961
-8.182278633117676
-8.192431449890137
-8.195716857910156
-8.20277214050293
-8.145812034606934
-8.192278861999512
-8.20267105102539
-8.132018089294434
-8.185517311096191
-8.196786880493164
-8.213180541992188
-8.15407943725586
-8.173664093017578
-8.199666023254395
-8.179718017578125
-8.184080123901367
-8.192069053649902
-8.168828010559082
-8.183649063110352
-8.193548202514648
-8.18532657623291
-8.185927391052246
-8.191435813903809
-8.183204650878906
-8.165440559387207
-8.184741020202637
-8.198994636535645
-8.203283309936523
-8.134703636169434
-8.205218315124512
-8.207154273986816
-8.201075553894043
-8.200352668762207
-8.204329490661621
-8.215927124023438
-8.215938568115234
-8.197071075439453
-8.204283714294434
-8.173357963562012
-8.185667991638184
-8.16392707824707
-8.181763648986816
-8.193034172058105
-8.19608211517334
-8.198614120483398
-8.200325012207031
-8.17966079711914
-8.195470809936523
-8.173808097839355
-8.196881294250488
-8.188904762268066
-8.20190143585205
-8.198205947875977
-8.191683769226074
-8.191174507141113
-8.195281028747559
-8.193324089050293
-8.194561004638672
-8.18100357055664
-8.220540046691895
-8.236300468444824
-8.14151668548584
-8.175701141357422
-8.206945419311523
-8.20522689819336
-8.173368453979492
-8.184342384338379
-8.207350730895996
-8.191215515136719
-8.167457580566406
-8.204717636108398
-8.186285018920898
-8.205026626586914
-8.196764945983887
-8.19206428527832
-8.178853988647461
-8.210054397583008
-8.204355239868164
-8.201967239379883
-8.188470840454102
-8.208505630493164
-8.192416191101074
-8.165811538696289
-8.198795318603516
-8.183438301086426
-8.198943138122559
-8.202463150024414
-8.199857711791992
-8.196948051452637
-8.216622352600098
-8.199113845825195
-8.196953773498535
-8.177583694458008
-8.179574966430664
-8.198501586914062
-8.223766326904297
-8.1322603225708
-8.201521873474121
-8.214609146118164
-8.216232299804688
-8.137778282165527
-8.184049606323242
-8.20976734161377
-8.15176773071289
-8.097283363342285
-8.130468368530273
-8.192546844482422
-8.152661323547363
-8.124139785766602
-8.154763221740723
-8.20025634765625
-8.086708068847656
-8.068192481994629
-8.201254844665527
-8.171858787536621
-8.143706321716309
-8.172552108764648
-8.200128555297852
-8.174756050109863
-8.132989883422852
-8.173771858215332
-8.196030616760254
-8.153301239013672
-8.114886283874512
-8.159300804138184
-8.197735786437988
-8.189234733581543
-8.142984390258789
-8.165371894836426
-8.20521354675293
-8.183676719665527
-8.164329528808594
-8.176070213317871
-8.190923690795898
-8.18035888671875
-8.183241844177246
-8.194357872009277
-8.180020332336426
-8.161484718322754
-8.175082206726074
-8.168259620666504
-8.109208106994629
-8.201163291931152
-8.20364761352539
-8.156712532043457
-8.181949615478516
-8.152499198913574
-8.192482948303223
-8.217400550842285
-8.141761779785156
-8.165050506591797
-8.198323249816895
-8.155176162719727
-8.155962944030762
-8.200620651245117
-8.172050476074219
-8.114672660827637
-8.195080757141113
-8.200188636779785
-8.17275333404541
-8.172836303710938
-8.20191764831543
-8.210209846496582
-8.168607711791992
-8.188847541809082
-8.201820373535156
-8.191368103027344
-8.195192337036133
-8.181365966796875
-8.196475982666016
-8.184845924377441
-8.185602188110352
-8.202194213867188
-8.175413131713867
-8.20240592956543
-8.20012378692627
-8.201752662658691
-8.163609504699707
-8.161884307861328
-8.180976867675781
-8.135339736938477
-8.180706977844238
-8.172586441040039
-8.193406105041504
-8.211541175842285
-8.187134742736816
-8.173137664794922
-8.197400093078613
-8.186969757080078
-8.174967765808105
-8.178266525268555
-8.20638370513916
-8.193933486938477
-8.186444282531738
-8.198328018188477
-8.198936462402344
-8.186838150024414
-8.212664604187012
-8.16981315612793
-8.192218780517578
-8.204428672790527
-8.20444393157959
-8.177083015441895
-8.193861961364746
-8.203166007995605
-8.18696403503418
-8.178922653198242
-8.201449394226074
-8.18525505065918
-8.192645072937012
-8.184422492980957
-8.2137451171875
-8.187312126159668
-8.20779037475586
-8.194631576538086
-8.20345687866211
-8.203512191772461
-8.217852592468262
-8.198151588439941
-8.186395645141602
-8.16127872467041
-8.174036026000977
-8.199217796325684
-8.191596984863281
-8.187261581420898
-8.139166831970215
-8.198562622070312
-8.155806541442871
-8.144333839416504
-8.187691688537598
-8.1702299118042
-8.160250663757324
-8.195496559143066
-8.192828178405762
-8.187494277954102
-8.176498413085938
-8.200312614440918
-8.199210166931152
-8.193490982055664
-8.171313285827637
-8.19243049621582
-8.209550857543945
-8.165409088134766
