loss_b
-2.1132588386535645
-2.1136696338653564
-2.1137757301330566
-2.1142985820770264
-2.1145617961883545
-2.1144540309906006
-2.1146962642669678
-2.1147944927215576
-2.1152305603027344
-2.1155147552490234
-2.1158363819122314
-2.116231918334961
-2.1171932220458984
-2.116860866546631
-2.1179962158203125
-2.118933916091919
-2.1193394660949707
-2.1197762489318848
-2.1207950115203857
-2.121990442276001
-2.123551845550537
-2.1244523525238037
-2.1267378330230713
-2.1281490325927734
-2.1291074752807617
-2.130849599838257
-2.135019540786743
-2.1339545249938965
-2.140115976333618
-2.1390883922576904
-2.1409525871276855
-2.14937686920166
-2.1492350101470947
-2.1502861976623535
-2.163022994995117
-2.171055316925049
-2.175698757171631
-2.1886870861053467
-2.1930432319641113
-2.2038958072662354
-2.2081105709075928
-2.2157342433929443
-2.230541944503784
-2.2536373138427734
-2.253633737564087
-2.2756636142730713
-2.2842729091644287
-2.318253993988037
-2.3209831714630127
-2.3681986331939697
-2.3876986503601074
-2.4443483352661133
-2.4565675258636475
-2.4787957668304443
-2.514660596847534
-2.5454349517822266
-2.6542305946350098
-2.6463584899902344
-2.719552755355835
-2.788849353790283
-2.8522143363952637
-3.0245816707611084
-3.051481246948242
-3.2031304836273193
-3.3125057220458984
-3.5663950443267822
-3.6326863765716553
-4.084112167358398
-4.203332901000977
-4.181095123291016
-4.62160062789917
-4.8928303718566895
-4.852282524108887
-4.670703887939453
-4.543989181518555
-4.599421977996826
-4.617903232574463
-4.804595470428467
-4.948146343231201
-5.14862585067749
-5.265288829803467
-5.206334114074707
-5.063247203826904
-5.475019931793213
-5.451383590698242
-5.119576930999756
-5.46707010269165
-5.355550289154053
-5.544862747192383
-5.762729167938232
-5.864614009857178
-5.796655654907227
-5.931086540222168
-5.973869323730469
-5.964080333709717
-6.028985023498535
-5.922403812408447
-6.085278511047363
-6.269265651702881
-6.225964069366455
-6.313196182250977
-6.340407848358154
-6.337298393249512
-6.2723388671875
-6.407273292541504
-6.423125743865967
-6.405975818634033
-6.512149810791016
-6.539720058441162
-6.553482532501221
-6.605161190032959
-6.6086039543151855
-6.623286247253418
-6.693779468536377
-6.678549289703369
-6.718567371368408
-6.710747718811035
-6.6758222579956055
-6.693434715270996
-6.777529716491699
-6.810354709625244
-6.855729579925537
-6.845975875854492
-6.871468544006348
-6.87346887588501
-6.938632011413574
-6.876966953277588
-6.906220436096191
-6.963611125946045
-7.011236667633057
-6.991424083709717
-7.004048824310303
-6.980396270751953
-7.057913780212402
-6.991987705230713
-7.143913745880127
-7.00038480758667
-7.044483661651611
-7.158237934112549
-7.112713813781738
-7.125643730163574
-7.182340145111084
-7.120833873748779
-7.175610065460205
-7.160733699798584
-7.184604167938232
-7.162444114685059
-7.233593940734863
-7.260543346405029
-7.251260280609131
-7.283096790313721
-7.271528244018555
-7.291629791259766
-7.334825038909912
-7.398143291473389
-7.36451530456543
-7.360475540161133
-7.389884948730469
-7.350532054901123
-7.375614166259766
-7.427187919616699
-7.499520301818848
-7.4740166664123535
-7.53883171081543
-7.54922342300415
-7.443426609039307
-7.560660362243652
-7.579938888549805
-7.615670680999756
-7.583268642425537
-7.638199806213379
-7.638487815856934
-7.676788330078125
-7.692228317260742
-7.6860480308532715
-7.710865497589111
-7.733585357666016
-7.733253002166748
-7.721018314361572
-7.774863243103027
-7.763062000274658
-7.749082088470459
-7.8296799659729
-7.798489093780518
-7.899781703948975
-7.812600612640381
-7.859172344207764
-7.9203200340271
-7.967025279998779
-7.933810710906982
-7.976492881774902
-7.95025110244751
-7.96196174621582
-8.021106719970703
-8.042707443237305
-8.11096477508545
-8.069214820861816
-8.138679504394531
-8.177030563354492
-8.10128116607666
-8.192037582397461
-8.210738182067871
-8.151235580444336
-8.200663566589355
-8.129972457885742
-8.219404220581055
-8.267118453979492
-8.29299259185791
-8.313241004943848
-8.265591621398926
-8.324223518371582
-8.33655071258545
-8.329546928405762
-8.372663497924805
-8.322660446166992
-8.369391441345215
-8.336322784423828
-8.415873527526855
-8.370513916015625
-8.43028450012207
-8.496508598327637
-8.435667991638184
-8.46696949005127
-8.479880332946777
-8.464646339416504
-8.488239288330078
-8.508499145507812
-8.484673500061035
-8.49091911315918
-8.52871036529541
-8.582464218139648
-8.538783073425293
-8.597098350524902
-8.55400562286377
-8.545858383178711
-8.613785743713379
-8.629167556762695
-8.625242233276367
-8.650084495544434
-8.696015357971191
-8.625545501708984
-8.656475067138672
-8.696331977844238
-8.700357437133789
-8.664383888244629
-8.723254203796387
-8.708290100097656
-8.697853088378906
-8.658921241760254
-8.740533828735352
-8.725883483886719
-8.764296531677246
-8.777684211730957
-8.808903694152832
-8.815339088439941
-8.815982818603516
-8.797401428222656
-8.829205513000488
-8.7774019241333
-8.77865219116211
-8.85219669342041
-8.81694221496582
-8.782008171081543
-8.851153373718262
-8.900897979736328
-8.851551055908203
-8.911048889160156
-8.856611251831055
-8.89953327178955
-8.911067962646484
-8.889883995056152
-8.870684623718262
-8.909235954284668
-8.931023597717285
-8.862969398498535
-8.867622375488281
-8.963067054748535
-8.831419944763184
-8.961445808410645
-8.934268951416016
-8.91008186340332
-8.965484619140625
-8.934157371520996
-9.013671875
-9.008484840393066
-8.991633415222168
-8.996081352233887
-9.023454666137695
-9.028336524963379
-9.03968334197998
-9.033472061157227
-9.047829627990723
-9.063909530639648
-9.064329147338867
-9.076728820800781
-9.053438186645508
-9.079642295837402
-9.097173690795898
-9.089537620544434
-9.078064918518066
-9.109138488769531
-9.139062881469727
-9.085969924926758
-9.112088203430176
-9.133237838745117
-9.10466480255127
-9.119827270507812
-9.140377044677734
-9.13963794708252
-9.15756607055664
-9.151446342468262
-9.16749382019043
-9.193737983703613
-9.16614055633545
-9.139012336730957
-9.204533576965332
-9.153609275817871
-9.123369216918945
-9.17037582397461
-9.176992416381836
-9.097474098205566
-9.133465766906738
-9.21093463897705
-9.150066375732422
-9.080021858215332
-9.229737281799316
-9.181314468383789
-9.19765567779541
-9.24423885345459
-9.21514892578125
-9.251627922058105
-9.208547592163086
-9.213602066040039
-9.237268447875977
-9.193833351135254
-9.195469856262207
-9.229263305664062
-9.236151695251465
-9.202113151550293
-9.249215126037598
-9.240720748901367
-9.223941802978516
-9.275753021240234
-9.240218162536621
-9.248062133789062
-9.255090713500977
-9.26959228515625
-9.268802642822266
-9.266717910766602
-9.286859512329102
-9.273798942565918
-9.290596008300781
-9.241555213928223
-9.268555641174316
-9.268765449523926
-9.29055404663086
-9.295680046081543
-9.308135986328125
-9.317112922668457
-9.301939964294434
-9.321792602539062
-9.313681602478027
-9.310482025146484
-9.275862693786621
-9.33154296875
-9.321407318115234
-9.273299217224121
-9.271109580993652
-9.320446968078613
-9.291265487670898
-9.266409873962402
-9.330038070678711
-9.331084251403809
-9.295492172241211
-9.31083869934082
-9.369239807128906
-9.34689998626709
-9.33635139465332
-9.37154769897461
-9.364204406738281
-9.365396499633789
-9.354199409484863
-9.356554985046387
-9.368242263793945
-9.381251335144043
-9.380938529968262
-9.403841972351074
-9.372171401977539
-9.367365837097168
-9.331311225891113
-9.333037376403809
-9.354302406311035
-9.391836166381836
-9.378464698791504
-9.34475326538086
-9.386275291442871
-9.402286529541016
-9.374805450439453
-9.374894142150879
-9.358892440795898
-9.410799980163574
-9.389647483825684
-9.361957550048828
-9.403366088867188
-9.319452285766602
-9.258879661560059
-9.436771392822266
-9.335007667541504
-9.370072364807129
-9.404739379882812
-9.33821964263916
-9.406847953796387
-9.383047103881836
-9.382084846496582
-9.430158615112305
-9.412610054016113
-9.43215274810791
-9.417786598205566
-9.448174476623535
-9.380763053894043
-9.441422462463379
-9.432225227355957
-9.352834701538086
-9.445537567138672
-9.421807289123535
-9.428340911865234
-9.465188980102539
-9.39327621459961
-9.425363540649414
-9.461463928222656
-9.43939208984375
-9.466489791870117
-9.46723747253418
-9.34576416015625
-9.453802108764648
-9.454490661621094
-9.385748863220215
-9.463590621948242
-9.450843811035156
-9.374212265014648
-9.45825481414795
-9.429191589355469
-9.395427703857422
-9.484993934631348
-9.395745277404785
-9.43652629852295
-9.486724853515625
-9.437569618225098
-9.48054027557373
-9.474956512451172
-9.456419944763184
-9.499319076538086
-9.469873428344727
-9.466377258300781
-9.488866806030273
-9.480513572692871
-9.486120223999023
-9.48624038696289
-9.511161804199219
-9.500941276550293
-9.496994018554688
-9.515810012817383
-9.51467514038086
-9.517602920532227
-9.514310836791992
-9.526651382446289
-9.527497291564941
-9.519902229309082
-9.519046783447266
-9.553879737854004
-9.542458534240723
-9.541833877563477
-9.527254104614258
-9.528362274169922
-9.530198097229004
-9.540019989013672
-9.475995063781738
-9.466558456420898
-9.556068420410156
-9.46496868133545
-9.50659465789795
-9.527965545654297
-9.501994132995605
-9.55947208404541
-9.51728630065918
-9.536850929260254
-9.560153007507324
-9.530792236328125
-9.536022186279297
-9.577256202697754
-9.584768295288086
-9.55964183807373
-9.570083618164062
-9.570849418640137
-9.53377914428711
-9.586755752563477
-9.556601524353027
-9.556376457214355
-9.599532127380371
-9.554784774780273
-9.553196907043457
-9.557531356811523
-9.558672904968262
-9.543586730957031
-9.594911575317383
-9.555310249328613
-9.549270629882812
-9.59130859375
-9.512056350708008
-9.546218872070312
-9.571419715881348
-9.529989242553711
-9.521446228027344
-9.609435081481934
-9.425848960876465
-9.548795700073242
-9.588905334472656
-9.52420711517334
-9.509653091430664
-9.597082138061523
-9.542346000671387
-9.493597030639648
-9.610007286071777
-9.564970970153809
-9.503644943237305
-9.587722778320312
-9.577028274536133
-9.546942710876465
-9.573738098144531
-9.616544723510742
-9.626105308532715
-9.549920082092285
-9.606180191040039
-9.596903800964355
-9.562113761901855
-9.606560707092285
-9.608158111572266
-9.63056468963623
-9.658977508544922
-9.601829528808594
-9.647991180419922
-9.599064826965332
-9.59406852722168
-9.64631462097168
-9.630799293518066
-9.575655937194824
-9.62399673461914
-9.599835395812988
-9.584197044372559
-9.59676456451416
-9.660914421081543
-9.619621276855469
-9.608378410339355
-9.63262939453125
-9.58267593383789
-9.631062507629395
-9.61642074584961
-9.645933151245117
-9.604591369628906
-9.635059356689453
-9.634809494018555
-9.59792709350586
-9.615055084228516
-9.637845993041992
-9.63519287109375
-9.61495590209961
-9.626030921936035
-9.670602798461914
-9.641529083251953
-9.646707534790039
-9.647644996643066
-9.650910377502441
-9.649198532104492
-9.649758338928223
-9.637350082397461
-9.61678695678711
-9.598102569580078
-9.658217430114746
-9.639813423156738
-9.527356147766113
-9.597918510437012
-9.659708976745605
-9.555895805358887
-9.6123046875
-9.629613876342773
-9.587034225463867
-9.607451438903809
-9.642159461975098
-9.606058120727539
-9.661734580993652
-9.656234741210938
-9.603872299194336
-9.661394119262695
-9.64267349243164
-9.637918472290039
-9.692866325378418
-9.689743041992188
-9.653947830200195
-9.64206314086914
-9.670257568359375
-9.671317100524902
-9.691118240356445
-9.682323455810547
-9.664961814880371
-9.66427993774414
-9.668068885803223
-9.674607276916504
-9.674531936645508
-9.648062705993652
-9.679033279418945
-9.65739631652832
-9.68390941619873
-9.690987586975098
-9.643045425415039
-9.662145614624023
-9.679848670959473
-9.662605285644531
-9.681356430053711
-9.674747467041016
-9.687763214111328
-9.700401306152344
-9.670511245727539
-9.662732124328613
-9.700772285461426
-9.676060676574707
-9.685930252075195
-9.648653984069824
-9.647359848022461
-9.676603317260742
-9.655163764953613
-9.650409698486328
-9.688033103942871
-9.67762279510498
-9.648775100708008
-9.677924156188965
-9.688220977783203
-9.6948881149292
-9.66718578338623
-9.6864652633667
-9.695210456848145
-9.69681453704834
-9.656094551086426
-9.666189193725586
-9.700906753540039
-9.691793441772461
-9.660188674926758
-9.676965713500977
-9.70607852935791
-9.667993545532227
-9.651378631591797
-9.707377433776855
-9.713342666625977
-9.666243553161621
-9.624926567077637
-9.711198806762695
-9.695416450500488
-9.690108299255371
-9.689085006713867
-9.705606460571289
-9.673583030700684
-9.685582160949707
-9.717914581298828
-9.701796531677246
-9.641369819641113
-9.678736686706543
-9.70354175567627
-9.698183059692383
-9.67635440826416
-9.71297550201416
-9.7129487991333
-9.712552070617676
-9.711079597473145
-9.732245445251465
-9.708635330200195
-9.723782539367676
-9.713151931762695
-9.715937614440918
-9.722124099731445
-9.697805404663086
-9.683226585388184
-9.678979873657227
-9.735018730163574
-9.727641105651855
-9.72127914428711
-9.715869903564453
-9.688095092773438
-9.723862648010254
-9.682326316833496
-9.709592819213867
-9.73543643951416
-9.715639114379883
-9.667659759521484
-9.706645011901855
-9.720329284667969
-9.658808708190918
-9.650885581970215
-9.719361305236816
-9.737737655639648
-9.669228553771973
-9.715948104858398
-9.71295166015625
-9.619641304016113
-9.695438385009766
-9.704657554626465
-9.630537986755371
-9.710803031921387
-9.740191459655762
-9.705883979797363
-9.702457427978516
-9.725849151611328
-9.75715160369873
-9.710618019104004
-9.704699516296387
-9.731130599975586
-9.686870574951172
-9.734413146972656
-9.756346702575684
-9.726997375488281
-9.701196670532227
-9.760088920593262
-9.721097946166992
-9.689574241638184
-9.736090660095215
-9.764684677124023
-9.699491500854492
-9.71624755859375
-9.747315406799316
-9.70248031616211
-9.733813285827637
-9.737911224365234
-9.71406078338623
-9.727286338806152
-9.76073932647705
-9.698861122131348
-9.696683883666992
-9.724859237670898
-9.756462097167969
-9.691263198852539
-9.720789909362793
-9.773759841918945
-9.715126037597656
-9.766258239746094
-9.759509086608887
-9.719422340393066
-9.753718376159668
-9.687166213989258
-9.725675582885742
-9.752326965332031
-9.759069442749023
-9.739974021911621
-9.763699531555176
-9.719792366027832
-9.769821166992188
-9.75851058959961
-9.738798141479492
-9.744159698486328
-9.743189811706543
-9.672041893005371
-9.741022109985352
-9.789067268371582
-9.71115493774414
-9.748744010925293
-9.78677749633789
-9.745986938476562
-9.726367950439453
-9.778402328491211
-9.781136512756348
-9.770216941833496
-9.769513130187988
-9.781437873840332
-9.779038429260254
-9.767037391662598
-9.767848014831543
-9.80565071105957
-9.759099006652832
-9.721345901489258
-9.764947891235352
-9.780738830566406
-9.759345054626465
-9.77441692352295
-9.778820991516113
-9.789691925048828
-9.77840805053711
-9.784453392028809
-9.785601615905762
-9.781420707702637
-9.783223152160645
-9.785330772399902
-9.779104232788086
-9.802887916564941
-9.784971237182617
-9.789289474487305
-9.797501564025879
-9.766250610351562
-9.79245376586914
-9.79495906829834
-9.785833358764648
-9.810224533081055
-9.784046173095703
-9.79788875579834
-9.770490646362305
-9.764237403869629
-9.67350959777832
-9.744787216186523
-9.788961410522461
-9.770172119140625
-9.728662490844727
-9.74808406829834
-9.794658660888672
-9.76246166229248
-9.725132942199707
-9.810763359069824
-9.76307201385498
-9.763151168823242
-9.77800178527832
-9.778799057006836
-9.76623249053955
-9.794122695922852
-9.77565860748291
-9.810527801513672
-9.812088966369629
-9.805768966674805
-9.791895866394043
-9.814327239990234
-9.786674499511719
-9.793331146240234
-9.818787574768066
-9.828232765197754
-9.775352478027344
-9.787455558776855
-9.803640365600586
-9.766755104064941
-9.781452178955078
-9.795446395874023
-9.803589820861816
-9.81049919128418
-9.818552017211914
-9.766705513000488
-9.800395011901855
-9.776646614074707
-9.77972412109375
-9.793597221374512
-9.779468536376953
-9.772665023803711
-9.781634330749512
-9.834692001342773
-9.81845474243164
-9.80839729309082
-9.813474655151367
-9.813834190368652
-9.815505981445312
-9.78763484954834
-9.773998260498047
-9.804597854614258
-9.821590423583984
-9.815101623535156
-9.820846557617188
-9.823270797729492
-9.805525779724121
-9.822844505310059
-9.812508583068848
-9.817524909973145
-9.80750846862793
-9.82454776763916
-9.847835540771484
-9.806896209716797
-9.802140235900879
-9.819893836975098
-9.865752220153809
-9.811310768127441
-9.834733963012695
-9.835631370544434
-9.853952407836914
-9.816269874572754
-9.785082817077637
-9.817598342895508
-9.83935832977295
-9.814581871032715
-9.749847412109375
-9.766111373901367
-9.828492164611816
-9.817707061767578
-9.766504287719727
-9.796360969543457
-9.838672637939453
-9.816974639892578
-9.781702041625977
-9.834182739257812
-9.823554992675781
-9.854161262512207
-9.844012260437012
-9.817522048950195
-9.824960708618164
-9.827909469604492
-9.761771202087402
-9.773308753967285
-9.806934356689453
-9.868709564208984
-9.805646896362305
-9.793683052062988
-9.793910026550293
-9.796310424804688
-9.822413444519043
-9.848897933959961
-9.854900360107422
-9.851757049560547
-9.83244800567627
-9.81834602355957
-9.845488548278809
-9.836134910583496
-9.828974723815918
-9.851560592651367
-9.83692455291748
-9.752593994140625
-9.787367820739746
-9.864459037780762
-9.851425170898438
-9.835257530212402
-9.833224296569824
-9.852776527404785
-9.81285285949707
-9.834267616271973
-9.83927059173584
-9.844012260437012
-9.74742317199707
-9.759112358093262
-9.803133010864258
-9.855204582214355
-9.819683074951172
-9.827208518981934
-9.829586029052734
-9.83648681640625
-9.831427574157715
-9.821446418762207
-9.829920768737793
-9.85904312133789
-9.867317199707031
-9.816614151000977
-9.796422958374023
-9.89022159576416
-9.82335376739502
-9.738447189331055
-9.806737899780273
-9.8424654006958
-9.722095489501953
-9.810759544372559
-9.846773147583008
-9.84251880645752
-9.726208686828613
-9.801189422607422
-9.838587760925293
-9.821059226989746
-9.770636558532715
-9.8107328414917
-9.863247871398926
-9.837076187133789
-9.783430099487305
-9.825664520263672
-9.852598190307617
-9.800390243530273
-9.819408416748047
-9.871999740600586
-9.784428596496582
-9.77078914642334
-9.85513973236084
-9.773319244384766
-9.775938034057617
-9.864242553710938
-9.805776596069336
-9.74097728729248
-9.870309829711914
-9.814579963684082
-9.784292221069336
-9.825698852539062
-9.851081848144531
-9.773463249206543
-9.842004776000977
-9.861504554748535
-9.797096252441406
-9.741240501403809
-9.859273910522461
-9.75139045715332
-9.740487098693848
-9.872201919555664
-9.72262191772461
-9.80451774597168
-9.858940124511719
-9.744756698608398
-9.7288236618042
-9.874357223510742
-9.824468612670898
-9.78225326538086
-9.869806289672852
-9.708337783813477
-9.7523832321167
-9.857696533203125
-9.748879432678223
-9.790512084960938
-9.872856140136719
-9.866992950439453
-9.876506805419922
-9.893510818481445
-9.881771087646484
-9.88692569732666
-9.878799438476562
-9.858717918395996
-9.86968994140625
-9.857470512390137
-9.905296325683594
-9.8840970993042
-9.849825859069824
-9.892345428466797
-9.888594627380371
-9.882144927978516
-9.89443588256836
-9.861462593078613
-9.883049011230469
-9.882392883300781
-9.87947940826416
-9.902246475219727
-9.890170097351074
-9.814127922058105
-9.85859203338623
-9.88027572631836
-9.80167293548584
-9.854740142822266
-9.898974418640137
-9.87708568572998
-9.826578140258789
-9.857248306274414
-9.88050365447998
-9.845988273620605
-9.852178573608398
-9.895096778869629
-9.867432594299316
-9.870495796203613
-9.876073837280273
-9.870867729187012
-9.900886535644531
-9.850523948669434
-9.871574401855469
-9.879100799560547
-9.87936782836914
-9.878448486328125
-9.859665870666504
-9.868109703063965
-9.893688201904297
-9.881525039672852
-9.889097213745117
-9.904243469238281
-9.890389442443848
-9.888036727905273
-9.880181312561035
-9.906855583190918
-9.914849281311035
-9.904945373535156
-9.872899055480957
-9.90968132019043
-9.892047882080078
-9.872855186462402
-9.897214889526367
-9.911149024963379
-9.896079063415527
-9.905954360961914
-9.90025806427002
-9.898978233337402
-9.870035171508789
-9.876460075378418
-9.899710655212402
-9.881026268005371
-9.873804092407227
-9.899251937866211
-9.920793533325195
-9.878692626953125
-9.87224006652832
-9.876023292541504
-9.92257022857666
-9.902292251586914
-9.854179382324219
-9.870356559753418
-9.90606689453125
-9.898866653442383
-9.803332328796387
-9.864755630493164
-9.865788459777832
-9.923294067382812
-9.902499198913574
-9.903487205505371
-9.904749870300293
-9.908247947692871
-9.890037536621094
-9.91043472290039
-9.91409969329834
-9.923667907714844
-9.907811164855957
-9.917723655700684
-9.91304874420166
-9.91883659362793
-9.90929126739502
-9.91168212890625
-9.869148254394531
-9.875038146972656
-9.907342910766602
-9.823541641235352
-9.875802040100098
-9.921246528625488
-9.901330947875977
-9.883359909057617
-9.898733139038086
-9.930095672607422
-9.873445510864258
-9.91453742980957
-9.886943817138672
-9.884249687194824
-9.887728691101074
-9.887956619262695
-9.87595272064209
-9.82522201538086
-9.905672073364258
-9.884993553161621
-9.800745010375977
-9.836633682250977
-9.94375228881836
-9.909653663635254
-9.827807426452637
-9.93399429321289
-9.861001968383789
-9.796247482299805
-9.88325023651123
-9.882610321044922
-9.790725708007812
-9.835931777954102
-9.930892944335938
-9.886396408081055
-9.846046447753906
-9.921914100646973
-9.926501274108887
-9.879944801330566
-9.868045806884766
-9.90900993347168
-9.936066627502441
-9.886154174804688
-9.925342559814453
-9.930079460144043
-9.846630096435547
-9.91102409362793
-9.917620658874512
-9.860180854797363
-9.917963027954102
-9.932263374328613
-9.861391067504883
-9.925385475158691
-9.928525924682617
-9.916035652160645
-9.887714385986328
-9.937531471252441
-9.92931842803955
-9.920814514160156
-9.940467834472656
-9.898754119873047
-9.945734024047852
-9.917389869689941
-9.926165580749512
-9.94100284576416
-9.926137924194336
-9.942939758300781
-9.922096252441406
-9.92313003540039
-9.941244125366211
-9.915635108947754
-9.915749549865723
-9.930651664733887
-9.946577072143555
-9.94748306274414
-9.93333911895752
-9.957898139953613
-9.941825866699219
-9.902036666870117
-9.853306770324707
-9.916308403015137
-9.93851089477539
-9.945351600646973
-9.912406921386719
-9.936981201171875
-9.959552764892578
-9.89214038848877
-9.88033390045166
-9.923650741577148
-9.931681632995605
-9.901691436767578
-9.94402027130127
-9.946192741394043
-9.918922424316406
-9.934618949890137
-9.967156410217285
-9.926955223083496
-9.955403327941895
-9.946145057678223
-9.933366775512695
-9.93091106414795
-9.920639991760254
-9.954330444335938
-9.934220314025879
-9.89859390258789
-9.941450119018555
-9.926362037658691
-9.866006851196289
-9.888683319091797
-9.944160461425781
-9.935993194580078
-9.925233840942383
-9.966343879699707
-9.955387115478516
-9.934784889221191
-9.94312858581543
-9.856282234191895
-9.912019729614258
-9.943344116210938
-9.800740242004395
-9.857054710388184
-9.933669090270996
-9.862608909606934
-9.938552856445312
-9.940384864807129
-9.897725105285645
-9.904304504394531
-9.950639724731445
-9.912552833557129
-9.919241905212402
-9.949106216430664
-9.774229049682617
-9.908753395080566
-9.961140632629395
-9.790461540222168
-9.903349876403809
-9.9351224899292
-9.82089614868164
-9.933444023132324
-9.931473731994629
-9.827520370483398
-9.915840148925781
-9.957018852233887
-9.917498588562012
-9.940929412841797
-9.980425834655762
-9.947789192199707
-9.96503734588623
-9.970254898071289
-9.968037605285645
-9.955304145812988
-9.965486526489258
-9.95368766784668
-9.93372631072998
-9.97134017944336
-9.996251106262207
-9.974637031555176
-9.955716133117676
-9.931228637695312
-9.918866157531738
-9.9574556350708
-9.951169967651367
-9.936912536621094
-9.958340644836426
-9.972505569458008
-9.963647842407227
-9.962966918945312
-9.957269668579102
-9.94671630859375
-9.963932991027832
-9.9699125289917
-9.95889663696289
-9.965320587158203
-9.96157455444336
-9.936797142028809
-9.919055938720703
-9.96494197845459
-9.91759204864502
-9.913503646850586
-9.987600326538086
-9.954172134399414
-9.921881675720215
-9.974191665649414
-9.986176490783691
-9.979055404663086
-9.977229118347168
-9.970745086669922
-9.951929092407227
-9.934268951416016
-9.960254669189453
-9.966533660888672
-9.948625564575195
-9.946334838867188
-9.987089157104492
-9.930822372436523
-9.893651008605957
-9.932477951049805
-9.989354133605957
-9.910295486450195
-9.889324188232422
-9.987019538879395
-9.96808910369873
-9.894495964050293
-9.98421573638916
-9.976508140563965
-9.989740371704102
-9.984940528869629
-9.983233451843262
-9.985130310058594
-9.957433700561523
-10.00124454498291
-9.985103607177734
-9.962448120117188
-9.933002471923828
-9.95838451385498
-9.991830825805664
-9.920713424682617
-9.966983795166016
-9.974954605102539
-9.99055004119873
-9.998522758483887
-9.992267608642578
-9.984993934631348
-9.981005668640137
-9.986190795898438
-9.99606990814209
-9.982234001159668
-9.986902236938477
-9.984694480895996
-9.995848655700684
-10.008064270019531
-10.020745277404785
-10.011856079101562
-10.001699447631836
-9.9696683883667
-9.973339080810547
-9.983652114868164
-9.965997695922852
-9.95327377319336
-9.953229904174805
-9.981729507446289
-10.008251190185547
-10.013427734375
-9.98799991607666
-9.974601745605469
-9.990667343139648
-10.005349159240723
-10.003687858581543
-10.012311935424805
-9.973889350891113
-10.022719383239746
-10.015606880187988
-10.0008544921875
-9.999707221984863
-9.99708080291748
-10.028881072998047
-10.015152931213379
-10.022568702697754
-10.019740104675293
-10.009178161621094
-9.99710464477539
-9.989151000976562
-10.01760196685791
-10.01364517211914
-10.036867141723633
-10.00925350189209
-10.023568153381348
-9.994193077087402
-9.999258041381836
-9.997722625732422
-9.993362426757812
-9.988017082214355
-9.990409851074219
-10.005147933959961
-9.851971626281738
-9.884881019592285
-10.007885932922363
-9.940360069274902
-9.858415603637695
-10.006158828735352
-9.984430313110352
-9.892972946166992
-9.906688690185547
-10.017131805419922
-9.991397857666016
-9.882737159729004
-9.987394332885742
-10.001607894897461
-9.931360244750977
-9.904845237731934
-10.012890815734863
-9.982629776000977
-9.917558670043945
-9.968985557556152
-10.02023983001709
-9.99968433380127
-9.892847061157227
-9.933732032775879
-10.01505184173584
-9.986713409423828
-9.958545684814453
-9.976593971252441
-10.020977973937988
-9.981005668640137
-9.934279441833496
-9.999154090881348
-9.99644947052002
-10.025299072265625
-9.986726760864258
-10.025178909301758
-10.01209545135498
-9.972881317138672
-10.01257038116455
-10.030763626098633
-9.993644714355469
-9.964286804199219
-10.035646438598633
-10.015876770019531
-9.987344741821289
-9.968948364257812
-10.021475791931152
-10.004480361938477
-9.998907089233398
-9.985332489013672
-10.032618522644043
-9.99801254272461
-10.011467933654785
-10.024236679077148
-10.019601821899414
-9.978145599365234
-9.944989204406738
-9.987525939941406
-10.049818992614746
-10.008428573608398
-9.971410751342773
-10.026808738708496
-10.005791664123535
-9.892866134643555
-9.959300994873047
-10.034920692443848
-10.006683349609375
-10.00157356262207
-10.027647018432617
-10.0507173538208
-10.019036293029785
-10.001753807067871
-10.019512176513672
-10.03255844116211
-10.041489601135254
-10.025609016418457
-9.995031356811523
-9.92581844329834
-10.002788543701172
-10.0073823928833
-10.023422241210938
-10.02952766418457
-10.036093711853027
-10.03414535522461
-10.030243873596191
-9.998868942260742
-10.033178329467773
-9.964482307434082
-9.939813613891602
-10.045500755310059
-10.029621124267578
-9.970892906188965
-10.008460998535156
-10.047621726989746
-10.025786399841309
-9.917943000793457
-9.980972290039062
-10.03604793548584
-10.031779289245605
-9.9788236618042
-9.969749450683594
-10.054394721984863
-10.051480293273926
-10.046781539916992
-10.05090045928955
-10.039860725402832
-10.029446601867676
-10.044350624084473
-10.051362991333008
-10.051237106323242
-10.034773826599121
-10.019808769226074
-10.023611068725586
-10.023014068603516
-10.049968719482422
-10.006858825683594
-9.93504810333252
-9.983305931091309
-10.041891098022461
-10.026973724365234
-10.045180320739746
-10.003578186035156
-9.955577850341797
-10.026507377624512
-10.053022384643555
-10.05174732208252
-10.01472282409668
-10.004853248596191
-10.042885780334473
-10.03707218170166
-10.044742584228516
-10.029935836791992
-9.983366966247559
-10.042054176330566
-10.066422462463379
-10.032735824584961
-10.009230613708496
-10.002711296081543
-10.02757740020752
-10.046198844909668
-10.022445678710938
-9.920013427734375
-9.982336044311523
-10.050756454467773
-10.001921653747559
-9.956162452697754
-9.995391845703125
-10.048396110534668
-10.042545318603516
-10.033929824829102
-10.051652908325195
-10.047321319580078
-10.06278133392334
-10.051240921020508
-10.04781723022461
-10.03687858581543
-10.052351951599121
-10.022701263427734
-9.999332427978516
-9.98952865600586
-10.025053024291992
-10.063406944274902
-10.04396915435791
-10.003693580627441
-10.011368751525879
-10.039214134216309
-10.032195091247559
-10.021421432495117
-10.018644332885742
-10.011594772338867
-10.013922691345215
-10.036574363708496
-10.049430847167969
-10.028347969055176
-10.029597282409668
-10.054604530334473
-10.069711685180664
-10.050293922424316
-10.08294677734375
-10.084405899047852
-10.053146362304688
-10.051926612854004
-10.063591957092285
-10.066717147827148
-10.07522201538086
-10.035465240478516
-10.017778396606445
-9.967212677001953
-10.014482498168945
-10.069110870361328
-10.034358024597168
-9.922012329101562
-9.929051399230957
-10.011883735656738
-10.055367469787598
-9.993642807006836
-9.972372055053711
-10.0607328414917
-9.972837448120117
-9.937807083129883
-10.041903495788574
-10.081999778747559
-10.01202392578125
-10.006083488464355
-10.016792297363281
-10.053048133850098
-9.951000213623047
-9.930497169494629
-9.99567985534668
-10.057426452636719
-9.931187629699707
-9.908709526062012
-10.050954818725586
-9.895706176757812
-9.878274917602539
-10.041461944580078
-9.921004295349121
-9.949234962463379
-10.070326805114746
-9.98473834991455
-9.94393539428711
-10.045635223388672
-9.932697296142578
-9.88654899597168
-10.053693771362305
-9.8709135055542
-9.906906127929688
-10.073236465454102
-9.912230491638184
-10.001407623291016
-10.059040069580078
-9.928067207336426
-9.991426467895508
-10.010614395141602
-9.787069320678711
-10.001846313476562
-10.057100296020508
-9.895671844482422
-10.002654075622559
-10.01951789855957
-9.792366981506348
-10.0165376663208
-10.040544509887695
-9.991543769836426
-10.01992130279541
-10.053908348083496
-10.032379150390625
-10.056849479675293
-10.069820404052734
-10.045136451721191
-10.058818817138672
-10.036677360534668
-10.009955406188965
-9.99866008758545
-10.091079711914062
-10.021259307861328
-9.98357105255127
-10.043334007263184
-10.082840919494629
-10.011778831481934
-10.000736236572266
-10.062416076660156
-10.048547744750977
-10.034260749816895
-10.039602279663086
-10.071913719177246
-10.075626373291016
-10.029356002807617
-10.025059700012207
-10.079923629760742
-10.06192684173584
-10.006312370300293
-10.030553817749023
-10.059202194213867
-10.066373825073242
-10.04942798614502
-10.079920768737793
-10.07855224609375
-10.085636138916016
-10.093400001525879
-10.083885192871094
-10.077000617980957
-10.093689918518066
-10.077567100524902
-10.088787078857422
-10.054861068725586
-10.056707382202148
-10.09609603881836
-10.096596717834473
-10.034893035888672
-10.088831901550293
-10.090238571166992
-10.051441192626953
-10.091120719909668
-10.077752113342285
-10.008594512939453
-9.912938117980957
-9.968791961669922
-10.060169219970703
-10.078134536743164
-10.026371955871582
-10.048746109008789
-10.058998107910156
-10.04921817779541
-10.00973129272461
-10.070849418640137
-10.05589771270752
-10.019375801086426
-10.070637702941895
-10.078354835510254
-10.068572044372559
-10.068791389465332
-10.087987899780273
-10.068212509155273
-10.092659950256348
-10.07379150390625
-10.083184242248535
-10.097420692443848
-10.094366073608398
-10.075262069702148
-10.073412895202637
-10.063496589660645
-10.063486099243164
-10.023832321166992
-10.013139724731445
-10.083511352539062
-10.090005874633789
-10.051122665405273
-10.026832580566406
-10.061100959777832
-10.092464447021484
-10.064066886901855
-10.037525177001953
-10.100486755371094
-10.071380615234375
-10.012556076049805
-10.023592948913574
-10.078302383422852
-10.0877103805542
-9.938315391540527
-10.002700805664062
-10.096405029296875
-10.02615737915039
-9.964652061462402
-10.06466007232666
-10.045418739318848
-10.024911880493164
-10.065139770507812
-10.08505916595459
-10.086796760559082
-10.087424278259277
-10.102143287658691
-10.088611602783203
-10.10546588897705
-10.092421531677246
-10.069313049316406
-10.10291862487793
-10.076634407043457
-10.045306205749512
-10.091696739196777
-10.113190650939941
-10.025557518005371
-9.925050735473633
-10.066187858581543
-10.081323623657227
-10.034111022949219
-10.042661666870117
-10.051639556884766
-10.080496788024902
-10.044944763183594
-9.92153263092041
-10.049739837646484
-10.1255521774292
-10.030391693115234
-10.01813793182373
-10.089210510253906
-10.065682411193848
-10.009078025817871
-10.075281143188477
-10.10538387298584
-10.085975646972656
-9.975176811218262
-9.937552452087402
-10.052620887756348
-10.077133178710938
-9.964139938354492
-9.98029899597168
-10.095213890075684
-10.050187110900879
-10.08301830291748
-10.084773063659668
-10.068650245666504
-9.974443435668945
-10.044795036315918
-10.091191291809082
-9.97908878326416
-10.050272941589355
-10.028863906860352
-9.842169761657715
-10.094805717468262
-10.024765014648438
-9.991081237792969
-10.078526496887207
-10.091083526611328
-10.04197883605957
-10.052618026733398
-10.099960327148438
-10.021854400634766
-10.033413887023926
-10.073923110961914
-10.104395866394043
-10.07315444946289
-10.069320678710938
-10.103667259216309
-10.1243314743042
-10.105497360229492
-10.078666687011719
-10.109755516052246
-10.113736152648926
-10.080879211425781
-10.071639060974121
-10.027894020080566
-10.115765571594238
-10.08925724029541
-10.010690689086914
-10.092069625854492
-10.053974151611328
-10.007770538330078
-10.108922004699707
-10.028311729431152
-9.957132339477539
-10.118614196777344
-10.005038261413574
-9.921088218688965
-10.123886108398438
-10.00544261932373
-9.928391456604004
-10.093195915222168
-10.057525634765625
-10.01889705657959
-10.104649543762207
-9.997365951538086
-10.008344650268555
-10.118531227111816
-10.019074440002441
-9.923460960388184
-10.10075855255127
-10.0131254196167
-10.032198905944824
-10.12874698638916
-10.046163558959961
-10.006732940673828
-10.094612121582031
-10.075410842895508
-10.022435188293457
-10.103933334350586
-10.083353996276855
-10.056791305541992
-10.097334861755371
-10.095948219299316
-10.029040336608887
-10.024394035339355
-10.118560791015625
-10.096317291259766
-10.021055221557617
-10.052624702453613
-10.117345809936523
-10.122739791870117
-10.10174560546875
-10.083468437194824
-10.111519813537598
-10.125869750976562
-10.106661796569824
-10.09605598449707
-10.123476028442383
-10.126611709594727
-10.107933044433594
-10.076472282409668
-10.101637840270996
-10.089937210083008
-10.12800407409668
-10.133916854858398
-10.146763801574707
-10.129159927368164
-10.123648643493652
-10.105177879333496
-10.112409591674805
-10.048527717590332
-10.09583568572998
-10.137401580810547
-10.07440185546875
-10.035143852233887
-10.128918647766113
-10.120299339294434
-10.06466293334961
-10.104272842407227
-10.140576362609863
-10.114285469055176
-10.086066246032715
-10.061979293823242
-10.128946304321289
-10.122635841369629
-10.104206085205078
-10.115450859069824
-10.124902725219727
-10.118776321411133
-10.075481414794922
-10.02479362487793
-10.142678260803223
-10.047039031982422
-9.936578750610352
-10.102948188781738
-10.110673904418945
-9.973183631896973
-10.075422286987305
-10.111968040466309
-10.082501411437988
-10.03734016418457
-10.11679744720459
-10.135180473327637
-10.038196563720703
-10.001883506774902
-10.12356948852539
-10.012799263000488
-10.053425788879395
-10.138290405273438
-10.083098411560059
-9.959961891174316
-10.09794807434082
-10.12421989440918
-10.016629219055176
-10.107955932617188
-10.142127990722656
-10.073287963867188
-10.008347511291504
-10.105960845947266
-10.0601806640625
-9.99779224395752
-10.107586860656738
-10.11452579498291
-10.003477096557617
-10.122849464416504
-10.129858016967773
-10.087923049926758
-10.088293075561523
-10.127063751220703
-10.134163856506348
-10.1314115524292
-10.140612602233887
-10.143533706665039
-10.155640602111816
-10.156341552734375
-10.120827674865723
-10.119630813598633
-10.13282299041748
-10.148365020751953
-10.12244701385498
-10.113561630249023
-10.07493782043457
-10.135808944702148
-10.156848907470703
-10.107077598571777
-10.06325626373291
-10.142229080200195
-10.12060260772705
-10.08069133758545
-10.058756828308105
-10.145770072937012
-10.108413696289062
-10.13803482055664
-10.146132469177246
-10.159811973571777
-10.150725364685059
-10.149689674377441
-10.131621360778809
-10.144659042358398
-10.160844802856445
-10.112821578979492
-10.103532791137695
-10.15945053100586
-10.084819793701172
-10.03474235534668
-10.111834526062012
-10.150056838989258
-10.138136863708496
-9.979345321655273
-10.025069236755371
-10.140384674072266
-10.074592590332031
-10.053016662597656
-10.129284858703613
-10.08913803100586
-10.038561820983887
-10.16646957397461
-10.0615234375
-10.039810180664062
-10.161642074584961
-10.029385566711426
-10.001347541809082
-10.159934997558594
-10.11706829071045
-10.101611137390137
-10.15457534790039
-10.15752124786377
-10.026664733886719
-10.118760108947754
-10.161616325378418
-10.134734153747559
-10.142971992492676
-10.125405311584473
-10.141971588134766
-10.15771484375
-10.13948917388916
-10.145831108093262
-10.12600040435791
-10.090218544006348
-10.0985746383667
-10.164764404296875
-10.111957550048828
-10.073705673217773
-10.125784873962402
-10.142457008361816
-10.13332748413086
-10.11894416809082
-10.157479286193848
-10.152679443359375
-10.142723083496094
-10.147722244262695
-10.173097610473633
-10.166362762451172
-10.150564193725586
-10.15737247467041
-10.173431396484375
-10.164290428161621
-10.103041648864746
-10.134542465209961
-10.157937049865723
-10.122170448303223
-10.126029014587402
-10.162418365478516
-10.145021438598633
-10.16746711730957
-10.13321304321289
-10.113715171813965
-10.09776496887207
-10.165136337280273
-10.16852855682373
-10.097807884216309
-10.05325984954834
-10.121866226196289
-10.16075611114502
-10.150307655334473
-10.142992973327637
-10.149805068969727
-10.153037071228027
-10.15946102142334
-10.1699857711792
-10.144991874694824
-10.115633964538574
-10.143874168395996
-10.165884017944336
-10.158555030822754
-10.171216011047363
-10.172784805297852
-10.162672996520996
-10.157618522644043
-10.160826683044434
-10.148374557495117
-10.147252082824707
-10.115270614624023
-10.122492790222168
-10.176497459411621
-10.168588638305664
-10.145859718322754
-10.167012214660645
-10.185017585754395
-10.182683944702148
-10.174378395080566
-10.127809524536133
-10.112683296203613
-10.131793022155762
-10.146599769592285
-10.138448715209961
-10.043135643005371
-10.097947120666504
-10.186307907104492
-10.041482925415039
-9.96479320526123
-10.171333312988281
-9.918498039245605
-10.049764633178711
-10.12492561340332
-9.945086479187012
-10.09779167175293
-10.156306266784668
-9.941869735717773
-10.035161972045898
-10.179706573486328
-10.09945011138916
-10.057231903076172
-10.136529922485352
-10.159963607788086
-10.133173942565918
-10.157596588134766
-10.174616813659668
-10.183958053588867
-10.147917747497559
-10.174812316894531
-10.166312217712402
-10.182185173034668
-10.18087387084961
-10.17265796661377
-10.153669357299805
-10.165448188781738
-10.167217254638672
-10.183768272399902
-10.173171997070312
-10.16818618774414
-10.137799263000488
-10.174674034118652
-10.152098655700684
-10.163589477539062
-10.154940605163574
-10.188850402832031
-10.145970344543457
-10.15723991394043
-10.160181045532227
-10.155959129333496
-10.162978172302246
-10.15789794921875
-10.173151016235352
-10.181492805480957
-10.189872741699219
-10.181207656860352
-10.19265079498291
-10.16882610321045
-10.156012535095215
-10.15550708770752
-10.173690795898438
-10.163753509521484
-10.179741859436035
-10.193689346313477
-10.188218116760254
-10.170623779296875
-10.093157768249512
-10.043633460998535
-10.150419235229492
-10.175084114074707
-10.126622200012207
-10.045804023742676
-10.10321044921875
-10.179886817932129
-10.116928100585938
-10.07442569732666
-10.151397705078125
-10.198074340820312
-10.154367446899414
-10.134202003479004
-10.125118255615234
-10.190542221069336
-10.168326377868652
-10.1057710647583
-10.155613899230957
-10.18584156036377
-10.198836326599121
-10.166499137878418
-10.138812065124512
-10.121793746948242
-10.152853965759277
-10.165520668029785
-10.1776762008667
-10.20649242401123
-10.170927047729492
-10.154411315917969
-10.183128356933594
-10.170062065124512
-10.192422866821289
-10.189545631408691
-10.2077054977417
-10.202155113220215
-10.187904357910156
-10.194446563720703
-10.19452953338623
-10.160709381103516
-10.123308181762695
-10.15529727935791
-10.19670295715332
-10.190128326416016
-10.14286994934082
-10.156991004943848
-10.152423858642578
-10.18944263458252
-10.12402629852295
-9.999374389648438
-10.193668365478516
-10.151044845581055
-9.992408752441406
-10.13920783996582
-10.187983512878418
-10.10534381866455
-10.102741241455078
-10.149164199829102
-10.181632041931152
-10.188790321350098
-10.181178092956543
-10.165853500366211
-10.190038681030273
-10.139817237854004
-10.157695770263672
-10.187983512878418
-10.188270568847656
-10.198325157165527
-10.129608154296875
-10.107542991638184
-10.154566764831543
-10.186098098754883
-10.193758010864258
-10.192981719970703
-10.190133094787598
-10.207132339477539
-10.16018009185791
-10.129266738891602
-10.153985023498535
-10.198637008666992
-10.230024337768555
-10.087814331054688
-10.018284797668457
-10.174757957458496
-10.1713228225708
-10.146151542663574
-10.085456848144531
-10.093523979187012
-10.13243579864502
-10.195074081420898
-10.195575714111328
-10.184940338134766
-10.132620811462402
-10.111035346984863
-10.139748573303223
-10.184442520141602
-10.179007530212402
-10.13081169128418
-10.113816261291504
-10.180855751037598
-10.188092231750488
-10.18436050415039
-10.120015144348145
-10.127717018127441
-10.144414901733398
-10.185931205749512
-10.189403533935547
-10.114253997802734
-10.152989387512207
-10.194721221923828
-10.190016746520996
-10.14332389831543
-10.159772872924805
-10.182543754577637
-10.181168556213379
-10.207454681396484
-10.18857192993164
-10.11715316772461
-10.091971397399902
-10.195847511291504
-10.210922241210938
-10.119342803955078
-9.996906280517578
-10.182672500610352
-10.13992691040039
-10.009183883666992
-10.189505577087402
-10.086566925048828
-9.948217391967773
-10.16489315032959
-10.136151313781738
-9.935277938842773
-10.193443298339844
-10.10735034942627
-9.93299388885498
-10.152494430541992
-10.128154754638672
-9.989562034606934
-10.148210525512695
-10.143640518188477
-10.026559829711914
-10.100441932678223
-10.178848266601562
-10.135785102844238
-10.138100624084473
-10.177361488342285
-10.11722469329834
-10.152257919311523
-10.230356216430664
-10.205397605895996
-10.191319465637207
-10.166130065917969
-10.17673110961914
-10.18581485748291
-10.213171005249023
-10.136805534362793
-10.13654899597168
-10.171217918395996
-10.196447372436523
-10.1823091506958
-10.179969787597656
-10.18347454071045
-10.175914764404297
-10.144896507263184
-10.219389915466309
-10.154560089111328
-10.025182723999023
-10.164734840393066
-10.157965660095215
-10.067477226257324
-10.16075325012207
-10.200150489807129
-10.040130615234375
-10.09410285949707
-10.19206428527832
-10.214049339294434
-10.155800819396973
-10.13495922088623
-10.218576431274414
-10.186022758483887
-10.119222640991211
-10.145342826843262
-10.182069778442383
-10.21815299987793
-10.161905288696289
-10.09692096710205
-10.184829711914062
-10.20899772644043
-10.07690143585205
-10.186339378356934
-10.194546699523926
-10.083595275878906
-10.099133491516113
-10.18700122833252
-10.184357643127441
-10.088000297546387
-10.157333374023438
-10.173294067382812
-10.157085418701172
-10.144932746887207
-10.195555686950684
-10.243400573730469
-10.212905883789062
-10.152848243713379
-10.135601043701172
-10.212104797363281
-10.177042007446289
-10.136978149414062
-10.155755043029785
-10.205930709838867
-10.188031196594238
-10.159028053283691
-10.113770484924316
-10.172480583190918
-10.222232818603516
-10.190144538879395
-10.21512222290039
-10.229331970214844
-10.231330871582031
-10.184611320495605
-10.147789001464844
-10.206832885742188
-10.212027549743652
-10.18834400177002
-10.233430862426758
-10.237457275390625
-10.218050003051758
-10.19781494140625
-10.202727317810059
-10.217875480651855
-10.218101501464844
-10.197772979736328
-10.227020263671875
-10.198217391967773
-10.223237037658691
-10.163690567016602
-10.154919624328613
-10.211169242858887
-10.200267791748047
-10.159611701965332
-10.180256843566895
-10.196929931640625
-10.229241371154785
-10.216176986694336
-10.201610565185547
-10.210376739501953
-10.20589542388916
-10.131119728088379
-10.183381080627441
-10.222546577453613
-10.187424659729004
-10.150079727172852
-10.214402198791504
-10.235875129699707
-10.190374374389648
-10.11573314666748
-10.119771957397461
-10.229516983032227
-10.23537540435791
-10.227095603942871
-10.205089569091797
-10.226844787597656
-10.20644760131836
-10.165884017944336
-10.210931777954102
-10.244393348693848
-10.248098373413086
-10.24366283416748
-10.238153457641602
-10.220757484436035
-10.247864723205566
-10.180444717407227
-10.1235990524292
-10.168582916259766
-10.21109676361084
-10.149571418762207
-9.989020347595215
-10.17981243133545
-10.220373153686523
-10.102499961853027
-10.095355987548828
-10.205185890197754
-10.106428146362305
-10.107643127441406
-10.224374771118164
-9.965560913085938
-10.106732368469238
-10.23294734954834
-10.118124961853027
-10.081742286682129
-10.239487648010254
-10.146153450012207
-10.10598373413086
-10.21776294708252
-10.158504486083984
-10.020944595336914
-10.233823776245117
-10.048666000366211
-9.98045539855957
-10.211084365844727
-10.058380126953125
-10.076835632324219
-10.199557304382324
-9.963939666748047
-10.17682933807373
-10.22455883026123
-10.14295768737793
-10.132268905639648
-10.227282524108887
-10.195409774780273
-10.140270233154297
-10.216951370239258
-10.222949028015137
-10.14725399017334
-10.098095893859863
-10.212013244628906
-10.147582054138184
-10.175759315490723
-10.219183921813965
-10.182281494140625
-10.085087776184082
-10.143145561218262
-10.20457935333252
-10.185054779052734
-10.14312744140625
-10.17431926727295
-10.238419532775879
-10.131967544555664
-10.14026927947998
-10.196791648864746
-10.207674026489258
-10.224201202392578
-10.242939949035645
-10.22420597076416
-10.221343040466309
-10.241011619567871
-10.239320755004883
-10.21992015838623
-10.23786449432373
-10.22570514678955
-10.238471984863281
-10.225593566894531
-10.24148178100586
-10.20414924621582
-10.226268768310547
-10.220728874206543
-10.209261894226074
-10.225308418273926
-10.241639137268066
-10.234244346618652
-10.240058898925781
-10.18892765045166
-10.204943656921387
-10.227762222290039
-10.238483428955078
-10.213884353637695
-10.229836463928223
-10.234902381896973
-10.241072654724121
-10.216423988342285
-10.21505069732666
-10.18580436706543
-10.203522682189941
-10.230673789978027
-10.236445426940918
-10.21540355682373
-10.214462280273438
-10.225834846496582
-10.23196029663086
-10.254752159118652
-10.253929138183594
-10.257905960083008
-10.287812232971191
-10.22757625579834
-10.216302871704102
-10.224564552307129
-10.227510452270508
-10.232073783874512
-10.212860107421875
-10.218100547790527
-10.229092597961426
-10.184572219848633
-10.185797691345215
-10.240194320678711
-10.240621566772461
-10.148207664489746
-10.162967681884766
-10.23232650756836
-10.24280071258545
-10.20980453491211
-10.19078540802002
-10.17278003692627
-10.196990013122559
-10.22608757019043
-10.250690460205078
-10.253950119018555
-10.249403953552246
-10.252525329589844
-10.25353717803955
-10.237153053283691
-10.245102882385254
-10.222301483154297
-10.183828353881836
-10.251795768737793
-10.255738258361816
-10.253588676452637
-10.205838203430176
-10.200531005859375
-10.19239330291748
-10.236741065979004
-10.21857738494873
-10.228822708129883
-10.26595687866211
-10.23155689239502
-10.203079223632812
-10.182957649230957
-10.20181655883789
-10.26039981842041
-10.233619689941406
-10.16706371307373
-10.130399703979492
-10.204117774963379
-10.265016555786133
-10.226615905761719
-10.153971672058105
-10.137128829956055
-10.217477798461914
-10.258942604064941
-10.136880874633789
-10.099679946899414
-10.279596328735352
-10.121928215026855
-9.969826698303223
-10.170059204101562
-10.224613189697266
-9.995488166809082
-10.1665620803833
-10.214790344238281
-9.96352767944336
-10.152050971984863
-10.254805564880371
-10.12666130065918
-10.172420501708984
-10.258936882019043
-10.190829277038574
-10.182406425476074
-10.255156517028809
-10.10733699798584
-10.028221130371094
-10.218700408935547
-10.203978538513184
-10.113389015197754
-10.17830753326416
-10.224991798400879
-10.233441352844238
-10.218463897705078
-10.227557182312012
-10.232250213623047
-10.249471664428711
-10.262928009033203
-10.245736122131348
-10.260940551757812
-10.254961013793945
-10.24683952331543
-10.23324966430664
-10.253540992736816
-10.257925033569336
-10.222566604614258
-10.162847518920898
-10.151515007019043
-10.224157333374023
-10.242395401000977
-10.231696128845215
-10.189007759094238
-10.188594818115234
-10.254043579101562
-10.249518394470215
-10.268588066101074
-10.264212608337402
-10.255216598510742
-10.265583038330078
-10.23755168914795
-10.249688148498535
-10.196290016174316
-10.160222053527832
-10.20250129699707
-10.225038528442383
-10.25528335571289
-10.216208457946777
-10.1752347946167
-10.27234172821045
-10.2146635055542
-10.132964134216309
-10.160694122314453
-10.258271217346191
-10.228676795959473
-10.22686767578125
-10.247274398803711
-10.252678871154785
-10.268925666809082
-10.262307167053223
-10.253561973571777
-10.260061264038086
-10.262897491455078
-10.25189208984375
-10.259032249450684
-10.2100830078125
-10.192562103271484
-10.19967269897461
-10.251413345336914
-10.27199649810791
-10.231971740722656
-10.168560028076172
-10.178515434265137
-10.220281600952148
-10.256316184997559
-10.256275177001953
-10.250584602355957
-10.23150634765625
-10.229806900024414
-10.26824951171875
-10.27529239654541
-10.263524055480957
-10.20955753326416
-10.20199966430664
-10.251876831054688
-10.26962947845459
-10.193673133850098
-10.179024696350098
-10.217556953430176
-10.277457237243652
-10.234193801879883
-10.164213180541992
-10.152437210083008
-10.240070343017578
-10.266375541687012
-10.233278274536133
-10.158809661865234
-10.201395034790039
-10.243295669555664
-10.261857032775879
-10.228869438171387
-10.194498062133789
-10.244449615478516
-10.27629280090332
-10.272449493408203
-10.249616622924805
-10.18647289276123
-10.244263648986816
-10.272576332092285
-10.240945816040039
-10.215015411376953
-10.244373321533203
-10.265307426452637
-10.254558563232422
-10.178567886352539
-10.207914352416992
-10.25801944732666
-10.255751609802246
-10.169745445251465
-10.133232116699219
-10.277486801147461
-10.212828636169434
-10.08364486694336
-10.25321102142334
-10.163972854614258
-10.091174125671387
-10.269221305847168
-10.234731674194336
-10.109374046325684
-10.235697746276855
-10.255719184875488
-10.149439811706543
-10.15554141998291
-10.227977752685547
-10.288116455078125
-10.268895149230957
-10.206756591796875
-10.251993179321289
-10.269388198852539
-10.246456146240234
-10.223970413208008
-10.242774963378906
-10.270493507385254
-10.258537292480469
-10.188886642456055
-10.19716739654541
-10.256631851196289
-10.268559455871582
-10.215705871582031
-10.15584945678711
-10.239931106567383
-10.265656471252441
-10.225672721862793
-10.198012351989746
-10.21593189239502
-10.289162635803223
-10.214838027954102
-10.150507926940918
-10.254304885864258
-10.283489227294922
-10.248494148254395
-10.209115028381348
-10.206033706665039
-10.246440887451172
-10.269988059997559
-10.272150993347168
-10.261086463928223
-10.262762069702148
-10.260635375976562
-10.250783920288086
-10.282814979553223
-10.26733112335205
-10.244796752929688
-10.235360145568848
-10.258070945739746
-10.29095458984375
-10.268637657165527
-10.260915756225586
-10.25242805480957
-10.29157543182373
-10.296391487121582
-10.305252075195312
-10.252259254455566
-10.259047508239746
-10.284673690795898
-10.295114517211914
-10.306960105895996
-10.29794979095459
-10.297307968139648
-10.260794639587402
-10.287394523620605
-10.291029930114746
-10.284849166870117
-10.286784172058105
-10.273107528686523
-10.289067268371582
-10.282506942749023
-10.276741027832031
-10.276662826538086
-10.273290634155273
-10.246642112731934
-10.135978698730469
-10.151894569396973
-10.305428504943848
-10.02238655090332
-10.082181930541992
-10.242019653320312
-10.165529251098633
-10.139135360717773
-10.243112564086914
-10.284598350524902
-10.188590049743652
-10.129386901855469
-10.208233833312988
-10.273035049438477
-10.13088607788086
-10.14487361907959
-10.258651733398438
-10.223605155944824
-10.18687915802002
-10.191275596618652
-10.258694648742676
-10.27748966217041
-10.259289741516113
-10.237316131591797
-10.227117538452148
-10.259766578674316
-10.201498985290527
-10.158956527709961
-10.285914421081543
-10.183682441711426
-10.040372848510742
-10.22265625
-10.235437393188477
-10.118026733398438
-10.187517166137695
-10.264760971069336
-10.196493148803711
-10.098678588867188
-10.183754920959473
-10.290214538574219
-10.257909774780273
-10.141079902648926
-10.218452453613281
-10.277172088623047
-10.221893310546875
-10.125927925109863
-10.230478286743164
-10.286267280578613
-10.1928071975708
-10.160089492797852
-10.314606666564941
-10.16399097442627
-10.122763633728027
-10.24293041229248
-9.992386817932129
-10.223447799682617
-10.212573051452637
-10.03328800201416
-10.26429271697998
-10.220685958862305
-10.06136703491211
-10.23124885559082
-10.262896537780762
-10.179606437683105
-10.250636100769043
-10.292330741882324
-10.2280912399292
-10.180899620056152
-10.265563011169434
-10.277267456054688
-10.234966278076172
-10.197125434875488
-10.247801780700684
-10.293034553527832
-10.270757675170898
-10.204038619995117
-10.23527717590332
-10.274556159973145
-10.290374755859375
-10.239083290100098
-10.174463272094727
-10.27536392211914
-10.257951736450195
-10.156230926513672
-10.283945083618164
-10.264917373657227
-10.195216178894043
-10.237607955932617
-10.275126457214355
-10.23283863067627
-10.088040351867676
-10.208185195922852
-10.293935775756836
-10.188817024230957
-10.12971019744873
-10.252245903015137
-10.314054489135742
-10.233850479125977
-10.194559097290039
-10.253886222839355
-10.307058334350586
-10.289517402648926
-10.239691734313965
-10.275093078613281
-10.311092376708984
-10.27551555633545
-10.274532318115234
-10.311349868774414
-10.297506332397461
-10.288021087646484
-10.24868106842041
-10.283198356628418
-10.291808128356934
-10.269695281982422
-10.211318969726562
-10.188820838928223
-10.261079788208008
-10.286855697631836
-10.278694152832031
-10.269474029541016
-10.270167350769043
-10.263815879821777
-10.279825210571289
-10.258256912231445
-10.248796463012695
-10.256515502929688
-10.292954444885254
-10.287704467773438
-10.205281257629395
-10.218535423278809
-10.28019905090332
-10.311440467834473
-10.241231918334961
-10.180347442626953
-10.255701065063477
-10.310717582702637
-10.289008140563965
-10.28528881072998
-10.27563190460205
-10.24824333190918
-10.219167709350586
-10.27147388458252
-10.277724266052246
-10.295228004455566
-10.321917533874512
-10.287764549255371
-10.272253036499023
-10.266446113586426
-10.24168586730957
-10.32108211517334
-10.313506126403809
-10.304598808288574
-10.237225532531738
-10.229248046875
-10.269088745117188
-10.306806564331055
-10.30271053314209
-10.222140312194824
-10.23059368133545
-10.283673286437988
-10.307352066040039
-10.26830768585205
-10.238434791564941
-10.257969856262207
-10.304900169372559
-10.309027671813965
-10.27263355255127
-10.213634490966797
-10.284224510192871
-10.317956924438477
-10.289726257324219
-10.20301342010498
-10.24402904510498
-10.299307823181152
-10.320253372192383
-10.28952407836914
-10.222853660583496
-10.227380752563477
-10.305394172668457
-10.323966979980469
-10.295510292053223
-10.290656089782715
-10.291959762573242
-10.299932479858398
-10.318525314331055
-10.292534828186035
-10.308659553527832
-10.305920600891113
-10.311129570007324
-10.295943260192871
-10.306666374206543
-10.294841766357422
-10.290842056274414
-10.303135871887207
-10.212213516235352
-10.19808292388916
-10.31457233428955
-10.284782409667969
-10.197413444519043
-10.295185089111328
-10.27979850769043
-10.184468269348145
-10.280616760253906
-10.301021575927734
-10.223278045654297
-10.161555290222168
-10.235725402832031
-10.299637794494629
-10.254076957702637
-10.191110610961914
-10.308257102966309
-10.223821640014648
-10.103477478027344
-10.300600051879883
-10.192495346069336
-10.043179512023926
-10.292445182800293
-10.197904586791992
-10.03779411315918
-10.301401138305664
-10.186749458312988
-10.108400344848633
-10.304978370666504
-10.253636360168457
-10.15941047668457
-10.285449028015137
-10.311670303344727
-10.291840553283691
-10.283601760864258
-10.291168212890625
-10.287108421325684
-10.253286361694336
-10.254155158996582
-10.282855987548828
-10.325986862182617
-10.3052339553833
-10.292352676391602
-10.312552452087402
-10.313491821289062
-10.302254676818848
-10.32028865814209
