loss_v
-6.786481857299805
-6.757250785827637
-6.813973426818848
-6.815770149230957
-6.873045444488525
-6.94067907333374
-6.687775135040283
-7.09542179107666
-6.9953694343566895
-7.07184362411499
-7.085979461669922
-7.162544250488281
-7.003963947296143
-7.3023247718811035
-7.101541519165039
-7.247201442718506
-7.358504295349121
-7.249679088592529
-7.2601823806762695
-7.158585548400879
-7.223595142364502
-7.406466960906982
-7.220094680786133
-7.311713695526123
-7.510003566741943
-7.24356746673584
-7.299203872680664
-7.518455505371094
-7.534893035888672
-7.642345905303955
-7.574763774871826
-7.504417419433594
-7.579277515411377
-7.717947959899902
-7.7025651931762695
-7.804842472076416
-7.957398891448975
-7.820038318634033
-7.717813491821289
-7.795632839202881
-7.6386847496032715
-7.89578104019165
-8.012894630432129
-8.014851570129395
-7.973647117614746
-7.91657829284668
-7.8939595222473145
-7.884148597717285
-8.0357084274292
-7.982969760894775
-7.950856685638428
-7.982652187347412
-8.001243591308594
-7.985400676727295
-7.951203346252441
-7.981188774108887
-7.999998092651367
-8.121648788452148
-8.090428352355957
-8.03562068939209
-8.100546836853027
-8.079440116882324
-8.057781219482422
-8.092259407043457
-8.172952651977539
-8.134963035583496
-8.236974716186523
-8.1441011428833
-8.188372611999512
-8.172098159790039
-8.19119930267334
-8.239263534545898
-8.166259765625
-8.18653392791748
-8.29819107055664
-8.172588348388672
-8.191335678100586
-8.21229076385498
-8.269428253173828
-8.225549697875977
-8.314095497131348
-8.311539649963379
-8.274805068969727
-8.262807846069336
-8.294354438781738
-8.350728034973145
-8.291604042053223
-8.342646598815918
-8.386089324951172
-8.39179515838623
-8.348163604736328
-8.396344184875488
-8.379834175109863
-8.407608032226562
-8.378472328186035
-8.41226863861084
-8.404728889465332
-8.406116485595703
-8.424931526184082
-8.440829277038574
-8.452967643737793
-8.457375526428223
-8.485429763793945
-8.495635032653809
-8.486398696899414
-8.492204666137695
-8.51418685913086
-8.527826309204102
-8.51978874206543
-8.530279159545898
-8.554534912109375
-8.55861759185791
-8.596570014953613
-8.573578834533691
-8.605425834655762
-8.588125228881836
-8.599584579467773
-8.63101577758789
-8.65216064453125
-8.628593444824219
-8.682642936706543
-8.686775207519531
-8.685859680175781
-8.708467483520508
-8.735331535339355
-8.74732780456543
-8.788999557495117
-8.786581039428711
-8.856926918029785
-8.850271224975586
-8.891291618347168
-8.93085765838623
-9.023921012878418
-9.014952659606934
-9.214971542358398
-9.254081726074219
-9.357158660888672
-9.466951370239258
-9.515392303466797
-9.517287254333496
-9.549592971801758
-9.595736503601074
-9.53526782989502
-9.722437858581543
-9.642520904541016
-9.794995307922363
-9.699909210205078
-9.91462230682373
-9.808012008666992
-9.900697708129883
-9.7352294921875
-9.866555213928223
-9.962257385253906
-9.84914493560791
-9.94282054901123
-9.898971557617188
-10.007125854492188
-9.985786437988281
-10.006689071655273
-9.961559295654297
-10.073578834533691
-9.958539962768555
-10.103803634643555
-10.033110618591309
-10.052908897399902
-10.075265884399414
-10.116819381713867
-10.075517654418945
-10.145017623901367
-10.105712890625
-10.14604663848877
-10.15079116821289
-10.124284744262695
-10.175702095031738
-10.105210304260254
-10.1586275100708
-10.20423698425293
-10.180837631225586
-10.225212097167969
-10.203360557556152
-10.22047233581543
-10.216458320617676
-10.222101211547852
-10.156034469604492
-10.246715545654297
-10.20028305053711
-10.236261367797852
-10.267167091369629
-10.246092796325684
-10.22020149230957
-10.223763465881348
-10.273356437683105
-10.232461929321289
-10.253918647766113
-10.31876277923584
-10.293392181396484
-10.289806365966797
-10.213332176208496
-10.289769172668457
-10.230158805847168
-10.238858222961426
-10.319751739501953
-10.286293029785156
-10.32298469543457
-10.282731056213379
-10.329252243041992
-10.292608261108398
-10.32910442352295
-10.316976547241211
-10.311150550842285
-10.308835983276367
-10.350171089172363
-10.340388298034668
-10.329821586608887
-10.357501029968262
-10.353353500366211
-10.350203514099121
-10.3587007522583
-10.373099327087402
-10.358721733093262
-10.390591621398926
-10.390942573547363
-10.342726707458496
-10.39909839630127
-10.379011154174805
-10.364185333251953
-10.392512321472168
-10.402437210083008
-10.44101619720459
-10.413702964782715
-10.420458793640137
-10.410699844360352
-10.410103797912598
-10.40109634399414
-10.455426216125488
-10.447526931762695
-10.459147453308105
-10.466897964477539
-10.466619491577148
-10.44877815246582
-10.486894607543945
-10.471126556396484
-10.480195045471191
-10.471996307373047
-10.44561767578125
-10.466791152954102
-10.464080810546875
-10.450096130371094
-10.47278881072998
-10.525044441223145
-10.503646850585938
-10.462273597717285
-10.484430313110352
-10.482098579406738
-10.539347648620605
-10.507237434387207
-10.505232810974121
-10.509467124938965
-10.486790657043457
-10.498984336853027
-10.504480361938477
-10.552700996398926
-10.525372505187988
-10.497961044311523
-10.48589038848877
-10.565191268920898
-10.546525001525879
-10.544330596923828
-10.540491104125977
-10.544981002807617
-10.516528129577637
-10.569636344909668
-10.5703706741333
-10.527917861938477
-10.538103103637695
-10.57072925567627
-10.554710388183594
-10.557336807250977
-10.563255310058594
-10.5999174118042
-10.552966117858887
-10.55431842803955
-10.545039176940918
-10.59549331665039
-10.571181297302246
-10.579140663146973
-10.608683586120605
-10.564927101135254
-10.575549125671387
-10.613122940063477
-10.603797912597656
-10.577092170715332
-10.608908653259277
-10.631657600402832
-10.610294342041016
-10.604154586791992
-10.629100799560547
-10.599181175231934
-10.642605781555176
-10.650242805480957
-10.613471031188965
-10.635324478149414
-10.624853134155273
-10.644956588745117
-10.669722557067871
-10.630088806152344
-10.627337455749512
-10.640030860900879
-10.664312362670898
-10.642796516418457
-10.678181648254395
-10.68874454498291
-10.630061149597168
-10.602310180664062
-10.665447235107422
-10.673299789428711
-10.649161338806152
-10.661787986755371
-10.678644180297852
-10.691524505615234
-10.686135292053223
-10.67910099029541
-10.701871871948242
-10.699982643127441
-10.69252872467041
-10.672630310058594
-10.714085578918457
-10.709282875061035
-10.701541900634766
-10.708518028259277
-10.703638076782227
-10.72826099395752
-10.731101036071777
-10.728949546813965
-10.726093292236328
-10.717187881469727
-10.715957641601562
-10.719841003417969
-10.719156265258789
-10.74393081665039
-10.728666305541992
-10.723553657531738
-10.730924606323242
-10.743189811706543
-10.73522663116455
-10.718937873840332
-10.751506805419922
-10.743330001831055
-10.734500885009766
-10.775422096252441
-10.746874809265137
-10.74474811553955
-10.776937484741211
-10.75947380065918
-10.768089294433594
-10.77712345123291
-10.741521835327148
-10.745353698730469
-10.762234687805176
-10.773560523986816
-10.768476486206055
-10.735526084899902
-10.780473709106445
-10.78662395477295
-10.746509552001953
-10.79073715209961
-10.802871704101562
-10.782315254211426
-10.775168418884277
-10.783302307128906
-10.801281929016113
-10.789995193481445
-10.810001373291016
-10.797239303588867
-10.799681663513184
-10.792243957519531
-10.804652214050293
-10.825373649597168
-10.829422950744629
-10.820292472839355
-10.819527626037598
-10.824726104736328
-10.825210571289062
-10.84472370147705
-10.831603050231934
-10.841678619384766
-10.867218017578125
-10.83438491821289
-10.840285301208496
-10.859315872192383
-10.853901863098145
-10.826445579528809
-10.848199844360352
-10.85509204864502
-10.862686157226562
-10.850828170776367
-10.871443748474121
-10.875978469848633
-10.869391441345215
-10.863685607910156
-10.869714736938477
-10.87310791015625
-10.873305320739746
-10.885775566101074
-10.868762016296387
-10.879541397094727
-10.865242958068848
-10.837682723999023
-10.838200569152832
-10.795085906982422
-10.824786186218262
-10.893290519714355
-10.886985778808594
-10.89020824432373
-10.89842414855957
-10.87765884399414
-10.888598442077637
-10.901863098144531
-10.887984275817871
-10.908306121826172
-10.903360366821289
-10.907291412353516
-10.888289451599121
-10.913717269897461
-10.883990287780762
-10.908727645874023
-10.907918930053711
-10.898666381835938
-10.921128273010254
-10.936505317687988
-10.88671875
-10.91428279876709
-10.908561706542969
-10.915731430053711
-10.945573806762695
-10.92616081237793
-10.935193061828613
-10.936349868774414
-10.927406311035156
-10.933760643005371
-10.952535629272461
-10.955118179321289
-10.951284408569336
-10.93068790435791
-10.938215255737305
-10.9476318359375
-10.940380096435547
-10.937134742736816
-10.961233139038086
-10.927608489990234
-10.956257820129395
-10.960716247558594
-10.981721878051758
-10.952348709106445
-10.942439079284668
-10.912150382995605
-10.935466766357422
-10.964956283569336
-10.95596694946289
-10.931391716003418
-10.922719955444336
-10.960600852966309
-10.985685348510742
-10.978803634643555
-10.978141784667969
-10.971049308776855
-10.970643043518066
-10.986847877502441
-10.988295555114746
-10.985774993896484
-10.996904373168945
-10.98181438446045
-10.981400489807129
-10.982935905456543
-10.962389945983887
-10.968428611755371
-10.981321334838867
-10.990856170654297
-10.998590469360352
-10.970734596252441
-10.989377975463867
-11.003514289855957
-11.000137329101562
-11.002531051635742
-11.001213073730469
-11.00828742980957
-11.000864028930664
-10.987513542175293
-10.983057975769043
-11.00268268585205
-10.993901252746582
-11.013647079467773
-11.01237964630127
-11.010626792907715
-11.005852699279785
-11.006743431091309
-11.003095626831055
-11.02570629119873
-11.014229774475098
-11.008434295654297
-11.001855850219727
-11.01017951965332
-11.018712043762207
-11.007406234741211
-11.024622917175293
-11.02873706817627
-11.03055191040039
-11.021655082702637
-11.023321151733398
-11.0132417678833
-11.027265548706055
-11.011120796203613
-11.018357276916504
-11.033769607543945
-11.028861045837402
-11.0271635055542
-11.049416542053223
-11.036672592163086
-11.023715019226074
-11.02521800994873
-11.019800186157227
-10.982650756835938
-10.986040115356445
-10.974788665771484
-10.991521835327148
-11.025424003601074
-11.034656524658203
-11.028285026550293
-11.033974647521973
-11.046622276306152
-11.04472541809082
-11.051736831665039
-11.037691116333008
-11.036876678466797
-11.039432525634766
-10.996576309204102
-10.984796524047852
-10.981072425842285
-11.013615608215332
-11.054079055786133
-11.040497779846191
-11.01162338256836
-10.99254035949707
-11.001630783081055
-11.028661727905273
-11.064356803894043
-11.036166191101074
-11.015299797058105
-11.008135795593262
-11.047783851623535
-11.049731254577637
-11.026774406433105
-11.008031845092773
-11.038022994995117
-11.052923202514648
-11.054985046386719
-11.036371231079102
-11.009490966796875
-11.019730567932129
-11.048730850219727
-11.069371223449707
-11.058488845825195
-11.031752586364746
-11.021963119506836
-11.054071426391602
-11.055923461914062
-11.065950393676758
-11.058504104614258
-11.048831939697266
-11.06181526184082
-11.072144508361816
-11.069665908813477
-11.075864791870117
-11.067849159240723
-11.050060272216797
-11.069414138793945
-11.069437026977539
-11.07105827331543
-11.056407928466797
-11.062515258789062
-11.059224128723145
-11.0737943649292
-11.085625648498535
-11.083888053894043
-11.054704666137695
-11.07093334197998
-11.081497192382812
-11.083898544311523
-11.08399486541748
-11.073140144348145
-11.082491874694824
-11.097915649414062
-11.08134937286377
-11.076723098754883
-11.075629234313965
-11.088913917541504
-11.090648651123047
-11.099264144897461
-11.085753440856934
-11.089498519897461
-11.089502334594727
-11.08176040649414
-11.07699966430664
-11.093775749206543
-11.09814453125
-11.092308044433594
-11.089667320251465
-11.102836608886719
-11.089505195617676
-11.097941398620605
-11.092344284057617
-11.090202331542969
-11.105819702148438
-11.10242748260498
-11.107712745666504
-11.10598087310791
-11.09638786315918
-11.112799644470215
-11.098715782165527
-11.120428085327148
-11.105957984924316
-11.111444473266602
-11.113846778869629
-11.106538772583008
-11.107129096984863
-11.105667114257812
-11.112506866455078
-11.10634994506836
-11.109254837036133
-11.11713695526123
-11.10791015625
-11.092672348022461
-11.108756065368652
-11.100955963134766
-11.072866439819336
-11.083878517150879
-11.089237213134766
-11.107998847961426
-11.117491722106934
-11.1219482421875
-11.105365753173828
-11.12857437133789
-11.116573333740234
-11.117192268371582
-11.127032279968262
-11.111836433410645
-11.109270095825195
-11.099081993103027
-11.088940620422363
-11.087203025817871
-11.077485084533691
-11.08309555053711
-11.09531021118164
-11.121011734008789
-11.125418663024902
-11.105440139770508
-11.112591743469238
-11.11155891418457
-11.102442741394043
-11.115679740905762
-11.116142272949219
-11.127983093261719
-11.11880874633789
-11.137286186218262
-11.141304969787598
-11.134092330932617
-11.13545036315918
-11.1249361038208
-11.114424705505371
-11.120630264282227
-11.132404327392578
-11.121444702148438
-11.115015029907227
-11.114555358886719
-11.11887264251709
-11.131131172180176
-11.127729415893555
-11.13791561126709
-11.130605697631836
-11.135746955871582
-11.142057418823242
-11.149250030517578
-11.157174110412598
-11.143548011779785
-11.145917892456055
-11.1388578414917
-11.140362739562988
-11.14521598815918
-11.147439002990723
-11.126727104187012
-11.123035430908203
-11.125311851501465
-11.115589141845703
-11.11008071899414
-11.148433685302734
-11.163871765136719
-11.126826286315918
-11.108454704284668
-11.070927619934082
-11.07616138458252
-11.132116317749023
-11.152119636535645
-11.152040481567383
-11.13185977935791
-11.084792137145996
-11.087960243225098
-11.122123718261719
-11.117170333862305
-11.14497184753418
-11.151704788208008
-11.15604019165039
-11.155524253845215
-11.138160705566406
-11.114266395568848
-11.126078605651855
-11.121622085571289
-11.146539688110352
-11.148587226867676
-11.150219917297363
-11.105231285095215
-11.092944145202637
-11.115726470947266
-11.14631462097168
-11.162398338317871
-11.149110794067383
-11.149663925170898
-11.1349458694458
-11.15474796295166
-11.150419235229492
-11.166768074035645
-11.144250869750977
-11.139811515808105
-11.153517723083496
-11.157163619995117
-11.162762641906738
-11.15141773223877
-11.143087387084961
-11.137343406677246
-11.150749206542969
-11.159860610961914
-11.17113208770752
-11.170804023742676
-11.158635139465332
-11.145980834960938
-11.148783683776855
-11.160438537597656
-11.168158531188965
-11.175543785095215
-11.168246269226074
-11.164382934570312
-11.161931991577148
-11.166668891906738
-11.178027153015137
-11.17112922668457
-11.176640510559082
-11.172651290893555
-11.151041030883789
-11.170854568481445
-11.177116394042969
-11.172412872314453
-11.181455612182617
-11.184788703918457
-11.159069061279297
-11.17609691619873
-11.180538177490234
-11.18487548828125
-11.18161678314209
-11.167068481445312
-11.14766788482666
-11.153107643127441
-11.169816970825195
-11.181841850280762
-11.185975074768066
-11.179455757141113
-11.158666610717773
-11.168177604675293
-11.161846160888672
-11.174668312072754
-11.180733680725098
-11.187238693237305
-11.181183815002441
-11.17726993560791
-11.163610458374023
-11.162129402160645
-11.175108909606934
-11.179370880126953
-11.193506240844727
-11.185510635375977
-11.180578231811523
-11.179668426513672
-11.173583030700684
-11.186119079589844
-11.179646492004395
-11.180931091308594
-11.187980651855469
-11.193418502807617
-11.186639785766602
-11.186079978942871
-11.190317153930664
-11.186330795288086
-11.1873779296875
-11.192593574523926
-11.196707725524902
-11.201349258422852
-11.195277214050293
-11.194337844848633
-11.18957233428955
-11.195345878601074
-11.19093132019043
-11.184992790222168
-11.189231872558594
-11.197978973388672
-11.196621894836426
-11.191628456115723
-11.193732261657715
-11.19632339477539
-11.19540786743164
-11.205397605895996
-11.197134971618652
-11.198498725891113
-11.198408126831055
-11.203276634216309
-11.188828468322754
-11.19379997253418
-11.18370532989502
-11.159625053405762
-11.152244567871094
-11.162484169006348
-11.17091178894043
-11.179054260253906
-11.20029067993164
-11.203170776367188
-11.199174880981445
-11.176359176635742
-11.189399719238281
-11.184564590454102
-11.189805030822754
-11.201458930969238
-11.207691192626953
-11.20975399017334
-11.20308780670166
-11.202679634094238
-11.209007263183594
-11.20837688446045
-11.205107688903809
-11.192704200744629
-11.191229820251465
-11.192737579345703
-11.201582908630371
-11.207119941711426
-11.201136589050293
-11.20187759399414
-11.211783409118652
-11.206657409667969
-11.2096586227417
-11.207755088806152
-11.217244148254395
-11.21452808380127
-11.211864471435547
-11.210201263427734
-11.201038360595703
-11.196694374084473
-11.183976173400879
-11.183402061462402
-11.170354843139648
-11.156759262084961
-11.16487979888916
-11.161552429199219
-11.183444023132324
-11.205471992492676
-11.212214469909668
-11.212679862976074
-11.214820861816406
-11.20323657989502
-11.195865631103516
-11.174519538879395
-11.151557922363281
-11.18295955657959
-11.19580364227295
-11.216670989990234
-11.216798782348633
-11.212896347045898
-11.196146011352539
-11.192623138427734
-11.199677467346191
-11.204550743103027
-11.212730407714844
-11.216306686401367
-11.222373962402344
-11.218330383300781
-11.212897300720215
-11.217498779296875
-11.214948654174805
-11.208612442016602
-11.215933799743652
-11.21992301940918
-11.221029281616211
-11.209754943847656
-11.189420700073242
-11.164422035217285
-11.183318138122559
-11.203765869140625
-11.215926170349121
-11.218287467956543
-11.224045753479004
-11.222732543945312
-11.22677230834961
-11.21543025970459
-11.210771560668945
-11.209466934204102
-11.217529296875
-11.223037719726562
-11.217056274414062
-11.223581314086914
-11.226180076599121
-11.22518539428711
-11.226305961608887
-11.229137420654297
-11.225790977478027
-11.222841262817383
-11.216511726379395
-11.220909118652344
-11.218378067016602
-11.210773468017578
-11.2117919921875
-11.204093933105469
-11.206616401672363
-11.220206260681152
-11.224257469177246
-11.23171615600586
-11.24034595489502
-11.231474876403809
-11.229253768920898
-11.222370147705078
-11.220638275146484
-11.204170227050781
-11.192464828491211
-11.191838264465332
-11.211837768554688
-11.217677116394043
-11.22994327545166
-11.228222846984863
-11.214805603027344
-11.19266128540039
-11.180448532104492
-11.202564239501953
-11.219717025756836
-11.24056339263916
-11.230259895324707
-11.212482452392578
-11.188019752502441
-11.189988136291504
-11.198897361755371
-11.235444068908691
-11.226869583129883
-11.224629402160645
-11.208758354187012
-11.189559936523438
-11.208433151245117
-11.230523109436035
-11.232041358947754
-11.228602409362793
-11.200304985046387
-11.210405349731445
-11.213261604309082
-11.23071002960205
-11.234359741210938
-11.22763729095459
-11.224115371704102
-11.220854759216309
-11.215499877929688
-11.228363990783691
-11.23812198638916
-11.23374080657959
-11.234667778015137
-11.22436809539795
-11.2088041305542
-11.216723442077637
-11.227106094360352
-11.24099349975586
-11.23605728149414
-11.22020149230957
-11.206169128417969
-11.204410552978516
-11.235796928405762
-11.23763656616211
-11.237642288208008
-11.234330177307129
-11.224674224853516
-11.243610382080078
-11.245363235473633
-11.233769416809082
-11.219585418701172
-11.222454071044922
-11.216731071472168
-11.241209030151367
-11.238069534301758
-11.2323579788208
-11.243123054504395
-11.249855041503906
-11.248480796813965
-11.243925094604492
-11.246386528015137
-11.24122428894043
-11.254565238952637
-11.247268676757812
-11.242098808288574
-11.242415428161621
-11.245473861694336
-11.245712280273438
-11.245305061340332
-11.244316101074219
-11.247011184692383
-11.239837646484375
-11.24013614654541
-11.23543643951416
-11.24387264251709
-11.235769271850586
-11.255758285522461
-11.242401123046875
-11.245357513427734
-11.239919662475586
-11.24713134765625
-11.236077308654785
-11.223362922668457
-11.22774600982666
-11.22731876373291
-11.237853050231934
-11.245868682861328
-11.246810913085938
-11.249136924743652
-11.250831604003906
-11.249516487121582
-11.245214462280273
-11.244976043701172
-11.23647403717041
-11.229743003845215
-11.228137969970703
-11.22996997833252
-11.238183975219727
-11.232093811035156
-11.226792335510254
-11.236501693725586
-11.229813575744629
-11.228697776794434
-11.231247901916504
-11.257195472717285
-11.254337310791016
-11.237971305847168
-11.211328506469727
-11.197770118713379
-11.206893920898438
-11.234543800354004
-11.25441837310791
-11.250733375549316
-11.24461841583252
-11.223896980285645
-11.207887649536133
-11.218852996826172
-11.235661506652832
-11.25334358215332
-11.253427505493164
-11.247658729553223
-11.243099212646484
-11.249359130859375
-11.240534782409668
-11.254801750183105
-11.249188423156738
-11.249984741210938
-11.251861572265625
-11.253308296203613
-11.252979278564453
-11.255060195922852
-11.254260063171387
-11.257108688354492
-11.248650550842285
-11.254859924316406
-11.259812355041504
-11.262785911560059
-11.253169059753418
-11.2623291015625
-11.244860649108887
-11.23057746887207
-11.237677574157715
-11.252289772033691
-11.255105972290039
-11.257160186767578
-11.25603199005127
-11.255346298217773
-11.256190299987793
-11.252069473266602
-11.229043960571289
-11.237553596496582
-11.243675231933594
-11.25267219543457
-11.260334968566895
-11.260411262512207
-11.25640869140625
-11.255755424499512
-11.249258995056152
-11.249263763427734
-11.256360054016113
-11.256972312927246
-11.259781837463379
-11.257363319396973
-11.260153770446777
-11.260276794433594
-11.257599830627441
-11.265695571899414
-11.261905670166016
-11.25156307220459
-11.266332626342773
-11.267870903015137
-11.258872032165527
-11.256436347961426
-11.261113166809082
-11.251314163208008
-11.247376441955566
-11.245254516601562
-11.254907608032227
-11.261653900146484
-11.2652587890625
-11.264608383178711
-11.26352310180664
-11.260542869567871
-11.263087272644043
-11.260961532592773
-11.259212493896484
-11.257472038269043
-11.252296447753906
-11.245652198791504
-11.246150016784668
-11.263049125671387
-11.258197784423828
-11.263057708740234
-11.263553619384766
-11.26203441619873
-11.259154319763184
-11.262864112854004
-11.269874572753906
-11.262590408325195
-11.25894832611084
-11.258305549621582
-11.26671028137207
-11.267247200012207
-11.259209632873535
-11.26015853881836
-11.2494478225708
-11.252395629882812
-11.255806922912598
-11.256936073303223
-11.265556335449219
-11.263694763183594
-11.267845153808594
-11.270137786865234
-11.273321151733398
-11.264495849609375
-11.260883331298828
-11.253854751586914
-11.253143310546875
-11.268485069274902
-11.268478393554688
-11.269044876098633
-11.264430046081543
-11.255998611450195
-11.245858192443848
-11.246259689331055
-11.23652172088623
-11.23630142211914
-11.24655818939209
-11.247984886169434
-11.249309539794922
-11.258757591247559
-11.262682914733887
-11.2658109664917
-11.270374298095703
-11.23824691772461
-11.202016830444336
-11.198352813720703
-11.220748901367188
-11.261457443237305
-11.275130271911621
-11.264825820922852
-11.270087242126465
-11.254338264465332
-11.262185096740723
-11.270330429077148
-11.28201675415039
-11.271931648254395
-11.275341987609863
-11.276496887207031
-11.273184776306152
-11.265707015991211
-11.268914222717285
-11.270456314086914
-11.261812210083008
-11.261917114257812
-11.256315231323242
-11.267217636108398
-11.266409873962402
-11.258710861206055
-11.265924453735352
-11.258861541748047
-11.26623249053955
-11.267721176147461
-11.272497177124023
-11.278300285339355
-11.280712127685547
-11.27738094329834
-11.271187782287598
-11.280652046203613
-11.274894714355469
-11.277036666870117
-11.279462814331055
-11.27461051940918
-11.275297164916992
-11.274353981018066
-11.277225494384766
-11.277840614318848
-11.274357795715332
-11.274699211120605
-11.276565551757812
-11.275835037231445
-11.27385425567627
-11.272473335266113
-11.27019214630127
-11.272385597229004
-11.263957023620605
-11.275014877319336
-11.269449234008789
-11.270561218261719
-11.269718170166016
-11.26723575592041
-11.260551452636719
-11.270617485046387
-11.272730827331543
-11.270893096923828
-11.269953727722168
-11.265867233276367
-11.275392532348633
-11.280865669250488
-11.279544830322266
-11.282206535339355
-11.277521133422852
-11.278610229492188
-11.276339530944824
-11.278027534484863
-11.262703895568848
-11.239346504211426
-11.232284545898438
-11.23349380493164
-11.256346702575684
-11.2642822265625
-11.274946212768555
-11.281538009643555
-11.275607109069824
-11.280160903930664
-11.27527141571045
-11.268396377563477
-11.258614540100098
-11.241414070129395
-11.249271392822266
-11.256162643432617
-11.261702537536621
-11.277510643005371
-11.285343170166016
-11.282855033874512
-11.27403450012207
-11.257390022277832
-11.245559692382812
-11.238025665283203
-11.24808120727539
-11.256448745727539
-11.265311241149902
-11.27321720123291
-11.279414176940918
-11.282862663269043
-11.28654956817627
-11.28398323059082
-11.282315254211426
-11.279937744140625
-11.26849365234375
-11.278780937194824
-11.279524803161621
-11.278203964233398
-11.28251838684082
-11.282280921936035
-11.288985252380371
-11.279312133789062
-11.27917766571045
-11.2777738571167
-11.277993202209473
-11.281782150268555
-11.282916069030762
-11.285043716430664
-11.288354873657227
-11.284728050231934
-11.284220695495605
-11.284135818481445
-11.289008140563965
-11.286673545837402
-11.286649703979492
-11.279403686523438
-11.281438827514648
-11.273919105529785
-11.269233703613281
-11.265278816223145
-11.2806396484375
-11.290571212768555
-11.285480499267578
-11.273000717163086
-11.234804153442383
-11.212894439697266
-11.216140747070312
-11.254467964172363
-11.27039623260498
-11.28575611114502
-11.291025161743164
-11.2879638671875
-11.280312538146973
-11.276456832885742
-11.282416343688965
-11.277325630187988
-11.269488334655762
-11.274665832519531
-11.278882026672363
-11.292488098144531
-11.292919158935547
-11.288141250610352
-11.280326843261719
-11.272429466247559
-11.275981903076172
-11.276910781860352
-11.290093421936035
-11.290624618530273
-11.29354190826416
-11.292686462402344
-11.27718448638916
-11.2710542678833
-11.262543678283691
-11.277351379394531
-11.280326843261719
-11.290586471557617
-11.293545722961426
-11.294031143188477
-11.285271644592285
-11.277408599853516
-11.266064643859863
-11.26578426361084
-11.26526927947998
-11.266611099243164
-11.278491973876953
-11.290836334228516
-11.293238639831543
-11.290779113769531
-11.280904769897461
-11.286375999450684
-11.293479919433594
-11.290507316589355
-11.292525291442871
-11.295013427734375
-11.299866676330566
-11.291894912719727
-11.290555000305176
-11.271788597106934
-11.27704906463623
-11.27286434173584
-11.27170467376709
-11.278360366821289
-11.27958869934082
-11.288222312927246
-11.291698455810547
-11.297852516174316
-11.292452812194824
-11.288344383239746
-11.290265083312988
-11.293939590454102
-11.292787551879883
-11.283978462219238
-11.289603233337402
-11.284101486206055
-11.279542922973633
-11.282002449035645
-11.280500411987305
-11.277874946594238
-11.286137580871582
-11.294727325439453
-11.298017501831055
-11.295328140258789
-11.291646003723145
-11.28892707824707
-11.278651237487793
-11.282980918884277
-11.279200553894043
-11.27595043182373
-11.268509864807129
-11.279840469360352
-11.283101081848145
-11.288019180297852
-11.293374061584473
-11.295413970947266
-11.291926383972168
-11.297858238220215
-11.291108131408691
-11.292115211486816
-11.289240837097168
-11.291666030883789
-11.283102035522461
-11.282076835632324
-11.278647422790527
-11.273776054382324
-11.274773597717285
-11.28334903717041
-11.29367733001709
-11.295445442199707
-11.28435230255127
-11.267457008361816
-11.241453170776367
-11.23775863647461
-11.263984680175781
-11.278873443603516
-11.295647621154785
-11.283997535705566
-11.250838279724121
-11.227574348449707
-11.250045776367188
-11.282217025756836
-11.288473129272461
-11.246896743774414
-11.21504020690918
-11.246143341064453
-11.277749061584473
-11.292572975158691
-11.293306350708008
-11.290212631225586
-11.292133331298828
-11.2932767868042
-11.29332160949707
-11.298428535461426
-11.298951148986816
-11.294256210327148
-11.29011058807373
-11.295690536499023
-11.300244331359863
-11.2991361618042
-11.302284240722656
-11.297630310058594
-11.288436889648438
-11.28553581237793
-11.289207458496094
-11.29992389678955
-11.299476623535156
-11.30197811126709
-11.307887077331543
-11.288780212402344
-11.306449890136719
-11.30146312713623
-11.303879737854004
-11.301812171936035
-11.294661521911621
-11.300158500671387
-11.304274559020996
-11.296480178833008
-11.293116569519043
-11.282474517822266
-11.286520004272461
-11.284252166748047
-11.292160987854004
-11.300674438476562
-11.296964645385742
-11.303606986999512
-11.299954414367676
-11.300993919372559
-11.293915748596191
-11.309310913085938
-11.302240371704102
-11.298970222473145
-11.308112144470215
-11.30277156829834
-11.3004789352417
-11.300415992736816
-11.29098129272461
-11.284823417663574
-11.28749942779541
-11.29458999633789
-11.29965877532959
-11.30331039428711
-11.300024032592773
-11.310861587524414
-11.304365158081055
-11.300662994384766
-11.298401832580566
-11.299286842346191
-11.287747383117676
-11.287643432617188
-11.289849281311035
-11.297356605529785
-11.295416831970215
-11.306771278381348
-11.304426193237305
-11.304365158081055
-11.302604675292969
-11.30397891998291
-11.302926063537598
-11.300956726074219
-11.306342124938965
-11.29978084564209
-11.305903434753418
-11.30053997039795
-11.30591106414795
-11.302469253540039
-11.302308082580566
-11.300553321838379
-11.304949760437012
-11.305191040039062
-11.304990768432617
-11.311881065368652
-11.309403419494629
-11.304791450500488
-11.305864334106445
-11.299283027648926
-11.307999610900879
-11.304433822631836
-11.304936408996582
-11.308453559875488
-11.301628112792969
-11.309245109558105
-11.30932331085205
-11.305168151855469
-11.300283432006836
-11.299456596374512
-11.283280372619629
-11.279438018798828
-11.267101287841797
-11.274225234985352
-11.278937339782715
-11.2890043258667
-11.296408653259277
-11.301249504089355
-11.29500961303711
-11.309453964233398
-11.303692817687988
-11.293353080749512
-11.285540580749512
-11.285694122314453
-11.28750228881836
-11.28690242767334
-11.293400764465332
-11.29549503326416
-11.28559684753418
-11.294578552246094
-11.303276062011719
-11.306098937988281
-11.306154251098633
-11.312265396118164
-11.301140785217285
-11.292943954467773
-11.275253295898438
-11.273194313049316
-11.264501571655273
-11.288985252380371
-11.299429893493652
-11.307148933410645
-11.30635929107666
-11.297563552856445
-11.285934448242188
-11.271482467651367
-11.275137901306152
-11.273326873779297
-11.275032997131348
-11.282244682312012
-11.283170700073242
-11.300703048706055
-11.301403999328613
-11.310779571533203
-11.309375762939453
-11.312764167785645
-11.306029319763184
-11.292564392089844
-11.29432201385498
-11.301168441772461
-11.302722930908203
-11.304335594177246
-11.305097579956055
-11.304190635681152
-11.304619789123535
-11.309412002563477
-11.31241512298584
-11.310858726501465
-11.313887596130371
-11.309499740600586
-11.314870834350586
-11.30855655670166
-11.306748390197754
-11.306478500366211
-11.300422668457031
-11.294576644897461
-11.306792259216309
-11.296307563781738
-11.292333602905273
-11.295777320861816
-11.295857429504395
-11.305386543273926
-11.31091022491455
-11.310639381408691
-11.318294525146484
-11.312599182128906
-11.312423706054688
-11.315608978271484
-11.318175315856934
-11.321796417236328
-11.318193435668945
-11.318559646606445
-11.317169189453125
-11.31924057006836
-11.311017990112305
-11.31850814819336
-11.314943313598633
-11.313679695129395
-11.31232738494873
-11.306930541992188
-11.307873725891113
-11.308520317077637
-11.318154335021973
-11.314837455749512
-11.31227970123291
-11.302295684814453
-11.290019035339355
-11.289508819580078
-11.28184700012207
-11.293036460876465
-11.297565460205078
-11.307522773742676
-11.311497688293457
-11.311178207397461
-11.308626174926758
-11.31019401550293
-11.314064979553223
-11.309146881103516
-11.305573463439941
-11.309211730957031
-11.314412117004395
-11.320980072021484
-11.318077087402344
-11.321981430053711
-11.319451332092285
-11.317622184753418
-11.32111930847168
-11.319345474243164
-11.320706367492676
-11.314078330993652
-11.317317962646484
-11.317208290100098
-11.313925743103027
-11.316141128540039
-11.31312084197998
-11.29879093170166
-11.29866886138916
-11.285780906677246
-11.288725852966309
-11.294708251953125
-11.300620079040527
-11.306018829345703
-11.307069778442383
-11.305434226989746
-11.312488555908203
-11.312352180480957
-11.303387641906738
-11.294334411621094
-11.29698371887207
-11.304666519165039
-11.310199737548828
-11.305530548095703
-11.31602954864502
-11.318897247314453
-11.313907623291016
-11.309381484985352
-11.30246639251709
-11.285113334655762
-11.269686698913574
-11.276496887207031
-11.303778648376465
-11.31737232208252
-11.321619033813477
-11.324896812438965
-11.314621925354004
-11.310704231262207
-11.297341346740723
-11.28258228302002
-11.281494140625
-11.288053512573242
-11.31061840057373
-11.318828582763672
-11.317903518676758
-11.319109916687012
-11.31314754486084
-11.306753158569336
-11.299287796020508
-11.306937217712402
-11.317817687988281
-11.31865119934082
-11.317107200622559
-11.320341110229492
-11.324797630310059
-11.32478141784668
-11.320978164672852
-11.31554889678955
-11.312713623046875
-11.320230484008789
-11.321049690246582
-11.325857162475586
-11.325678825378418
-11.318334579467773
-11.313169479370117
-11.300036430358887
-11.293534278869629
-11.292987823486328
-11.297443389892578
-11.311814308166504
-11.317757606506348
-11.323328971862793
-11.321670532226562
-11.317981719970703
-11.309479713439941
-11.3018159866333
-11.297256469726562
-11.29542350769043
-11.308826446533203
-11.316817283630371
-11.322259902954102
-11.3232421875
-11.323382377624512
-11.317956924438477
-11.326549530029297
-11.321822166442871
-11.324573516845703
-11.325444221496582
-11.321742057800293
-11.32522964477539
-11.325940132141113
-11.32271671295166
-11.323270797729492
-11.321545600891113
-11.325668334960938
-11.322443008422852
-11.324271202087402
-11.329566955566406
-11.327230453491211
-11.329100608825684
-11.322208404541016
-11.322096824645996
-11.31592082977295
-11.316834449768066
-11.32023811340332
-11.318090438842773
-11.317975044250488
-11.319124221801758
-11.325630187988281
-11.324854850769043
-11.327667236328125
-11.327522277832031
-11.326302528381348
-11.316040992736816
-11.296798706054688
-11.279194831848145
-11.283185958862305
-11.292263984680176
-11.304656982421875
-11.315194129943848
-11.323470115661621
-11.32569694519043
-11.328020095825195
-11.316529273986816
-11.300950050354004
-11.291024208068848
-11.291183471679688
-11.293353080749512
-11.306157112121582
-11.315863609313965
-11.322306632995605
-11.324803352355957
-11.330103874206543
-11.326894760131836
-11.327101707458496
-11.322408676147461
-11.313257217407227
-11.308238983154297
-11.303665161132812
-11.307178497314453
-11.312521934509277
-11.327014923095703
-11.330413818359375
-11.326045989990234
-11.32569408416748
-11.314314842224121
-11.318561553955078
-11.315606117248535
-11.31730842590332
-11.322216987609863
-11.321895599365234
-11.331629753112793
-11.331961631774902
-11.326654434204102
-11.331791877746582
-11.323446273803711
-11.324028015136719
-11.299439430236816
-11.280646324157715
-11.281954765319824
-11.293540000915527
-11.306268692016602
-11.328719139099121
-11.331071853637695
-11.324241638183594
-11.324708938598633
-11.322011947631836
-11.31224250793457
-11.300302505493164
-11.309420585632324
-11.316707611083984
-11.31937026977539
-11.329129219055176
-11.330754280090332
-11.330588340759277
-11.32684326171875
-11.317757606506348
-11.31374740600586
-11.308045387268066
-11.316678047180176
-11.322189331054688
-11.32548999786377
-11.323709487915039
-11.32190990447998
-11.30632209777832
-11.300809860229492
-11.30762004852295
-11.324039459228516
-11.333718299865723
-11.327757835388184
-11.317469596862793
-11.312753677368164
-11.315939903259277
-11.324792861938477
-11.334484100341797
-11.330221176147461
-11.328152656555176
-11.317474365234375
-11.315628051757812
-11.306108474731445
-11.31323528289795
-11.323681831359863
-11.318501472473145
-11.328639030456543
-11.332365989685059
-11.33050537109375
-11.314013481140137
-11.306403160095215
-11.299551010131836
-11.307145118713379
-11.309280395507812
-11.321882247924805
-11.330475807189941
-11.329967498779297
-11.329011917114258
-11.33158016204834
-11.33253002166748
-11.338096618652344
-11.334086418151855
-11.332261085510254
-11.320579528808594
-11.313570022583008
-11.315945625305176
-11.320331573486328
-11.329237937927246
-11.330784797668457
-11.329961776733398
-11.333634376525879
-11.337403297424316
-11.333047866821289
-11.336097717285156
-11.336629867553711
-11.333415031433105
-11.33733081817627
-11.329215049743652
-11.334067344665527
-11.330260276794434
-11.325281143188477
-11.329523086547852
-11.329296112060547
-11.322402954101562
-11.31826114654541
-11.31403923034668
-11.311941146850586
-11.30678653717041
-11.31102180480957
-11.316563606262207
-11.317577362060547
-11.3207368850708
-11.322577476501465
-11.323519706726074
-11.327454566955566
-11.326462745666504
-11.321232795715332
-11.321232795715332
-11.32349681854248
-11.319732666015625
-11.320696830749512
-11.32494831085205
-11.317986488342285
-11.317828178405762
-11.321234703063965
-11.311286926269531
-11.315641403198242
-11.328335762023926
-11.328754425048828
-11.334188461303711
-11.33153247833252
-11.335230827331543
-11.337686538696289
-11.33012866973877
-11.330881118774414
-11.327924728393555
-11.330495834350586
-11.328450202941895
-11.329438209533691
-11.335148811340332
-11.333273887634277
-11.331976890563965
-11.328741073608398
-11.325879096984863
-11.326314926147461
-11.322291374206543
-11.313366889953613
-11.323429107666016
-11.320063591003418
-11.335606575012207
-11.335249900817871
-11.338438987731934
-11.323094367980957
-11.311874389648438
-11.317513465881348
-11.325533866882324
-11.325454711914062
-11.329455375671387
-11.322680473327637
-11.30889892578125
-11.31217098236084
-11.320991516113281
-11.3277006149292
-11.338064193725586
-11.34107494354248
-11.338573455810547
-11.332919120788574
-11.332001686096191
-11.339906692504883
-11.340638160705566
-11.326220512390137
-11.327704429626465
-11.320574760437012
-11.318881034851074
-11.312341690063477
-11.321146011352539
-11.332993507385254
-11.3353910446167
-11.335074424743652
-11.33470344543457
-11.331241607666016
-11.33989143371582
-11.329913139343262
-11.330814361572266
-11.336938858032227
-11.339863777160645
-11.334334373474121
-11.338465690612793
-11.339906692504883
-11.339481353759766
-11.334748268127441
-11.332869529724121
-11.33368968963623
-11.331930160522461
-11.331442832946777
-11.33983039855957
-11.33819580078125
-11.336276054382324
-11.337336540222168
-11.33956241607666
-11.33692741394043
-11.342416763305664
-11.339274406433105
-11.343064308166504
-11.341514587402344
-11.343294143676758
-11.338798522949219
-11.332810401916504
-11.337824821472168
-11.339001655578613
-11.345437049865723
-11.343846321105957
-11.341652870178223
-11.338857650756836
-11.337531089782715
-11.340319633483887
-11.34135913848877
-11.338969230651855
-11.341012954711914
-11.339950561523438
-11.334609985351562
-11.324185371398926
-11.309483528137207
-11.29289722442627
-11.295814514160156
-11.309636116027832
-11.330700874328613
-11.334439277648926
-11.33415699005127
-11.340904235839844
-11.342308044433594
-11.344259262084961
-11.335692405700684
-11.343768119812012
-11.340777397155762
-11.332897186279297
-11.337957382202148
-11.336894989013672
-11.332317352294922
-11.339086532592773
-11.34129810333252
-11.342899322509766
-11.33625602722168
-11.344937324523926
-11.343393325805664
-11.342233657836914
-11.336150169372559
-11.346418380737305
-11.343487739562988
-11.34189510345459
-11.340913772583008
-11.338506698608398
-11.341989517211914
-11.336353302001953
-11.327192306518555
-11.330982208251953
-11.325721740722656
-11.321220397949219
-11.31076717376709
-11.293634414672852
-11.307820320129395
-11.319698333740234
-11.326237678527832
-11.33780574798584
-11.337713241577148
-11.33842658996582
-11.341459274291992
-11.33156681060791
-11.31972599029541
-11.30002498626709
-11.296085357666016
-11.287918090820312
-11.296060562133789
-11.308222770690918
-11.32907485961914
-11.335636138916016
-11.340289115905762
-11.34522819519043
-11.341887474060059
-11.346168518066406
-11.34135627746582
-11.344426155090332
-11.336164474487305
-11.326849937438965
-11.31099796295166
-11.314372062683105
-11.3219575881958
-11.330692291259766
-11.3361234664917
-11.337674140930176
-11.34272289276123
-11.344488143920898
-11.3493013381958
-11.344661712646484
-11.338127136230469
-11.33084774017334
-11.32492446899414
-11.324329376220703
-11.322798728942871
-11.328084945678711
-11.330896377563477
-11.333456993103027
-11.33244514465332
-11.33295726776123
-11.33907413482666
-11.333888053894043
-11.331701278686523
-11.32367992401123
-11.31806755065918
-11.322920799255371
-11.326797485351562
-11.328993797302246
-11.335219383239746
-11.346394538879395
-11.343786239624023
-11.346992492675781
-11.34362506866455
-11.336837768554688
-11.3324556350708
-11.319371223449707
-11.323622703552246
-11.324052810668945
-11.332025527954102
-11.343511581420898
-11.33891773223877
-11.341354370117188
-11.335397720336914
-11.331076622009277
-11.316585540771484
-11.290303230285645
-11.295777320861816
-11.307351112365723
-11.332489967346191
-11.345708847045898
-11.343062400817871
-11.333105087280273
-11.314088821411133
-11.301125526428223
-11.302607536315918
-11.33041763305664
-11.341036796569824
-11.345087051391602
-11.34689712524414
-11.330251693725586
-11.328042030334473
-11.324721336364746
-11.332311630249023
-11.337773323059082
-11.344714164733887
-11.35033893585205
-11.348980903625488
-11.330599784851074
-11.317230224609375
-11.309081077575684
-11.318208694458008
-11.340411186218262
-11.346960067749023
-11.347028732299805
-11.336514472961426
-11.334203720092773
-11.330567359924316
-11.331052780151367
-11.335726737976074
-11.344137191772461
-11.34795093536377
-11.34797477722168
-11.351805686950684
-11.347187042236328
-11.34757137298584
-11.34527587890625
-11.34829044342041
-11.349283218383789
-11.348400115966797
-11.349263191223145
-11.346753120422363
-11.34656810760498
-11.350048065185547
-11.35108470916748
-11.348396301269531
-11.343880653381348
-11.349921226501465
-11.349870681762695
-11.345352172851562
-11.350629806518555
-11.35029125213623
-11.350138664245605
-11.347237586975098
-11.349220275878906
-11.350125312805176
-11.34900951385498
-11.346817016601562
-11.350139617919922
-11.352425575256348
-11.350420951843262
-11.347615242004395
-11.350347518920898
-11.35197925567627
-11.353583335876465
-11.349092483520508
-11.344854354858398
-11.346052169799805
-11.342015266418457
-11.343162536621094
-11.339383125305176
-11.33702278137207
-11.335505485534668
-11.332122802734375
-11.33385181427002
-11.339385986328125
-11.335128784179688
-11.341197967529297
-11.341078758239746
-11.345952033996582
-11.34575366973877
-11.348451614379883
-11.34259033203125
-11.343809127807617
-11.340364456176758
-11.33825397491455
-11.335558891296387
-11.323494911193848
-11.320287704467773
-11.317018508911133
-11.328588485717773
-11.334815979003906
-11.345467567443848
-11.347476959228516
-11.352470397949219
-11.348937034606934
-11.344980239868164
-11.344069480895996
-11.345406532287598
-11.344740867614746
-11.344040870666504
-11.348541259765625
-11.346766471862793
-11.347862243652344
-11.342626571655273
-11.33408260345459
-11.326064109802246
-11.321377754211426
-11.318848609924316
-11.324799537658691
-11.340445518493652
-11.347417831420898
-11.348404884338379
-11.3528413772583
-11.332569122314453
-11.327930450439453
-11.325385093688965
-11.319814682006836
-11.331541061401367
-11.33779239654541
-11.351236343383789
-11.347077369689941
-11.346451759338379
-11.339604377746582
-11.319855690002441
-11.3121919631958
-11.318426132202148
-11.319573402404785
-11.31849193572998
-11.306253433227539
-11.303325653076172
-11.310017585754395
-11.32069206237793
-11.334746360778809
-11.351208686828613
-11.349735260009766
-11.338406562805176
-11.335620880126953
-11.335927963256836
-11.349143028259277
-11.34875202178955
-11.351310729980469
-11.355335235595703
-11.34792423248291
-11.34876537322998
-11.350465774536133
-11.346555709838867
-11.346807479858398
-11.336544036865234
-11.331511497497559
-11.3244047164917
-11.328834533691406
-11.335785865783691
-11.338465690612793
-11.352741241455078
-11.350784301757812
-11.359331130981445
-11.352877616882324
-11.339609146118164
-11.332585334777832
-11.334748268127441
-11.34131145477295
-11.346531867980957
-11.356283187866211
-11.350851058959961
-11.354297637939453
-11.352646827697754
-11.345073699951172
-11.33648681640625
-11.33747673034668
-11.340126991271973
-11.34365177154541
-11.347536087036133
-11.351652145385742
-11.355765342712402
-11.359018325805664
-11.35013198852539
-11.340835571289062
-11.334704399108887
-11.327892303466797
-11.33746337890625
-11.342849731445312
-11.355525016784668
-11.347567558288574
-11.34732723236084
-11.353021621704102
-11.350202560424805
-11.351067543029785
-11.34882640838623
-11.349143028259277
-11.351727485656738
-11.351304054260254
-11.348615646362305
-11.349709510803223
-11.35481071472168
-11.34805679321289
-11.352700233459473
-11.35815143585205
-11.350290298461914
-11.357270240783691
-11.355801582336426
-11.35832691192627
-11.35574722290039
-11.356042861938477
-11.358355522155762
-11.354154586791992
-11.358070373535156
-11.357068061828613
-11.354072570800781
-11.351263046264648
-11.35003662109375
-11.357002258300781
-11.35690689086914
-11.357758522033691
-11.35818862915039
-11.358304977416992
-11.352202415466309
-11.352326393127441
-11.353411674499512
-11.348283767700195
-11.348078727722168
-11.352855682373047
-11.3548583984375
-11.359301567077637
-11.35853385925293
-11.358025550842285
-11.353100776672363
-11.357136726379395
-11.357789993286133
-11.354227066040039
-11.357234954833984
-11.353431701660156
-11.358538627624512
-11.351308822631836
-11.355414390563965
-11.360854148864746
-11.359183311462402
-11.355897903442383
-11.356359481811523
-11.351842880249023
-11.350899696350098
-11.349120140075684
-11.349822044372559
-11.345285415649414
-11.34561538696289
-11.341218948364258
-11.335413932800293
-11.33728313446045
-11.340271949768066
-11.337273597717285
-11.343852043151855
-11.342314720153809
-11.335527420043945
-11.320622444152832
-11.324714660644531
-11.324982643127441
-11.330944061279297
-11.342735290527344
-11.341602325439453
-11.357220649719238
-11.357991218566895
-11.352652549743652
-11.332514762878418
-11.303321838378906
-11.307801246643066
-11.31897258758545
-11.339805603027344
-11.352782249450684
-11.352949142456055
-11.32179069519043
-11.280248641967773
-11.270467758178711
-11.312647819519043
-11.34341049194336
-11.355591773986816
-11.33170223236084
-11.287351608276367
-11.27947998046875
-11.324061393737793
-11.350440979003906
-11.350624084472656
-11.315893173217773
-11.289803504943848
-11.308149337768555
-11.34985065460205
-11.36031436920166
-11.348268508911133
-11.340592384338379
-11.335958480834961
-11.332460403442383
-11.340752601623535
-11.345746040344238
-11.350190162658691
-11.353822708129883
-11.3563814163208
-11.358648300170898
-11.358524322509766
-11.35853099822998
-11.358916282653809
-11.361327171325684
-11.361032485961914
-11.3573637008667
-11.352624893188477
-11.347997665405273
-11.351207733154297
-11.357375144958496
-11.3536958694458
-11.36275577545166
-11.348183631896973
-11.345989227294922
-11.346810340881348
-11.347667694091797
-11.356356620788574
-11.363368034362793
-11.353946685791016
-11.350234985351562
-11.339101791381836
-11.341384887695312
-11.3478422164917
-11.350783348083496
-11.357771873474121
-11.358566284179688
-11.35482120513916
-11.355639457702637
-11.354183197021484
-11.361414909362793
-11.356281280517578
-11.357340812683105
-11.359764099121094
-11.353859901428223
-11.352821350097656
-11.354843139648438
-11.352575302124023
-11.350476264953613
-11.355647087097168
-11.358454704284668
-11.360382080078125
-11.360311508178711
-11.357911109924316
-11.356132507324219
-11.341676712036133
-11.334717750549316
-11.334338188171387
-11.340950012207031
-11.35495662689209
-11.358404159545898
-11.362348556518555
-11.35887336730957
-11.35403060913086
-11.350146293640137
-11.355731964111328
-11.357168197631836
-11.355676651000977
-11.35853385925293
-11.358315467834473
-11.360443115234375
-11.360228538513184
-11.36012077331543
-11.3582181930542
-11.355316162109375
-11.359878540039062
-11.359107971191406
-11.35959243774414
-11.358407020568848
-11.356864929199219
-11.358807563781738
-11.358736038208008
-11.35973834991455
-11.359847068786621
-11.362293243408203
-11.360079765319824
-11.360268592834473
-11.359966278076172
-11.36230182647705
-11.362549781799316
-11.35873031616211
-11.361392974853516
-11.363031387329102
-11.356571197509766
-11.358051300048828
-11.361701011657715
-11.365022659301758
-11.362775802612305
-11.358240127563477
-11.361564636230469
-11.365447998046875
-11.357548713684082
-11.359512329101562
-11.359726905822754
-11.354795455932617
-11.363450050354004
-11.360208511352539
-11.361055374145508
-11.363436698913574
-11.360212326049805
-11.363442420959473
-11.35821533203125
-11.356715202331543
-11.351597785949707
-11.347967147827148
-11.338655471801758
-11.329605102539062
-11.327747344970703
-11.332646369934082
-11.349604606628418
-11.35464096069336
-11.355419158935547
-11.367599487304688
-11.365814208984375
-11.366395950317383
-11.362882614135742
-11.36330795288086
-11.362222671508789
-11.362137794494629
-11.360386848449707
-11.356624603271484
-11.359365463256836
-11.355064392089844
-11.349157333374023
-11.332077980041504
-11.312275886535645
-11.301579475402832
-11.313858985900879
-11.328437805175781
-11.346293449401855
-11.360203742980957
-11.362131118774414
-11.359936714172363
-11.354089736938477
-11.343616485595703
-11.324875831604004
-11.31830883026123
-11.323593139648438
-11.3392333984375
-11.357247352600098
-11.35245132446289
-11.306907653808594
-11.264877319335938
-11.298160552978516
-11.354229927062988
-11.36490249633789
-11.331649780273438
-11.2935209274292
-11.290645599365234
-11.328254699707031
-11.357451438903809
-11.337320327758789
-11.282276153564453
-11.284457206726074
-11.342751502990723
-11.358415603637695
-11.350933074951172
-11.313529968261719
-11.293326377868652
-11.3153657913208
-11.349152565002441
-11.363762855529785
-11.345314025878906
-11.326986312866211
-11.322199821472168
-11.338418960571289
-11.35541820526123
-11.358813285827637
-11.365521430969238
-11.357702255249023
-11.352279663085938
-11.352100372314453
-11.356063842773438
-11.361495971679688
-11.35525894165039
-11.342366218566895
-11.318056106567383
-11.315423011779785
-11.34330940246582
-11.362166404724121
-11.36579418182373
-11.362231254577637
-11.351710319519043
-11.34912109375
-11.344898223876953
-11.356823921203613
-11.364044189453125
-11.365094184875488
-11.358670234680176
-11.35430908203125
-11.35678482055664
-11.35932731628418
-11.363166809082031
-11.366861343383789
-11.366952896118164
-11.366227149963379
-11.36351203918457
-11.363706588745117
-11.360260963439941
-11.356498718261719
-11.354255676269531
-11.364428520202637
-11.363468170166016
-11.366026878356934
-11.363383293151855
-11.365449905395508
-11.362217903137207
-11.362768173217773
-11.363656997680664
-11.363749504089355
-11.364530563354492
-11.365378379821777
-11.369426727294922
-11.364888191223145
-11.362648963928223
-11.365837097167969
-11.363303184509277
-11.360179901123047
-11.364370346069336
-11.366601943969727
-11.364825248718262
-11.367995262145996
-11.365334510803223
-11.36678695678711
-11.362438201904297
-11.35925579071045
-11.366559028625488
-11.36652946472168
-11.365874290466309
-11.365436553955078
-11.367559432983398
-11.368809700012207
-11.361966133117676
-11.36390495300293
-11.369428634643555
-11.36732292175293
-11.36426067352295
-11.364584922790527
-11.365412712097168
-11.366447448730469
-11.370348930358887
-11.364347457885742
-11.371529579162598
-11.367086410522461
-11.363127708435059
-11.362951278686523
-11.368409156799316
-11.364792823791504
-11.366578102111816
-11.364961624145508
-11.3672456741333
-11.367314338684082
-11.369202613830566
-11.369895935058594
-11.370115280151367
-11.363897323608398
-11.354727745056152
-11.345830917358398
-11.335041999816895
-11.339385032653809
-11.347878456115723
-11.358824729919434
-11.366874694824219
-11.370410919189453
-11.367708206176758
-11.361205101013184
-11.366911888122559
-11.36218547821045
-11.367778778076172
-11.36649227142334
-11.359773635864258
-11.36179256439209
-11.35976791381836
-11.363719940185547
-11.362776756286621
-11.363839149475098
-11.370287895202637
-11.366738319396973
-11.369040489196777
-11.364850044250488
-11.365021705627441
-11.359380722045898
-11.363183975219727
-11.363998413085938
-11.365081787109375
-11.36153507232666
-11.365954399108887
-11.364943504333496
-11.368948936462402
-11.36497974395752
-11.37033748626709
-11.362706184387207
-11.367615699768066
-11.365740776062012
-11.363276481628418
-11.36655044555664
-11.368440628051758
-11.366814613342285
-11.368698120117188
-11.36595344543457
-11.365555763244629
-11.364009857177734
-11.365055084228516
-11.364903450012207
-11.363521575927734
-11.365018844604492
-11.359244346618652
-11.365262985229492
-11.365859031677246
-11.37122917175293
-11.367425918579102
-11.372471809387207
-11.363518714904785
-11.364128112792969
-11.36518669128418
-11.363088607788086
-11.356470108032227
-11.346881866455078
-11.348444938659668
-11.34072208404541
-11.345126152038574
-11.348413467407227
-11.355525970458984
-11.361331939697266
-11.357366561889648
-11.360129356384277
-11.35318660736084
-11.34240436553955
-11.339573860168457
-11.33193302154541
-11.33015251159668
-11.33388900756836
-11.342041969299316
-11.351265907287598
-11.362668991088867
-11.369009017944336
-11.366974830627441
-11.367778778076172
-11.359541893005371
-11.356300354003906
-11.353167533874512
-11.340867042541504
-11.33952522277832
-11.346153259277344
-11.358015060424805
-11.366474151611328
-11.367840766906738
-11.366089820861816
-11.371078491210938
-11.367292404174805
-11.367609977722168
-11.366530418395996
-11.366336822509766
-11.361662864685059
-11.366363525390625
-11.369253158569336
-11.367218017578125
-11.368046760559082
-11.371539115905762
-11.371407508850098
-11.36947250366211
-11.363560676574707
-11.36861801147461
-11.370013236999512
-11.366830825805664
-11.364508628845215
-11.367776870727539
-11.365478515625
-11.366877555847168
-11.365142822265625
-11.366419792175293
-11.367243766784668
-11.370840072631836
-11.368001937866211
-11.369887351989746
-11.375042915344238
-11.36701488494873
-11.370352745056152
-11.371956825256348
-11.366783142089844
-11.367424964904785
-11.367173194885254
-11.360957145690918
-11.362338066101074
-11.363375663757324
-11.359763145446777
-11.356487274169922
-11.35538387298584
-11.353721618652344
-11.353236198425293
-11.346821784973145
-11.343266487121582
-11.344796180725098
-11.344584465026855
-11.347221374511719
-11.35895824432373
-11.367493629455566
-11.369736671447754
-11.37034797668457
-11.362421989440918
-11.34423828125
-11.334524154663086
-11.331079483032227
-11.32833194732666
-11.338536262512207
-11.355632781982422
-11.370244026184082
-11.369032859802246
-11.365519523620605
-11.35302448272705
-11.33797836303711
-11.314386367797852
-11.324913024902344
-11.341684341430664
-11.364664077758789
-11.371506690979004
-11.338769912719727
-11.303980827331543
-11.301881790161133
-11.322819709777832
-11.349058151245117
-11.362380981445312
-11.367515563964844
-11.358762741088867
-11.359637260437012
-11.35304069519043
-11.354208946228027
-11.343859672546387
-11.34321403503418
-11.352737426757812
-11.366716384887695
-11.371651649475098
-11.369339942932129
-11.366247177124023
-11.359075546264648
-11.354416847229004
-11.358442306518555
-11.355756759643555
-11.368868827819824
-11.37200927734375
-11.366470336914062
-11.358016014099121
-11.352675437927246
-11.3585205078125
-11.364428520202637
-11.360926628112793
-11.36640453338623
-11.367059707641602
-11.368205070495605
-11.37179946899414
-11.371983528137207
-11.37559986114502
-11.367456436157227
-11.37002182006836
-11.366889953613281
-11.368078231811523
-11.366101264953613
-11.369133949279785
-11.372356414794922
-11.370755195617676
-11.372664451599121
-11.371124267578125
-11.370946884155273
-11.365822792053223
-11.362533569335938
-11.363252639770508
-11.36874008178711
-11.36682415008545
-11.36830997467041
-11.373130798339844
-11.370099067687988
-11.373649597167969
-11.373065948486328
-11.369165420532227
-11.365507125854492
-11.359762191772461
-11.357107162475586
-11.357380867004395
-11.356903076171875
-11.354765892028809
-11.365958213806152
-11.366683006286621
-11.3734769821167
-11.376169204711914
-11.373406410217285
-11.371606826782227
-11.371315956115723
-11.370321273803711
-11.372291564941406
-11.367403984069824
-11.369391441345215
-11.364577293395996
-11.369818687438965
-11.364984512329102
-11.369187355041504
-11.371831893920898
-11.368486404418945
-11.369430541992188
-11.363245964050293
-11.366944313049316
-11.366811752319336
-11.364482879638672
-11.370155334472656
-11.369553565979004
-11.368803977966309
-11.3728609085083
-11.371345520019531
-11.370656967163086
-11.377826690673828
-11.372371673583984
-11.373392105102539
-11.374338150024414
-11.372154235839844
-11.376636505126953
-11.3749418258667
-11.372162818908691
-11.375853538513184
-11.37686824798584
-11.37022590637207
-11.376324653625488
-11.37879753112793
-11.375394821166992
-11.373734474182129
-11.375892639160156
-11.376521110534668
-11.3649263381958
-11.366915702819824
-11.355986595153809
-11.351790428161621
-11.342679977416992
-11.340729713439941
-11.336979866027832
-11.344077110290527
-11.353924751281738
-11.363970756530762
-11.36528205871582
-11.367053031921387
-11.359481811523438
-11.353174209594727
-11.346625328063965
-11.339982032775879
-11.345025062561035
-11.3629150390625
-11.376367568969727
-11.350521087646484
-11.302978515625
-11.285913467407227
-11.311827659606934
-11.34852123260498
-11.365974426269531
-11.368412971496582
-11.364401817321777
-11.372220039367676
-11.372350692749023
-11.368049621582031
-11.358149528503418
-11.350765228271484
-11.34541130065918
-11.364174842834473
-11.367712020874023
-11.373458862304688
-11.375442504882812
-11.371883392333984
-11.375967025756836
-11.372014999389648
-11.370796203613281
-11.366107940673828
-11.358778953552246
-11.359611511230469
-11.346855163574219
-11.357793807983398
-11.365166664123535
-11.363972663879395
-11.367868423461914
-11.355790138244629
-11.348727226257324
-11.335404396057129
-11.335047721862793
-11.337924003601074
-11.356318473815918
-11.361641883850098
-11.371140480041504
-11.368242263793945
-11.365948677062988
-11.365654945373535
-11.36812973022461
