loss_total
-22.20907211303711
-22.05245018005371
-22.39311408996582
-22.218706130981445
-22.329286575317383
-22.398128509521484
-22.16991424560547
-22.74991798400879
-22.72978973388672
-22.76658058166504
-22.981914520263672
-22.88470458984375
-22.900766372680664
-23.257341384887695
-23.08917808532715
-23.309404373168945
-23.43724822998047
-23.5013484954834
-23.625675201416016
-23.495176315307617
-23.68919563293457
-23.959558486938477
-23.89053726196289
-23.970888137817383
-24.295501708984375
-24.200403213500977
-24.145776748657227
-24.36209487915039
-24.615060806274414
-24.733238220214844
-24.836408615112305
-24.78476905822754
-24.859411239624023
-25.112552642822266
-25.347576141357422
-25.518352508544922
-25.89299201965332
-25.92894172668457
-26.07040786743164
-26.277799606323242
-26.541419982910156
-26.821706771850586
-27.140573501586914
-27.467391967773438
-27.674571990966797
-27.983314514160156
-28.159658432006836
-28.35702133178711
-28.894062042236328
-28.99784278869629
-29.160919189453125
-29.465267181396484
-29.66560935974121
-29.927345275878906
-30.166372299194336
-30.504981994628906
-31.015073776245117
-31.55463409423828
-31.835926055908203
-31.576086044311523
-31.474828720092773
-31.483694076538086
-31.364198684692383
-31.542306900024414
-31.67607879638672
-31.78268051147461
-32.21905517578125
-32.16794204711914
-32.128013610839844
-32.08733367919922
-32.20988845825195
-32.075157165527344
-32.13103485107422
-32.24019241333008
-32.50056838989258
-32.469871520996094
-32.5228271484375
-32.46131134033203
-32.69944381713867
-32.622337341308594
-32.65047073364258
-32.65497589111328
-32.750755310058594
-32.80678176879883
-32.87884521484375
-32.92808532714844
-32.89487838745117
-32.92283630371094
-33.00387191772461
-32.98476791381836
-33.009857177734375
-33.11405944824219
-33.0977783203125
-33.16713333129883
-33.181854248046875
-33.227821350097656
-33.2392463684082
-33.27589797973633
-33.36554718017578
-33.32099533081055
-33.40476989746094
-33.44527816772461
-33.5384407043457
-33.615928649902344
-33.584632873535156
-33.63411331176758
-33.72353744506836
-33.73798751831055
-33.80635452270508
-33.89202117919922
-33.93819808959961
-34.043914794921875
-34.11949920654297
-34.06460189819336
-34.22793960571289
-34.28663635253906
-34.27423858642578
-34.3516731262207
-34.41892623901367
-34.41603088378906
-34.615989685058594
-34.653472900390625
-34.798831939697266
-34.81846618652344
-34.90875244140625
-34.99330139160156
-35.19353103637695
-35.1749267578125
-35.378318786621094
-35.419281005859375
-35.469024658203125
-35.646697998046875
-35.89533233642578
-35.806583404541016
-36.3062744140625
-36.39054489135742
-36.54237365722656
-36.83952713012695
-36.90326690673828
-37.03639221191406
-37.294124603271484
-37.3779182434082
-37.36323928833008
-37.651248931884766
-37.58007049560547
-37.83229064941406
-37.697166442871094
-38.01536560058594
-38.04154586791992
-38.0421142578125
-38.05083465576172
-38.34177017211914
-38.471466064453125
-38.49869155883789
-38.80051803588867
-38.88113021850586
-39.11656188964844
-39.38817596435547
-39.48043441772461
-39.56374740600586
-39.890846252441406
-39.83659744262695
-40.14970016479492
-40.10832214355469
-40.352691650390625
-40.34748077392578
-40.48615264892578
-40.37413787841797
-40.59065246582031
-40.40056610107422
-40.628822326660156
-40.573482513427734
-40.511539459228516
-40.7905387878418
-40.81978225708008
-40.56425476074219
-41.1866340637207
-40.938297271728516
-41.02531814575195
-41.13803482055664
-41.050777435302734
-41.24587631225586
-41.191734313964844
-41.349952697753906
-41.23490524291992
-41.46949005126953
-41.55180740356445
-41.52364730834961
-41.649349212646484
-41.705291748046875
-41.696693420410156
-41.82392883300781
-41.78300476074219
-41.832427978515625
-41.868568420410156
-41.978187561035156
-41.927520751953125
-42.03489685058594
-42.17719268798828
-42.17422866821289
-42.20158386230469
-42.320465087890625
-42.33109664916992
-42.36182403564453
-42.38788604736328
-42.47254180908203
-42.56410598754883
-42.59197235107422
-42.58491516113281
-42.593563079833984
-42.74918746948242
-42.702213287353516
-42.824588775634766
-42.86715316772461
-42.83924865722656
-42.95431900024414
-42.949832916259766
-42.788490295410156
-43.05108642578125
-43.08211898803711
-43.07291030883789
-43.23155212402344
-43.20980453491211
-43.17483901977539
-43.26055145263672
-43.15373992919922
-43.34868240356445
-43.34663391113281
-43.4378662109375
-43.50724792480469
-43.49024200439453
-43.535316467285156
-43.61006164550781
-43.62443923950195
-43.63319396972656
-43.72687530517578
-43.7532844543457
-43.77464294433594
-43.80130386352539
-43.946533203125
-43.86371612548828
-43.99073028564453
-44.02845764160156
-43.81895446777344
-44.093101501464844
-44.10655212402344
-44.17743682861328
-44.25664520263672
-44.30282974243164
-44.309078216552734
-44.387332916259766
-44.483909606933594
-44.41844940185547
-44.42140197753906
-44.62810134887695
-44.61522674560547
-44.68329620361328
-44.743003845214844
-44.70018005371094
-44.75397872924805
-44.84657669067383
-45.041114807128906
-44.965415954589844
-45.02845764160156
-45.008026123046875
-45.214874267578125
-45.20487976074219
-45.226680755615234
-45.252220153808594
-45.325687408447266
-45.34553527832031
-45.35847854614258
-45.433345794677734
-45.50410079956055
-45.505977630615234
-45.518310546875
-45.612098693847656
-45.56315231323242
-45.62661361694336
-45.647605895996094
-45.589256286621094
-45.64027404785156
-45.729461669921875
-45.8504524230957
-45.83314514160156
-45.87909698486328
-46.0135498046875
-45.935829162597656
-45.98526382446289
-45.98185729980469
-46.07856750488281
-46.04857635498047
-45.977821350097656
-46.01316452026367
-46.10406494140625
-46.207115173339844
-46.19009017944336
-46.194217681884766
-46.27141189575195
-46.340476989746094
-46.15768051147461
-46.14073944091797
-46.266456604003906
-46.330772399902344
-46.43781661987305
-46.31495666503906
-46.33869934082031
-46.39453125
-46.481956481933594
-46.39167022705078
-46.48751449584961
-46.54804229736328
-46.47872543334961
-46.477535247802734
-46.45832443237305
-46.56513214111328
-46.49470138549805
-46.40961837768555
-46.396080017089844
-46.62880325317383
-46.56242752075195
-46.55989456176758
-46.60379409790039
-46.52811813354492
-46.58665084838867
-46.69749450683594
-46.693729400634766
-46.76945114135742
-46.64012145996094
-46.62480545043945
-46.63098907470703
-46.77644729614258
-46.757930755615234
-46.78022766113281
-46.72602844238281
-46.82646560668945
-46.89894485473633
-46.79140853881836
-46.84200668334961
-46.96108627319336
-46.99971008300781
-46.885921478271484
-46.76290512084961
-46.96266174316406
-46.930992126464844
-46.85537338256836
-46.95428466796875
-46.8798942565918
-47.04096984863281
-47.11579895019531
-47.028079986572266
-46.9373779296875
-47.079917907714844
-47.148826599121094
-47.08342361450195
-47.10536193847656
-46.91328430175781
-47.07522964477539
-47.19134521484375
-47.0235481262207
-47.052364349365234
-47.163169860839844
-47.133968353271484
-47.16413116455078
-47.16425323486328
-47.279884338378906
-47.14723587036133
-47.207786560058594
-47.1879997253418
-47.29479217529297
-47.26917266845703
-47.37826156616211
-47.417415618896484
-47.364601135253906
-47.318511962890625
-47.37985610961914
-47.32559585571289
-47.1757926940918
-47.38233184814453
-47.47331619262695
-47.41541290283203
-47.37363052368164
-47.433013916015625
-47.46238708496094
-47.44054412841797
-47.51462936401367
-47.5367546081543
-47.518310546875
-47.51591491699219
-47.492496490478516
-47.58003616333008
-47.531349182128906
-47.39120864868164
-47.51992416381836
-47.63421630859375
-47.443328857421875
-47.56980895996094
-47.70907211303711
-47.63941955566406
-47.58111572265625
-47.62379837036133
-47.595916748046875
-47.685359954833984
-47.68912887573242
-47.631744384765625
-47.674713134765625
-47.72214889526367
-47.678558349609375
-47.661277770996094
-47.67083740234375
-47.743865966796875
-47.77920913696289
-47.73085021972656
-47.843040466308594
-47.81970977783203
-47.61021423339844
-47.85015106201172
-47.85722732543945
-47.7015380859375
-47.88557815551758
-47.86429214477539
-47.61811065673828
-47.795555114746094
-47.916343688964844
-47.674034118652344
-47.93453598022461
-47.98972702026367
-47.8425407409668
-47.91603088378906
-48.026527404785156
-47.84973907470703
-47.911773681640625
-47.97179412841797
-47.98750686645508
-48.03123092651367
-47.9744987487793
-48.06102752685547
-47.961727142333984
-47.89253234863281
-48.08509063720703
-48.040714263916016
-47.96776580810547
-48.11338424682617
-47.89846420288086
-48.048828125
-48.12600326538086
-48.07670974731445
-48.11729049682617
-48.13033676147461
-48.03101348876953
-48.16859436035156
-48.179832458496094
-48.068748474121094
-48.112632751464844
-48.24068069458008
-48.12751388549805
-48.148956298828125
-48.23067855834961
-48.305152893066406
-48.07695388793945
-48.11571502685547
-48.315555572509766
-48.18862533569336
-48.1708869934082
-48.35447311401367
-48.18716049194336
-48.25530242919922
-48.471153259277344
-48.35784149169922
-48.24893569946289
-48.40070343017578
-48.38180160522461
-48.245548248291016
-48.25633239746094
-48.31654357910156
-48.17039108276367
-48.30575180053711
-48.413352966308594
-48.307106018066406
-48.285682678222656
-48.45464324951172
-48.36235809326172
-48.420928955078125
-48.50331115722656
-48.47773742675781
-48.51679992675781
-48.47240447998047
-48.40878677368164
-48.47233200073242
-48.58609390258789
-48.496395111083984
-48.510719299316406
-48.58197021484375
-48.5494384765625
-48.50934982299805
-48.53276062011719
-48.5322265625
-48.58305358886719
-48.576263427734375
-48.51766586303711
-48.561363220214844
-48.57805252075195
-48.485633850097656
-48.580997467041016
-48.60078430175781
-48.674049377441406
-48.69679260253906
-48.57434844970703
-48.59670639038086
-48.61908721923828
-48.6170539855957
-48.59107971191406
-48.61392593383789
-48.610130310058594
-48.72282028198242
-48.697757720947266
-48.710594177246094
-48.644683837890625
-48.6621208190918
-48.68970489501953
-48.66542434692383
-48.62196731567383
-48.689552307128906
-48.715179443359375
-48.60272979736328
-48.815940856933594
-48.837913513183594
-48.799739837646484
-48.852787017822266
-48.8398551940918
-48.80401611328125
-48.848236083984375
-48.77753448486328
-48.781578063964844
-48.86235427856445
-48.78949737548828
-48.810020446777344
-48.762474060058594
-48.831687927246094
-48.839561462402344
-48.887542724609375
-48.76947784423828
-48.78544616699219
-48.82223129272461
-48.85478591918945
-48.97906494140625
-48.90351104736328
-48.94465637207031
-48.89289855957031
-48.977874755859375
-48.98725891113281
-48.938167572021484
-48.89116287231445
-48.91149139404297
-48.89013671875
-48.95122528076172
-49.023826599121094
-48.95768356323242
-48.78675842285156
-48.866920471191406
-49.03467559814453
-49.05809783935547
-48.76943588256836
-48.785011291503906
-49.12480545043945
-48.74812316894531
-48.82816696166992
-49.067543029785156
-48.68645477294922
-48.92515182495117
-49.09138488769531
-48.78080749511719
-48.98101806640625
-49.10792541503906
-48.75023651123047
-48.948883056640625
-49.0850830078125
-49.04059982299805
-49.018028259277344
-49.08359146118164
-49.09540557861328
-49.05800247192383
-49.06827926635742
-49.14820861816406
-49.11823272705078
-49.17778015136719
-49.19978332519531
-49.15338897705078
-49.228492736816406
-49.084632873535156
-49.166900634765625
-49.162940979003906
-49.22441864013672
-49.26375961303711
-49.16452407836914
-49.171180725097656
-49.22010040283203
-49.20703125
-49.201969146728516
-49.146827697753906
-49.24119567871094
-49.27241897583008
-49.25897979736328
-49.290313720703125
-49.34516906738281
-49.24786376953125
-49.31904602050781
-49.3834114074707
-49.33702087402344
-49.398712158203125
-49.31885528564453
-49.29926300048828
-49.31999969482422
-49.38884735107422
-49.36399841308594
-49.31903076171875
-49.23326110839844
-49.375144958496094
-49.32720184326172
-49.38029479980469
-49.36290740966797
-49.3677978515625
-49.37954330444336
-49.38282775878906
-49.398746490478516
-49.411312103271484
-49.487396240234375
-49.39958190917969
-49.43163299560547
-49.49674606323242
-49.393653869628906
-49.42211151123047
-49.51893615722656
-49.507755279541016
-49.370269775390625
-49.37930679321289
-49.37699890136719
-49.43492889404297
-49.55445861816406
-49.56571960449219
-49.53908920288086
-49.54377365112305
-49.29669189453125
-49.27936935424805
-49.570762634277344
-49.44060516357422
-49.28608322143555
-49.535797119140625
-49.55911636352539
-49.492591857910156
-49.41408157348633
-49.465972900390625
-49.58941650390625
-49.534996032714844
-49.346160888671875
-49.4556884765625
-49.59604263305664
-49.507083892822266
-49.368927001953125
-49.55707550048828
-49.576385498046875
-49.56024169921875
-49.503578186035156
-49.66632080078125
-49.71944046020508
-49.749481201171875
-49.618988037109375
-49.658042907714844
-49.55498123168945
-49.558143615722656
-49.61800003051758
-49.72395324707031
-49.49850082397461
-49.60163116455078
-49.598201751708984
-49.63474655151367
-49.64857864379883
-49.67024612426758
-49.67437744140625
-49.74364471435547
-49.74191665649414
-49.767601013183594
-49.711158752441406
-49.7152214050293
-49.717262268066406
-49.7810173034668
-49.78167724609375
-49.828834533691406
-49.81297302246094
-49.71678161621094
-49.49996566772461
-49.680694580078125
-49.66695785522461
-49.70166015625
-49.85231399536133
-49.84063720703125
-49.45258331298828
-49.61385726928711
-49.679176330566406
-49.63765335083008
-49.82405471801758
-49.76673889160156
-49.69207000732422
-49.74647903442383
-49.50084686279297
-49.680912017822266
-49.60801315307617
-49.59419250488281
-49.860328674316406
-49.65945053100586
-49.712833404541016
-49.965309143066406
-49.771976470947266
-49.581974029541016
-49.948272705078125
-49.69963836669922
-49.625492095947266
-49.786075592041016
-49.8309211730957
-49.60258483886719
-49.85984420776367
-49.746463775634766
-49.690425872802734
-49.991825103759766
-49.76301193237305
-49.60001754760742
-49.856239318847656
-49.78057861328125
-49.78976058959961
-50.01471710205078
-49.72234344482422
-49.713531494140625
-50.016319274902344
-49.83533477783203
-49.77079391479492
-50.009552001953125
-49.77345657348633
-49.81159210205078
-50.05964660644531
-49.8352165222168
-49.82240676879883
-50.051414489746094
-49.892974853515625
-49.81559753417969
-50.02654266357422
-49.85297393798828
-49.853939056396484
-50.05860900878906
-49.755393981933594
-49.932796478271484
-50.09515380859375
-49.96276092529297
-50.0386848449707
-50.09199142456055
-49.94258117675781
-50.00001907348633
-50.05401611328125
-50.15285110473633
-50.100074768066406
-50.04505920410156
-50.05817794799805
-50.14617919921875
-50.06136703491211
-49.92613983154297
-50.110652923583984
-50.181602478027344
-50.1159782409668
-49.96883010864258
-50.0323486328125
-50.19456481933594
-50.07501983642578
-50.08038330078125
-50.158538818359375
-50.15554428100586
-50.05320739746094
-50.24695587158203
-50.047706604003906
-49.981048583984375
-50.21429443359375
-50.21629333496094
-49.945472717285156
-50.27827453613281
-50.06420135498047
-49.964942932128906
-50.22535705566406
-50.08528137207031
-49.893760681152344
-50.26167678833008
-50.033355712890625
-50.0238037109375
-50.25669860839844
-50.06536102294922
-50.05107879638672
-50.153377532958984
-49.895362854003906
-50.133853912353516
-50.19664001464844
-50.10209274291992
-50.270938873291016
-50.26233673095703
-50.098976135253906
-50.26399230957031
-50.274253845214844
-50.29414749145508
-50.27163314819336
-50.32408142089844
-50.25305938720703
-50.119712829589844
-50.35904312133789
-50.266021728515625
-50.04487609863281
-50.21737289428711
-50.25365447998047
-50.175472259521484
-50.27572250366211
-50.31646728515625
-50.2740592956543
-50.20586013793945
-50.20624542236328
-50.34973907470703
-50.312889099121094
-50.298919677734375
-50.159339904785156
-50.345706939697266
-50.398468017578125
-50.32524108886719
-50.221195220947266
-50.302459716796875
-50.353981018066406
-50.328834533691406
-50.37645721435547
-50.3466911315918
-50.480804443359375
-50.240379333496094
-50.20161437988281
-50.39860916137695
-50.3419189453125
-50.13662338256836
-50.42582702636719
-50.305084228515625
-50.08738708496094
-50.45506286621094
-50.06816482543945
-50.30244827270508
-50.466712951660156
-50.126869201660156
-50.218841552734375
-50.359336853027344
-50.22449493408203
-50.33530807495117
-50.3685188293457
-50.31351852416992
-50.42807388305664
-50.41508102416992
-50.42339324951172
-50.512367248535156
-50.44770050048828
-50.361148834228516
-50.47307586669922
-50.360816955566406
-50.41451644897461
-50.53231430053711
-50.39201354980469
-50.40776062011719
-50.44612503051758
-50.42930603027344
-50.462989807128906
-50.4500617980957
-50.324745178222656
-50.4072265625
-50.49740982055664
-50.37451171875
-50.44985580444336
-50.41423797607422
-50.49424743652344
-50.41135787963867
-50.39313507080078
-50.3698616027832
-50.402679443359375
-50.55121994018555
-50.464210510253906
-50.40894317626953
-50.40645980834961
-50.370880126953125
-50.55059814453125
-50.47649383544922
-50.368438720703125
-50.39491653442383
-50.58744812011719
-50.65473175048828
-50.576499938964844
-50.419677734375
-50.4011116027832
-50.404197692871094
-50.46308517456055
-50.384742736816406
-50.48770523071289
-50.6273193359375
-50.500091552734375
-50.40141296386719
-50.532562255859375
-50.59907531738281
-50.570186614990234
-50.4196662902832
-50.544105529785156
-50.5395393371582
-50.58484649658203
-50.3602180480957
-50.49379348754883
-50.616722106933594
-50.400177001953125
-50.563018798828125
-50.56594467163086
-50.44430923461914
-50.34003829956055
-50.575035095214844
-50.52769470214844
-50.63081741333008
-50.57414627075195
-50.585205078125
-50.56978988647461
-50.651756286621094
-50.4278678894043
-50.47968292236328
-50.65518569946289
-50.43658447265625
-50.443382263183594
-50.65901565551758
-50.65876388549805
-50.65293502807617
-50.63203430175781
-50.5538444519043
-50.63771057128906
-50.663883209228516
-50.65238952636719
-50.518272399902344
-50.48377990722656
-50.55006408691406
-50.556495666503906
-50.546913146972656
-50.570037841796875
-50.785369873046875
-50.54193878173828
-50.395511627197266
-50.472801208496094
-50.60252380371094
-50.568359375
-50.50394058227539
-50.30664825439453
-50.62176513671875
-50.68836212158203
-50.360450744628906
-50.41475296020508
-50.74443817138672
-50.51063919067383
-50.542484283447266
-50.72137451171875
-50.52064514160156
-50.334449768066406
-50.71106719970703
-50.48670959472656
-50.5709342956543
-50.68724060058594
-50.47898864746094
-50.48809051513672
-50.827606201171875
-50.502403259277344
-50.49104309082031
-50.67884826660156
-50.52000427246094
-50.574371337890625
-50.70274353027344
-50.46232223510742
-50.61395263671875
-50.724388122558594
-50.62346649169922
-50.59110641479492
-50.712646484375
-50.682518005371094
-50.662208557128906
-50.820892333984375
-50.623756408691406
-50.53881072998047
-50.71106719970703
-50.64140701293945
-50.63031005859375
-50.824527740478516
-50.6983528137207
-50.61509704589844
-50.73444747924805
-50.55918502807617
-50.60193634033203
-50.7816162109375
-50.516571044921875
-50.5383415222168
-50.818321228027344
-50.41240310668945
-50.70859909057617
-50.56256103515625
-50.51968765258789
-50.8257942199707
-50.42245864868164
-50.7078857421875
-50.71599197387695
-50.58740997314453
-50.80475616455078
-50.70664978027344
-50.47692108154297
-50.78146743774414
-50.60626220703125
-50.59757995605469
-50.854373931884766
-50.57024383544922
-50.70124053955078
-50.83839797973633
-50.6060905456543
-50.77912139892578
-50.82154083251953
-50.854339599609375
-50.74922180175781
-50.84274673461914
-50.751380920410156
-50.722389221191406
-50.88090896606445
-50.78324508666992
-50.68275451660156
-50.78294372558594
-50.857940673828125
-50.81505584716797
-50.88679504394531
-50.89919662475586
-50.899925231933594
-50.861053466796875
-50.75785827636719
-50.804298400878906
-50.804325103759766
-50.80857849121094
-50.873802185058594
-50.91450881958008
-50.8269157409668
-50.838802337646484
-50.82217788696289
-50.86593246459961
-50.840694427490234
-50.76890563964844
-50.79572296142578
-50.90133285522461
-51.00064468383789
-50.98670959472656
-50.790367126464844
-50.9071159362793
-50.89598083496094
-50.893524169921875
-50.801029205322266
-50.8801383972168
-50.85472106933594
-50.910762786865234
-50.78861618041992
-50.912864685058594
-50.83917236328125
-50.9474983215332
-50.92485809326172
-50.914268493652344
-50.93618392944336
-50.962100982666016
-50.91055679321289
-51.02222442626953
-50.890316009521484
-50.8253288269043
-50.80901336669922
-50.82122802734375
-50.98767852783203
-50.96815490722656
-50.96338653564453
-51.02842712402344
-50.940242767333984
-50.82725524902344
-50.897945404052734
-50.932552337646484
-50.87896728515625
-51.037906646728516
-50.90453338623047
-50.808441162109375
-50.9030876159668
-50.9493522644043
-50.98110580444336
-50.98408889770508
-50.88505554199219
-50.94607162475586
-50.9615478515625
-50.959259033203125
-50.85494613647461
-50.988182067871094
-50.996273040771484
-50.99114990234375
-51.00212097167969
-50.93640899658203
-50.91078186035156
-50.893592834472656
-50.91627502441406
-50.941627502441406
-51.065643310546875
-50.99102020263672
-50.90276336669922
-50.77220916748047
-50.7889518737793
-50.962982177734375
-50.85320281982422
-50.831626892089844
-50.88786697387695
-50.99164962768555
-50.891136169433594
-50.794700622558594
-50.950050354003906
-51.0208740234375
-51.06232833862305
-50.957637786865234
-50.96847152709961
-50.97570037841797
-51.025508880615234
-50.983436584472656
-50.95423126220703
-50.96305847167969
-51.02336120605469
-50.96186065673828
-51.075103759765625
-51.01757049560547
-51.04024124145508
-51.00931930541992
-50.982730865478516
-50.95671844482422
-50.878719329833984
-51.071407318115234
-51.00352478027344
-51.037391662597656
-50.969322204589844
-51.01195526123047
-50.888511657714844
-50.99563217163086
-51.12282943725586
-50.88310623168945
-50.922149658203125
-50.99934768676758
-51.07250213623047
-51.083553314208984
-51.08879852294922
-51.081138610839844
-51.0711784362793
-51.07396697998047
-50.99599838256836
-50.92328643798828
-50.95425796508789
-50.99846649169922
-51.02499008178711
-51.03635025024414
-51.08302307128906
-51.06386184692383
-51.0673828125
-51.016971588134766
-51.027957916259766
-51.10310363769531
-50.94156265258789
-51.14036560058594
-51.0102424621582
-50.911869049072266
-50.895355224609375
-50.92040252685547
-50.978267669677734
-51.062076568603516
-51.08045196533203
-51.009742736816406
-51.100799560546875
-51.08314514160156
-50.899742126464844
-50.95048522949219
-51.05646896362305
-50.915771484375
-50.92644119262695
-50.96501922607422
-50.84197235107422
-51.002357482910156
-51.12944793701172
-50.90936279296875
-50.96379089355469
-51.010581970214844
-51.052860260009766
-51.070045471191406
-51.21849822998047
-51.129207611083984
-51.131553649902344
-51.144920349121094
-51.10960388183594
-50.904808044433594
-51.05059051513672
-51.08829116821289
-51.07481002807617
-51.144989013671875
-51.06565856933594
-51.19715881347656
-51.157615661621094
-51.16672897338867
-51.181495666503906
-51.12689208984375
-51.14583969116211
-51.16783142089844
-51.2244987487793
-51.227577209472656
-51.05385208129883
-50.88874816894531
-50.927459716796875
-51.201210021972656
-51.226890563964844
-51.144561767578125
-51.00822448730469
-50.91372299194336
-51.17825698852539
-51.20150375366211
-50.934120178222656
-51.09407424926758
-51.190799713134766
-51.143959045410156
-51.04356384277344
-51.05681610107422
-51.204429626464844
-51.13517379760742
-51.19599533081055
-51.075286865234375
-50.93763732910156
-51.209041595458984
-51.189022064208984
-51.117671966552734
-51.07080841064453
-51.0096549987793
-51.08203887939453
-51.21714782714844
-51.22418212890625
-51.16026306152344
-51.157997131347656
-51.0797119140625
-51.093055725097656
-51.156776428222656
-51.175682067871094
-51.27553176879883
-51.16124725341797
-51.06037902832031
-51.00224304199219
-51.16741180419922
-51.216835021972656
-51.15446090698242
-51.21235656738281
-50.988075256347656
-51.040008544921875
-51.140201568603516
-51.23338317871094
-51.18819808959961
-51.01032257080078
-51.10047912597656
-51.2254753112793
-51.24307632446289
-51.2152099609375
-51.12569808959961
-51.14441680908203
-51.14360427856445
-51.107120513916016
-51.196678161621094
-51.31476593017578
-51.31779479980469
-51.2420654296875
-51.15351104736328
-51.11023712158203
-51.143577575683594
-51.12958526611328
-51.16526412963867
-51.23128128051758
-51.18098831176758
-51.28529357910156
-51.20241165161133
-51.248512268066406
-51.17058563232422
-51.033119201660156
-51.177391052246094
-51.137176513671875
-51.19944381713867
-51.322540283203125
-51.24197006225586
-51.10902786254883
-51.016056060791016
-51.23779296875
-51.27592086791992
-51.17702102661133
-51.22480773925781
-51.20238494873047
-51.168731689453125
-51.175357818603516
-51.31681442260742
-51.327056884765625
-51.24808120727539
-51.172813415527344
-51.18588638305664
-51.112709045410156
-51.220149993896484
-51.30453872680664
-51.26649475097656
-51.31614685058594
-51.28761291503906
-51.24888610839844
-51.05702209472656
-51.203243255615234
-51.27853775024414
-51.21576690673828
-51.28939437866211
-51.277610778808594
-51.19327926635742
-51.235198974609375
-51.287837982177734
-51.23444747924805
-51.180633544921875
-51.10287094116211
-51.19441604614258
-51.220035552978516
-51.29534149169922
-51.386390686035156
-51.2554931640625
-51.029624938964844
-51.14720153808594
-51.180171966552734
-51.304832458496094
-51.236202239990234
-51.00914764404297
-51.19268798828125
-51.262489318847656
-51.2348518371582
-51.01683044433594
-51.08744812011719
-51.24134826660156
-51.33781814575195
-51.33935546875
-51.21625518798828
-51.161964416503906
-51.18431854248047
-51.383358001708984
-51.33101272583008
-51.21424102783203
-51.13344955444336
-51.2806282043457
-51.335514068603516
-51.36589431762695
-51.29458236694336
-51.340789794921875
-51.019161224365234
-51.00520706176758
-51.27708053588867
-51.33009719848633
-51.336002349853516
-51.05718994140625
-51.096031188964844
-51.36369705200195
-51.189483642578125
-51.04055404663086
-51.39447021484375
-51.327938079833984
-51.200355529785156
-51.19999694824219
-51.34911346435547
-51.294334411621094
-51.3182487487793
-51.209800720214844
-51.2344970703125
-51.253753662109375
-51.213294982910156
-51.332969665527344
-51.37945556640625
-51.42711639404297
-51.40843963623047
-51.33575439453125
-51.36732482910156
-51.41733932495117
-51.49428939819336
-51.33395004272461
-51.37459945678711
-51.29060363769531
-51.136878967285156
-51.221824645996094
-51.325557708740234
-51.40229797363281
-51.373687744140625
-51.298912048339844
-51.24298095703125
-51.28427505493164
-51.347625732421875
-51.36743927001953
-51.335140228271484
-51.41773223876953
-51.37739944458008
-51.40809631347656
-51.25627899169922
-51.29098892211914
-51.18962860107422
-51.26585388183594
-51.40873718261719
-51.4279670715332
-51.268898010253906
-51.23432922363281
-51.200111389160156
-51.3724365234375
-51.35569381713867
-51.086788177490234
-51.33912658691406
-51.460716247558594
-51.2845458984375
-51.11119842529297
-51.26441192626953
-51.34039306640625
-51.359745025634766
-51.202064514160156
-51.22650909423828
-51.31763458251953
-51.280635833740234
-51.3720817565918
-51.39926528930664
-51.378944396972656
-51.40666580200195
-51.26066207885742
-51.27024841308594
-51.11842346191406
-51.29176330566406
-51.35251235961914
-51.34931945800781
-51.36220932006836
-51.34550476074219
-51.36501693725586
-51.1740837097168
-51.14683151245117
-51.3287353515625
-51.357826232910156
-51.419822692871094
-51.36033630371094
-51.310272216796875
-51.30366516113281
-51.22499465942383
-51.2782096862793
-51.38776397705078
-51.4384651184082
-51.3945426940918
-51.32170486450195
-51.022369384765625
-51.10066223144531
-51.298702239990234
-51.32548904418945
-51.27134704589844
-51.197784423828125
-51.23189163208008
-51.37842559814453
-51.464500427246094
-51.22508239746094
-51.50223159790039
-51.44270706176758
-51.422637939453125
-51.39724349975586
-51.32172393798828
-51.36627197265625
-51.388099670410156
-51.40070724487305
-51.40433883666992
-51.39777755737305
-51.39598083496094
-51.45561981201172
-51.398406982421875
-51.29224395751953
-51.23772430419922
-51.338462829589844
-51.39874267578125
-51.45201873779297
-51.399322509765625
-51.46784210205078
-51.3779411315918
-51.28791046142578
-51.48179626464844
-51.51070022583008
-51.47294998168945
-51.50539016723633
-51.474853515625
-51.412254333496094
-51.32167434692383
-51.188011169433594
-51.36748504638672
-51.432926177978516
-51.448486328125
-51.55827331542969
-51.43596267700195
-51.352134704589844
-51.317264556884766
-51.28217315673828
-51.37431335449219
-51.448421478271484
-51.495811462402344
-51.578514099121094
-51.39862823486328
-51.48320770263672
-51.30971145629883
-51.21099090576172
-51.360504150390625
-51.47088623046875
-51.37675094604492
-51.40936279296875
-51.54339599609375
-51.41447448730469
-51.36459732055664
-51.35813903808594
-51.417015075683594
-51.44472122192383
-51.49176788330078
-51.44499206542969
-51.46321487426758
-51.55640411376953
-51.428714752197266
-51.576393127441406
-51.439002990722656
-51.18450927734375
-51.295166015625
-51.41414260864258
-51.553245544433594
-51.46417236328125
-51.27914810180664
-51.319881439208984
-51.38732147216797
-51.525299072265625
-51.56534194946289
-51.57305908203125
-51.512428283691406
-51.53603744506836
-51.35338592529297
-51.16708755493164
-51.378501892089844
-51.54265594482422
-51.4801025390625
-51.54613494873047
-51.59467697143555
-51.595375061035156
-51.468658447265625
-51.536258697509766
-51.272422790527344
-51.15037536621094
-51.561607360839844
-51.40669631958008
-51.04103088378906
-51.55525207519531
-51.261043548583984
-51.02167510986328
-51.45146560668945
-50.993465423583984
-51.44502639770508
-51.39527893066406
-51.20348358154297
-51.593231201171875
-51.435401916503906
-51.2459716796875
-51.37666320800781
-51.57423400878906
-51.36650085449219
-51.195167541503906
-51.4560546875
-51.40850830078125
-51.28066635131836
-51.373355865478516
-51.54010009765625
-51.446998596191406
-51.18169403076172
-51.3394660949707
-51.487754821777344
-51.30966567993164
-51.10111999511719
-51.52033233642578
-51.30459213256836
-51.162818908691406
-51.52996826171875
-51.18400955200195
-51.243629455566406
-51.49248504638672
-51.3202018737793
-51.27568817138672
-51.55682373046875
-51.445350646972656
-51.242618560791016
-51.45210266113281
-51.555328369140625
-51.47783660888672
-51.40536880493164
-51.418949127197266
-51.57901382446289
-51.49615478515625
-51.38455581665039
-51.427146911621094
-51.53061294555664
-51.489540100097656
-51.476802825927734
-51.410865783691406
-51.38850402832031
-51.43548583984375
-51.51171875
-51.49451446533203
-51.52125930786133
-51.575340270996094
-51.51579284667969
-51.48112487792969
-51.52360534667969
-51.400390625
-51.53973388671875
-51.42859649658203
-51.536861419677734
-51.57805252075195
-51.40300750732422
-51.33711624145508
-51.443397521972656
-51.58854675292969
-51.546913146972656
-51.6142578125
-51.61017608642578
-51.521278381347656
-51.427982330322266
-51.43170928955078
-51.51521682739258
-51.565120697021484
-51.62777328491211
-51.61436462402344
-51.55552673339844
-51.518707275390625
-51.354068756103516
-51.49390411376953
-51.53019714355469
-51.59814453125
-51.52430725097656
-51.531471252441406
-51.38043212890625
-51.300533294677734
-51.5162467956543
-51.563720703125
-51.52354049682617
-51.37855529785156
-51.43330383300781
-51.49610900878906
-51.54334259033203
-51.42363739013672
-51.42536163330078
-51.559852600097656
-51.65605163574219
-51.59647750854492
-51.533843994140625
-51.27714538574219
-51.4560546875
-51.64784240722656
-51.60739517211914
-51.474395751953125
-51.47511672973633
-51.58766174316406
-51.704402923583984
-51.56562042236328
-51.47386169433594
-51.43220138549805
-51.595176696777344
-51.658241271972656
-51.64494323730469
-51.48634719848633
-51.40626525878906
-51.5551872253418
-51.66089630126953
-51.537960052490234
-51.31509017944336
-51.58161926269531
-51.70655822753906
-51.56523895263672
-51.371131896972656
-51.435340881347656
-51.627540588378906
-51.398345947265625
-51.33953094482422
-51.702972412109375
-51.42436981201172
-51.222476959228516
-51.55904006958008
-51.357032775878906
-51.42571258544922
-51.664703369140625
-51.37678527832031
-51.29467010498047
-51.63511657714844
-51.45587158203125
-51.28473663330078
-51.580928802490234
-51.2458610534668
-51.317195892333984
-51.638389587402344
-51.21441650390625
-51.50741195678711
-51.51580047607422
-51.188697814941406
-51.57210159301758
-51.57875061035156
-51.3997802734375
-51.600738525390625
-51.5787353515625
-51.5078125
-51.53245544433594
-51.5187873840332
-51.55423355102539
-51.63541793823242
-51.57835388183594
-51.601871490478516
-51.636558532714844
-51.671119689941406
-51.66459655761719
-51.559974670410156
-51.403812408447266
-51.493988037109375
-51.54095458984375
-51.474700927734375
-51.54201889038086
-51.54349136352539
-51.57997131347656
-51.64414978027344
-51.61822509765625
-51.601104736328125
-51.669281005859375
-51.64824676513672
-51.54227828979492
-51.51300048828125
-51.516170501708984
-51.64540100097656
-51.70798110961914
-51.7316780090332
-51.71969985961914
-51.68756866455078
-51.588382720947266
-51.71392822265625
-51.66615295410156
-51.71827697753906
-51.721649169921875
-51.697662353515625
-51.68889617919922
-51.77337646484375
-51.75300979614258
-51.71253204345703
-51.70984649658203
-51.76042938232422
-51.57463836669922
-51.54991912841797
-51.525123596191406
-51.50239181518555
-51.61540222167969
-51.63836669921875
-51.54069900512695
-51.5321044921875
-51.63489532470703
-51.6476936340332
-51.67817687988281
-51.623558044433594
-51.61968994140625
-51.73809051513672
-51.63740539550781
-51.57625198364258
-51.42857360839844
-51.65840530395508
-51.661312103271484
-51.67762756347656
-51.59688186645508
-51.66812515258789
-51.631805419921875
-51.71263885498047
-51.715240478515625
-51.66958999633789
-51.404541015625
-51.672428131103516
-51.702083587646484
-51.670780181884766
-51.59521484375
-51.5318717956543
-51.583248138427734
-51.676719665527344
-51.7049446105957
-51.772308349609375
-51.72642517089844
-51.7030029296875
-51.67174530029297
-51.6331901550293
-51.598876953125
-51.60811233520508
-51.69020080566406
-51.720802307128906
-51.71868133544922
-51.69709014892578
-51.801124572753906
-51.70930480957031
-51.74163818359375
-51.70091247558594
-51.53927230834961
-51.44814682006836
-51.593414306640625
-51.750633239746094
-51.77503967285156
-51.671852111816406
-51.79661178588867
-51.64039611816406
-51.388607025146484
-51.71038818359375
-51.73902130126953
-51.554840087890625
-51.39406967163086
-51.58098602294922
-51.65334701538086
-51.40270233154297
-51.501895904541016
-51.78521728515625
-51.508338928222656
-51.3843994140625
-51.79072952270508
-51.29349899291992
-51.60127639770508
-51.66996383666992
-51.451908111572266
-51.598384857177734
-51.739845275878906
-51.78986358642578
-51.71297836303711
-51.68501663208008
-51.66558837890625
-51.635894775390625
-51.708927154541016
-51.63044738769531
-51.74007034301758
-51.80125045776367
-51.619293212890625
-51.64002990722656
-51.664794921875
-51.64997863769531
-51.74652099609375
-51.851566314697266
-51.658164978027344
-51.71706008911133
-51.43747329711914
-51.55768585205078
-51.73545837402344
-51.73616027832031
-51.72553634643555
-51.67268753051758
-51.59052658081055
-51.66197204589844
-51.653564453125
-51.787567138671875
-51.64002227783203
-51.71611022949219
-51.84103775024414
-51.68364715576172
-51.643768310546875
-51.5888786315918
-51.63169860839844
-51.72262954711914
-51.73164367675781
-51.708946228027344
-51.731163024902344
-51.60319519042969
-51.70098114013672
-51.53715133666992
-51.55447006225586
-51.65340805053711
-51.61811828613281
-51.69216537475586
-51.807098388671875
-51.71806335449219
-51.744224548339844
-51.5682487487793
-51.60942840576172
-51.732582092285156
-51.76894760131836
-51.75825500488281
-51.76998519897461
-51.68582534790039
-51.642581939697266
-51.690147399902344
-51.684810638427734
-51.7147216796875
-51.85115432739258
-51.75686264038086
-51.823944091796875
-51.80035400390625
-51.72467803955078
-51.72868728637695
-51.64213562011719
-51.675411224365234
-51.66769027709961
-51.684139251708984
-51.721378326416016
-51.78900146484375
-51.747650146484375
-51.625587463378906
-51.668434143066406
-51.645660400390625
-51.71702194213867
-51.713809967041016
-51.621437072753906
-51.75770950317383
-51.752532958984375
-51.590728759765625
-51.55384826660156
-51.57646179199219
-51.71428298950195
-51.81345748901367
-51.75426483154297
-51.843772888183594
-51.77874755859375
-51.697120666503906
-51.719810485839844
-51.52867889404297
-51.51490783691406
-51.814842224121094
-51.823211669921875
-51.410030364990234
-51.54262924194336
-51.76402282714844
-51.81295394897461
-51.812599182128906
-51.7609748840332
-51.73917007446289
-51.85124206542969
-51.819358825683594
-51.73495864868164
-51.74834060668945
-51.57918167114258
-51.6520881652832
-51.76272201538086
-51.785987854003906
-51.7937126159668
-51.7158088684082
-51.65751647949219
-51.714210510253906
-51.65385818481445
-51.83373260498047
-51.79981994628906
-51.83906555175781
-51.66691589355469
-51.58616638183594
-51.79853439331055
-51.846065521240234
-51.772186279296875
-51.711891174316406
-51.63386154174805
-51.69282150268555
-51.84226989746094
-51.81300354003906
-51.823673248291016
-51.77763366699219
-51.632320404052734
-51.603057861328125
-51.77458190917969
-51.70752716064453
-51.822933197021484
-51.655670166015625
-51.343116760253906
-51.72727966308594
-51.48493576049805
-51.485694885253906
-51.56505584716797
-51.51409149169922
-51.397762298583984
-51.76737976074219
-51.32216262817383
-51.70448684692383
-51.659690856933594
-51.57787322998047
-51.686100006103516
-51.76301193237305
-51.698524475097656
-51.537628173828125
-51.74413299560547
-51.866615295410156
-51.7629508972168
-51.72509765625
-51.73221969604492
-51.799747467041016
-51.86782455444336
-51.76106262207031
-51.62004089355469
-51.72451400756836
-51.83015823364258
-51.743194580078125
-51.857872009277344
-51.8819694519043
-51.81840515136719
-51.91322326660156
-51.829654693603516
-51.8839111328125
-51.882225036621094
-51.8120002746582
-51.61228942871094
-51.60862731933594
-51.8328971862793
-51.760597229003906
-51.67572021484375
-51.620723724365234
-51.7178840637207
-51.84205627441406
-51.7799072265625
-51.67757034301758
-51.76432800292969
-51.72509002685547
-51.833396911621094
-51.92103958129883
-51.92136764526367
-51.87350845336914
-51.85104751586914
-51.74372863769531
-51.793212890625
-51.801048278808594
-51.83694076538086
-51.66809844970703
-51.68363571166992
-51.88200378417969
-51.943355560302734
-51.87356948852539
-51.67307662963867
-51.66029357910156
-51.744956970214844
-51.81624221801758
-51.88947296142578
-51.7353401184082
-51.57438659667969
-51.88162612915039
-51.88471603393555
-51.82647705078125
-51.622623443603516
-51.78617858886719
-51.9034423828125
-51.920467376708984
-51.833072662353516
-51.884952545166016
-51.83256149291992
-51.85456848144531
-51.83418273925781
-51.8462028503418
-51.91653823852539
-51.83112335205078
-51.68757629394531
-51.8607177734375
-51.82679748535156
-51.892879486083984
-51.85940170288086
-51.783409118652344
-51.82332992553711
-51.82560348510742
-51.67106246948242
-51.650238037109375
-51.71080780029297
-51.79310989379883
-51.84966278076172
-51.87355422973633
-51.847965240478516
-51.786956787109375
-51.87446975708008
-51.815826416015625
-51.81501007080078
-51.763458251953125
-51.644813537597656
-51.692970275878906
-51.81372833251953
-51.92311096191406
-51.76270294189453
-51.57847595214844
-51.71225357055664
-51.9534912109375
-51.90039825439453
-51.93423080444336
-51.80463409423828
-51.770042419433594
-51.769020080566406
-51.83039093017578
-51.885162353515625
-51.911476135253906
-51.89963150024414
-51.78472900390625
-51.837100982666016
-51.706626892089844
-51.720458984375
-51.824676513671875
-51.783992767333984
-51.7720947265625
-51.85804748535156
-51.806068420410156
-51.60380554199219
-51.7485237121582
-51.92919921875
-51.836090087890625
-51.76343536376953
-51.668949127197266
-51.84452438354492
-51.86070251464844
-51.825435638427734
-51.78059387207031
-51.713993072509766
-51.73805236816406
-51.842620849609375
-51.95918273925781
-51.846439361572266
-51.848724365234375
-51.879547119140625
-51.726097106933594
-51.60542678833008
-51.80897903442383
-51.91985321044922
-51.840675354003906
-51.72711944580078
-51.57366943359375
-51.7757453918457
-51.88747787475586
-51.86335372924805
-51.89189147949219
-51.727622985839844
-51.67630386352539
-51.81158447265625
-51.779075622558594
-51.826725006103516
-51.81695556640625
-51.76958084106445
-51.87899398803711
-51.901878356933594
-51.91453170776367
-51.81197738647461
-51.73761749267578
-51.761959075927734
-51.8934326171875
-52.00634765625
-51.92824935913086
-51.87042999267578
-51.826171875
-51.68903732299805
-51.76968002319336
-51.88804626464844
-51.96698760986328
-51.963401794433594
-51.78101348876953
-51.751075744628906
-51.808570861816406
-51.84447479248047
-51.902095794677734
-51.872066497802734
-51.849422454833984
-51.82257843017578
-51.93397521972656
-51.91168975830078
-51.83852005004883
-51.74836730957031
-51.729454040527344
-51.76757049560547
-51.94632339477539
-51.95181655883789
-51.88486862182617
-51.91901397705078
-51.80023193359375
-51.84972381591797
-51.84890365600586
-51.83454513549805
-51.83793640136719
-51.893028259277344
-51.93997573852539
-51.98674774169922
-52.01793670654297
-51.946678161621094
-51.86488723754883
-51.89690017700195
-51.859642028808594
-51.85220718383789
-51.838172912597656
-51.93251037597656
-51.898956298828125
-51.894805908203125
-51.81475830078125
-51.82408142089844
-51.84977340698242
-51.8315544128418
-51.98637390136719
-51.993797302246094
-51.941654205322266
-51.91075134277344
-51.89329147338867
-51.8099365234375
-51.828399658203125
-51.817848205566406
-51.87409973144531
-51.92898941040039
-51.92362976074219
-51.96940612792969
-51.90880584716797
-51.927921295166016
-51.95797348022461
-51.793582916259766
-51.765724182128906
-51.741458892822266
-51.79296112060547
-51.971370697021484
-51.95380401611328
-52.026702880859375
-51.95350646972656
-51.88188552856445
-51.71541976928711
-51.81024169921875
-51.982765197753906
-51.9209098815918
-51.896751403808594
-51.80918884277344
-51.866783142089844
-51.872467041015625
-51.885623931884766
-51.74949645996094
-51.89429473876953
-51.934532165527344
-52.002235412597656
-51.95679473876953
-51.93705749511719
-51.93968200683594
-51.86994934082031
-51.77652359008789
-51.763397216796875
-51.781829833984375
-51.817420959472656
-51.782752990722656
-51.77545166015625
-51.861629486083984
-51.83965301513672
-51.6765022277832
-51.819297790527344
-51.81596755981445
-51.93479919433594
-51.91035461425781
-51.90409851074219
-51.8520622253418
-51.74457550048828
-51.89033508300781
-51.88554000854492
-51.81675338745117
-51.8421630859375
-51.79429626464844
-51.90716552734375
-51.90117645263672
-51.92348098754883
-51.956825256347656
-51.851280212402344
-51.845787048339844
-51.903133392333984
-51.83826446533203
-51.8441162109375
-51.79598617553711
-51.77293014526367
-51.943519592285156
-51.95313262939453
-51.91145706176758
-51.783226013183594
-51.70126724243164
-51.89698791503906
-52.01795959472656
-51.88037872314453
-51.80957794189453
-51.802001953125
-51.88872528076172
-51.95444869995117
-52.00601577758789
-52.00383758544922
-52.026519775390625
-51.943904876708984
-51.928138732910156
-51.752864837646484
-51.86279296875
-51.92966842651367
-51.988990783691406
-52.054595947265625
-51.971553802490234
-52.04793167114258
-51.9703369140625
-51.893310546875
-51.764408111572266
-51.833831787109375
-52.00278091430664
-52.02937316894531
-51.90807342529297
-51.703731536865234
-51.81177520751953
-51.9756965637207
-52.057037353515625
-51.948333740234375
-51.70652389526367
-51.76588439941406
-52.0132942199707
-51.89955520629883
-51.764347076416016
-51.759037017822266
-51.84041213989258
-51.969085693359375
-52.054786682128906
-51.885406494140625
-51.82482147216797
-51.81532287597656
-51.84087371826172
-51.95109558105469
-51.943965911865234
-51.98634338378906
-51.98029327392578
-51.97093200683594
-52.03397750854492
-51.97838592529297
-51.95121765136719
-51.86442184448242
-51.80870819091797
-51.94385528564453
-51.95989227294922
-51.9858283996582
-52.01933288574219
-52.046504974365234
-51.99760437011719
-52.041507720947266
-52.0499267578125
-51.9069709777832
-51.80619430541992
-51.878787994384766
-52.00826644897461
-52.03309631347656
-52.030914306640625
-52.01243209838867
-51.84697341918945
-51.87418746948242
-51.921409606933594
-51.90672302246094
-51.96120071411133
-51.98342514038086
-52.04233169555664
-52.02630615234375
-51.9149284362793
-51.778770446777344
-51.85371780395508
-51.83674621582031
-51.919349670410156
-52.00010299682617
-51.960052490234375
-51.940025329589844
-52.020355224609375
-51.932342529296875
-51.87349319458008
-51.93089294433594
-51.784210205078125
-51.75448226928711
-52.02342224121094
-52.04869842529297
-52.04438018798828
-51.97637176513672
-52.0013427734375
-51.957611083984375
-51.934051513671875
-51.97918701171875
-51.79275894165039
-51.805320739746094
-51.81330108642578
-51.97624969482422
-51.90144348144531
-52.04020690917969
-51.99808883666992
-51.96489334106445
-51.71284103393555
-51.80448532104492
-51.956214904785156
-51.98283767700195
-51.99699783325195
-51.954994201660156
-51.921932220458984
-51.892860412597656
-51.88768005371094
-51.92402267456055
-51.90007019042969
-51.87531280517578
-51.95445251464844
-51.96697235107422
-51.93523406982422
-51.89404296875
-51.92216873168945
-51.88988494873047
-51.852203369140625
-51.96088409423828
-51.855674743652344
-51.978092193603516
-51.868560791015625
-51.70520782470703
-51.88359451293945
-52.04916000366211
-51.86589431762695
-51.89179992675781
-51.88179016113281
-52.05560302734375
-52.04538345336914
-52.06048583984375
-52.01997756958008
-51.899173736572266
-51.7430305480957
-51.7642822265625
-51.94403839111328
-52.04072952270508
-52.0084228515625
-52.02336120605469
-51.94921875
-52.059165954589844
-52.09883117675781
-51.90349197387695
-51.778648376464844
-51.89671325683594
-51.972068786621094
-51.895782470703125
-51.97492599487305
-51.91502380371094
-51.80253601074219
-51.824737548828125
-51.84661865234375
-51.87849426269531
-51.96592712402344
-52.03227233886719
-51.92097091674805
-51.967201232910156
-51.84650421142578
-51.86530685424805
-51.921627044677734
-51.97966003417969
-51.98920440673828
-51.794403076171875
-51.913970947265625
-51.885223388671875
-51.92023468017578
-52.024131774902344
-52.000877380371094
-52.012184143066406
-52.09238052368164
-51.909114837646484
-51.866180419921875
-51.905208587646484
-52.01628112792969
-52.00652313232422
-52.02179718017578
-52.03368377685547
-51.99924850463867
-51.85783767700195
-51.82582092285156
-51.97083282470703
-52.11166763305664
-52.03839874267578
-52.087642669677734
-52.09795379638672
-51.892642974853516
-51.831298828125
-51.99650192260742
-52.03407669067383
-52.027801513671875
-52.072322845458984
-52.0149040222168
-51.97894287109375
-51.87269973754883
-51.9089469909668
-52.04773712158203
-52.052913665771484
-52.09392166137695
-52.08155822753906
-52.0562629699707
-52.12617492675781
-52.04659652709961
-51.9391975402832
-51.81929016113281
-52.013877868652344
-52.08491897583008
-52.10697937011719
-52.11151885986328
-52.0766716003418
-52.08002471923828
-52.0784797668457
-52.01812744140625
-51.94688034057617
-51.82978820800781
-51.98885726928711
-52.040863037109375
-52.09152603149414
-52.05819320678711
-52.01995086669922
-51.862953186035156
-51.81123352050781
-52.07699203491211
-52.00292205810547
-52.026920318603516
-51.780582427978516
-51.838558197021484
-52.0368537902832
-52.10005569458008
-52.022274017333984
-51.904720306396484
-51.871246337890625
-51.92752456665039
-52.014427185058594
-52.132469177246094
-52.15415573120117
-51.99797821044922
-52.12371826171875
-52.10126876831055
-51.95844268798828
-51.791725158691406
-51.7850341796875
-51.943660736083984
-52.02021789550781
-51.98922348022461
-51.98262405395508
-51.86882019042969
-52.064693450927734
-52.05869674682617
-52.07899856567383
-52.056419372558594
-51.955177307128906
-51.92359161376953
-51.90646743774414
-51.951255798339844
-52.02238845825195
-52.1010856628418
-52.10551071166992
-52.080589294433594
-52.05516052246094
-51.98471450805664
-51.97216033935547
-51.8900146484375
-51.976932525634766
-52.176876068115234
-52.131866455078125
-52.137359619140625
-52.00920486450195
-51.813209533691406
-52.00792694091797
-52.124446868896484
-52.08430099487305
-52.06922149658203
-52.10411071777344
-52.07899856567383
-52.06792068481445
-51.91746139526367
-51.905616760253906
-51.960933685302734
-52.05027389526367
-51.99369812011719
-52.011993408203125
-52.03127670288086
-52.07630920410156
-52.031463623046875
-52.01654052734375
-51.96367645263672
-52.01586151123047
-51.96650695800781
-52.0973014831543
-52.117549896240234
-52.142459869384766
-52.09563064575195
-51.86223220825195
-51.710960388183594
-52.01166915893555
-52.13655090332031
-51.95901107788086
-51.79299545288086
-51.974525451660156
-52.069358825683594
-52.027793884277344
-52.06288146972656
-52.00421142578125
-51.791534423828125
-51.891502380371094
-52.09849548339844
-52.11220169067383
-52.13731384277344
-51.97096252441406
-51.87635803222656
-51.857933044433594
-51.98805236816406
-52.14508056640625
-52.119903564453125
-52.0335807800293
-51.895423889160156
-51.903621673583984
-51.798828125
-51.8420524597168
-52.1011962890625
-52.11273193359375
-52.076446533203125
-52.0792350769043
-52.01457214355469
-51.954986572265625
-51.957523345947266
-52.04549789428711
-51.73147964477539
-51.4448127746582
-52.05357360839844
-51.97880554199219
-51.73802185058594
-51.755767822265625
-51.8486328125
-51.83665466308594
-52.02968215942383
-51.93844223022461
-51.75523376464844
-51.79344177246094
-51.95869445800781
-51.95841598510742
-52.01104736328125
-52.015708923339844
-51.92523956298828
-51.727210998535156
-51.90313720703125
-52.11368179321289
-51.98206329345703
-52.038455963134766
-52.15971374511719
-52.111000061035156
-51.9418830871582
-51.97603988647461
-51.941810607910156
-52.01862335205078
-51.98596954345703
-52.125484466552734
-52.12956237792969
-52.136268615722656
-52.06752014160156
-51.902748107910156
-51.98011779785156
-52.14787292480469
-52.21767807006836
-52.15779113769531
-52.06329345703125
-51.96916961669922
-51.93539810180664
-52.017433166503906
-52.16316223144531
-52.156837463378906
-51.942893981933594
-51.98308563232422
-52.07831573486328
-52.18284225463867
-52.15436553955078
-52.13352966308594
-52.17986297607422
-52.15491485595703
-51.99065399169922
-51.9319953918457
-52.04877471923828
-52.173954010009766
-52.170166015625
-52.18003845214844
-52.250003814697266
-52.200801849365234
-52.168827056884766
-52.16625213623047
-52.157867431640625
-52.08993148803711
-52.0461540222168
-51.84665298461914
-52.18156433105469
-52.19477081298828
-52.13218688964844
-51.95453643798828
-51.897560119628906
-52.106082916259766
-52.19078063964844
-52.1446533203125
-52.0693244934082
-51.929298400878906
-52.113441467285156
-52.115989685058594
-52.201080322265625
-52.14436340332031
-52.08084487915039
-51.99131393432617
-51.93116760253906
-52.034061431884766
-52.1037712097168
-52.11433792114258
-52.16596984863281
-52.20707702636719
-52.136024475097656
-52.105194091796875
-52.16786575317383
-52.11273956298828
-52.18205261230469
-52.214332580566406
-52.0709342956543
-52.137306213378906
-52.058441162109375
-52.07975769042969
-52.026123046875
-52.04409408569336
-52.10469436645508
-52.041358947753906
-51.99679183959961
-52.04863357543945
-52.11564636230469
-52.13299560546875
-52.18339920043945
-52.04119110107422
-51.957542419433594
-52.0660400390625
-52.152156829833984
-52.109283447265625
-52.15713119506836
-52.125465393066406
-52.04512023925781
-51.9881477355957
-52.137718200683594
-52.13623809814453
-52.17918014526367
-52.187225341796875
-52.17408752441406
-52.060585021972656
-51.998878479003906
-52.12077713012695
-52.17863845825195
-52.151798248291016
-52.19381332397461
-52.1220703125
-51.973270416259766
-52.00447082519531
-52.069984436035156
-52.15021514892578
-52.232269287109375
-52.1570930480957
-52.005699157714844
-51.99456024169922
-52.070438385009766
-52.17154312133789
-52.173179626464844
-52.17771530151367
-52.02793502807617
-52.00075912475586
-52.10036849975586
-52.100894927978516
-52.14971160888672
-52.123565673828125
-52.06333923339844
-52.021392822265625
-51.992393493652344
-52.06257629394531
-51.9825325012207
-52.0900993347168
-52.12886428833008
-52.09329605102539
-52.06346893310547
-52.03688049316406
-51.979209899902344
-52.09103775024414
-52.14714813232422
-52.156795501708984
-52.19175338745117
-52.17601776123047
-52.059471130371094
-52.001502990722656
-52.12895584106445
-52.14521026611328
-52.16387939453125
-52.204315185546875
-52.1722412109375
-52.20130920410156
-52.105709075927734
-52.016273498535156
-52.05828857421875
-52.0634765625
-52.044620513916016
-52.07617950439453
-52.180240631103516
-52.14329528808594
-52.15622329711914
-52.181236267089844
-52.11000442504883
-52.04341506958008
-52.116905212402344
-52.09941101074219
-52.10894012451172
-52.02473449707031
-52.144981384277344
-52.16404342651367
-52.15901184082031
-52.17417907714844
-52.199310302734375
-52.193115234375
-51.982933044433594
-52.10432052612305
-52.15859603881836
-52.18913269042969
-52.21183395385742
-52.130313873291016
-52.043121337890625
-52.14674377441406
-52.06573486328125
-52.10547637939453
-52.10905075073242
-52.00453567504883
-52.04051971435547
-52.1938362121582
-52.192359924316406
-52.239402770996094
-52.288509368896484
-52.220306396484375
-52.09141159057617
-52.074161529541016
-52.01979446411133
-52.05730438232422
-52.13067626953125
-52.142730712890625
-52.123966217041016
-52.1879997253418
-52.12681579589844
-52.2052116394043
-52.26765441894531
-52.19908142089844
-52.23857498168945
-52.2332649230957
-51.99696350097656
-51.93867492675781
-52.13813018798828
-52.184898376464844
-52.21017837524414
-52.19239807128906
-52.15721893310547
-51.924713134765625
-52.0201416015625
-52.097713470458984
-52.25617980957031
-52.14943313598633
-52.09961700439453
-52.04798889160156
-51.97945022583008
-52.06452560424805
-52.095760345458984
-52.11930847167969
-52.136959075927734
-52.1680908203125
-52.233497619628906
-52.17124938964844
-52.03407287597656
-51.89747619628906
-52.12696075439453
-52.16952896118164
-52.20158386230469
-52.18390655517578
-52.1336669921875
-52.022220611572266
-52.0332145690918
-52.161537170410156
-52.15018844604492
-52.16570281982422
-52.17716598510742
-52.062381744384766
-52.10233688354492
-51.96800231933594
-52.10694122314453
-52.25682830810547
-52.213924407958984
-52.20806884765625
-52.199337005615234
-52.20770263671875
-52.20603561401367
-51.954429626464844
-52.06149673461914
-52.17417907714844
-52.201171875
-52.23255920410156
-52.16797637939453
-52.06740188598633
-51.92921829223633
-52.21674346923828
-52.230899810791016
-52.046546936035156
-51.923248291015625
-52.14347839355469
-52.21139907836914
-52.217491149902344
-52.29648971557617
-52.247222900390625
-52.19856262207031
-52.13224792480469
-52.0885009765625
-52.07474136352539
-52.20304870605469
-52.18220520019531
-52.186241149902344
-52.16637420654297
-52.07994842529297
-52.09486770629883
-52.18553924560547
-52.2060546875
-52.20780563354492
-52.22730255126953
-52.19792556762695
-52.13711929321289
-52.102874755859375
-52.04327392578125
-52.05267333984375
-52.210365295410156
-52.09205627441406
-52.08336639404297
-52.13289260864258
-51.98357009887695
-51.793670654296875
-52.103546142578125
-52.268646240234375
-52.17127990722656
-52.1569709777832
-52.06646728515625
-52.00119400024414
-51.98173522949219
-52.229679107666016
-52.18107223510742
-52.20104217529297
-52.27708435058594
-52.20636749267578
-52.26067352294922
-52.25142288208008
-52.269004821777344
-52.250633239746094
-52.227603912353516
-52.17017364501953
-52.08263397216797
-51.990821838378906
-52.15409851074219
-52.30718231201172
-52.268924713134766
-52.281410217285156
-52.280723571777344
-52.24633026123047
-52.21586608886719
-52.052005767822266
-51.95664978027344
-52.184207916259766
-52.26885223388672
-52.17988204956055
-52.05705261230469
-51.944149017333984
-52.16822052001953
-52.259456634521484
-52.244659423828125
-52.1417236328125
-51.90977096557617
-52.15044021606445
-52.19070053100586
-52.14760971069336
-51.9853401184082
-51.99125289916992
-52.12357711791992
-52.21886444091797
-52.172706604003906
-52.1941032409668
-52.11797332763672
-52.01427459716797
-52.01120376586914
-52.16985321044922
-52.23592758178711
-52.20016860961914
-52.2169075012207
-52.04792404174805
-52.03046798706055
-52.09421157836914
-52.105743408203125
-52.20679473876953
-52.227176666259766
-52.17951202392578
-52.18151092529297
-52.063663482666016
-52.128780364990234
-52.24300003051758
-52.19930648803711
-52.174034118652344
-52.037261962890625
-52.07111358642578
-52.145240783691406
-52.288063049316406
-52.21072006225586
-52.243896484375
-52.22288513183594
-52.12306594848633
-52.127506256103516
-52.155921936035156
-52.2010498046875
-52.19541931152344
-52.110164642333984
-52.233055114746094
-52.18122100830078
-52.287681579589844
-52.29747009277344
-52.191402435302734
-52.28400802612305
-51.944889068603516
-51.91774368286133
-52.14300537109375
-52.22509765625
-51.981895446777344
-52.00337219238281
-52.13603591918945
-52.255367279052734
-52.177833557128906
-51.977142333984375
-52.06245422363281
-52.24699401855469
