loss_h
-6.004330158233643
-6.011348247528076
-6.029919147491455
-6.047553062438965
-6.06544303894043
-6.080732345581055
-6.100743770599365
-6.1427812576293945
-6.130558013916016
-6.137086868286133
-6.172118186950684
-6.16335916519165
-6.2013020515441895
-6.217939853668213
-6.252943992614746
-6.264296531677246
-6.249800205230713
-6.297422409057617
-6.310049533843994
-6.349047660827637
-6.385497570037842
-6.384312152862549
-6.410675048828125
-6.428126335144043
-6.45375394821167
-6.49517822265625
-6.489206314086914
-6.558426856994629
-6.54660701751709
-6.5786356925964355
-6.614398002624512
-6.64121150970459
-6.666778087615967
-6.693389892578125
-6.738276481628418
-6.803774356842041
-6.828954219818115
-6.869340419769287
-6.93569278717041
-7.014266014099121
-7.0393877029418945
-7.120588779449463
-7.163912296295166
-7.2302045822143555
-7.307033061981201
-7.325060844421387
-7.437913417816162
-7.4668450355529785
-7.4932661056518555
-7.543973445892334
-7.564670562744141
-7.5872368812561035
-7.598873615264893
-7.594485759735107
-7.583883285522461
-7.574441432952881
-7.578878879547119
-7.571910381317139
-7.557818412780762
-7.552177429199219
-7.551060676574707
-7.53856086730957
-7.554097652435303
-7.565732002258301
-7.57076358795166
-7.579127311706543
-7.582306385040283
-7.586123466491699
-7.593224048614502
-7.60469388961792
-7.602507591247559
-7.5978899002075195
-7.619121551513672
-7.608020305633545
-7.6101813316345215
-7.61079740524292
-7.616599082946777
-7.616684436798096
-7.593538761138916
-7.608394145965576
-7.611141204833984
-7.599578380584717
-7.614293575286865
-7.606125354766846
-7.599081993103027
-7.599307060241699
-7.60942268371582
-7.616807460784912
-7.602306842803955
-7.630419731140137
-7.615576267242432
-7.614943981170654
-7.607635498046875
-7.618687629699707
-7.625426292419434
-7.627120494842529
-7.62883996963501
-7.630184650421143
-7.626374244689941
-7.6288557052612305
-7.614129066467285
-7.627181529998779
-7.624060153961182
-7.625242233276367
-7.622072219848633
-7.629729270935059
-7.616048812866211
-7.613857269287109
-7.622220516204834
-7.620460510253906
-7.618086814880371
-7.618391990661621
-7.630559921264648
-7.630501747131348
-7.624782085418701
-7.6388750076293945
-7.631275653839111
-7.614428520202637
-7.633902072906494
-7.623798370361328
-7.646135330200195
-7.633552074432373
-7.615126609802246
-7.6405229568481445
-7.6407647132873535
-7.638038158416748
-7.6317009925842285
-7.643561363220215
-7.643641471862793
-7.643885612487793
-7.637021064758301
-7.64663553237915
-7.637881278991699
-7.6480183601379395
-7.6385273933410645
-7.6363606452941895
-7.654228687286377
-7.639883995056152
-7.662508010864258
-7.6607842445373535
-7.65940523147583
-7.663520336151123
-7.648976802825928
-7.653969764709473
-7.658945083618164
-7.649980545043945
-7.675651550292969
-7.661401271820068
-7.662410259246826
-7.659326553344727
-7.663737773895264
-7.660403728485107
-7.66522216796875
-7.66609001159668
-7.674625396728516
-7.680698394775391
-7.6757354736328125
-7.679668426513672
-7.67952823638916
-7.682265758514404
-7.686483383178711
-7.681291580200195
-7.687292575836182
-7.696773529052734
-7.6854987144470215
-7.687570571899414
-7.698803901672363
-7.701662540435791
-7.715030670166016
-7.713570594787598
-7.7143449783325195
-7.7137131690979
-7.705539226531982
-7.722231864929199
-7.725040435791016
-7.720486640930176
-7.734795570373535
-7.744938373565674
-7.746150016784668
-7.75894832611084
-7.742845058441162
-7.753579616546631
-7.752495765686035
-7.749436855316162
-7.766800880432129
-7.768369674682617
-7.789124488830566
-7.794166088104248
-7.790667533874512
-7.784171104431152
-7.793384552001953
-7.797855854034424
-7.821206092834473
-7.812913417816162
-7.831526756286621
-7.825699329376221
-7.851143836975098
-7.837757110595703
-7.851200103759766
-7.844962120056152
-7.866573810577393
-7.881316184997559
-7.880526542663574
-7.903290748596191
-7.9203338623046875
-7.9105706214904785
-7.91644811630249
-7.916630744934082
-7.937100887298584
-7.958010196685791
-7.960704326629639
-7.965898513793945
-7.990349769592285
-7.995562553405762
-8.005830764770508
-8.031149864196777
-8.038384437561035
-8.045991897583008
-8.053814888000488
-8.06927490234375
-8.074628829956055
-8.081083297729492
-8.099445343017578
-8.110809326171875
-8.133401870727539
-8.139409065246582
-8.142129898071289
-8.167207717895508
-8.190584182739258
-8.205986976623535
-8.213950157165527
-8.241926193237305
-8.248404502868652
-8.262362480163574
-8.274325370788574
-8.288866996765137
-8.317122459411621
-8.356972694396973
-8.365055084228516
-8.375959396362305
-8.387699127197266
-8.416862487792969
-8.442856788635254
-8.464744567871094
-8.47419261932373
-8.525165557861328
-8.486350059509277
-8.531219482421875
-8.559906005859375
-8.609842300415039
-8.625310897827148
-8.626681327819824
-8.6898193359375
-8.712536811828613
-8.734827995300293
-8.775818824768066
-8.822943687438965
-8.81893539428711
-8.864347457885742
-8.886026382446289
-8.940553665161133
-8.99155330657959
-8.996390342712402
-9.031332969665527
-9.087745666503906
-9.090964317321777
-9.152532577514648
-9.154213905334473
-9.182552337646484
-9.20639705657959
-9.242426872253418
-9.283299446105957
-9.318974494934082
-9.319660186767578
-9.32783031463623
-9.367182731628418
-9.38759994506836
-9.404695510864258
-9.43154525756836
-9.4747896194458
-9.45429801940918
-9.529150009155273
-9.50479793548584
-9.523868560791016
-9.542058944702148
-9.558202743530273
-9.577564239501953
-9.57317066192627
-9.577890396118164
-9.60052490234375
-9.619626998901367
-9.623385429382324
-9.62734317779541
-9.64993667602539
-9.656222343444824
-9.644759178161621
-9.687161445617676
-9.65921401977539
-9.675254821777344
-9.730127334594727
-9.700263977050781
-9.691983222961426
-9.732104301452637
-9.718757629394531
-9.761673927307129
-9.75698184967041
-9.77783203125
-9.784880638122559
-9.796384811401367
-9.794161796569824
-9.813508987426758
-9.808093070983887
-9.750486373901367
-9.787267684936523
-9.815571784973145
-9.813650131225586
-9.832667350769043
-9.801504135131836
-9.846009254455566
-9.841532707214355
-9.840972900390625
-9.815204620361328
-9.873579025268555
-9.840540885925293
-9.874502182006836
-9.842522621154785
-9.870452880859375
-9.879165649414062
-9.888492584228516
-9.87545394897461
-9.879393577575684
-9.901264190673828
-9.890854835510254
-9.913516998291016
-9.906323432922363
-9.912049293518066
-9.903424263000488
-9.926403999328613
-9.909329414367676
-9.950153350830078
-9.937570571899414
-9.931336402893066
-9.93083381652832
-9.941749572753906
-9.941490173339844
-9.933841705322266
-9.951655387878418
-9.950932502746582
-9.930809020996094
-9.977948188781738
-9.956502914428711
-9.964180946350098
-9.969196319580078
-9.967032432556152
-9.962904930114746
-9.987405776977539
-9.980890274047852
-9.991055488586426
-9.994344711303711
-9.998141288757324
-10.002398490905762
-9.998701095581055
-9.997908592224121
-9.999369621276855
-10.006699562072754
-10.041325569152832
-10.038405418395996
-10.01141357421875
-10.016860008239746
-10.032465934753418
-10.032430648803711
-10.017535209655762
-10.04741096496582
-10.04909610748291
-10.059991836547852
-10.033656120300293
-10.051919937133789
-10.058717727661133
-10.075274467468262
-10.059585571289062
-10.073662757873535
-10.052881240844727
-10.075155258178711
-10.083419799804688
-10.069683074951172
-10.09084415435791
-10.083205223083496
-10.09195327758789
-10.095466613769531
-10.096592903137207
-10.096911430358887
-10.081180572509766
-10.084554672241211
-10.095523834228516
-10.113823890686035
-10.094889640808105
-10.105803489685059
-10.100309371948242
-10.109273910522461
-10.116228103637695
-10.109596252441406
-10.122345924377441
-10.119384765625
-10.119400978088379
-10.132171630859375
-10.123896598815918
-10.114466667175293
-10.119560241699219
-10.13543701171875
-10.133244514465332
-10.131434440612793
-10.13217830657959
-10.12734603881836
-10.14644718170166
-10.158285140991211
-10.143754005432129
-10.137214660644531
-10.134051322937012
-10.138264656066895
-10.165146827697754
-10.138827323913574
-10.146941184997559
-10.14204216003418
-10.163990020751953
-10.150609016418457
-10.166391372680664
-10.149584770202637
-10.151723861694336
-10.153889656066895
-10.167884826660156
-10.15779972076416
-10.176475524902344
-10.157074928283691
-10.173742294311523
-10.168366432189941
-10.1726713180542
-10.179841995239258
-10.163718223571777
-10.174237251281738
-10.186546325683594
-10.189386367797852
-10.186001777648926
-10.17369556427002
-10.193757057189941
-10.18957805633545
-10.20344352722168
-10.195942878723145
-10.179549217224121
-10.20858097076416
-10.18525218963623
-10.203003883361816
-10.20582103729248
-10.20961856842041
-10.196056365966797
-10.210823059082031
-10.197691917419434
-10.20853328704834
-10.207513809204102
-10.207693099975586
-10.209628105163574
-10.217060089111328
-10.210946083068848
-10.219473838806152
-10.227181434631348
-10.22607135772705
-10.223011016845703
-10.223785400390625
-10.232420921325684
-10.231776237487793
-10.231739044189453
-10.228227615356445
-10.235818862915039
-10.220561027526855
-10.234407424926758
-10.224157333374023
-10.228983879089355
-10.230018615722656
-10.240067481994629
-10.246231079101562
-10.237210273742676
-10.245590209960938
-10.241628646850586
-10.250826835632324
-10.243358612060547
-10.249197959899902
-10.254831314086914
-10.257110595703125
-10.246746063232422
-10.255146026611328
-10.25846004486084
-10.263480186462402
-10.262629508972168
-10.266800880432129
-10.273566246032715
-10.272016525268555
-10.271827697753906
-10.271449089050293
-10.273775100708008
-10.279370307922363
-10.271961212158203
-10.277800559997559
-10.277645111083984
-10.276700973510742
-10.275537490844727
-10.28967571258545
-10.289395332336426
-10.298528671264648
-10.288935661315918
-10.284112930297852
-10.286755561828613
-10.293089866638184
-10.291769027709961
-10.298463821411133
-10.297829627990723
-10.298731803894043
-10.299093246459961
-10.30387020111084
-10.307353019714355
-10.306351661682129
-10.301143646240234
-10.318193435668945
-10.306500434875488
-10.31385326385498
-10.321501731872559
-10.31481647491455
-10.3092041015625
-10.326751708984375
-10.324995994567871
-10.334903717041016
-10.32320499420166
-10.32180118560791
-10.325827598571777
-10.330702781677246
-10.327950477600098
-10.324651718139648
-10.339056015014648
-10.323566436767578
-10.33496379852295
-10.333210945129395
-10.33603572845459
-10.345894813537598
-10.344560623168945
-10.3435640335083
-10.344593048095703
-10.35230541229248
-10.351522445678711
-10.351642608642578
-10.364739418029785
-10.356843948364258
-10.355072975158691
-10.359760284423828
-10.35901927947998
-10.362214088439941
-10.369518280029297
-10.36514663696289
-10.366156578063965
-10.368401527404785
-10.377375602722168
-10.364233016967773
-10.378564834594727
-10.37564754486084
-10.38602352142334
-10.381157875061035
-10.388921737670898
-10.395281791687012
-10.378561019897461
-10.389710426330566
-10.377676963806152
-10.394384384155273
-10.386176109313965
-10.401926040649414
-10.391039848327637
-10.397994041442871
-10.400788307189941
-10.397037506103516
-10.405410766601562
-10.396485328674316
-10.409625053405762
-10.404568672180176
-10.43017864227295
-10.418184280395508
-10.426624298095703
-10.421360969543457
-10.41377067565918
-10.427732467651367
-10.423338890075684
-10.43295955657959
-10.425808906555176
-10.432845115661621
-10.43035888671875
-10.437990188598633
-10.44224739074707
-10.432866096496582
-10.450166702270508
-10.44697093963623
-10.446916580200195
-10.449183464050293
-10.455281257629395
-10.448746681213379
-10.452548027038574
-10.455253601074219
-10.458122253417969
-10.462783813476562
-10.458168983459473
-10.467920303344727
-10.47061824798584
-10.472380638122559
-10.46646499633789
-10.471766471862793
-10.469681739807129
-10.474076271057129
-10.480086326599121
-10.48344898223877
-10.483755111694336
-10.48719596862793
-10.487850189208984
-10.48485279083252
-10.485596656799316
-10.47697639465332
-10.49967098236084
-10.482559204101562
-10.496366500854492
-10.49625301361084
-10.492755889892578
-10.503164291381836
-10.490028381347656
-10.513630867004395
-10.497295379638672
-10.510775566101074
-10.514850616455078
-10.507217407226562
-10.511184692382812
-10.522499084472656
-10.520967483520508
-10.52298355102539
-10.529780387878418
-10.533449172973633
-10.527229309082031
-10.533175468444824
-10.537822723388672
-10.538328170776367
-10.539996147155762
-10.537519454956055
-10.538298606872559
-10.536223411560059
-10.546967506408691
-10.550233840942383
-10.552210807800293
-10.551994323730469
-10.55167007446289
-10.548800468444824
-10.535618782043457
-10.548715591430664
-10.561360359191895
-10.553122520446777
-10.569368362426758
-10.57334041595459
-10.581551551818848
-10.558456420898438
-10.577240943908691
-10.567917823791504
-10.576375007629395
-10.564733505249023
-10.582803726196289
-10.585552215576172
-10.600370407104492
-10.56602954864502
-10.58878231048584
-10.57755184173584
-10.600751876831055
-10.58770751953125
-10.61213207244873
-10.588762283325195
-10.60519790649414
-10.61085033416748
-10.619108200073242
-10.616772651672363
-10.609451293945312
-10.613283157348633
-10.622492790222168
-10.632584571838379
-10.617254257202148
-10.62294864654541
-10.633367538452148
-10.625726699829102
-10.639409065246582
-10.628719329833984
-10.640925407409668
-10.637496948242188
-10.639345169067383
-10.636001586914062
-10.63892650604248
-10.648975372314453
-10.645088195800781
-10.632519721984863
-10.652162551879883
-10.636801719665527
-10.613775253295898
-10.66091251373291
-10.640937805175781
-10.645126342773438
-10.676328659057617
-10.656122207641602
-10.67097282409668
-10.668959617614746
-10.667642593383789
-10.65765380859375
-10.671760559082031
-10.668688774108887
-10.689297676086426
-10.682814598083496
-10.688522338867188
-10.684762954711914
-10.689653396606445
-10.68806266784668
-10.693732261657715
-10.706872940063477
-10.689159393310547
-10.698758125305176
-10.695982933044434
-10.693769454956055
-10.702598571777344
-10.699234962463379
-10.716471672058105
-10.705890655517578
-10.712933540344238
-10.715092658996582
-10.715249061584473
-10.72126293182373
-10.720924377441406
-10.715149879455566
-10.7228364944458
-10.714170455932617
-10.721163749694824
-10.725957870483398
-10.733502388000488
-10.717682838439941
-10.726211547851562
-10.732828140258789
-10.737617492675781
-10.736128807067871
-10.734910011291504
-10.745837211608887
-10.74160099029541
-10.744569778442383
-10.740715026855469
-10.749947547912598
-10.74812126159668
-10.748151779174805
-10.746423721313477
-10.757278442382812
-10.76086711883545
-10.75544548034668
-10.76478099822998
-10.760946273803711
-10.754143714904785
-10.744077682495117
-10.765554428100586
-10.753162384033203
-10.768857955932617
-10.766562461853027
-10.759063720703125
-10.777034759521484
-10.763761520385742
-10.766738891601562
-10.780863761901855
-10.762580871582031
-10.769670486450195
-10.775362968444824
-10.78297233581543
-10.79073715209961
-10.771854400634766
-10.780590057373047
-10.78820514678955
-10.780715942382812
-10.802249908447266
-10.79171085357666
-10.793439865112305
-10.80159854888916
-10.804333686828613
-10.795045852661133
-10.804389953613281
-10.804287910461426
-10.808272361755371
-10.80946159362793
-10.795989036560059
-10.806151390075684
-10.803014755249023
-10.816914558410645
-10.814057350158691
-10.803985595703125
-10.821743965148926
-10.808545112609863
-10.826586723327637
-10.816366195678711
-10.814567565917969
-10.815411567687988
-10.821398735046387
-10.825752258300781
-10.8305025100708
-10.831815719604492
-10.840394020080566
-10.822047233581543
-10.829181671142578
-10.835871696472168
-10.82278060913086
-10.82868480682373
-10.827250480651855
-10.844476699829102
-10.837360382080078
-10.840218544006348
-10.840953826904297
-10.836585998535156
-10.841172218322754
-10.832235336303711
-10.83211898803711
-10.837779998779297
-10.851929664611816
-10.843778610229492
-10.833576202392578
-10.858983993530273
-10.834212303161621
-10.8450345993042
-10.85336685180664
-10.845439910888672
-10.861064910888672
-10.848079681396484
-10.862298965454102
-10.852931022644043
-10.856322288513184
-10.86744213104248
-10.86414623260498
-10.86676025390625
-10.871521949768066
-10.8672456741333
-10.864843368530273
-10.869170188903809
-10.855937957763672
-10.85727596282959
-10.88105583190918
-10.846951484680176
-10.878992080688477
-10.871010780334473
-10.873212814331055
-10.861285209655762
-10.870100975036621
-10.872315406799316
-10.868496894836426
-10.8807373046875
-10.877406120300293
-10.875381469726562
-10.878890991210938
-10.873720169067383
-10.883644104003906
-10.886584281921387
-10.888191223144531
-10.886590957641602
-10.883613586425781
-10.893588066101074
-10.887358665466309
-10.895389556884766
-10.89364242553711
-10.90249252319336
-10.909330368041992
-10.894840240478516
-10.896203994750977
-10.893651008605957
-10.902311325073242
-10.89670181274414
-10.895096778869629
-10.900422096252441
-10.90649127960205
-10.897974967956543
-10.90199089050293
-10.902037620544434
-10.902751922607422
-10.906234741210938
-10.892568588256836
-10.904337882995605
-10.89706802368164
-10.905094146728516
-10.915252685546875
-10.917920112609863
-10.907716751098633
-10.919352531433105
-10.90939998626709
-10.912042617797852
-10.921777725219727
-10.91622543334961
-10.92245101928711
-10.921669006347656
-10.902688026428223
-10.921229362487793
-10.900237083435059
-10.911293029785156
-10.907505989074707
-10.909576416015625
-10.922415733337402
-10.883498191833496
-10.917789459228516
-10.910484313964844
-10.910185813903809
-10.921475410461426
-10.90735912322998
-10.92043685913086
-10.8986234664917
-10.915485382080078
-10.924174308776855
-10.925996780395508
-10.92904281616211
-10.926026344299316
-10.927979469299316
-10.927604675292969
-10.92673110961914
-10.927630424499512
-10.927173614501953
-10.927136421203613
-10.933694839477539
-10.92651081085205
-10.937626838684082
-10.934488296508789
-10.931548118591309
-10.932304382324219
-10.932022094726562
-10.936622619628906
-10.927251815795898
-10.935062408447266
-10.929604530334473
-10.942448616027832
-10.930082321166992
-10.932500839233398
-10.935194969177246
-10.936388969421387
-10.94045352935791
-10.944063186645508
-10.941634178161621
-10.931962013244629
-10.929896354675293
-10.941421508789062
-10.929404258728027
-10.942702293395996
-10.944930076599121
-10.938787460327148
-10.942063331604004
-10.937204360961914
-10.947027206420898
-10.945923805236816
-10.949630737304688
-10.948119163513184
-10.944028854370117
-10.944127082824707
-10.947792053222656
-10.945043563842773
-10.950637817382812
-10.954269409179688
-10.957691192626953
-10.9531831741333
-10.951742172241211
-10.945282936096191
-10.951251983642578
-10.951447486877441
-10.96060562133789
-10.949084281921387
-10.957110404968262
-10.950465202331543
-10.959962844848633
-10.95887565612793
-10.964180946350098
-10.968446731567383
-10.962145805358887
-10.958353996276855
-10.94938850402832
-10.955349922180176
-10.956517219543457
-10.955052375793457
-10.956128120422363
-10.955573081970215
-10.966876029968262
-10.958977699279785
-10.960521697998047
-10.966797828674316
-10.961760520935059
-10.965656280517578
-10.967170715332031
-10.960694313049316
-10.967134475708008
-10.972478866577148
-10.96863842010498
-10.956991195678711
-10.968536376953125
-10.974438667297363
-10.967279434204102
-10.966025352478027
-10.966056823730469
-10.956488609313965
-10.963117599487305
-10.971549987792969
-10.964639663696289
-10.98129940032959
-10.968560218811035
-10.970529556274414
-10.975960731506348
-10.970255851745605
-10.973764419555664
-10.959264755249023
-10.976980209350586
-10.977923393249512
-10.95953369140625
-10.958587646484375
-10.973068237304688
-10.966476440429688
-10.98266315460205
-10.956294059753418
-10.965136528015137
-10.958354949951172
-10.958647727966309
-10.970598220825195
-10.955574035644531
-10.973791122436523
-10.960861206054688
-10.980583190917969
-10.954239845275879
-10.972018241882324
-10.984204292297363
-10.976107597351074
-10.975730895996094
-10.97510814666748
-10.981801986694336
-10.964668273925781
-10.981107711791992
-10.980077743530273
-10.975178718566895
-10.973295211791992
-10.984411239624023
-10.981134414672852
-10.964836120605469
-10.989633560180664
-10.977970123291016
-10.998537063598633
-10.995613098144531
-10.984906196594238
-10.987561225891113
-10.970367431640625
-10.987457275390625
-10.98017406463623
-10.992690086364746
-10.981311798095703
-10.988210678100586
-10.986188888549805
-10.988871574401855
-10.995240211486816
-10.998029708862305
-10.987024307250977
-10.980151176452637
-10.996227264404297
-10.98458480834961
-10.987095832824707
-10.98428726196289
-10.98873233795166
-10.994542121887207
-10.97956657409668
-10.98714542388916
-10.990498542785645
-10.999297142028809
-10.995309829711914
-10.994791030883789
-11.004413604736328
-10.998636245727539
-10.986918449401855
-10.989925384521484
-10.992337226867676
-10.989359855651855
-10.980937957763672
-10.998112678527832
-10.98913860321045
-11.005794525146484
-10.979588508605957
-10.99483585357666
-10.979766845703125
-10.991893768310547
-10.976625442504883
-10.99050521850586
-10.986165046691895
-10.997787475585938
-10.984821319580078
-10.9993257522583
-10.97581672668457
-10.996386528015137
-10.998208045959473
-10.980329513549805
-10.999129295349121
-10.992403984069824
-10.99736499786377
-10.994909286499023
-11.003183364868164
-10.999533653259277
-11.001856803894043
-11.005448341369629
-11.005970001220703
-11.000965118408203
-11.014446258544922
-11.0104341506958
-10.995941162109375
-10.999603271484375
-11.000391960144043
-10.996464729309082
-11.010013580322266
-10.997994422912598
-10.998723983764648
-11.010425567626953
-11.001940727233887
-11.012394905090332
-11.00728988647461
-11.00944995880127
-11.010255813598633
-11.005157470703125
-11.00245189666748
-11.004451751708984
-11.01522445678711
-11.012357711791992
-11.014566421508789
-11.016241073608398
-10.998218536376953
-11.012852668762207
-11.011273384094238
-11.00227165222168
-11.01106071472168
-10.991661071777344
-11.01544189453125
-11.002450942993164
-11.01321792602539
-11.001953125
-11.011788368225098
-11.005315780639648
-11.019195556640625
-11.006430625915527
-11.023616790771484
-10.98067855834961
-11.012552261352539
-10.992870330810547
-11.018027305603027
-10.978715896606445
-11.016942977905273
-10.995919227600098
-11.017419815063477
-11.002275466918945
-11.024330139160156
-11.000924110412598
-11.019678115844727
-11.014863967895508
-11.012313842773438
-11.011825561523438
-11.018902778625488
-11.010085105895996
-11.025896072387695
-11.021495819091797
-11.022866249084473
-11.014348030090332
-11.027981758117676
-11.013195991516113
-11.014019966125488
-11.013419151306152
-11.021624565124512
-11.020865440368652
-11.019682884216309
-11.028511047363281
-11.021265983581543
-11.02987289428711
-11.024985313415527
-11.027146339416504
-11.006111145019531
-11.01491928100586
-11.013915061950684
-11.024003028869629
-11.015835762023926
-11.017266273498535
-11.01919937133789
-11.025943756103516
-11.031502723693848
-11.021661758422852
-11.030160903930664
-11.03319263458252
-11.029966354370117
-11.030176162719727
-11.020283699035645
-11.023658752441406
-11.026952743530273
-11.020567893981934
-11.03738021850586
-11.032788276672363
-11.023435592651367
-11.027902603149414
-11.024575233459473
-11.020217895507812
-11.02526569366455
-11.019203186035156
-11.024041175842285
-11.026325225830078
-11.023021697998047
-11.01394271850586
-11.033685684204102
-11.0266752243042
-11.02085018157959
-11.02164077758789
-11.02727222442627
-11.02609920501709
-11.023645401000977
-11.0262451171875
-11.039070129394531
-11.019691467285156
-11.029556274414062
-11.033668518066406
-11.033967018127441
-11.025790214538574
-11.025012969970703
-11.019182205200195
-11.036005020141602
-11.030179977416992
-11.036282539367676
-11.036543846130371
-11.042998313903809
-11.034677505493164
-11.038005828857422
-11.033501625061035
-11.030097961425781
-11.026533126831055
-11.046607971191406
-11.031599044799805
-11.033031463623047
-11.03071117401123
-11.03580379486084
-11.036693572998047
-11.030350685119629
-11.041213989257812
-11.013351440429688
-11.039488792419434
-11.02287769317627
-11.026406288146973
-11.039684295654297
-11.040884017944336
-11.040298461914062
-11.04651165008545
-11.03757095336914
-11.034801483154297
-11.046016693115234
-11.033062934875488
-11.046865463256836
-11.043069839477539
-11.051490783691406
-11.045385360717773
-11.039865493774414
-11.03767204284668
-11.03250789642334
-11.046346664428711
-11.038934707641602
-11.045231819152832
-11.043133735656738
-11.044684410095215
-11.045220375061035
-11.038045883178711
-11.046855926513672
-11.050277709960938
-11.04513168334961
-11.049162864685059
-11.044318199157715
-11.043838500976562
-11.040665626525879
-11.048584938049316
-11.040365219116211
-11.047130584716797
-11.04100513458252
-11.042469024658203
-11.041683197021484
-11.043035507202148
-11.045466423034668
-11.039355278015137
-11.043431282043457
-11.043434143066406
-11.054815292358398
-11.043803215026855
-11.053053855895996
-11.024100303649902
-11.052948951721191
-11.038862228393555
-11.046192169189453
-11.044449806213379
-11.046472549438477
-11.04341983795166
-11.048955917358398
-11.0316801071167
-11.045073509216309
-11.044819831848145
-11.040152549743652
-11.046181678771973
-11.044025421142578
-11.04892635345459
-11.053985595703125
-11.046608924865723
-11.05355453491211
-11.049246788024902
-11.049066543579102
-11.044576644897461
-11.04692554473877
-11.049763679504395
-11.041284561157227
-11.04745101928711
-11.034195899963379
-11.060270309448242
-11.057522773742676
-11.043960571289062
-11.033825874328613
-11.05311107635498
-11.042264938354492
-11.052986145019531
-11.045269966125488
-11.04733943939209
-11.055265426635742
-11.050342559814453
-11.0536470413208
-11.04880142211914
-11.050943374633789
-11.055651664733887
-11.058432579040527
-11.051240921020508
-11.056678771972656
-11.052690505981445
-11.05435562133789
-11.05383014678955
-11.052876472473145
-11.056169509887695
-11.053741455078125
-11.060297012329102
-11.056443214416504
-11.049895286560059
-11.057414054870605
-11.05517864227295
-11.053488731384277
-11.051894187927246
-11.058502197265625
-11.057519912719727
-11.058113098144531
-11.055119514465332
-11.06189250946045
-11.054244995117188
-11.06497573852539
-11.054083824157715
-11.065472602844238
-11.065484046936035
-11.057619094848633
-11.065191268920898
-11.064594268798828
-11.046205520629883
-11.051314353942871
-11.067147254943848
-11.049595832824707
-11.06157398223877
-11.056137084960938
-11.049544334411621
-11.065423011779785
-11.061278343200684
-11.062019348144531
-11.065009117126465
-11.070112228393555
-11.056865692138672
-11.062196731567383
-11.050016403198242
-11.064338684082031
-11.049280166625977
-11.065352439880371
-11.04615306854248
-11.05958080291748
-11.063892364501953
-11.070455551147461
-11.06415843963623
-11.05887508392334
-11.06601619720459
-11.067334175109863
-11.063721656799316
-11.059526443481445
-11.067508697509766
-11.062699317932129
-11.070220947265625
-11.068472862243652
-11.064874649047852
-11.067776679992676
-11.061474800109863
-11.065679550170898
-11.057576179504395
-11.067415237426758
-11.064187049865723
-11.061847686767578
-11.059757232666016
-11.066831588745117
-11.062902450561523
-11.073792457580566
-11.074814796447754
-11.077545166015625
-11.080767631530762
-11.068954467773438
-11.080288887023926
-11.072562217712402
-11.066210746765137
-11.07106876373291
-11.069337844848633
-11.066971778869629
-11.06364631652832
-11.068263053894043
-11.072823524475098
-11.078147888183594
-11.055313110351562
-11.07553768157959
-11.067516326904297
-11.07719612121582
-11.073139190673828
-11.059773445129395
-11.062785148620605
-11.072005271911621
-11.054549217224121
-11.065834045410156
-11.04958438873291
-11.06679916381836
-11.064301490783691
-11.064889907836914
-11.066045761108398
-11.050021171569824
-11.067363739013672
-11.065205574035645
-11.065303802490234
-11.069117546081543
-11.076189041137695
-11.06738567352295
-11.082764625549316
-11.064980506896973
-11.0775146484375
-11.062134742736816
-11.072129249572754
-11.05920696258545
-11.073138236999512
-11.062105178833008
-11.077701568603516
-11.068900108337402
-11.082403182983398
-11.08165454864502
-11.072469711303711
-11.064553260803223
-11.07520580291748
-11.055322647094727
-11.07696533203125
-11.058991432189941
-11.082234382629395
-11.069436073303223
-11.074984550476074
-11.062589645385742
-11.078313827514648
-11.078634262084961
-11.084851264953613
-11.074939727783203
-11.073217391967773
-11.076476097106934
-11.064382553100586
-11.076842308044434
-11.077408790588379
-11.07475757598877
-11.073969841003418
-11.072295188903809
-11.06534194946289
-11.072894096374512
-11.067824363708496
-11.06644344329834
-11.074623107910156
-11.070684432983398
-11.089120864868164
-11.07986831665039
-11.082195281982422
-11.081604957580566
-11.081586837768555
-11.090136528015137
-11.084307670593262
-11.082961082458496
-11.077449798583984
-11.084098815917969
-11.07670783996582
-11.088343620300293
-11.072124481201172
-11.084214210510254
-11.068231582641602
-11.077349662780762
-11.083099365234375
-11.08833122253418
-11.07260799407959
-11.08634090423584
-11.07996654510498
-11.091095924377441
-11.062840461730957
-11.08602523803711
-11.079902648925781
-11.08149242401123
-11.077722549438477
-11.074152946472168
-11.071797370910645
-11.082474708557129
-11.082488059997559
-11.08388900756836
-11.072325706481934
-11.078740119934082
-11.082260131835938
-11.079547882080078
-11.082833290100098
-11.088805198669434
-11.085989952087402
-11.07857608795166
-11.078954696655273
-11.088520050048828
-11.081303596496582
-11.084566116333008
-11.072549819946289
-11.084390640258789
-11.090500831604004
-11.086295127868652
-11.085798263549805
-11.089385032653809
-11.077193260192871
-11.07020092010498
-11.078936576843262
-11.085311889648438
-11.074978828430176
-11.082846641540527
-11.08676815032959
-11.087226867675781
-11.089847564697266
-11.082432746887207
-11.092595100402832
-11.077749252319336
-11.08440113067627
-11.08508014678955
-11.085018157958984
-11.085311889648438
-11.086442947387695
-11.094156265258789
-11.084684371948242
-11.084973335266113
-11.08542251586914
-11.08755111694336
-11.082021713256836
-11.087552070617676
-11.093570709228516
-11.078289985656738
-11.087918281555176
-11.080974578857422
-11.077377319335938
-11.098533630371094
-11.091168403625488
-11.089174270629883
-11.08757495880127
-11.078689575195312
-11.102028846740723
-11.091165542602539
-11.087437629699707
-11.098278999328613
-11.081653594970703
-11.083211898803711
-11.09224796295166
-11.064105033874512
-11.088801383972168
-11.074365615844727
-11.098773956298828
-11.074563980102539
-11.097932815551758
-11.082358360290527
-11.095097541809082
-11.086459159851074
-11.09319019317627
-11.090339660644531
-11.09157943725586
-11.095396041870117
-11.097794532775879
-11.096124649047852
-11.096409797668457
-11.102252960205078
-11.095312118530273
-11.096919059753418
-11.095242500305176
-11.097664833068848
-11.103838920593262
-11.097797393798828
-11.101079940795898
-11.100454330444336
-11.1064453125
-11.089628219604492
-11.088955879211426
-11.081992149353027
-11.092350959777832
-11.0899076461792
-11.092612266540527
-11.097944259643555
-11.09839916229248
-11.100004196166992
-11.099340438842773
-11.101303100585938
-11.09756851196289
-11.100587844848633
-11.0996732711792
-11.104775428771973
-11.104721069335938
-11.109783172607422
-11.093347549438477
-11.094914436340332
-11.095181465148926
-11.104182243347168
-11.090218544006348
-11.098827362060547
-11.083473205566406
-11.097417831420898
-11.10408878326416
-11.100473403930664
-11.099695205688477
-11.100947380065918
-11.095595359802246
-11.101724624633789
-11.10330581665039
-11.095575332641602
-11.11199951171875
-11.101990699768066
-11.104582786560059
-11.099087715148926
-11.103879928588867
-11.094193458557129
-11.098465919494629
-11.093486785888672
-11.103524208068848
-11.092884063720703
-11.096634864807129
-11.081596374511719
-11.09445858001709
-11.085002899169922
-11.098149299621582
-11.08604907989502
-11.100083351135254
-11.084524154663086
-11.105925559997559
-11.098221778869629
-11.108284950256348
-11.09843921661377
-11.108930587768555
-11.103211402893066
-11.10875415802002
-11.109488487243652
-11.097044944763184
-11.096390724182129
-11.108014106750488
-11.106511116027832
-11.102816581726074
-11.105058670043945
-11.104022979736328
-11.10391902923584
-11.107749938964844
-11.108854293823242
-11.107065200805664
-11.10591983795166
-11.110461235046387
-11.106472969055176
-11.101841926574707
-11.103306770324707
-11.114752769470215
-11.108220100402832
-11.103729248046875
-11.09701156616211
-11.107442855834961
-11.0946626663208
-11.103611946105957
-11.107637405395508
-11.109210014343262
-11.11471939086914
-11.11262321472168
-11.107108116149902
-11.110372543334961
-11.106969833374023
-11.10737133026123
-11.119376182556152
-11.115449905395508
-11.116758346557617
-11.11688232421875
-11.109182357788086
-11.11245346069336
-11.106769561767578
-11.114192008972168
-11.103938102722168
-11.116515159606934
-11.121369361877441
-11.096131324768066
-11.110995292663574
-11.111715316772461
-11.112325668334961
-11.11571979522705
-11.114968299865723
-11.113449096679688
-11.114110946655273
-11.112364768981934
-11.12322998046875
-11.120800018310547
-11.109643936157227
-11.099940299987793
-11.105003356933594
-11.104784965515137
-11.11674976348877
-11.108283042907715
-11.09466552734375
-11.117424964904785
-11.104615211486816
-11.106221199035645
-11.099119186401367
-11.10311508178711
-11.097503662109375
-11.105706214904785
-11.104657173156738
-11.106810569763184
-11.1005277633667
-11.11388874053955
-11.123651504516602
-11.111198425292969
-11.114831924438477
-11.107667922973633
-11.110339164733887
-11.11003303527832
-11.122725486755371
-11.117847442626953
-11.111038208007812
-11.120229721069336
-11.11035442352295
-11.118703842163086
-11.107096672058105
-11.117278099060059
-11.117172241210938
-11.1195650100708
-11.112361907958984
-11.116296768188477
-11.100176811218262
-11.112556457519531
-11.110306739807129
-11.112578392028809
-11.106182098388672
-11.121491432189941
-11.110014915466309
-11.101165771484375
-11.101820945739746
-11.115532875061035
-11.117792129516602
-11.123018264770508
-11.1175537109375
-11.105865478515625
-11.125438690185547
-11.121697425842285
-11.106461524963379
-11.109119415283203
-11.113120079040527
-11.119010925292969
-11.090003967285156
-11.119283676147461
-11.091339111328125
-11.11750316619873
-11.098012924194336
-11.118810653686523
-11.105137825012207
-11.119715690612793
-11.106283187866211
-11.116081237792969
-11.109231948852539
-11.121846199035645
-11.112581253051758
-11.116559982299805
-11.123300552368164
-11.118706703186035
-11.108733177185059
-11.125650405883789
-11.117534637451172
-11.117408752441406
-11.118185043334961
-11.112863540649414
-11.12779426574707
-11.121414184570312
-11.12608528137207
-11.11438274383545
-11.125926971435547
-11.127284049987793
-11.125508308410645
-11.123279571533203
-11.121904373168945
-11.127948760986328
-11.119682312011719
-11.132299423217773
-11.11779499053955
-11.124061584472656
-11.127690315246582
-11.106287002563477
-11.119307518005371
-11.11478042602539
-11.119487762451172
-11.107552528381348
-11.130175590515137
-11.12127685546875
-11.128622055053711
-11.123064994812012
-11.132144927978516
-11.127861976623535
-11.125994682312012
-11.125388145446777
-11.124717712402344
-11.129328727722168
-11.116409301757812
-11.12713623046875
-11.124520301818848
-11.123605728149414
-11.122274398803711
-11.12000560760498
-11.119932174682617
-11.119853019714355
-11.131869316101074
-11.114920616149902
-11.117855072021484
-11.119600296020508
-11.12618350982666
-11.116174697875977
-11.129939079284668
-11.113454818725586
-11.123884201049805
-11.118950843811035
-11.12562084197998
-11.127256393432617
-11.105900764465332
-11.118548393249512
-11.118916511535645
-11.127361297607422
-11.123128890991211
-11.127121925354004
-11.116498947143555
-11.132681846618652
-11.115547180175781
-11.128337860107422
-11.126700401306152
-11.125082015991211
-11.124703407287598
-11.129356384277344
-11.123456001281738
-11.125781059265137
-11.127911567687988
-11.133676528930664
-11.117905616760254
-11.126677513122559
-11.116445541381836
-11.129083633422852
-11.120139122009277
-11.136609077453613
-11.123855590820312
-11.129318237304688
-11.127127647399902
-11.115704536437988
-11.131135940551758
-11.116488456726074
-11.128166198730469
-11.100510597229004
-11.135424613952637
-11.09505844116211
-11.13249397277832
-11.116454124450684
-11.110136985778809
-11.11421012878418
-11.113675117492676
-11.13188362121582
-11.098004341125488
-11.13394546508789
-11.101797103881836
-11.12689208984375
-11.107331275939941
-11.131379127502441
-11.126482009887695
-11.124698638916016
-11.132594108581543
-11.117135047912598
-11.13012409210205
-11.128240585327148
-11.135893821716309
-11.117587089538574
-11.13679027557373
-11.12786865234375
-11.132576942443848
-11.130748748779297
-11.126799583435059
-11.130881309509277
-11.132119178771973
-11.131223678588867
-11.13050365447998
-11.133129119873047
-11.1240234375
-11.134424209594727
-11.130865097045898
-11.128141403198242
-11.129186630249023
-11.123135566711426
-11.132735252380371
-11.117151260375977
-11.133679389953613
-11.129953384399414
-11.129668235778809
-11.130547523498535
-11.123754501342773
-11.137514114379883
-11.122849464416504
-11.130115509033203
-11.133206367492676
-11.12460708618164
-11.136547088623047
-11.136004447937012
-11.13310718536377
-11.133147239685059
-11.135411262512207
-11.120898246765137
-11.134875297546387
-11.1281156539917
-11.128610610961914
-11.130861282348633
-11.133896827697754
-11.137252807617188
-11.123456954956055
-11.136161804199219
-11.131662368774414
-11.138466835021973
-11.13615608215332
-11.132397651672363
-11.128315925598145
-11.136693954467773
-11.138989448547363
-11.121038436889648
-11.13821029663086
-11.132789611816406
-11.141518592834473
-11.107160568237305
-11.137282371520996
-11.110252380371094
-11.144822120666504
-11.106388092041016
-11.141963005065918
-11.124001502990723
-11.134160995483398
-11.132079124450684
-11.127922058105469
-11.129561424255371
-11.132847785949707
-11.133749961853027
-11.131386756896973
-11.147103309631348
-11.135266304016113
-11.138896942138672
-11.133625030517578
-11.144432067871094
-11.142539024353027
-11.141826629638672
-11.149991035461426
-11.135679244995117
-11.137547492980957
-11.13839054107666
-11.14246654510498
-11.137178421020508
-11.137993812561035
-11.144075393676758
-11.139830589294434
-11.134881019592285
-11.139800071716309
-11.146757125854492
-11.14315414428711
-11.13736629486084
-11.133100509643555
-11.152921676635742
-11.1402587890625
-11.140692710876465
-11.138699531555176
-11.129148483276367
-11.144085884094238
-11.144749641418457
-11.139080047607422
-11.129419326782227
-11.141647338867188
-11.137916564941406
-11.127060890197754
-11.142733573913574
-11.13691520690918
-11.141477584838867
-11.127217292785645
-11.136809349060059
-11.134889602661133
-11.142403602600098
-11.130260467529297
-11.13703441619873
-11.136838912963867
-11.136412620544434
-11.144176483154297
-11.145992279052734
-11.147027969360352
-11.142023086547852
-11.145376205444336
-11.147138595581055
-11.148216247558594
-11.145122528076172
-11.138534545898438
-11.145444869995117
-11.145418167114258
-11.15040397644043
-11.138738632202148
-11.141459465026855
-11.142541885375977
-11.146127700805664
-11.149589538574219
-11.143532752990723
-11.142850875854492
-11.14106273651123
-11.142953872680664
-11.14161491394043
-11.145339012145996
-11.145831108093262
-11.146316528320312
-11.150140762329102
-11.136837005615234
-11.146795272827148
-11.147981643676758
-11.146230697631836
-11.139937400817871
-11.136104583740234
-11.141938209533691
-11.136855125427246
-11.148568153381348
-11.147297859191895
-11.141447067260742
-11.144436836242676
-11.15032958984375
-11.14541244506836
-11.143279075622559
-11.146703720092773
-11.154664039611816
-11.143086433410645
-11.142010688781738
-11.14250373840332
-11.153336524963379
-11.144502639770508
-11.155324935913086
-11.142605781555176
-11.147459983825684
-11.14323616027832
-11.153263092041016
-11.147364616394043
-11.138361930847168
-11.1475830078125
-11.1420316696167
-11.137191772460938
-11.156795501708984
-11.144847869873047
-11.154963493347168
-11.146600723266602
-11.149343490600586
-11.1528902053833
-11.155240058898926
-11.143381118774414
-11.144832611083984
-11.140676498413086
-11.147777557373047
-11.143641471862793
-11.15340805053711
-11.153340339660645
-11.148643493652344
-11.149101257324219
-11.155179023742676
-11.149861335754395
-11.14513874053955
-11.14911937713623
-11.15475845336914
-11.150157928466797
-11.147377967834473
-11.13510799407959
-11.139095306396484
-11.151071548461914
-11.133578300476074
-11.14184284210205
-11.133822441101074
-11.144044876098633
-11.153342247009277
-11.15050983428955
-11.14500904083252
-11.14328384399414
-11.143596649169922
-11.149497032165527
-11.141762733459473
-11.152560234069824
-11.152667999267578
-11.15121841430664
-11.150726318359375
-11.150975227355957
-11.150300979614258
-11.14780044555664
-11.15697193145752
-11.146517753601074
-11.150242805480957
-11.143089294433594
-11.150354385375977
-11.147722244262695
-11.158324241638184
-11.163602828979492
-11.15754508972168
-11.161788940429688
-11.155092239379883
-11.144892692565918
-11.14804458618164
-11.152838706970215
-11.150604248046875
-11.142114639282227
-11.152256965637207
-11.15235710144043
-11.155143737792969
-11.151505470275879
-11.148073196411133
-11.151493072509766
-11.159259796142578
-11.146260261535645
-11.15970516204834
-11.154547691345215
-11.153264999389648
-11.158960342407227
-11.166866302490234
-11.150315284729004
-11.152392387390137
-11.158885955810547
-11.153170585632324
-11.164030075073242
-11.148149490356445
-11.153958320617676
-11.154253005981445
-11.148449897766113
-11.162522315979004
-11.156766891479492
-11.153085708618164
-11.15434455871582
-11.147136688232422
-11.152585983276367
-11.153077125549316
-11.15397834777832
-11.144810676574707
-11.150877952575684
-11.154193878173828
-11.154915809631348
-11.150399208068848
-11.152815818786621
-11.141258239746094
-11.154601097106934
-11.153861045837402
-11.144525527954102
-11.151634216308594
-11.157508850097656
-11.14543628692627
-11.168068885803223
-11.155613899230957
-11.154269218444824
-11.16379451751709
-11.155203819274902
-11.157191276550293
-11.155508041381836
-11.15976333618164
-11.159231185913086
-11.14445972442627
-11.156908988952637
-11.153074264526367
-11.158355712890625
-11.156161308288574
-11.160664558410645
-11.150794982910156
-11.155403137207031
-11.13980770111084
-11.152040481567383
-11.152251243591309
-11.158116340637207
-11.135027885437012
-11.158086776733398
-11.157364845275879
-11.162383079528809
-11.160283088684082
-11.155223846435547
-11.158824920654297
-11.157362937927246
-11.163595199584961
-11.150227546691895
-11.150882720947266
-11.142992973327637
-11.126492500305176
-11.164298057556152
-11.123200416564941
-11.153497695922852
-11.134151458740234
-11.150077819824219
-11.14908504486084
-11.1378173828125
-11.158864974975586
-11.129478454589844
-11.153233528137207
-11.159810066223145
-11.130118370056152
-11.156465530395508
-11.113025665283203
-11.155438423156738
-11.144373893737793
-11.148537635803223
-11.148704528808594
-11.150209426879883
-11.155529022216797
-11.136232376098633
-11.15934944152832
-11.14075756072998
-11.162287712097168
-11.160161018371582
-11.150562286376953
-11.153196334838867
-11.126721382141113
-11.163713455200195
-11.14505672454834
-11.145468711853027
-11.160435676574707
-11.140515327453613
-11.15562915802002
-11.146618843078613
-11.133499145507812
-11.157073020935059
-11.146675109863281
-11.154784202575684
-11.1626615524292
-11.146025657653809
-11.167034149169922
-11.160568237304688
-11.160632133483887
-11.162821769714355
-11.163171768188477
-11.164924621582031
-11.166217803955078
-11.165543556213379
-11.159531593322754
-11.166179656982422
-11.173600196838379
-11.159120559692383
-11.169624328613281
-11.161308288574219
-11.160524368286133
-11.166034698486328
-11.173728942871094
-11.158170700073242
-11.158883094787598
-11.16044807434082
-11.163378715515137
-11.1542329788208
-11.157862663269043
-11.162535667419434
-11.161730766296387
-11.163342475891113
-11.165597915649414
-11.167131423950195
-11.164775848388672
-11.165618896484375
-11.155623435974121
-11.164596557617188
-11.146944999694824
-11.159868240356445
-11.168985366821289
-11.15714168548584
-11.172629356384277
-11.149718284606934
-11.154379844665527
-11.16308879852295
-11.153385162353516
-11.163700103759766
-11.162101745605469
-11.16261100769043
-11.162491798400879
-11.151381492614746
-11.162914276123047
-11.169276237487793
-11.156404495239258
-11.16408920288086
-11.162084579467773
-11.162352561950684
-11.165365219116211
-11.165358543395996
-11.165140151977539
-11.165711402893066
-11.161116600036621
-11.1687650680542
-11.166458129882812
-11.171303749084473
-11.166486740112305
-11.1773042678833
-11.166637420654297
-11.16395378112793
-11.166061401367188
-11.169635772705078
-11.15754222869873
-11.154600143432617
-11.16506290435791
-11.154747009277344
-11.161857604980469
-11.17213249206543
-11.141646385192871
-11.169005393981934
-11.162531852722168
-11.164128303527832
-11.16648006439209
-11.157598495483398
-11.164913177490234
-11.167259216308594
-11.168583869934082
-11.170639038085938
-11.170669555664062
-11.169922828674316
-11.16343879699707
-11.167976379394531
-11.15898323059082
-11.168782234191895
-11.162214279174805
-11.164815902709961
-11.169416427612305
-11.168675422668457
-11.169321060180664
-11.16749095916748
-11.171869277954102
-11.167268753051758
-11.1735258102417
-11.158842086791992
-11.172877311706543
-11.168813705444336
-11.17232894897461
-11.16368293762207
-11.172371864318848
-11.169600486755371
-11.169929504394531
-11.164188385009766
-11.161449432373047
-11.173407554626465
-11.168930053710938
-11.17607307434082
-11.165666580200195
-11.169904708862305
-11.176546096801758
-11.161657333374023
-11.17763614654541
-11.16728401184082
-11.161917686462402
-11.167428970336914
-11.16048812866211
-11.173502922058105
-11.16978931427002
-11.17332649230957
-11.175859451293945
-11.159859657287598
-11.168566703796387
-11.169278144836426
-11.180060386657715
-11.169513702392578
-11.16374683380127
-11.167672157287598
-11.166020393371582
-11.16989517211914
-11.17672348022461
-11.176706314086914
-11.167325019836426
-11.172307014465332
-11.16625690460205
-11.171728134155273
-11.158406257629395
-11.169288635253906
-11.168636322021484
-11.170234680175781
-11.16688346862793
-11.176122665405273
-11.178549766540527
-11.172160148620605
-11.176527976989746
-11.175457954406738
-11.175200462341309
-11.161317825317383
-11.177109718322754
-11.172100067138672
-11.17170524597168
-11.1742525100708
-11.176015853881836
-11.176973342895508
-11.181428909301758
-11.170182228088379
-11.168753623962402
-11.164191246032715
-11.170031547546387
-11.173441886901855
-11.15308666229248
-11.176680564880371
-11.168635368347168
-11.162801742553711
-11.175322532653809
-11.160276412963867
-11.167349815368652
-11.168874740600586
-11.153751373291016
-11.173798561096191
-11.170182228088379
-11.177496910095215
-11.180558204650879
-11.182435035705566
-11.176864624023438
-11.173605918884277
-11.176764488220215
-11.175748825073242
-11.179369926452637
-11.159106254577637
-11.173534393310547
-11.175722122192383
-11.164691925048828
-11.173206329345703
-11.17622184753418
-11.17588996887207
-11.175374984741211
-11.17941951751709
-11.185600280761719
-11.180152893066406
-11.170196533203125
-11.182914733886719
-11.170262336730957
-11.175020217895508
-11.171074867248535
-11.17785930633545
-11.174897193908691
-11.183131217956543
-11.170663833618164
-11.18404769897461
-11.172143936157227
-11.179155349731445
-11.180557250976562
-11.169753074645996
-11.176820755004883
-11.16006851196289
-11.17270565032959
-11.180078506469727
-11.168692588806152
-11.178755760192871
-11.168233871459961
-11.175874710083008
-11.179966926574707
-11.158734321594238
-11.175883293151855
-11.176350593566895
-11.150468826293945
-11.17348861694336
-11.171285629272461
-11.167851448059082
-11.178916931152344
-11.17088508605957
-11.163891792297363
-11.177926063537598
-11.169113159179688
-11.171341896057129
-11.177386283874512
-11.172066688537598
-11.179900169372559
-11.17200756072998
-11.17401123046875
-11.17492961883545
-11.1785306930542
-11.177300453186035
-11.177254676818848
-11.173158645629883
-11.166971206665039
-11.180706024169922
-11.1739501953125
-11.177386283874512
-11.18082332611084
-11.171636581420898
-11.183401107788086
-11.18838882446289
-11.179768562316895
-11.180334091186523
-11.180909156799316
-11.177133560180664
-11.187626838684082
-11.173995971679688
-11.177374839782715
-11.184340476989746
-11.182662963867188
-11.178092956542969
-11.183062553405762
-11.179790496826172
-11.18152904510498
-11.176552772521973
-11.1751127243042
-11.177040100097656
-11.180569648742676
-11.187832832336426
-11.180253028869629
-11.178411483764648
-11.184179306030273
-11.172428131103516
-11.179116249084473
-11.177301406860352
-11.19019889831543
-11.18150520324707
-11.179974555969238
-11.172036170959473
-11.186305046081543
-11.178826332092285
-11.170561790466309
-11.16732120513916
-11.175017356872559
-11.17002010345459
-11.177976608276367
-11.187366485595703
-11.181099891662598
-11.182908058166504
-11.18707275390625
-11.181315422058105
-11.179884910583496
-11.184514999389648
-11.178506851196289
-11.182413101196289
-11.18647289276123
-11.179662704467773
-11.181131362915039
-11.176478385925293
-11.182488441467285
-11.1658353805542
-11.17443561553955
-11.186904907226562
-11.183768272399902
-11.179878234863281
-11.178499221801758
-11.182636260986328
-11.185470581054688
-11.184067726135254
-11.182933807373047
-11.184377670288086
-11.184554100036621
-11.186783790588379
-11.182564735412598
-11.186453819274902
-11.186229705810547
-11.185998916625977
-11.189706802368164
-11.19001579284668
-11.18929672241211
-11.18948745727539
-11.185089111328125
-11.179572105407715
-11.175825119018555
-11.180649757385254
-11.181089401245117
-11.179436683654785
-11.178638458251953
-11.18317985534668
-11.185009002685547
-11.184599876403809
-11.182931900024414
-11.189969062805176
-11.179807662963867
-11.187941551208496
-11.180205345153809
-11.189849853515625
-11.183595657348633
-11.178765296936035
-11.186738014221191
-11.18508243560791
-11.182184219360352
-11.184771537780762
-11.18612289428711
-11.177571296691895
-11.184338569641113
-11.181074142456055
-11.180782318115234
-11.185434341430664
-11.182819366455078
-11.185481071472168
-11.174179077148438
-11.180794715881348
-11.189727783203125
-11.180367469787598
-11.17773151397705
-11.185871124267578
-11.155440330505371
-11.190231323242188
-11.16936206817627
-11.181378364562988
-11.187731742858887
-11.184473037719727
-11.198480606079102
-11.168693542480469
-11.170982360839844
-11.175874710083008
-11.179079055786133
-11.188345909118652
-11.18267822265625
-11.183646202087402
-11.187712669372559
-11.186311721801758
-11.178966522216797
-11.184496879577637
-11.185442924499512
-11.172934532165527
-11.182877540588379
-11.176517486572266
-11.176033973693848
-11.19930362701416
-11.164412498474121
-11.18720817565918
-11.190360069274902
-11.17977523803711
-11.175199508666992
-11.183862686157227
-11.165557861328125
-11.180654525756836
-11.185585975646973
-11.170513153076172
-11.187207221984863
-11.167886734008789
-11.173766136169434
-11.186155319213867
-11.174388885498047
-11.182136535644531
-11.182490348815918
-11.180312156677246
-11.189929008483887
-11.184239387512207
-11.180058479309082
-11.190961837768555
-11.187941551208496
-11.17958927154541
-11.185880661010742
-11.184298515319824
-11.181466102600098
-11.192360877990723
-11.186132431030273
-11.197591781616211
-11.18450927734375
-11.1891508102417
-11.190642356872559
-11.185770988464355
-11.19173526763916
-11.187845230102539
-11.190691947937012
-11.1880521774292
-11.18497371673584
-11.187066078186035
-11.174415588378906
-11.193075180053711
-11.184225082397461
-11.19056510925293
-11.184551239013672
-11.180850982666016
-11.182432174682617
-11.179072380065918
-11.195015907287598
-11.182596206665039
-11.198270797729492
-11.194709777832031
-11.192930221557617
-11.184489250183105
-11.190067291259766
-11.197710990905762
-11.188608169555664
-11.189126968383789
-11.182787895202637
-11.190269470214844
-11.196167945861816
-11.189888954162598
-11.194832801818848
-11.18781566619873
-11.18763542175293
-11.19512939453125
-11.196163177490234
-11.199858665466309
-11.19938850402832
-11.17706298828125
-11.191630363464355
-11.187917709350586
-11.19437313079834
-11.180066108703613
-11.194623947143555
-11.186389923095703
-11.181632041931152
-11.190291404724121
-11.181591033935547
-11.19668960571289
-11.189383506774902
-11.190205574035645
-11.192750930786133
-11.187259674072266
-11.18995475769043
-11.197611808776855
-11.190503120422363
-11.187533378601074
-11.19516372680664
-11.187010765075684
-11.18899917602539
-11.18608570098877
-11.194135665893555
-11.186241149902344
-11.188942909240723
-11.187681198120117
-11.192143440246582
-11.192047119140625
-11.171050071716309
-11.189191818237305
-11.176191329956055
-11.1934814453125
-11.182576179504395
-11.185648918151855
-11.19473934173584
-11.179619789123535
-11.195090293884277
-11.193020820617676
-11.181751251220703
-11.189736366271973
-11.181513786315918
-11.18565845489502
-11.1909818649292
-11.186736106872559
-11.189679145812988
-11.178133964538574
-11.187052726745605
-11.187005996704102
-11.189644813537598
-11.196015357971191
-11.187853813171387
-11.189262390136719
-11.194535255432129
-11.19750690460205
-11.180204391479492
-11.199163436889648
-11.187039375305176
-11.190828323364258
-11.197057723999023
-11.194873809814453
-11.19915771484375
-11.196965217590332
-11.195578575134277
-11.190661430358887
-11.192987442016602
-11.192675590515137
-11.176706314086914
-11.187524795532227
-11.18985366821289
-11.195738792419434
-11.188469886779785
-11.191873550415039
-11.198192596435547
-11.198081016540527
-11.195425987243652
-11.195525169372559
-11.196588516235352
-11.19735336303711
-11.194412231445312
-11.19891357421875
-11.195272445678711
-11.190528869628906
-11.194146156311035
-11.195838928222656
-11.200432777404785
-11.189337730407715
-11.192465782165527
-11.201326370239258
-11.17580795288086
-11.194999694824219
-11.190865516662598
-11.197176933288574
-11.201502799987793
-11.20280647277832
-11.20684814453125
-11.191898345947266
-11.193225860595703
-11.197837829589844
-11.196595191955566
-11.196433067321777
-11.199122428894043
-11.197343826293945
-11.203831672668457
-11.200371742248535
-11.177552223205566
-11.19736099243164
-11.178086280822754
-11.197978019714355
-11.199684143066406
-11.18835163116455
-11.192914009094238
-11.187376976013184
-11.185667991638184
-11.194416046142578
-11.18832778930664
-11.194537162780762
-11.194658279418945
-11.19573974609375
-11.19920825958252
-11.196791648864746
-11.19739818572998
-11.195252418518066
-11.194695472717285
-11.191129684448242
-11.197612762451172
-11.20260238647461
-11.183900833129883
-11.19857406616211
-11.197808265686035
-11.191715240478516
-11.204413414001465
-11.190203666687012
-11.192011833190918
-11.200304985046387
-11.1914701461792
-11.197896957397461
-11.192023277282715
-11.186660766601562
-11.192261695861816
-11.18353271484375
-11.192652702331543
-11.179723739624023
-11.197635650634766
-11.200898170471191
-11.195050239562988
-11.18918514251709
-11.193822860717773
-11.207868576049805
-11.198741912841797
-11.203922271728516
-11.18881607055664
-11.20651626586914
-11.198614120483398
-11.196877479553223
-11.190909385681152
-11.19488525390625
-11.20180606842041
-11.1962890625
-11.198212623596191
-11.185481071472168
-11.202170372009277
-11.18839168548584
-11.196006774902344
-11.199047088623047
-11.180461883544922
-11.200519561767578
-11.193942070007324
-11.193387985229492
-11.199014663696289
-11.199585914611816
-11.203330039978027
-11.202329635620117
-11.192880630493164
-11.199143409729004
-11.201722145080566
-11.181175231933594
-11.198431015014648
-11.182771682739258
-11.199406623840332
-11.203339576721191
-11.188349723815918
-11.183674812316895
-11.191732406616211
-11.171378135681152
-11.198102951049805
-11.190962791442871
-11.18366527557373
-11.198826789855957
-11.193958282470703
-11.198773384094238
-11.189781188964844
-11.204468727111816
-11.198634147644043
-11.197729110717773
-11.1978759765625
-11.194133758544922
-11.194958686828613
-11.194840431213379
-11.19275188446045
-11.19426155090332
-11.204874038696289
-11.186956405639648
-11.194615364074707
-11.206323623657227
-11.197674751281738
-11.201804161071777
-11.196892738342285
-11.194504737854004
-11.200395584106445
-11.20063591003418
-11.201615333557129
-11.205341339111328
-11.196837425231934
-11.201855659484863
-11.200751304626465
-11.2056245803833
-11.20174789428711
-11.200957298278809
-11.18499755859375
-11.199954986572266
-11.157990455627441
-11.205650329589844
-11.184320449829102
-11.17708683013916
-11.201054573059082
-11.172322273254395
-11.195935249328613
-11.196260452270508
-11.194326400756836
-11.202319145202637
-11.198417663574219
-11.194000244140625
-11.198978424072266
-11.202509880065918
-11.195239067077637
-11.196593284606934
-11.207077980041504
-11.194990158081055
-11.202427864074707
-11.179430961608887
-11.205202102661133
-11.201173782348633
-11.203670501708984
-11.204557418823242
-11.209059715270996
-11.19237995147705
-11.211679458618164
-11.198027610778809
-11.205513954162598
-11.194993019104004
-11.206613540649414
-11.202675819396973
-11.198698043823242
-11.206807136535645
-11.207200050354004
-11.209152221679688
-11.199560165405273
-11.201956748962402
-11.189377784729004
-11.201705932617188
-11.204911231994629
-11.190786361694336
-11.209775924682617
-11.196771621704102
-11.19230842590332
-11.20140552520752
-11.196462631225586
-11.2019624710083
-11.205558776855469
-11.190074920654297
-11.213846206665039
-11.182939529418945
-11.196257591247559
-11.199288368225098
-11.193099975585938
-11.203486442565918
-11.201643943786621
-11.19240665435791
-11.189685821533203
-11.194449424743652
-11.175822257995605
-11.201286315917969
-11.190704345703125
-11.189799308776855
-11.199188232421875
-11.201349258422852
-11.195594787597656
-11.19599723815918
-11.205575942993164
-11.20274543762207
-11.207074165344238
-11.198610305786133
-11.197497367858887
-11.205146789550781
-11.204029083251953
-11.210416793823242
-11.205163955688477
-11.210763931274414
-11.203863143920898
-11.19796371459961
-11.209452629089355
-11.201266288757324
-11.203705787658691
-11.20736026763916
-11.204278945922852
-11.212221145629883
-11.209562301635742
-11.208160400390625
-11.210637092590332
-11.210905075073242
-11.191106796264648
-11.206284523010254
-11.205984115600586
-11.208878517150879
-11.205044746398926
-11.211750030517578
-11.195795059204102
-11.206329345703125
-11.208200454711914
-11.209327697753906
-11.21084976196289
-11.196161270141602
-11.206369400024414
-11.203030586242676
