loss_v
-5.035714626312256
-5.115310192108154
-5.078728675842285
-5.0235443115234375
-5.219080448150635
-5.324833393096924
-5.424262046813965
-5.202629089355469
-5.545007228851318
-5.136368751525879
-5.368762493133545
-5.249608039855957
-5.479251384735107
-5.364980697631836
-5.316227912902832
-5.376195907592773
-5.6188273429870605
-5.50485897064209
-5.453317642211914
-5.558476448059082
-5.610445022583008
-5.419480323791504
-5.4414286613464355
-5.7895050048828125
-5.622175216674805
-5.691312789916992
-5.7444329261779785
-5.654651165008545
-5.719379425048828
-5.851833820343018
-5.625728130340576
-5.948160648345947
-5.743070602416992
-5.965793609619141
-5.699690818786621
-5.967400550842285
-5.901845932006836
-6.059656620025635
-6.000030517578125
-6.044771671295166
-6.035886287689209
-5.9602861404418945
-5.845345497131348
-6.162871360778809
-5.973849773406982
-6.044857025146484
-5.925362586975098
-6.062559127807617
-5.955021381378174
-6.065206050872803
-5.982822895050049
-6.019806861877441
-6.042771816253662
-5.997161388397217
-6.184988975524902
-6.038408279418945
-6.064411163330078
-5.972059726715088
-5.974898338317871
-5.872497081756592
-6.039985656738281
-5.9651408195495605
-5.967912673950195
-5.858557224273682
-5.982491970062256
-6.050009250640869
-5.938852310180664
-6.044074535369873
-6.174491882324219
-6.140982151031494
-6.113951683044434
-5.990253448486328
-6.127146244049072
-6.086191177368164
-6.103608131408691
-6.117560863494873
-6.080959796905518
-6.142398357391357
-5.969431400299072
-6.170650005340576
-6.269588470458984
-5.999903678894043
-6.0496697425842285
-6.101346015930176
-6.036400318145752
-6.075425148010254
-6.182061672210693
-6.136510848999023
-6.214542865753174
-6.065619468688965
-6.140915393829346
-6.291486740112305
-6.260731220245361
-6.126296043395996
-6.188969135284424
-6.301833152770996
-6.194117546081543
-6.284524440765381
-6.144225120544434
-6.343527317047119
-6.319159507751465
-6.165809631347656
-6.249073505401611
-6.216851234436035
-6.217467784881592
-6.305459022521973
-6.2431135177612305
-6.243536949157715
-6.244333744049072
-6.232884883880615
-6.292388916015625
-6.429932117462158
-6.1974196434021
-6.232372283935547
-6.3757829666137695
-6.363816261291504
-6.24617338180542
-6.328118324279785
-6.299927711486816
-6.340960502624512
-6.336603164672852
-6.205551624298096
-6.217075824737549
-6.29854154586792
-6.408205509185791
-6.445774078369141
-6.452291965484619
-6.287267684936523
-6.4806036949157715
-6.377344131469727
-6.473108291625977
-6.327879905700684
-6.428913116455078
-6.403223514556885
-6.436867713928223
-6.417729377746582
-6.464986801147461
-6.3601765632629395
-6.407659530639648
-6.3969645500183105
-6.371838092803955
-6.516509056091309
-6.389251232147217
-6.534407138824463
-6.5499348640441895
-6.503603935241699
-6.609168529510498
-6.527535438537598
-6.520144462585449
-6.635050296783447
-6.5823516845703125
-6.552727222442627
-6.653972148895264
-6.635054588317871
-6.551504611968994
-6.709265232086182
-6.710934638977051
-6.670654773712158
-6.718820571899414
-6.697045803070068
-6.693384170532227
-6.7146897315979
-6.776036739349365
-6.905346870422363
-6.896607398986816
-6.719664573669434
-6.9519944190979
-6.818649768829346
-6.9644389152526855
-7.020339488983154
-6.952444553375244
-7.040522575378418
-6.9194488525390625
-7.013439655303955
-7.006564140319824
-7.118490695953369
-7.233151435852051
-7.180722236633301
-7.214020729064941
-7.473781108856201
-7.349801063537598
-7.258745193481445
-7.518612861633301
-7.464566230773926
-7.480653285980225
-7.643510818481445
-7.774392127990723
-7.619351863861084
-7.554036617279053
-7.74509859085083
-7.520951747894287
-7.528356075286865
-7.786499500274658
-7.790364742279053
-7.614169120788574
-7.8402605056762695
-7.877401351928711
-7.863803863525391
-7.804683685302734
-7.830805778503418
-7.804291248321533
-7.753319263458252
-8.011541366577148
-7.882850646972656
-8.079304695129395
-7.953965187072754
-8.148131370544434
-8.033723831176758
-8.002420425415039
-7.996266841888428
-8.01789665222168
-8.259023666381836
-8.186023712158203
-8.319598197937012
-8.196064949035645
-8.140053749084473
-8.26431655883789
-8.44494342803955
-8.463415145874023
-8.411623001098633
-8.317138671875
-8.438770294189453
-8.431407928466797
-8.539722442626953
-8.517970085144043
-8.624296188354492
-8.597212791442871
-8.663115501403809
-8.702741622924805
-8.78567123413086
-8.774694442749023
-8.855310440063477
-8.875916481018066
-8.892333984375
-9.011717796325684
-8.939826011657715
-9.100592613220215
-9.173661231994629
-9.096243858337402
-9.139015197753906
-9.261171340942383
-9.279659271240234
-9.125999450683594
-9.27830982208252
-9.337333679199219
-9.148611068725586
-9.421470642089844
-9.416808128356934
-9.348467826843262
-9.559082984924316
-9.516946792602539
-9.534994125366211
-9.476934432983398
-9.58792495727539
-9.602921485900879
-9.59595012664795
-9.678970336914062
-9.642704963684082
-9.650186538696289
-9.831768989562988
-9.707146644592285
-9.773513793945312
-9.777804374694824
-9.848773002624512
-9.880863189697266
-9.824535369873047
-9.829856872558594
-9.96378231048584
-9.887535095214844
-9.859764099121094
-9.86918830871582
-9.93515396118164
-9.947340965270996
-9.99097728729248
-10.024578094482422
-10.065987586975098
-10.135391235351562
-10.043249130249023
-10.03460693359375
-10.039972305297852
-10.125930786132812
-10.14094352722168
-10.18336009979248
-10.166433334350586
-10.200263023376465
-10.223823547363281
-10.215435981750488
-10.240923881530762
-10.251396179199219
-10.223091125488281
-10.262168884277344
-10.185644149780273
-10.26343822479248
-10.325782775878906
-10.279568672180176
-10.305262565612793
-10.31196117401123
-10.275837898254395
-10.321392059326172
-10.277146339416504
-10.336660385131836
-10.342880249023438
-10.406487464904785
-10.340875625610352
-10.433385848999023
-10.42117691040039
-10.405948638916016
-10.488204956054688
-10.4020414352417
-10.416772842407227
-10.407485961914062
-10.439416885375977
-10.436068534851074
-10.442816734313965
-10.413199424743652
-10.446897506713867
-10.510822296142578
-10.50113296508789
-10.52836799621582
-10.465886116027832
-10.52548885345459
-10.442874908447266
-10.484269142150879
-10.496726989746094
-10.532503128051758
-10.49614429473877
-10.565064430236816
-10.51830005645752
-10.56251335144043
-10.53554630279541
-10.49882698059082
-10.54504680633545
-10.546684265136719
-10.542325973510742
-10.533462524414062
-10.54677963256836
-10.560155868530273
-10.586966514587402
-10.5335111618042
-10.525766372680664
-10.520854949951172
-10.583215713500977
-10.569812774658203
-10.601839065551758
-10.593585968017578
-10.5552396774292
-10.607606887817383
-10.599837303161621
-10.596076965332031
-10.587676048278809
-10.601832389831543
-10.657881736755371
-10.585786819458008
-10.626232147216797
-10.610832214355469
-10.648638725280762
-10.600382804870605
-10.588874816894531
-10.624979019165039
-10.641399383544922
-10.63399600982666
-10.623788833618164
-10.676799774169922
-10.674378395080566
-10.659241676330566
-10.639424324035645
-10.664146423339844
-10.61181926727295
-10.658666610717773
-10.667725563049316
-10.699283599853516
-10.643901824951172
-10.655856132507324
-10.671969413757324
-10.67705249786377
-10.62895679473877
-10.680658340454102
-10.7488374710083
-10.665620803833008
-10.720500946044922
-10.667980194091797
-10.647974014282227
-10.695320129394531
-10.712908744812012
-10.77234935760498
-10.743854522705078
-10.67027759552002
-10.747097969055176
-10.6436767578125
-10.678339958190918
-10.743169784545898
-10.737902641296387
-10.733601570129395
-10.655902862548828
-10.726645469665527
-10.74788761138916
-10.740960121154785
-10.757092475891113
-10.767935752868652
-10.706287384033203
-10.725834846496582
-10.781481742858887
-10.683509826660156
-10.731348037719727
-10.730496406555176
-10.765216827392578
-10.781208992004395
-10.724475860595703
-10.809925079345703
-10.729020118713379
-10.758005142211914
-10.739118576049805
-10.784651756286621
-10.72940444946289
-10.790261268615723
-10.77064323425293
-10.780891418457031
-10.812712669372559
-10.729608535766602
-10.782065391540527
-10.800474166870117
-10.825167655944824
-10.811378479003906
-10.799436569213867
-10.848981857299805
-10.77749252319336
-10.797717094421387
-10.83763599395752
-10.748465538024902
-10.788555145263672
-10.806380271911621
-10.822525024414062
-10.815217971801758
-10.835505485534668
-10.893914222717285
-10.862380027770996
-10.811422348022461
-10.859332084655762
-10.787798881530762
-10.846443176269531
-10.850122451782227
-10.836283683776855
-10.85163688659668
-10.805471420288086
-10.860387802124023
-10.79322338104248
-10.826752662658691
-10.91553020477295
-10.853611946105957
-10.854588508605957
-10.875472068786621
-10.780238151550293
-10.879071235656738
-10.845276832580566
-10.880430221557617
-10.857311248779297
-10.866693496704102
-10.875088691711426
-10.882730484008789
-10.897035598754883
-10.871710777282715
-10.873970985412598
-10.865052223205566
-10.872103691101074
-10.86877155303955
-10.873786926269531
-10.89851188659668
-10.869230270385742
-10.881658554077148
-10.918825149536133
-10.89583683013916
-10.866162300109863
-10.882746696472168
-10.923566818237305
-10.89954662322998
-10.892914772033691
-10.89228343963623
-10.891925811767578
-10.88440990447998
-10.880362510681152
-10.89887523651123
-10.882941246032715
-10.852307319641113
-10.882760047912598
-10.894753456115723
-10.900042533874512
-10.919538497924805
-10.910359382629395
-10.884239196777344
-10.982564926147461
-10.916340827941895
-10.865328788757324
-10.922289848327637
-10.877218246459961
-10.915711402893066
-10.930566787719727
-10.90222454071045
-10.90820026397705
-10.901926040649414
-10.886844635009766
-10.863791465759277
-10.893518447875977
-10.982468605041504
-10.938400268554688
-10.94555377960205
-10.937475204467773
-10.916213989257812
-10.931588172912598
-10.908971786499023
-10.922231674194336
-10.92552661895752
-10.940570831298828
-10.918662071228027
-10.901049613952637
-10.955355644226074
-10.89377212524414
-10.898991584777832
-10.92417049407959
-10.972774505615234
-10.908883094787598
-10.934185981750488
-10.931659698486328
-10.988115310668945
-10.964234352111816
-10.953930854797363
-10.915177345275879
-10.930770874023438
-10.90852165222168
-10.961577415466309
-10.97608470916748
-10.94001293182373
-10.94968032836914
-10.987774848937988
-10.960127830505371
-10.961703300476074
-10.906534194946289
-10.977492332458496
-10.994481086730957
-10.948169708251953
-11.007990837097168
-10.951716423034668
-10.99135971069336
-11.005642890930176
-10.958754539489746
-10.911194801330566
-10.980070114135742
-10.982231140136719
-10.937385559082031
-10.934247970581055
-10.984818458557129
-10.961502075195312
-10.977009773254395
-10.97430419921875
-10.951635360717773
-10.956367492675781
-11.000383377075195
-11.001598358154297
-10.96094036102295
-10.980234146118164
-11.025565147399902
-11.007231712341309
-10.96275520324707
-10.981595039367676
-10.972128868103027
-10.965054512023926
-11.020477294921875
-10.988147735595703
-11.050688743591309
-10.997257232666016
-10.94206428527832
-11.009881973266602
-10.95646858215332
-10.984763145446777
-10.972498893737793
-10.97350788116455
-11.005859375
-11.025222778320312
-11.02338695526123
-11.027896881103516
-10.988231658935547
-10.979113578796387
-10.994659423828125
-11.006930351257324
-11.048301696777344
-11.002031326293945
-11.017578125
-11.0176362991333
-11.007058143615723
-10.999747276306152
-10.996214866638184
-11.01725959777832
-11.043988227844238
-10.999749183654785
-11.014580726623535
-11.004444122314453
-11.051033020019531
-11.025578498840332
-10.994135856628418
-10.987751007080078
-11.048839569091797
-10.98885726928711
-11.036946296691895
-11.015512466430664
-10.983880996704102
-10.996992111206055
-10.985681533813477
-11.063648223876953
-11.013915061950684
-11.025151252746582
-10.987515449523926
-11.023256301879883
-11.032060623168945
-11.027497291564941
-11.048782348632812
-11.000100135803223
-11.013427734375
-11.034940719604492
-11.005805015563965
-10.966754913330078
-11.06369686126709
-11.069747924804688
-11.012612342834473
-11.049954414367676
-11.005887985229492
-10.97514533996582
-11.040602684020996
-11.007170677185059
-11.005374908447266
-11.038305282592773
-11.061156272888184
-11.0802640914917
-11.064421653747559
-11.057950973510742
-11.021673202514648
-11.044610977172852
-11.05481243133545
-11.041382789611816
-11.072916984558105
-11.04507827758789
-11.082650184631348
-11.018360137939453
-11.048681259155273
-11.062788963317871
-11.040719985961914
-11.051543235778809
-11.039595603942871
-11.040156364440918
-11.046600341796875
-11.031648635864258
-11.070761680603027
-11.090170860290527
-11.074003219604492
-11.035343170166016
-11.015840530395508
-11.037740707397461
-11.003339767456055
-11.064180374145508
-11.051835060119629
-11.0415678024292
-11.01620101928711
-11.0879545211792
-11.081418991088867
-11.061504364013672
-11.098193168640137
-11.022849082946777
-11.0752592086792
-11.021007537841797
-11.039692878723145
-11.064969062805176
-11.056314468383789
-11.079174041748047
-11.057004928588867
-11.051605224609375
-11.06401538848877
-11.056843757629395
-11.096467018127441
-11.073532104492188
-11.065775871276855
-11.068706512451172
-11.0995512008667
-11.100530624389648
-11.06585693359375
-11.052825927734375
-11.099392890930176
-11.078020095825195
-11.082947731018066
-11.043366432189941
-11.050154685974121
-11.083853721618652
-11.100324630737305
-11.049084663391113
-11.052071571350098
-11.091883659362793
-11.071958541870117
-11.036538124084473
-11.105565071105957
-11.06148624420166
-11.075188636779785
-11.068282127380371
-11.077996253967285
-11.077777862548828
-11.07663631439209
-11.104011535644531
-11.019876480102539
-11.120447158813477
-11.10254192352295
-11.089876174926758
-11.085763931274414
-11.093544960021973
-11.05612850189209
-11.064903259277344
-11.035773277282715
-11.065683364868164
-11.098085403442383
-11.119762420654297
-11.05426025390625
-11.089567184448242
-11.05956745147705
-11.054207801818848
-11.068472862243652
-11.097233772277832
-11.054404258728027
-11.077893257141113
-11.061225891113281
-11.062372207641602
-11.071200370788574
-11.099056243896484
-11.045412063598633
-11.057782173156738
-11.084571838378906
-11.101286888122559
-11.03162670135498
-11.012076377868652
-11.066600799560547
-11.085301399230957
-11.031018257141113
-11.0733642578125
-11.04384994506836
-11.13480281829834
-10.99130630493164
-11.064990043640137
-11.093133926391602
-11.071573257446289
-11.099666595458984
-11.08148193359375
-11.110523223876953
-11.108595848083496
-11.083423614501953
-11.049272537231445
-11.086440086364746
-11.118865966796875
-11.128264427185059
-11.102041244506836
-11.09937858581543
-11.127447128295898
-11.105521202087402
-11.0894136428833
-11.078773498535156
-11.113645553588867
-11.075447082519531
-11.103829383850098
-11.085695266723633
-11.129035949707031
-11.126809120178223
-11.090238571166992
-11.088786125183105
-11.124959945678711
-11.108963966369629
-11.084952354431152
-11.118697166442871
-11.150197982788086
-11.083478927612305
-11.104708671569824
-11.130165100097656
-11.109099388122559
-11.144693374633789
-11.112482070922852
-11.092870712280273
-11.114911079406738
-11.099655151367188
-11.114960670471191
-11.100373268127441
-11.079168319702148
-11.08940315246582
-11.084785461425781
-11.097221374511719
-11.09419059753418
-11.132981300354004
-11.127330780029297
-11.146864891052246
-11.093575477600098
-11.092957496643066
-11.143948554992676
-11.142020225524902
-11.120813369750977
-11.127806663513184
-11.107588768005371
-11.131763458251953
-11.099580764770508
-11.117934226989746
-11.11612319946289
-11.132722854614258
-11.150716781616211
-11.112695693969727
-11.148383140563965
-11.132684707641602
-11.12901782989502
-11.159070014953613
-11.167306900024414
-11.12459659576416
-11.101492881774902
-11.127541542053223
-11.125898361206055
-11.134833335876465
-11.138742446899414
-11.129894256591797
-11.10793685913086
-11.130206108093262
-11.113369941711426
-11.144895553588867
-11.112322807312012
-11.12515926361084
-11.114680290222168
-11.101203918457031
-11.117803573608398
-11.125195503234863
-11.145400047302246
-11.152256965637207
-11.108567237854004
-11.112915992736816
-11.1317720413208
-11.151021003723145
-11.138145446777344
-11.151028633117676
-11.104453086853027
-11.145773887634277
-11.124771118164062
-11.136134147644043
-11.124868392944336
-11.147927284240723
-11.127542495727539
-11.149455070495605
-11.145781517028809
-11.10563850402832
-11.16706371307373
-11.140640258789062
-11.15011978149414
-11.140824317932129
-11.147109031677246
-11.17552661895752
-11.15768814086914
-11.129413604736328
-11.143342018127441
-11.145066261291504
-11.157800674438477
-11.167076110839844
-11.148109436035156
-11.108609199523926
-11.149771690368652
-11.129323959350586
-11.164295196533203
-11.155895233154297
-11.14591121673584
-11.15599250793457
-11.173818588256836
-11.175606727600098
-11.158493995666504
-11.160311698913574
-11.175127029418945
-11.165773391723633
-11.134651184082031
-11.151690483093262
-11.150127410888672
-11.15023136138916
-11.160265922546387
-11.1302490234375
-11.124136924743652
-11.107419967651367
-11.074695587158203
-11.09780502319336
-11.161327362060547
-11.16135311126709
-11.108104705810547
-11.150547981262207
-11.115806579589844
-11.121251106262207
-11.144694328308105
-11.172490119934082
-11.163025856018066
-11.138876914978027
-11.18464469909668
-11.157378196716309
-11.154955863952637
-11.150348663330078
-11.156208992004395
-11.138854026794434
-11.138236999511719
-11.126896858215332
-11.151412963867188
-11.174568176269531
-11.161205291748047
-11.145708084106445
-11.120682716369629
-11.108407974243164
-11.140265464782715
-11.16849422454834
-11.130436897277832
-11.14797592163086
-11.150595664978027
-11.153630256652832
-11.146886825561523
-11.172348976135254
-11.149202346801758
-11.176668167114258
-11.18048095703125
-11.169599533081055
-11.126640319824219
-11.153860092163086
-11.162800788879395
-11.171777725219727
-11.155871391296387
-11.132139205932617
-11.138307571411133
-11.173460006713867
-11.179658889770508
-11.136940956115723
-11.146568298339844
-11.13405990600586
-11.176572799682617
-11.178790092468262
-11.177927017211914
-11.171813011169434
-11.168956756591797
-11.158546447753906
-11.174505233764648
-11.147403717041016
-11.141368865966797
-11.162768363952637
-11.128807067871094
-11.177142143249512
-11.186448097229004
-11.135516166687012
-11.137716293334961
-11.193778991699219
-11.16052532196045
-11.185710906982422
-11.154510498046875
-11.193321228027344
-11.157922744750977
-11.17249584197998
-11.200788497924805
-11.13236141204834
-11.179902076721191
-11.183001518249512
-11.179396629333496
-11.162522315979004
-11.187033653259277
-11.150201797485352
-11.145624160766602
-11.17361068725586
-11.198375701904297
-11.159205436706543
-11.18497371673584
-11.183114051818848
-11.16269302368164
-11.143607139587402
-11.173748970031738
-11.179023742675781
-11.183608055114746
-11.18632984161377
-11.177528381347656
-11.175533294677734
-11.18008041381836
-11.141725540161133
-11.181312561035156
-11.185112953186035
-11.170791625976562
-11.178101539611816
-11.18541431427002
-11.140702247619629
-11.13448715209961
-11.17699909210205
-11.196049690246582
-11.189414978027344
-11.152532577514648
-11.158945083618164
-11.162240028381348
-11.138261795043945
-11.160744667053223
-11.183602333068848
-11.17526626586914
-11.159464836120605
-11.139771461486816
-11.126859664916992
-11.175832748413086
-11.1964750289917
-11.17377758026123
-11.196160316467285
-11.170390129089355
-11.194572448730469
-11.188528060913086
-11.178387641906738
-11.135849952697754
-11.20598030090332
-11.151931762695312
-11.173788070678711
-11.19237232208252
-11.18962574005127
-11.159974098205566
-11.200875282287598
-11.195652961730957
-11.201788902282715
-11.177000999450684
-11.185349464416504
-11.15196418762207
-11.172920227050781
-11.195951461791992
-11.17483901977539
-11.183439254760742
-11.191864013671875
-11.196277618408203
-11.187070846557617
-11.172354698181152
-11.189788818359375
-11.187522888183594
-11.175878524780273
-11.15630054473877
-11.166611671447754
-11.158747673034668
-11.203346252441406
-11.205713272094727
-11.210680961608887
-11.192172050476074
-11.188316345214844
-11.189728736877441
-11.185458183288574
-11.200368881225586
-11.19922161102295
-11.186973571777344
-11.185537338256836
-11.172076225280762
-11.19159984588623
-11.169100761413574
-11.182525634765625
-11.181726455688477
-11.177301406860352
-11.203107833862305
-11.173276901245117
-11.186212539672852
-11.18217945098877
-11.157868385314941
-11.202319145202637
-11.180205345153809
-11.214751243591309
-11.182497024536133
-11.195408821105957
-11.15556526184082
-11.193333625793457
-11.192957878112793
-11.194127082824707
-11.208815574645996
-11.205338478088379
-11.175424575805664
-11.1526460647583
-11.185702323913574
-11.160417556762695
-11.19378662109375
-11.171806335449219
-11.188475608825684
-11.217086791992188
-11.192336082458496
-11.201142311096191
-11.206049919128418
-11.199821472167969
-11.192728996276855
-11.173523902893066
-11.181910514831543
-11.169990539550781
-11.179609298706055
-11.191630363464355
-11.223600387573242
-11.179905891418457
-11.194512367248535
-11.161157608032227
-11.174985885620117
-11.199323654174805
-11.17988395690918
-11.192416191101074
-11.183941841125488
-11.228944778442383
-11.20757007598877
-11.209169387817383
-11.195955276489258
-11.18023681640625
-11.210371017456055
-11.221521377563477
-11.188255310058594
-11.180220603942871
-11.198208808898926
-11.197484970092773
-11.21463394165039
-11.207011222839355
-11.22758960723877
-11.1978178024292
-11.203998565673828
-11.214542388916016
-11.186646461486816
-11.21221923828125
-11.211836814880371
-11.203981399536133
-11.220162391662598
-11.21929931640625
-11.195062637329102
-11.209898948669434
-11.214439392089844
-11.216414451599121
-11.231216430664062
-11.21943473815918
-11.232892036437988
-11.218789100646973
-11.174497604370117
-11.214949607849121
-11.230669975280762
-11.206328392028809
-11.224934577941895
-11.22064208984375
-11.204785346984863
-11.203631401062012
-11.20663833618164
-11.1898193359375
-11.22315788269043
-11.21560001373291
-11.22097396850586
-11.19840145111084
-11.21753215789795
-11.231243133544922
-11.235692977905273
-11.224838256835938
-11.216710090637207
-11.223310470581055
-11.23587417602539
-11.223331451416016
-11.21271800994873
-11.21535587310791
-11.208946228027344
-11.2450532913208
-11.224525451660156
-11.23525333404541
-11.226179122924805
-11.242795944213867
-11.204471588134766
-11.216535568237305
-11.210868835449219
-11.218088150024414
-11.213774681091309
-11.219883918762207
-11.247632026672363
-11.202531814575195
-11.222234725952148
-11.201746940612793
-11.20966911315918
-11.180785179138184
-11.175430297851562
-11.20199966430664
-11.22876262664795
-11.219733238220215
-11.208126068115234
-11.211456298828125
-11.175479888916016
-11.20129680633545
-11.205577850341797
-11.236437797546387
-11.225049018859863
-11.207926750183105
-11.228466033935547
-11.218421936035156
-11.245734214782715
-11.232479095458984
-11.238082885742188
-11.24437141418457
-11.227587699890137
-11.226448059082031
-11.240635871887207
-11.220582962036133
-11.207863807678223
-11.19118595123291
-11.218351364135742
-11.228619575500488
-11.23066234588623
-11.190277099609375
-11.217096328735352
-11.21782398223877
-11.224625587463379
-11.20960807800293
-11.207927703857422
-11.2102689743042
-11.237393379211426
-11.237335205078125
-11.235416412353516
-11.21574878692627
-11.221954345703125
-11.233407974243164
-11.238590240478516
-11.243005752563477
-11.234792709350586
-11.227160453796387
-11.236462593078613
-11.238643646240234
-11.231158256530762
-11.217121124267578
-11.223008155822754
-11.215210914611816
-11.247954368591309
-11.252626419067383
-11.24486255645752
-11.225543975830078
-11.235398292541504
-11.234489440917969
-11.246498107910156
-11.219144821166992
-11.195976257324219
-11.22781753540039
-11.23875904083252
-11.239519119262695
-11.21882152557373
-11.207780838012695
-11.231550216674805
-11.248451232910156
-11.247109413146973
-11.23464298248291
-11.238779067993164
-11.247922897338867
-11.245784759521484
-11.247587203979492
-11.236790657043457
-11.236898422241211
-11.242264747619629
-11.249968528747559
-11.248576164245605
-11.235464096069336
-11.255404472351074
-11.248022079467773
-11.257018089294434
-11.247186660766602
-11.254180908203125
-11.253178596496582
-11.246429443359375
-11.258310317993164
-11.255269050598145
-11.245674133300781
-11.247360229492188
-11.247259140014648
-11.249759674072266
-11.2615966796875
-11.250860214233398
-11.244909286499023
-11.252405166625977
-11.260649681091309
-11.26066780090332
-11.251043319702148
-11.242987632751465
-11.259610176086426
-11.259383201599121
-11.242947578430176
-11.259305000305176
-11.253683090209961
-11.245881080627441
-11.254067420959473
-11.244976043701172
-11.245742797851562
-11.262626647949219
-11.248473167419434
-11.250359535217285
-11.243877410888672
-11.251437187194824
-11.249981880187988
-11.247892379760742
-11.251174926757812
-11.240562438964844
-11.262465476989746
-11.249608039855957
-11.260941505432129
-11.259514808654785
-11.254608154296875
-11.256433486938477
-11.25064468383789
-11.244437217712402
-11.257617950439453
-11.255252838134766
-11.260719299316406
-11.259775161743164
-11.256577491760254
-11.25676441192627
-11.25308895111084
-11.241057395935059
-11.261148452758789
-11.262565612792969
-11.256561279296875
-11.254129409790039
-11.248505592346191
-11.251988410949707
-11.26695442199707
-11.256902694702148
-11.264581680297852
-11.269826889038086
-11.258606910705566
-11.255648612976074
-11.256775856018066
-11.256300926208496
-11.244771957397461
-11.256659507751465
-11.246739387512207
-11.251994132995605
-11.256017684936523
-11.257139205932617
-11.258071899414062
-11.247940063476562
-11.243773460388184
-11.250433921813965
-11.245747566223145
-11.2515230178833
-11.266166687011719
-11.273177146911621
-11.255027770996094
-11.238872528076172
-11.227152824401855
-11.217610359191895
-11.240303993225098
-11.261064529418945
-11.256939888000488
-11.249574661254883
-11.257122993469238
-11.248676300048828
-11.245623588562012
-11.25524616241455
-11.257707595825195
-11.266815185546875
-11.264702796936035
-11.255791664123535
-11.247078895568848
-11.257026672363281
-11.255051612854004
-11.261051177978516
-11.247669219970703
-11.246501922607422
-11.262328147888184
-11.252304077148438
-11.265936851501465
-11.260967254638672
-11.260435104370117
-11.261306762695312
-11.253645896911621
-11.253216743469238
-11.260242462158203
-11.262184143066406
-11.261262893676758
-11.26443862915039
-11.247844696044922
-11.239797592163086
-11.243526458740234
-11.267583847045898
-11.26130199432373
-11.262210845947266
-11.267377853393555
-11.261551856994629
-11.257782936096191
-11.266143798828125
-11.27072525024414
-11.267072677612305
-11.271647453308105
-11.281652450561523
-11.263236999511719
-11.264259338378906
-11.266081809997559
-11.263919830322266
-11.25836181640625
-11.261079788208008
-11.27534008026123
-11.26434326171875
-11.261439323425293
-11.261677742004395
-11.250584602355957
-11.266191482543945
-11.273850440979004
-11.278313636779785
-11.270638465881348
-11.280159950256348
-11.25987434387207
-11.268106460571289
-11.285042762756348
-11.271742820739746
-11.270984649658203
-11.276280403137207
-11.268166542053223
-11.279022216796875
-11.267208099365234
-11.259443283081055
-11.27302360534668
-11.277873039245605
-11.277583122253418
-11.27318286895752
-11.271407127380371
-11.268543243408203
-11.268360137939453
-11.281630516052246
-11.273077964782715
-11.276644706726074
-11.29239273071289
-11.259169578552246
-11.267594337463379
-11.263999938964844
-11.279996871948242
-11.26573657989502
-11.273171424865723
-11.266653060913086
-11.272073745727539
-11.270936012268066
-11.269784927368164
-11.261673927307129
-11.269543647766113
-11.264242172241211
-11.28775405883789
-11.272404670715332
-11.263678550720215
-11.262605667114258
-11.259501457214355
-11.255643844604492
-11.256114959716797
-11.246675491333008
-11.238178253173828
-11.27882194519043
-11.275614738464355
-11.270089149475098
-11.249711990356445
-11.249313354492188
-11.25183391571045
-11.225189208984375
-11.241955757141113
-11.263733863830566
-11.261983871459961
-11.265228271484375
-11.212961196899414
-11.202417373657227
-11.245321273803711
-11.284219741821289
-11.255563735961914
-11.250926971435547
-11.231799125671387
-11.266616821289062
-11.268479347229004
-11.239686965942383
-11.229646682739258
-11.264544486999512
-11.281195640563965
-11.264464378356934
-11.231583595275879
-11.242724418640137
-11.260501861572266
-11.278559684753418
-11.25928783416748
-11.251311302185059
-11.269718170166016
-11.265597343444824
-11.272992134094238
-11.277584075927734
-11.25798511505127
-11.269445419311523
-11.284008026123047
-11.277647018432617
-11.26917839050293
-11.277397155761719
-11.27410888671875
-11.261656761169434
-11.276217460632324
-11.26621150970459
-11.272793769836426
-11.264286041259766
-11.272390365600586
-11.287083625793457
-11.280016899108887
-11.272416114807129
-11.275811195373535
-11.275482177734375
-11.271974563598633
-11.27866268157959
-11.27242660522461
-11.266010284423828
-11.284553527832031
-11.279541015625
-11.280149459838867
-11.27569580078125
-11.284733772277832
-11.275535583496094
-11.286086082458496
-11.29560375213623
-11.285840034484863
-11.280720710754395
-11.282354354858398
-11.285012245178223
-11.292580604553223
-11.290266036987305
-11.291488647460938
-11.291391372680664
-11.272673606872559
-11.278661727905273
-11.280375480651855
-11.286508560180664
-11.285840034484863
-11.280116081237793
-11.28984546661377
-11.269794464111328
-11.283469200134277
-11.286639213562012
-11.283967018127441
-11.275721549987793
-11.294607162475586
-11.279447555541992
-11.281436920166016
-11.292530059814453
-11.28205680847168
-11.279969215393066
-11.291177749633789
-11.291378021240234
-11.28481388092041
-11.278237342834473
-11.300644874572754
-11.283099174499512
-11.284403800964355
-11.288121223449707
-11.295401573181152
-11.284356117248535
-11.283720970153809
-11.289631843566895
-11.2865629196167
-11.282228469848633
-11.289205551147461
-11.281801223754883
-11.289496421813965
-11.284699440002441
-11.276660919189453
-11.291034698486328
-11.2811918258667
-11.286826133728027
-11.290901184082031
-11.290787696838379
-11.282557487487793
-11.281625747680664
-11.29017162322998
-11.280057907104492
-11.289959907531738
-11.298147201538086
-11.276824951171875
-11.290482521057129
-11.293416976928711
-11.297120094299316
-11.296324729919434
-11.281632423400879
-11.268609046936035
-11.28835391998291
-11.291720390319824
-11.294281959533691
-11.287262916564941
-11.297782897949219
-11.297539710998535
-11.27675724029541
-11.291546821594238
-11.298134803771973
-11.289916038513184
-11.288933753967285
-11.29781436920166
-11.303216934204102
-11.303662300109863
-11.286943435668945
-11.296151161193848
-11.28764533996582
-11.292685508728027
-11.284424781799316
-11.292736053466797
-11.289453506469727
-11.29733657836914
-11.29079532623291
-11.307602882385254
-11.296103477478027
-11.301403999328613
-11.300982475280762
-11.30171012878418
-11.286452293395996
-11.293423652648926
-11.280964851379395
-11.283888816833496
-11.28898811340332
-11.283235549926758
-11.279541969299316
-11.302776336669922
-11.286054611206055
-11.29627799987793
-11.298280715942383
-11.286179542541504
-11.274885177612305
-11.276470184326172
-11.292120933532715
-11.297419548034668
-11.293102264404297
-11.308446884155273
-11.30009651184082
-11.281131744384766
-11.28743839263916
-11.273775100708008
-11.280588150024414
-11.288431167602539
-11.289484977722168
-11.285835266113281
-11.294322967529297
-11.291006088256836
-11.294500350952148
-11.281327247619629
-11.281134605407715
-11.279223442077637
-11.273205757141113
-11.281733512878418
-11.287251472473145
-11.296586036682129
-11.297956466674805
-11.296319961547852
-11.275947570800781
-11.271759986877441
-11.269013404846191
-11.302434921264648
-11.291508674621582
-11.300809860229492
-11.290396690368652
-11.26306438446045
-11.287466049194336
-11.294037818908691
-11.301810264587402
-11.285507202148438
-11.29336929321289
-11.301156997680664
-11.296371459960938
-11.28861141204834
-11.277237892150879
-11.263239860534668
-11.273930549621582
-11.294480323791504
-11.301665306091309
-11.293803215026855
-11.286588668823242
-11.257929801940918
-11.24979019165039
-11.27302074432373
-11.291390419006348
-11.289949417114258
-11.29902458190918
-11.300223350524902
-11.288360595703125
-11.295931816101074
-11.28516960144043
-11.30880355834961
-11.303254127502441
-11.30063533782959
-11.296424865722656
-11.312592506408691
-11.299534797668457
-11.310595512390137
-11.300551414489746
-11.300410270690918
-11.296509742736816
-11.298840522766113
-11.293083190917969
-11.298393249511719
-11.316370010375977
-11.289088249206543
-11.307520866394043
-11.306074142456055
-11.303833961486816
-11.311802864074707
-11.299824714660645
-11.304160118103027
-11.303017616271973
-11.296529769897461
-11.302165985107422
-11.291953086853027
-11.294343948364258
-11.299530029296875
-11.296673774719238
-11.306100845336914
-11.29552936553955
-11.305732727050781
-11.312492370605469
-11.300821304321289
-11.296636581420898
-11.289591789245605
-11.295867919921875
-11.3037691116333
-11.294535636901855
-11.313077926635742
-11.304561614990234
-11.313139915466309
-11.292364120483398
-11.30469036102295
-11.299696922302246
-11.300325393676758
-11.302430152893066
-11.306675910949707
-11.303974151611328
-11.30506706237793
-11.309955596923828
-11.310572624206543
-11.308252334594727
-11.312002182006836
-11.309796333312988
-11.307759284973145
-11.30390453338623
-11.294748306274414
-11.304547309875488
-11.308927536010742
-11.310829162597656
-11.308635711669922
-11.297706604003906
-11.29759693145752
-11.304165840148926
-11.302033424377441
-11.308453559875488
-11.3096342086792
-11.302071571350098
-11.293379783630371
-11.29558277130127
-11.305373191833496
-11.298705101013184
-11.30166244506836
-11.306556701660156
-11.314778327941895
-11.312470436096191
-11.317831993103027
-11.310749053955078
-11.318474769592285
-11.322641372680664
-11.309819221496582
-11.31129264831543
-11.308045387268066
-11.31011962890625
-11.306286811828613
-11.320516586303711
-11.310304641723633
-11.306048393249512
-11.306642532348633
-11.305376052856445
-11.301344871520996
-11.308808326721191
-11.307988166809082
-11.30300521850586
-11.314932823181152
-11.307186126708984
-11.318320274353027
-11.306413650512695
-11.316527366638184
-11.312742233276367
-11.301778793334961
-11.305464744567871
-11.31346607208252
-11.309821128845215
-11.308623313903809
-11.318098068237305
-11.318610191345215
-11.310601234436035
-11.31778621673584
-11.299676895141602
-11.319987297058105
-11.31304931640625
-11.310737609863281
-11.301373481750488
-11.292396545410156
-11.271446228027344
-11.264102935791016
-11.273506164550781
-11.305696487426758
-11.32272720336914
-11.303837776184082
-11.275794982910156
-11.292793273925781
-11.286073684692383
-11.273710250854492
-11.292498588562012
-11.308646202087402
-11.313021659851074
-11.308650970458984
-11.312063217163086
-11.310447692871094
-11.316473007202148
-11.299880981445312
-11.30953598022461
-11.299212455749512
-11.301621437072754
-11.308327674865723
-11.29995346069336
-11.298165321350098
-11.296887397766113
-11.306357383728027
-11.317610740661621
-11.318272590637207
-11.320921897888184
-11.30844497680664
-11.312393188476562
-11.309185981750488
-11.314471244812012
-11.308951377868652
-11.307572364807129
-11.312187194824219
-11.309938430786133
-11.309356689453125
-11.316377639770508
-11.313732147216797
-11.313885688781738
-11.311810493469238
-11.309791564941406
-11.316097259521484
-11.319077491760254
-11.317389488220215
-11.314943313598633
-11.315620422363281
-11.322264671325684
-11.319311141967773
-11.31827163696289
-11.309310913085938
-11.309530258178711
-11.307591438293457
-11.309578895568848
-11.312650680541992
-11.316178321838379
-11.326171875
-11.314711570739746
-11.322124481201172
-11.318014144897461
-11.312703132629395
-11.312850952148438
-11.32012939453125
-11.311394691467285
-11.309271812438965
-11.309588432312012
-11.305168151855469
-11.319462776184082
-11.311660766601562
-11.315722465515137
-11.317051887512207
-11.312896728515625
-11.318169593811035
-11.318933486938477
-11.308411598205566
-11.310988426208496
-11.317447662353516
-11.309126853942871
-11.309420585632324
-11.31734561920166
-11.3114595413208
-11.316336631774902
-11.322978019714355
-11.31225872039795
-11.307501792907715
-11.311515808105469
-11.307365417480469
-11.316187858581543
-11.326532363891602
-11.32628345489502
-11.314805030822754
-11.309541702270508
-11.30439281463623
-11.305878639221191
-11.297554969787598
-11.31816577911377
-11.32104778289795
-11.316213607788086
-11.3292875289917
-11.314767837524414
-11.305908203125
-11.309349060058594
-11.309412956237793
-11.316471099853516
-11.304670333862305
-11.310142517089844
-11.299948692321777
-11.299334526062012
-11.294027328491211
-11.305041313171387
-11.319466590881348
-11.33309268951416
-11.321571350097656
-11.320284843444824
-11.30575180053711
-11.305314064025879
-11.299846649169922
-11.289970397949219
-11.287139892578125
-11.305612564086914
-11.309053421020508
-11.324440002441406
-11.291651725769043
-11.287932395935059
-11.274117469787598
-11.297765731811523
-11.312588691711426
-11.3198881149292
-11.310049057006836
-11.302671432495117
-11.299715042114258
-11.297654151916504
-11.293495178222656
-11.31400203704834
-11.307734489440918
-11.31416130065918
-11.320672988891602
-11.318558692932129
-11.323659896850586
-11.30851936340332
-11.319292068481445
-11.316937446594238
-11.325398445129395
-11.311223030090332
-11.318987846374512
-11.329143524169922
-11.323723793029785
-11.320558547973633
-11.320854187011719
-11.328805923461914
-11.329926490783691
-11.320541381835938
-11.3239164352417
-11.326053619384766
-11.326173782348633
-11.324860572814941
-11.321601867675781
-11.330875396728516
-11.323272705078125
-11.317352294921875
-11.325776100158691
-11.316255569458008
-11.32489013671875
-11.32887077331543
-11.326603889465332
-11.326210021972656
-11.329924583435059
-11.326321601867676
-11.320608139038086
-11.327493667602539
-11.321694374084473
-11.319907188415527
-11.31568717956543
-11.323055267333984
-11.330595016479492
-11.315518379211426
-11.316988945007324
-11.324858665466309
-11.326984405517578
-11.319171905517578
-11.325823783874512
-11.327122688293457
-11.329373359680176
-11.331252098083496
-11.334785461425781
-11.316999435424805
-11.32371711730957
-11.325579643249512
-11.326475143432617
-11.331779479980469
-11.334461212158203
-11.329109191894531
-11.328529357910156
-11.332690238952637
-11.32665729522705
-11.325610160827637
-11.336198806762695
-11.321921348571777
-11.337858200073242
-11.328170776367188
-11.329631805419922
-11.315674781799316
-11.31883716583252
-11.326333999633789
-11.334193229675293
-11.321394920349121
-11.324150085449219
-11.31689167022705
-11.316556930541992
-11.323974609375
-11.333822250366211
-11.323511123657227
-11.330304145812988
-11.330526351928711
-11.338729858398438
-11.313325881958008
-11.323433876037598
-11.335312843322754
-11.325057029724121
-11.337398529052734
-11.323750495910645
-11.322205543518066
-11.328678131103516
-11.3226318359375
-11.321028709411621
-11.321425437927246
-11.320467948913574
-11.323432922363281
-11.32498836517334
-11.320384979248047
-11.324061393737793
-11.325345993041992
-11.324691772460938
-11.315402030944824
-11.323343276977539
-11.32579517364502
-11.313481330871582
-11.319293022155762
-11.31177043914795
-11.319343566894531
-11.320867538452148
-11.324525833129883
-11.32894229888916
-11.333395957946777
-11.32711124420166
-11.337882041931152
-11.326034545898438
-11.32546329498291
-11.296637535095215
-11.3069429397583
-11.312314987182617
-11.320719718933105
-11.329357147216797
-11.318915367126465
-11.342891693115234
-11.32233715057373
-11.31274700164795
-11.318225860595703
-11.3048677444458
-11.31987476348877
-11.313544273376465
-11.30700969696045
-11.327454566955566
-11.310880661010742
-11.312348365783691
-11.3187894821167
-11.317466735839844
-11.313945770263672
-11.321821212768555
-11.325822830200195
-11.33010482788086
-11.322676658630371
-11.329805374145508
-11.322239875793457
-11.312681198120117
-11.311644554138184
-11.319941520690918
-11.324422836303711
-11.32088565826416
-11.321898460388184
-11.33410930633545
-11.3320951461792
-11.33578872680664
-11.324677467346191
-11.325349807739258
-11.325011253356934
-11.310617446899414
-11.315244674682617
-11.3236665725708
-11.331625938415527
-11.31753921508789
-11.326851844787598
-11.320584297180176
-11.317002296447754
-11.316217422485352
-11.311878204345703
-11.307938575744629
-11.31976318359375
-11.328302383422852
-11.333014488220215
-11.330292701721191
-11.321039199829102
-11.323821067810059
-11.324134826660156
-11.322710037231445
-11.32178020477295
-11.322539329528809
-11.329047203063965
-11.327086448669434
-11.335738182067871
-11.329395294189453
-11.325872421264648
-11.315906524658203
-11.306490898132324
-11.311165809631348
-11.33065414428711
-11.339462280273438
-11.337798118591309
-11.346055030822754
-11.337905883789062
-11.334367752075195
-11.338064193725586
-11.335762023925781
-11.333322525024414
-11.315539360046387
-11.336644172668457
-11.33373737335205
-11.331426620483398
-11.331917762756348
-11.325922012329102
-11.329115867614746
-11.321549415588379
-11.319676399230957
-11.3286771774292
-11.33735179901123
-11.333475112915039
-11.330455780029297
-11.321539878845215
-11.321715354919434
-11.3073091506958
-11.309096336364746
-11.321125030517578
-11.330002784729004
-11.337714195251465
-11.322519302368164
-11.339038848876953
-11.331963539123535
-11.327875137329102
-11.33437728881836
-11.323582649230957
-11.330174446105957
-11.336548805236816
-11.341007232666016
-11.330263137817383
-11.346232414245605
-11.339546203613281
-11.337716102600098
-11.3347806930542
-11.330126762390137
-11.33059310913086
-11.329760551452637
-11.31257152557373
-11.332226753234863
-11.336430549621582
-11.320789337158203
-11.342455863952637
-11.334512710571289
-11.33786678314209
-11.328283309936523
-11.333137512207031
-11.328454971313477
-11.326387405395508
-11.330862998962402
-11.331521034240723
-11.331023216247559
-11.334033966064453
-11.3263578414917
-11.317963600158691
-11.325231552124023
-11.334885597229004
-11.333805084228516
-11.33730411529541
-11.336252212524414
-11.33555793762207
-11.335983276367188
-11.336149215698242
-11.333702087402344
-11.3319091796875
-11.336194038391113
-11.326583862304688
-11.335485458374023
-11.343657493591309
-11.332001686096191
-11.342573165893555
-11.338287353515625
-11.317266464233398
-11.323060989379883
-11.325465202331543
-11.334434509277344
-11.336891174316406
-11.335634231567383
-11.336240768432617
-11.337539672851562
-11.334638595581055
-11.327242851257324
-11.315390586853027
-11.312176704406738
-11.329129219055176
-11.318626403808594
-11.334268569946289
-11.340394020080566
-11.340685844421387
-11.33173656463623
-11.333459854125977
-11.319246292114258
-11.318942070007324
-11.324418067932129
-11.325937271118164
-11.335410118103027
-11.325119018554688
-11.319465637207031
-11.310575485229492
-11.319023132324219
-11.314498901367188
-11.326642990112305
-11.329824447631836
-11.333577156066895
-11.333675384521484
-11.329855918884277
-11.329007148742676
-11.326815605163574
-11.320180892944336
-11.319664001464844
-11.316099166870117
-11.338326454162598
-11.342094421386719
-11.335853576660156
-11.339089393615723
-11.329510688781738
-11.341444969177246
-11.340984344482422
-11.340645790100098
-11.33299732208252
-11.344006538391113
-11.334893226623535
-11.34505558013916
-11.338282585144043
-11.340591430664062
-11.3308687210083
-11.342548370361328
-11.341066360473633
-11.331889152526855
-11.338152885437012
-11.329812049865723
-11.338273048400879
-11.339601516723633
-11.340289115905762
-11.340482711791992
-11.338478088378906
-11.337601661682129
-11.341761589050293
-11.347772598266602
-11.33277416229248
-11.349101066589355
-11.334859848022461
-11.335796356201172
-11.340121269226074
-11.344254493713379
-11.340850830078125
-11.336357116699219
-11.340237617492676
-11.335800170898438
-11.340296745300293
-11.349283218383789
-11.339938163757324
-11.340965270996094
-11.343274116516113
-11.336067199707031
-11.351736068725586
-11.335064888000488
-11.338274955749512
-11.334978103637695
-11.33282470703125
-11.339614868164062
-11.338459968566895
-11.349139213562012
-11.336811065673828
-11.341129302978516
-11.341140747070312
-11.347770690917969
-11.344476699829102
-11.3342866897583
-11.345380783081055
-11.331951141357422
-11.330545425415039
-11.331990242004395
-11.319230079650879
-11.309772491455078
-11.313688278198242
-11.301629066467285
-11.321785926818848
-11.32501220703125
-11.333611488342285
-11.344069480895996
-11.338286399841309
-11.321525573730469
-11.294065475463867
-11.28177547454834
-11.290779113769531
-11.322015762329102
-11.339553833007812
-11.33913803100586
-11.331093788146973
-11.332419395446777
-11.330450057983398
-11.316276550292969
-11.328512191772461
-11.348591804504395
-11.335529327392578
-11.326722145080566
-11.298839569091797
-11.298514366149902
-11.324748992919922
-11.336881637573242
-11.338154792785645
-11.331696510314941
-11.319927215576172
-11.33108901977539
-11.33977222442627
-11.339376449584961
-11.342508316040039
-11.329818725585938
-11.328849792480469
-11.333520889282227
-11.335097312927246
-11.339606285095215
-11.346268653869629
-11.33037281036377
-11.332836151123047
-11.318593978881836
-11.32500171661377
-11.346193313598633
-11.34488582611084
-11.338438034057617
-11.34381103515625
-11.337361335754395
-11.345962524414062
-11.349174499511719
-11.341239929199219
-11.340381622314453
-11.343591690063477
-11.345708847045898
-11.339158058166504
-11.337525367736816
-11.33606243133545
-11.33757209777832
-11.344000816345215
-11.345091819763184
-11.342121124267578
-11.3408784866333
-11.346378326416016
-11.352209091186523
-11.34274959564209
-11.343450546264648
-11.335942268371582
-11.33680534362793
-11.32509994506836
-11.339336395263672
-11.346968650817871
-11.34017276763916
-11.348388671875
-11.338404655456543
-11.333253860473633
-11.341803550720215
-11.34432315826416
-11.335749626159668
-11.348179817199707
-11.34319019317627
-11.335821151733398
-11.321627616882324
-11.337879180908203
-11.35353946685791
-11.3528413772583
-11.344074249267578
-11.34348201751709
-11.337291717529297
-11.348246574401855
-11.3401460647583
-11.34028434753418
-11.33080005645752
-11.337286949157715
-11.344738006591797
-11.336833953857422
-11.35330867767334
-11.349003791809082
-11.341192245483398
-11.353534698486328
-11.332746505737305
-11.34125804901123
-11.350196838378906
-11.343055725097656
-11.340147018432617
-11.337862014770508
-11.33895206451416
-11.335652351379395
-11.344820976257324
-11.342432022094727
-11.348666191101074
-11.338191986083984
-11.344526290893555
-11.325640678405762
-11.339616775512695
-11.338973999023438
-11.35429573059082
-11.344952583312988
-11.345968246459961
-11.340337753295898
-11.347846031188965
-11.347156524658203
-11.347900390625
-11.358851432800293
-11.349593162536621
-11.35207748413086
-11.352474212646484
-11.355437278747559
-11.351690292358398
-11.351451873779297
-11.349079132080078
-11.339186668395996
-11.34420108795166
-11.343377113342285
-11.348794937133789
-11.345832824707031
-11.354814529418945
-11.348834037780762
-11.357919692993164
-11.3444185256958
-11.347574234008789
-11.353673934936523
-11.347386360168457
-11.349372863769531
-11.344819068908691
-11.357295989990234
-11.339298248291016
-11.35159683227539
-11.353225708007812
-11.352602005004883
-11.34188175201416
-11.343920707702637
-11.346610069274902
-11.351494789123535
-11.344704627990723
-11.349628448486328
-11.349427223205566
-11.352951049804688
-11.355591773986816
-11.3530912399292
-11.341436386108398
-11.356352806091309
-11.354676246643066
-11.34957504272461
-11.337657928466797
-11.34497356414795
-11.353515625
-11.356361389160156
-11.355759620666504
-11.356850624084473
-11.350408554077148
-11.350317001342773
-11.350383758544922
-11.354567527770996
-11.346532821655273
-11.347063064575195
-11.353799819946289
-11.348891258239746
-11.3434419631958
-11.350728988647461
-11.346940994262695
-11.35443115234375
-11.34769058227539
-11.339430809020996
-11.35604476928711
-11.352287292480469
-11.34701156616211
-11.340980529785156
-11.345842361450195
-11.352388381958008
-11.345183372497559
-11.34888744354248
-11.351919174194336
-11.35406494140625
-11.352385520935059
-11.344185829162598
-11.343062400817871
-11.347105979919434
-11.345458984375
-11.358587265014648
-11.351309776306152
-11.350956916809082
-11.344616889953613
-11.344162940979004
-11.349794387817383
-11.352080345153809
-11.350830078125
-11.349315643310547
-11.358017921447754
-11.35025405883789
-11.345457077026367
-11.355380058288574
-11.34703540802002
-11.347845077514648
-11.341480255126953
-11.33069896697998
-11.336179733276367
-11.336498260498047
-11.342597961425781
-11.353164672851562
-11.348484992980957
-11.344776153564453
-11.344134330749512
-11.322186470031738
-11.297870635986328
-11.305148124694824
-11.312963485717773
-11.352100372314453
-11.352210998535156
-11.315901756286621
-11.264566421508789
-11.268617630004883
-11.318511009216309
-11.343440055847168
-11.316397666931152
-11.283659934997559
-11.293122291564941
-11.3313627243042
-11.351750373840332
-11.318681716918945
-11.31255054473877
-11.345852851867676
-11.340716361999512
-11.30866813659668
-11.26634693145752
-11.30728816986084
-11.345545768737793
-11.323298454284668
-11.286715507507324
-11.317261695861816
-11.337359428405762
-11.349735260009766
-11.306450843811035
-11.31049919128418
-11.340136528015137
-11.357441902160645
-11.342428207397461
-11.332198143005371
-11.331653594970703
-11.339683532714844
-11.350908279418945
-11.338059425354004
-11.328853607177734
-11.330769538879395
-11.342544555664062
-11.350652694702148
-11.350234985351562
-11.341459274291992
-11.347460746765137
-11.349629402160645
-11.348170280456543
-11.34490966796875
-11.338828086853027
-11.354690551757812
-11.353955268859863
-11.351435661315918
-11.350292205810547
-11.356668472290039
-11.352852821350098
-11.352293968200684
-11.345766067504883
-11.346223831176758
-11.354297637939453
-11.352558135986328
-11.35468578338623
-11.356409072875977
-11.348648071289062
-11.351393699645996
-11.356511116027832
-11.352191925048828
-11.338427543640137
-11.3462553024292
-11.360745429992676
-11.352506637573242
-11.354825973510742
-11.352296829223633
-11.353534698486328
-11.351924896240234
-11.348235130310059
-11.350668907165527
-11.35451889038086
-11.348501205444336
-11.35753345489502
-11.355782508850098
-11.352476119995117
-11.350813865661621
-11.353058815002441
-11.355575561523438
-11.350366592407227
-11.355292320251465
-11.350354194641113
-11.35367202758789
-11.356400489807129
-11.351197242736816
-11.363625526428223
-11.355120658874512
-11.356136322021484
-11.357762336730957
-11.353178977966309
-11.354966163635254
-11.365924835205078
-11.358831405639648
-11.351685523986816
-11.359519958496094
-11.348286628723145
-11.354168891906738
-11.360369682312012
-11.35802173614502
-11.366008758544922
-11.35788631439209
-11.360474586486816
-11.349942207336426
-11.360301971435547
-11.358114242553711
-11.35360050201416
-11.358448028564453
-11.355353355407715
-11.356021881103516
-11.356965065002441
-11.364877700805664
-11.357442855834961
-11.359208106994629
-11.349197387695312
-11.353692054748535
-11.352645874023438
-11.357157707214355
-11.364921569824219
-11.34708309173584
-11.354891777038574
-11.351713180541992
-11.364089012145996
-11.35999870300293
-11.366348266601562
-11.3607177734375
-11.362249374389648
-11.351243019104004
-11.359416961669922
-11.360560417175293
-11.353666305541992
-11.34935188293457
-11.355016708374023
-11.35117244720459
-11.367110252380371
-11.36202621459961
-11.361173629760742
-11.353215217590332
-11.353476524353027
-11.355672836303711
-11.348896026611328
-11.348660469055176
-11.35593318939209
-11.353545188903809
-11.350075721740723
-11.351561546325684
-11.354334831237793
-11.348846435546875
-11.347955703735352
-11.34445858001709
-11.356542587280273
-11.359370231628418
-11.351122856140137
-11.358234405517578
-11.351134300231934
-11.35274887084961
-11.35558795928955
-11.355219841003418
-11.360244750976562
-11.355019569396973
-11.347877502441406
-11.357053756713867
-11.355721473693848
-11.35965347290039
-11.3643217086792
-11.360601425170898
-11.357953071594238
-11.355664253234863
-11.356266021728516
-11.357522964477539
-11.358940124511719
-11.36115837097168
-11.35469913482666
-11.351578712463379
-11.36134147644043
-11.356877326965332
-11.354287147521973
-11.36191177368164
-11.357573509216309
-11.356937408447266
-11.3602933883667
-11.363924026489258
-11.359335899353027
-11.35654354095459
-11.362486839294434
-11.361787796020508
-11.357956886291504
-11.36555004119873
-11.363502502441406
-11.361132621765137
-11.359622955322266
-11.35872745513916
-11.356715202331543
-11.357667922973633
-11.357985496520996
-11.356306076049805
-11.356972694396973
-11.364174842834473
-11.365734100341797
-11.34925651550293
-11.357378005981445
-11.359980583190918
-11.361029624938965
-11.360013961791992
-11.357576370239258
-11.358805656433105
-11.360910415649414
-11.357828140258789
-11.358162879943848
-11.358803749084473
-11.357281684875488
-11.361019134521484
-11.356002807617188
-11.357355117797852
-11.349268913269043
-11.359222412109375
-11.355121612548828
-11.35927677154541
-11.35008430480957
-11.354972839355469
-11.355437278747559
-11.356111526489258
-11.353554725646973
-11.357850074768066
-11.349679946899414
-11.347905158996582
-11.354825973510742
-11.350317001342773
-11.35076904296875
-11.36126708984375
-11.368400573730469
-11.362194061279297
-11.353365898132324
-11.340727806091309
-11.338010787963867
-11.34088134765625
-11.344138145446777
-11.356415748596191
-11.359733581542969
-11.366109848022461
-11.360095977783203
-11.356013298034668
-11.351775169372559
-11.34786605834961
-11.345993041992188
-11.34175968170166
-11.34106731414795
-11.334511756896973
-11.345258712768555
-11.358453750610352
-11.354490280151367
-11.34717845916748
-11.329387664794922
-11.293601989746094
-11.316137313842773
-11.339301109313965
-11.355216979980469
-11.352846145629883
-11.34256649017334
-11.327301025390625
-11.325279235839844
-11.336002349853516
-11.336359024047852
-11.34685230255127
-11.351435661315918
-11.362717628479004
-11.362140655517578
-11.365238189697266
-11.352802276611328
-11.352895736694336
-11.357507705688477
-11.340322494506836
-11.346997261047363
-11.339509010314941
-11.359061241149902
-11.343659400939941
-11.322782516479492
-11.301931381225586
-11.312790870666504
-11.343585014343262
-11.35786247253418
-11.355704307556152
-11.340087890625
-11.321334838867188
-11.330473899841309
-11.351938247680664
-11.356783866882324
-11.358240127563477
-11.340601921081543
-11.33346939086914
-11.331782341003418
-11.354063034057617
-11.347615242004395
-11.315650939941406
-11.326560974121094
-11.358216285705566
-11.358092308044434
-11.3490571975708
-11.316720008850098
-11.320130348205566
-11.338367462158203
-11.347933769226074
-11.351037979125977
-11.3214750289917
-11.330354690551758
-11.344822883605957
-11.355712890625
-11.349723815917969
-11.335143089294434
-11.323390007019043
-11.3515625
-11.361746788024902
-11.360627174377441
-11.35331916809082
-11.353723526000977
-11.359588623046875
-11.363208770751953
-11.35543155670166
-11.346039772033691
-11.346549034118652
-11.346293449401855
-11.352953910827637
-11.36458683013916
-11.360584259033203
-11.357537269592285
-11.351388931274414
-11.35638427734375
-11.361467361450195
-11.35214614868164
-11.360190391540527
-11.358659744262695
-11.355137825012207
-11.363280296325684
-11.362924575805664
-11.36578369140625
-11.363064765930176
-11.357823371887207
-11.35419750213623
-11.3553466796875
-11.369401931762695
-11.36533260345459
-11.35399341583252
-11.35995101928711
-11.364450454711914
-11.360958099365234
-11.352795600891113
-11.358327865600586
-11.352621078491211
-11.356823921203613
-11.366872787475586
-11.361823081970215
-11.364901542663574
-11.367090225219727
-11.364407539367676
-11.355737686157227
-11.364276885986328
-11.36395263671875
-11.367267608642578
-11.365501403808594
-11.3707914352417
-11.368203163146973
-11.361242294311523
-11.359305381774902
-11.361973762512207
-11.364239692687988
-11.36652660369873
-11.36535358428955
-11.360562324523926
-11.366260528564453
-11.366029739379883
-11.365678787231445
-11.368748664855957
-11.364015579223633
-11.368704795837402
-11.359945297241211
-11.36007308959961
-11.36170482635498
-11.359893798828125
-11.360445022583008
-11.359729766845703
-11.367356300354004
-11.361720085144043
-11.367410659790039
-11.366459846496582
-11.362658500671387
-11.370241165161133
-11.368006706237793
-11.366754531860352
-11.364837646484375
-11.37287425994873
-11.370999336242676
-11.36781120300293
-11.359176635742188
-11.36964225769043
-11.361993789672852
-11.367609024047852
-11.362554550170898
-11.37608814239502
-11.368864059448242
-11.371173858642578
-11.361034393310547
-11.36147403717041
-11.365582466125488
-11.365310668945312
-11.360774040222168
-11.359378814697266
-11.36599349975586
-11.366368293762207
-11.370417594909668
-11.369436264038086
-11.356704711914062
-11.362821578979492
-11.37409496307373
-11.365397453308105
-11.365017890930176
-11.363685607910156
-11.362908363342285
-11.361712455749512
-11.369063377380371
-11.376179695129395
-11.360366821289062
-11.366415977478027
-11.364274024963379
-11.354446411132812
-11.36789608001709
-11.360865592956543
-11.364953994750977
-11.3736572265625
-11.373266220092773
-11.365442276000977
-11.365339279174805
-11.361906051635742
-11.366189956665039
-11.364790916442871
-11.366652488708496
-11.355661392211914
-11.363472938537598
-11.369860649108887
-11.367025375366211
-11.359931945800781
-11.361539840698242
-11.371594429016113
-11.364139556884766
-11.35751724243164
-11.370538711547852
-11.364130973815918
-11.372857093811035
-11.366933822631836
-11.37082290649414
-11.363222122192383
-11.372701644897461
-11.368946075439453
-11.369725227355957
-11.37142276763916
-11.367767333984375
-11.359580993652344
-11.368520736694336
-11.370394706726074
-11.365131378173828
-11.363710403442383
-11.365525245666504
-11.370218276977539
-11.367240905761719
-11.366750717163086
-11.364892959594727
-11.369316101074219
-11.37234115600586
-11.369976997375488
-11.36274528503418
-11.368508338928223
-11.36160659790039
-11.366764068603516
-11.371367454528809
-11.366975784301758
-11.35888385772705
-11.374555587768555
-11.366172790527344
-11.365251541137695
-11.35307788848877
-11.359436988830566
-11.35929012298584
-11.362313270568848
-11.361618995666504
-11.367401123046875
-11.367430686950684
-11.361322402954102
-11.35351848602295
-11.334364891052246
-11.322713851928711
-11.325492858886719
-11.340242385864258
-11.361089706420898
-11.366312026977539
-11.367048263549805
-11.349946975708008
-11.345376968383789
-11.337824821472168
-11.343587875366211
-11.357659339904785
-11.363242149353027
-11.364378929138184
-11.36606216430664
