loss_s
-2.554237127304077
-2.5395617485046387
-2.6061010360717773
-2.6093270778656006
-2.6084392070770264
-2.5770070552825928
-2.613947868347168
-2.5972700119018555
-2.559819221496582
-2.600005865097046
-2.6387460231781006
-2.6549429893493652
-2.6477057933807373
-2.6846914291381836
-2.664022207260132
-2.687720537185669
-2.697112798690796
-2.7286319732666016
-2.7023935317993164
-2.7140073776245117
-2.7850401401519775
-2.796480178833008
-2.785245895385742
-2.823662281036377
-2.797853469848633
-2.8169362545013428
-2.898435592651367
-2.841191291809082
-2.8523330688476562
-2.8528871536254883
-2.9085800647735596
-2.941652536392212
-2.9600162506103516
-2.947204351425171
-2.962104558944702
-2.997257709503174
-2.9996440410614014
-3.0405235290527344
-3.053194999694824
-3.0989928245544434
-3.142655372619629
-3.1823172569274902
-3.223217487335205
-3.3002374172210693
-3.42331600189209
-3.4332334995269775
-3.5561532974243164
-3.647512435913086
-3.869347095489502
-3.9850716590881348
-4.1853227615356445
-4.46027946472168
-4.606346607208252
-4.8131303787231445
-5.0530476570129395
-4.972365379333496
-4.906990051269531
-4.662455081939697
-4.602817535400391
-4.65582275390625
-4.633866786956787
-4.700695514678955
-4.980792999267578
-4.943828105926514
-5.0557684898376465
-5.068240642547607
-5.006520748138428
-4.97174596786499
-4.9965314865112305
-4.9672627449035645
-5.106771469116211
-5.005958557128906
-5.071084499359131
-5.119555950164795
-5.192625522613525
-5.085729598999023
-5.086803436279297
-5.149666786193848
-5.221263885498047
-5.121214389801025
-5.165095329284668
-5.114273548126221
-5.1556243896484375
-5.102335453033447
-5.212741851806641
-5.22487211227417
-5.192525386810303
-5.179379463195801
-5.230218887329102
-5.315364837646484
-5.168824672698975
-5.246159553527832
-5.284887313842773
-5.305159091949463
-5.315161228179932
-5.269103050231934
-5.194869041442871
-5.346526622772217
-5.219911575317383
-5.336880207061768
-5.333629608154297
-5.348508358001709
-5.383385181427002
-5.317404270172119
-5.412449359893799
-5.407350540161133
-5.296504497528076
-5.402143955230713
-5.394259452819824
-5.402594566345215
-5.44673490524292
-5.462687015533447
-5.369143486022949
-5.465587615966797
-5.396674633026123
-5.4926886558532715
-5.490513324737549
-5.427215576171875
-5.508842945098877
-5.449641704559326
-5.553783416748047
-5.5357537269592285
-5.557745933532715
-5.5596537590026855
-5.510545253753662
-5.6209588050842285
-5.575266361236572
-5.5593791007995605
-5.602519989013672
-5.662591934204102
-5.669708728790283
-5.688183784484863
-5.656011581420898
-5.686706066131592
-5.721412658691406
-5.716056823730469
-5.637462615966797
-5.715188026428223
-5.726233005523682
-5.835821628570557
-5.798852443695068
-5.833705902099609
-5.797212600708008
-5.828312397003174
-5.802941799163818
-5.900582790374756
-5.8778581619262695
-5.943246364593506
-5.946427345275879
-5.989133834838867
-6.068375110626221
-6.0882673263549805
-6.0915021896362305
-6.07160758972168
-6.170425891876221
-6.125034332275391
-6.20582914352417
-6.205330848693848
-6.1966729164123535
-6.320024490356445
-6.3339009284973145
-6.408174514770508
-6.444434642791748
-6.402122497558594
-6.5563154220581055
-6.7508864402771
-6.659048557281494
-6.7373809814453125
-6.712421894073486
-6.865515232086182
-6.972606658935547
-6.87575101852417
-7.071858882904053
-7.0135674476623535
-7.178670883178711
-7.165213584899902
-7.398719787597656
-7.349889278411865
-7.358859062194824
-7.355356216430664
-7.164304733276367
-7.41666841506958
-7.327449798583984
-7.488715648651123
-7.492912292480469
-7.199560165405273
-7.510278701782227
-7.4719414710998535
-7.328920841217041
-7.504034042358398
-7.451868057250977
-7.5323638916015625
-7.422770023345947
-7.485323905944824
-7.51466703414917
-7.430757999420166
-7.600635051727295
-7.472682476043701
-7.495298862457275
-7.6616740226745605
-7.515603065490723
-7.5518293380737305
-7.5959601402282715
-7.531179428100586
-7.650752544403076
-7.7400288581848145
-7.667059898376465
-7.737462043762207
-7.600464344024658
-7.568241596221924
-7.64635705947876
-7.618358135223389
-7.699232578277588
-7.6613030433654785
-7.619037628173828
-7.685766220092773
-7.678690433502197
-7.715442657470703
-7.7288384437561035
-7.689584255218506
-7.679417610168457
-7.62337589263916
-7.674763202667236
-7.749500751495361
-7.76080322265625
-7.732581615447998
-7.758275985717773
-7.74474573135376
-7.775792121887207
-7.711626052856445
-7.750785827636719
-7.7705464363098145
-7.75731086730957
-7.7953715324401855
-7.6882243156433105
-7.770281791687012
-7.761165142059326
-7.745737075805664
-7.720152854919434
-7.750462532043457
-7.786390781402588
-7.761357307434082
-7.776336669921875
-7.756906509399414
-7.749100685119629
-7.731632709503174
-7.7517924308776855
-7.744511127471924
-7.793776512145996
-7.785147190093994
-7.7486443519592285
-7.786520481109619
-7.787341117858887
-7.789646148681641
-7.835803031921387
-7.725244522094727
-7.787871360778809
-7.787754058837891
-7.801708698272705
-7.829890727996826
-7.806432247161865
-7.7847113609313965
-7.842103004455566
-7.8356733322143555
-7.828065395355225
-7.830671787261963
-7.834490776062012
-7.799828052520752
-7.836010456085205
-7.774596214294434
-7.862226486206055
-7.7997212409973145
-7.840140342712402
-7.784764766693115
-7.842372417449951
-7.812129974365234
-7.836678981781006
-7.840312480926514
-7.825352191925049
-7.831624507904053
-7.862611770629883
-7.805724620819092
-7.8596038818359375
-7.826268672943115
-7.823105335235596
-7.867524147033691
-7.8325042724609375
-7.854401111602783
-7.835264682769775
-7.797592639923096
-7.801496982574463
-7.801075458526611
-7.831917762756348
-7.8426642417907715
-7.813275337219238
-7.843219757080078
-7.848937034606934
-7.823558807373047
-7.884076118469238
-7.842020034790039
-7.863311767578125
-7.855380058288574
-7.82107400894165
-7.873471736907959
-7.846306800842285
-7.829472541809082
-7.843206405639648
-7.849326133728027
-7.752526760101318
-7.856686115264893
-7.79279899597168
-7.884938716888428
-7.8395843505859375
-7.875770568847656
-7.871669292449951
-7.812561988830566
-7.848066329956055
-7.8244242668151855
-7.838390350341797
-7.8742218017578125
-7.861137390136719
-7.8639702796936035
-7.884703159332275
-7.812370300292969
-7.876420974731445
-7.853340148925781
-7.845762729644775
-7.867478370666504
-7.864203453063965
-7.870248794555664
-7.867215156555176
-7.878018856048584
-7.874070167541504
-7.871904373168945
-7.880514144897461
-7.8711957931518555
-7.853724956512451
-7.870600700378418
-7.873571872711182
-7.876363754272461
-7.871870040893555
-7.856922149658203
-7.888479709625244
-7.895676136016846
-7.85671329498291
-7.862869739532471
-7.86236047744751
-7.881426811218262
-7.860745906829834
-7.882222652435303
-7.890836238861084
-7.904202461242676
-7.896884441375732
-7.857152462005615
-7.892475605010986
-7.86475133895874
-7.872364521026611
-7.8919501304626465
-7.868260860443115
-7.91203498840332
-7.867133617401123
-7.883892059326172
-7.877657890319824
-7.861413478851318
-7.869241237640381
-7.846711158752441
-7.894514560699463
-7.892233848571777
-7.820178031921387
-7.9245381355285645
-7.832558631896973
-7.853774547576904
-7.8744797706604
-7.8011274337768555
-7.880255699157715
-7.901782989501953
-7.848199844360352
-7.910524368286133
-7.8496551513671875
-7.815025329589844
-7.92366361618042
-7.796262264251709
-7.8837480545043945
-7.878124713897705
-7.907868385314941
-7.893554210662842
-7.870861053466797
-7.911403656005859
-7.904229640960693
-7.921020984649658
-7.9230546951293945
-7.9085822105407715
-7.893178462982178
-7.882193565368652
-7.903753757476807
-7.909400463104248
-7.8913068771362305
-7.884278774261475
-7.90507173538208
-7.893043518066406
-7.872483730316162
-7.923285007476807
-7.916818618774414
-7.839791297912598
-7.926448345184326
-7.915679454803467
-7.914774417877197
-7.934783458709717
-7.898313999176025
-7.928493976593018
-7.874627113342285
-7.919133186340332
-7.907924652099609
-7.933986663818359
-7.892664909362793
-7.934922695159912
-7.948399543762207
-7.8959856033325195
-7.906052112579346
-7.925756931304932
-7.916121959686279
-7.914458751678467
-7.942355632781982
-7.900843143463135
-7.958090305328369
-7.913962364196777
-7.926217079162598
-7.902882099151611
-7.8777241706848145
-7.95820951461792
-7.930816650390625
-7.941399574279785
-7.955835342407227
-7.956179618835449
-7.941842555999756
-7.940845012664795
-7.966161727905273
-7.905228137969971
-7.905094623565674
-7.938484191894531
-7.900574207305908
-7.885801792144775
-7.929101467132568
-7.926729679107666
-7.9455413818359375
-7.95016622543335
-7.965524196624756
-7.9532470703125
-7.940037250518799
-7.9548540115356445
-7.917860507965088
-7.948734283447266
-7.952343463897705
-7.929256916046143
-7.9405741691589355
-7.969668388366699
-7.903509140014648
-7.897812366485596
-7.887951374053955
-7.875868797302246
-7.964620113372803
-7.833813667297363
-7.841519832611084
-7.96363639831543
-7.911076068878174
-7.902021408081055
-7.970149993896484
-7.886169910430908
-7.940122604370117
-7.9372711181640625
-7.944005489349365
-7.99267578125
-7.9620890617370605
-7.940019130706787
-7.969428539276123
-7.936307430267334
-7.972857475280762
-7.942069053649902
-7.9430623054504395
-7.995569705963135
-7.916467189788818
-7.963125705718994
-7.980924129486084
-7.9515204429626465
-7.918478012084961
-7.9520440101623535
-7.929128170013428
-7.97442626953125
-7.987517356872559
-7.975503921508789
-7.989494323730469
-8.001407623291016
-7.981982707977295
-8.006004333496094
-7.919946193695068
-7.968416690826416
-7.946779251098633
-7.943133354187012
-7.963515758514404
-7.953103542327881
-7.954805374145508
-7.955083847045898
-7.9679741859436035
-8.002778053283691
-7.992131233215332
-7.97955322265625
-7.982682704925537
-7.955458641052246
-7.960168838500977
-7.989456653594971
-7.938567161560059
-8.008085250854492
-7.955816745758057
-7.9694132804870605
-7.99323844909668
-7.924831390380859
-7.970639228820801
-7.935532093048096
-7.971715927124023
-8.010540008544922
-7.973435878753662
-7.974669456481934
-7.994526386260986
-8.017963409423828
-7.996927738189697
-8.010321617126465
-7.960977554321289
-8.009419441223145
-8.01124095916748
-7.990885257720947
-8.003251075744629
-8.010160446166992
-8.007861137390137
-7.9775471687316895
-8.002851486206055
-7.923791885375977
-7.988418102264404
-7.991417407989502
-8.018732070922852
-8.010025024414062
-7.939326763153076
-7.905177593231201
-7.983658790588379
-7.926809310913086
-7.976640224456787
-7.971296787261963
-7.971777439117432
-8.008127212524414
-8.026843070983887
-8.009397506713867
-7.943979740142822
-7.994467735290527
-7.960638046264648
-8.021448135375977
-7.995425224304199
-8.013618469238281
-7.981008529663086
-8.038114547729492
-8.049422264099121
-7.998353481292725
-8.016556739807129
-7.98307991027832
-8.004463195800781
-8.007477760314941
-7.9803056716918945
-8.01341724395752
-8.024165153503418
-8.01993465423584
-8.026880264282227
-8.022605895996094
-8.036986351013184
-8.014545440673828
-8.009875297546387
-8.021906852722168
-8.031745910644531
-8.01814079284668
-8.02456283569336
-8.03986644744873
-8.031578063964844
-8.025500297546387
-8.00426197052002
-7.943441390991211
-8.014175415039062
-7.9936747550964355
-8.023441314697266
-7.993101119995117
-8.017489433288574
-8.030012130737305
-7.996705055236816
-8.031394004821777
-8.036776542663574
-8.047088623046875
-8.006771087646484
-8.019265174865723
-7.98476505279541
-8.009847640991211
-8.034462928771973
-7.9975433349609375
-8.012898445129395
-8.012896537780762
-7.990872383117676
-8.00463581085205
-7.998996734619141
-7.955569267272949
-8.042791366577148
-8.014229774475098
-8.024423599243164
-8.040087699890137
-7.974013805389404
-8.030826568603516
-7.979702949523926
-8.02239990234375
-8.017284393310547
-7.950336456298828
-8.020718574523926
-8.0405912399292
-7.939089775085449
-8.06163215637207
-8.0530366897583
-8.0452880859375
-8.067521095275879
-8.081560134887695
-7.981631755828857
-8.050975799560547
-8.021645545959473
-8.033458709716797
-7.982845306396484
-8.037214279174805
-8.051902770996094
-8.032772064208984
-8.066327095031738
-8.035086631774902
-8.057801246643066
-8.049951553344727
-8.040571212768555
-8.054275512695312
-8.067292213439941
-8.049153327941895
-8.04100227355957
-8.055399894714355
-8.045138359069824
-8.043523788452148
-8.035274505615234
-8.012609481811523
-8.059335708618164
-8.003817558288574
-8.002429962158203
-8.03609561920166
-8.003458976745605
-8.047931671142578
-7.955729961395264
-8.000874519348145
-8.048826217651367
-8.021716117858887
-8.061007499694824
-8.07601261138916
-8.007039070129395
-8.038914680480957
-8.047415733337402
-7.991971015930176
-8.067873001098633
-8.03624153137207
-8.062212944030762
-8.084419250488281
-8.037446022033691
-8.058822631835938
-8.040658950805664
-8.069639205932617
-8.022356986999512
-8.044334411621094
-8.044601440429688
-8.070145606994629
-8.08419132232666
-8.075581550598145
-8.03783893585205
-8.061002731323242
-8.0547456741333
-8.017624855041504
-8.07454776763916
-8.072011947631836
-8.057926177978516
-8.071334838867188
-8.069890975952148
-8.061141014099121
-8.073077201843262
-8.065580368041992
-8.092644691467285
-8.084813117980957
-8.086376190185547
-8.072310447692871
-8.068136215209961
-8.074043273925781
-8.051238059997559
-8.063241958618164
-8.047621726989746
-8.05760383605957
-8.07169246673584
-8.073685646057129
-8.082620620727539
-8.084949493408203
-8.047547340393066
-8.076770782470703
-8.064704895019531
-8.089200019836426
-8.07382583618164
-8.077913284301758
-8.078115463256836
-8.043587684631348
-8.081865310668945
-7.980499744415283
-8.077889442443848
-8.037107467651367
-8.078798294067383
-8.079050064086914
-7.970844268798828
-8.074823379516602
-8.035125732421875
-8.047158241271973
-8.042108535766602
-7.999060153961182
-8.051011085510254
-8.049866676330566
-7.964609146118164
-8.06800365447998
-8.019091606140137
-8.057007789611816
-8.071796417236328
-8.086450576782227
-8.039090156555176
-8.066383361816406
-8.034022331237793
-8.063397407531738
-8.089436531066895
-7.998189926147461
-8.057563781738281
-8.08215618133545
-8.000227928161621
-8.093520164489746
-8.030007362365723
-8.048690795898438
-8.095525741577148
-8.02890682220459
-8.072871208190918
-8.073837280273438
-8.07424259185791
-8.082937240600586
-8.086848258972168
-8.09500503540039
-8.081869125366211
-8.094666481018066
-8.064554214477539
-8.077559471130371
-8.077220916748047
-8.109550476074219
-8.075681686401367
-8.089125633239746
-8.091852188110352
-8.068949699401855
-8.09410285949707
-8.008920669555664
-8.088451385498047
-8.098064422607422
-7.979765892028809
-8.051106452941895
-8.081154823303223
-8.01348876953125
-8.089116096496582
-8.059544563293457
-8.049476623535156
-8.096582412719727
-8.058168411254883
-8.091279983520508
-8.103862762451172
-8.078529357910156
-8.093761444091797
-8.10778522491455
-8.103227615356445
-8.058073043823242
-8.076936721801758
-8.08683967590332
-8.080347061157227
-8.06685733795166
-8.078943252563477
-8.111705780029297
-8.086629867553711
-8.085673332214355
-8.104771614074707
-8.098184585571289
-8.08623218536377
-8.075887680053711
-8.041109085083008
-8.097408294677734
-8.092479705810547
-8.114765167236328
-8.089749336242676
-8.080413818359375
-8.072053909301758
-8.090327262878418
-8.090414047241211
-8.075359344482422
-8.089731216430664
-8.082145690917969
-8.083829879760742
-8.105833053588867
-8.094587326049805
-8.109314918518066
-8.076464653015137
-8.095990180969238
-8.01120376586914
-8.108189582824707
-8.081680297851562
-8.109658241271973
-8.063998222351074
-8.089485168457031
-8.070612907409668
-8.101956367492676
-8.109598159790039
-8.118596076965332
-8.092055320739746
-8.093443870544434
-8.055447578430176
-8.07528018951416
-8.062479019165039
-8.104472160339355
-8.115338325500488
-8.095497131347656
-8.09043025970459
-8.108599662780762
-8.109777450561523
-8.12419605255127
-8.099625587463379
-8.104291915893555
-8.065539360046387
-8.059372901916504
-8.104190826416016
-8.068961143493652
-8.111936569213867
-8.029787063598633
-8.092061042785645
-8.100340843200684
-8.075468063354492
-8.101850509643555
-8.083523750305176
-8.085746765136719
-8.103673934936523
-8.099445343017578
-8.061593055725098
-8.09570026397705
-8.09885025024414
-8.080195426940918
-8.109437942504883
-8.114755630493164
-8.094879150390625
-8.08934211730957
-8.114587783813477
-8.045626640319824
-8.135412216186523
-8.096076965332031
-8.125969886779785
-8.124403953552246
-8.086281776428223
-8.109384536743164
-8.106975555419922
-8.104166030883789
-8.114212036132812
-8.089045524597168
-8.089505195617676
-8.116342544555664
-8.11090087890625
-8.1090087890625
-8.12188720703125
-8.120108604431152
-8.109209060668945
-8.103236198425293
-8.084935188293457
-8.07642936706543
-8.136495590209961
-8.04776382446289
-8.004768371582031
-8.095351219177246
-8.039632797241211
-8.015844345092773
-8.064371109008789
-8.010786056518555
-8.117352485656738
-8.090785026550293
-8.070582389831543
-8.125298500061035
-8.089591979980469
-8.114198684692383
-8.103328704833984
-8.08717155456543
-8.125937461853027
-8.094283103942871
-8.116674423217773
-8.1102933883667
-8.129166603088379
-8.079485893249512
-8.11518669128418
-8.112399101257324
-8.111427307128906
-8.12059497833252
-8.109720230102539
-8.039525985717773
-8.092527389526367
-8.031082153320312
-8.103137969970703
-8.12211799621582
-8.1241455078125
-8.117417335510254
-8.131422996520996
-8.093534469604492
-8.114890098571777
-8.116782188415527
-8.116898536682129
-8.134692192077637
-8.119821548461914
-8.141426086425781
-8.139693260192871
-8.13621997833252
-8.086405754089355
-8.138431549072266
-8.101217269897461
-8.090753555297852
-8.129021644592285
-8.103631019592285
-8.113381385803223
-8.108003616333008
-8.160383224487305
-8.017355918884277
-8.130541801452637
-8.109513282775879
-8.105400085449219
-8.126127243041992
-8.115494728088379
-8.124635696411133
-8.142036437988281
-8.127538681030273
-8.109196662902832
-8.067312240600586
-8.11587142944336
-8.094714164733887
-8.138442993164062
-8.129834175109863
-8.130318641662598
-8.117743492126465
-8.094937324523926
-8.072020530700684
-8.064507484436035
-8.133496284484863
-8.080011367797852
-8.076983451843262
-8.112462997436523
-8.08176326751709
-8.143117904663086
-8.11904239654541
-8.073479652404785
-8.113082885742188
-8.135828971862793
-8.044265747070312
-8.120122909545898
-8.107077598571777
-8.097307205200195
-8.120710372924805
-8.101706504821777
-8.054798126220703
-8.13127326965332
-8.096840858459473
-8.05258846282959
-8.108113288879395
-8.008520126342773
-8.09693717956543
-8.0839204788208
-8.027824401855469
-8.119216918945312
-8.038646697998047
-8.078520774841309
-8.139613151550293
-8.107667922973633
-8.096826553344727
-8.131742477416992
-8.125606536865234
-8.111583709716797
-8.130576133728027
-8.124755859375
-8.05211067199707
-8.144852638244629
-8.128735542297363
-8.058563232421875
-8.138141632080078
-8.124371528625488
-8.053393363952637
-8.113999366760254
-8.116558074951172
-8.062676429748535
-8.127223014831543
-8.087961196899414
-8.15661334991455
-8.136077880859375
-8.119848251342773
-8.13015365600586
-8.130266189575195
-8.13753604888916
-8.139228820800781
-8.102846145629883
-8.127599716186523
-8.141626358032227
-8.131036758422852
-8.143346786499023
-8.120993614196777
-8.13509750366211
-8.139312744140625
-8.121262550354004
-8.120647430419922
-8.133898735046387
-8.0973482131958
-8.133980751037598
-8.08887767791748
-8.104941368103027
-8.135480880737305
-8.074502944946289
-8.122061729431152
-8.064213752746582
-8.053207397460938
-8.145195007324219
-8.083866119384766
-8.133509635925293
-8.131486892700195
-8.093243598937988
-8.132631301879883
-8.130826950073242
-8.129289627075195
-8.101972579956055
-8.124642372131348
-8.079517364501953
-8.140839576721191
-8.141532897949219
-8.090806007385254
-8.11655330657959
-8.127302169799805
-8.089336395263672
-8.134644508361816
-8.124829292297363
-8.144524574279785
-8.1547269821167
-8.1249361038208
-8.108996391296387
-8.166203498840332
-8.071268081665039
-8.041808128356934
-8.12989616394043
-8.018189430236816
-8.122084617614746
-8.151262283325195
-8.140235900878906
-8.12588882446289
-8.124299049377441
-8.113478660583496
-8.13486099243164
-8.142594337463379
-8.126490592956543
-8.142104148864746
-8.14101791381836
-8.13803482055664
-8.124512672424316
-8.139932632446289
-8.154014587402344
-8.160933494567871
-8.067120552062988
-8.153339385986328
-8.122982025146484
-8.079214096069336
-8.14755630493164
-8.120319366455078
-8.13051986694336
-8.131610870361328
-8.073112487792969
-8.130217552185059
-8.115715026855469
-8.118221282958984
-8.137979507446289
-8.129778861999512
-8.144247055053711
-8.134421348571777
-8.139460563659668
-8.125466346740723
-8.155129432678223
-8.140283584594727
-8.141901016235352
-8.145583152770996
-8.111973762512207
-8.147805213928223
-8.13336181640625
-8.134662628173828
-8.151302337646484
-8.137848854064941
-8.149704933166504
-8.14808464050293
-8.149542808532715
-8.138612747192383
-8.136331558227539
-8.14841365814209
-8.1576509475708
-8.154336929321289
-8.092344284057617
-8.160799026489258
-8.158287048339844
-8.133687973022461
-8.162717819213867
-8.092249870300293
-8.091609954833984
-8.119590759277344
-7.985861301422119
-8.135565757751465
-8.095267295837402
-8.061368942260742
-8.140252113342285
-8.095684051513672
-8.144691467285156
-8.151538848876953
-8.089725494384766
-8.08566951751709
-8.152364730834961
-8.029284477233887
-8.052392959594727
-8.161980628967285
-8.045536994934082
-8.088258743286133
-8.157666206359863
-8.109635353088379
-8.089563369750977
-8.15991497039795
-8.138822555541992
-8.137185096740723
-8.15591049194336
-8.139381408691406
-8.143680572509766
-8.156608581542969
-8.131078720092773
-8.15677547454834
-8.132280349731445
-8.15376091003418
-8.150568962097168
-8.130244255065918
-8.156805992126465
-8.150893211364746
-8.161131858825684
-8.157708168029785
-8.1522216796875
-8.161977767944336
-8.148750305175781
-8.163098335266113
-8.157167434692383
-8.13502025604248
-8.161600112915039
-8.165816307067871
-8.165334701538086
-8.158526420593262
-8.151766777038574
-8.145639419555664
-8.141319274902344
-8.15220832824707
-8.16248607635498
-8.095232009887695
-8.154000282287598
-8.126860618591309
-8.129290580749512
-8.160178184509277
-8.164854049682617
-8.090635299682617
-8.159996032714844
-8.040351867675781
-8.026036262512207
-8.137526512145996
-8.078481674194336
-8.084403038024902
-8.155169486999512
-8.025586128234863
-8.106500625610352
-8.165413856506348
-8.102330207824707
-8.063787460327148
-8.167930603027344
-8.047210693359375
-8.125457763671875
-8.16301441192627
-8.086112022399902
-8.06753921508789
-8.170564651489258
-8.187471389770508
-8.05681037902832
-8.161012649536133
-8.10986042022705
-8.076618194580078
-8.18052864074707
-8.116406440734863
-8.149270057678223
-8.163688659667969
-8.192500114440918
-8.143243789672852
-8.137622833251953
-8.16435718536377
-8.132469177246094
-8.127631187438965
-8.17128849029541
-8.173964500427246
-7.960446834564209
-8.142708778381348
-8.114762306213379
-8.045432090759277
-8.160917282104492
-8.082077026367188
-8.173013687133789
-8.1597261428833
-8.138993263244629
-8.1807861328125
-8.172323226928711
-8.155176162719727
-8.154438972473145
-8.178131103515625
-8.170023918151855
-8.182330131530762
-8.161494255065918
-8.153432846069336
-8.178825378417969
-8.160849571228027
-8.138275146484375
-8.160634994506836
-8.1632661819458
-8.161030769348145
-8.166274070739746
-8.183724403381348
-8.175856590270996
-8.17702579498291
-8.145944595336914
-8.155964851379395
-8.155652046203613
-8.169048309326172
-8.168323516845703
-8.153738021850586
-8.176957130432129
-8.163820266723633
-8.166640281677246
-8.165980339050293
-8.153641700744629
-8.140975952148438
-8.09667682647705
-8.150203704833984
-8.099565505981445
-8.113107681274414
-8.183276176452637
-8.169021606445312
-8.122840881347656
-8.172775268554688
-8.161489486694336
-8.156996726989746
-8.179397583007812
-8.164215087890625
-8.12856674194336
-8.172736167907715
-8.077672958374023
-8.18883228302002
-8.16104793548584
-8.148945808410645
-8.15374755859375
-8.16887378692627
-8.17138671875
-8.145514488220215
-8.17934799194336
-8.185562133789062
-8.10724925994873
-8.170896530151367
-8.168134689331055
-8.139477729797363
-8.178449630737305
-8.136034965515137
-8.129142761230469
-8.17064094543457
-8.109736442565918
-8.16891098022461
-8.183592796325684
-8.186370849609375
-8.172452926635742
-8.179198265075684
-8.192757606506348
-8.126300811767578
-8.157254219055176
-8.1917724609375
-8.132487297058105
-8.108088493347168
-8.173774719238281
-8.087570190429688
-8.133977890014648
-8.191442489624023
-8.090409278869629
-8.124370574951172
-8.191014289855957
-8.138078689575195
-8.158855438232422
-8.180221557617188
-8.145665168762207
-8.156112670898438
-8.192008018493652
-8.125566482543945
-8.186054229736328
-8.168662071228027
-8.17051887512207
-8.185425758361816
-8.181114196777344
-8.202381134033203
-8.176675796508789
-8.178754806518555
-8.19443130493164
-8.1962890625
-8.205416679382324
-8.180521965026855
-8.184873580932617
-8.159757614135742
-8.18330192565918
-8.197561264038086
-8.191879272460938
-8.197468757629395
-8.19161319732666
-8.19382095336914
-8.119071006774902
-8.191463470458984
-8.177812576293945
-8.174773216247559
-8.187273025512695
-8.211265563964844
-8.18233871459961
-8.182056427001953
-8.188272476196289
-8.123504638671875
-8.191145896911621
-8.13693904876709
-8.154483795166016
-8.177050590515137
-8.150617599487305
-8.183197975158691
-8.20217514038086
-8.17169189453125
-8.199217796325684
-8.183825492858887
-8.192878723144531
-8.193346977233887
-8.172059059143066
-8.192493438720703
-8.180450439453125
-8.186861038208008
-8.146167755126953
-8.2039155960083
-8.141143798828125
-8.214131355285645
-8.183797836303711
-8.19698715209961
-8.187010765075684
-8.194581985473633
-8.166271209716797
-8.180018424987793
-8.18681812286377
-8.145442962646484
-8.193703651428223
-8.171224594116211
-8.193900108337402
-8.189888000488281
-8.174792289733887
-8.157804489135742
-8.200899124145508
-8.185853004455566
-8.184554100036621
-8.179126739501953
-8.146768569946289
-8.221964836120605
-8.189964294433594
-8.162496566772461
-8.159504890441895
-8.203914642333984
-8.208392143249512
-8.127546310424805
-8.210112571716309
-8.190052032470703
-8.189355850219727
-8.147027969360352
-8.144964218139648
-8.181397438049316
-8.219748497009277
-8.215209007263184
-8.19047737121582
-8.147724151611328
-8.188084602355957
-8.198585510253906
-8.16622257232666
-8.196920394897461
-8.197616577148438
-8.184195518493652
-8.196152687072754
-8.168502807617188
-8.192997932434082
-8.192790985107422
-8.21083927154541
-8.196419715881348
-8.185842514038086
-8.187857627868652
-8.16148567199707
-8.211355209350586
-8.20164966583252
-8.201239585876465
-8.144742965698242
-8.158270835876465
-8.199498176574707
-8.15676498413086
-8.120294570922852
-8.205164909362793
-8.151307106018066
-8.123030662536621
-8.200387954711914
-8.084900856018066
-8.21570873260498
-8.22048282623291
-8.142745971679688
-8.214158058166504
-8.206351280212402
-8.19950008392334
-8.232500076293945
-8.139080047607422
-8.211381912231445
-8.185630798339844
-8.1668119430542
-8.20988941192627
-8.166006088256836
-8.191204071044922
-8.198702812194824
-8.171241760253906
-8.182449340820312
-8.22175121307373
-8.138592720031738
-8.163955688476562
-8.184087753295898
-8.106510162353516
-8.186553955078125
-8.16882610321045
-8.148848533630371
-8.210126876831055
-8.161602973937988
-8.139606475830078
-8.21261215209961
-8.166845321655273
-8.17404842376709
-8.215579986572266
-8.137666702270508
-8.117447853088379
-8.212862014770508
-8.15641975402832
-8.17229175567627
-8.230587005615234
-8.13062858581543
-8.202404022216797
-8.215839385986328
-8.177322387695312
-8.154191017150879
-8.215166091918945
-8.14717960357666
-8.205092430114746
-8.211706161499023
-8.180472373962402
-8.195521354675293
-8.204484939575195
-8.17029857635498
-8.179719924926758
-8.200061798095703
-8.179936408996582
-8.209595680236816
-8.157873153686523
-8.186746597290039
-8.197312355041504
-8.161388397216797
-8.198476791381836
-8.20827865600586
-8.243827819824219
-8.136857032775879
-8.214385986328125
-8.201153755187988
-8.19963264465332
-8.191192626953125
-8.192972183227539
-8.176420211791992
-8.235097885131836
-8.185257911682129
-8.220061302185059
-8.199024200439453
-8.151952743530273
-8.219677925109863
-8.197476387023926
-8.233248710632324
-8.23054313659668
-8.206260681152344
-8.216158866882324
-8.221246719360352
-8.207667350769043
-8.188725471496582
-8.170660972595215
-8.21839714050293
-8.177910804748535
-8.208617210388184
-8.221452713012695
-8.189364433288574
-8.221153259277344
-8.220358848571777
-8.205365180969238
-8.185223579406738
-8.221650123596191
-8.195117950439453
-8.189427375793457
-8.233922004699707
-8.19628620147705
-8.17655086517334
-8.22288703918457
-8.155829429626465
-8.187945365905762
-8.166176795959473
-8.218057632446289
-8.227253913879395
-8.231904029846191
-8.11529541015625
-8.22100830078125
-8.145772933959961
-8.18444538116455
-8.211963653564453
-8.111366271972656
-8.20954704284668
-8.176973342895508
-8.180740356445312
-8.230318069458008
-8.227088928222656
-8.219030380249023
-8.191632270812988
-8.24170207977295
-8.20288372039795
-8.206549644470215
-8.222371101379395
-8.217975616455078
-8.19168758392334
-8.222639083862305
-8.166348457336426
-8.20669937133789
-8.21989917755127
-8.132850646972656
-8.228700637817383
-8.188175201416016
-8.221656799316406
-8.227532386779785
-8.23208999633789
-8.225482940673828
-8.240914344787598
-8.206740379333496
-8.231807708740234
-8.21044635772705
-8.210103034973145
-8.236903190612793
-8.193740844726562
-8.247293472290039
-8.23831844329834
-8.224774360656738
-8.240263938903809
-8.224802017211914
-8.207635879516602
-8.216246604919434
-8.24204158782959
-8.235208511352539
-8.234943389892578
-8.22892951965332
-8.224242210388184
-8.227201461791992
-8.223001480102539
-8.234524726867676
-8.231833457946777
-8.177397727966309
-8.20832633972168
-8.220712661743164
-8.195502281188965
-8.230340003967285
-8.229961395263672
-8.189964294433594
-8.2194242477417
-8.208846092224121
-8.166379928588867
-8.22349739074707
-8.140835762023926
-8.185462951660156
-8.19474983215332
-8.184462547302246
-8.216079711914062
-8.20488452911377
-8.23453140258789
-8.237467765808105
-8.243252754211426
-8.209504127502441
-8.248451232910156
-8.149846076965332
-8.21292495727539
-8.213653564453125
-8.17936897277832
-8.20252513885498
-8.20431900024414
-8.215473175048828
-8.224128723144531
-8.180704116821289
-8.17877197265625
-8.222888946533203
-8.150032043457031
-8.236761093139648
-8.212837219238281
-8.195505142211914
-8.252616882324219
-8.211312294006348
-8.223492622375488
-8.22462272644043
-8.224642753601074
-8.240726470947266
-8.213945388793945
-8.203885078430176
-8.214580535888672
-8.203970909118652
-8.228233337402344
-8.203614234924316
-8.230159759521484
-8.242578506469727
-8.155417442321777
-8.235610961914062
-8.238710403442383
-8.125304222106934
-8.236678123474121
-8.202241897583008
-8.133753776550293
-8.2319974899292
-8.183656692504883
-8.16423225402832
-8.190705299377441
-8.13743782043457
-8.01870346069336
-8.236557960510254
-8.140403747558594
-8.153294563293457
-8.23410701751709
-8.2005033493042
-8.231282234191895
-8.245363235473633
-8.238595962524414
-8.236083984375
-8.2251615524292
-8.236493110656738
-8.179583549499512
-8.245041847229004
-8.234872817993164
-8.185680389404297
-8.232271194458008
-8.228130340576172
-8.124360084533691
-8.240294456481934
-8.196243286132812
-8.185464859008789
-8.229513168334961
-8.189139366149902
-8.213444709777832
-8.210357666015625
-8.234440803527832
-8.22848129272461
-8.230171203613281
-8.23180103302002
-8.227751731872559
-8.227997779846191
-8.267729759216309
-8.206777572631836
-8.23324203491211
-8.20953369140625
-8.219162940979004
-8.214223861694336
-8.221854209899902
-8.225768089294434
-8.173845291137695
-8.258746147155762
-8.26195240020752
-8.245463371276855
-8.201522827148438
-8.232133865356445
-8.20703125
-8.251174926757812
-8.262533187866211
-8.19735336303711
-8.250221252441406
-8.236363410949707
-8.174087524414062
-8.233970642089844
-8.189571380615234
-8.225418090820312
-8.213504791259766
-8.243419647216797
-8.255571365356445
-8.249881744384766
-8.240269660949707
-8.20205307006836
-8.233317375183105
-8.254499435424805
-8.144304275512695
-8.236677169799805
-8.165786743164062
-8.175984382629395
-8.235322952270508
-8.215705871582031
-8.22790813446045
-8.227420806884766
-8.205179214477539
-8.194043159484863
-8.25150203704834
-8.186059951782227
-8.246417045593262
-8.249092102050781
-8.227066993713379
-8.243621826171875
-8.254555702209473
-8.215229988098145
-8.238496780395508
-8.258186340332031
-8.127767562866211
-8.214719772338867
-8.194130897521973
-8.190613746643066
-8.247031211853027
-8.206835746765137
-8.231329917907715
-8.252842903137207
-8.207722663879395
-8.21768569946289
-8.231548309326172
-8.24738597869873
-8.251599311828613
-8.25349235534668
-8.252116203308105
-8.242419242858887
-8.259660720825195
-8.218915939331055
-8.24697494506836
-8.238101959228516
-8.23419189453125
-8.244246482849121
-8.239290237426758
-8.247459411621094
-8.210046768188477
-8.254878997802734
-8.191315650939941
-8.186457633972168
-8.242122650146484
-8.193603515625
-8.215832710266113
-8.204730987548828
-8.131454467773438
-8.242132186889648
-8.153130531311035
-8.0960111618042
-8.225872039794922
-8.04336166381836
-8.064925193786621
-8.247697830200195
-8.140449523925781
-8.090896606445312
-8.226380348205566
-8.18049430847168
-8.077369689941406
-8.22740650177002
-8.215242385864258
-8.188173294067383
-8.159309387207031
-8.192241668701172
-8.142128944396973
-8.229532241821289
-8.223901748657227
-8.214540481567383
-8.245680809020996
-8.209744453430176
-8.234627723693848
-8.229889869689941
-8.218023300170898
-8.256597518920898
-8.24067497253418
-8.248736381530762
-8.254874229431152
-8.259472846984863
-8.229056358337402
-8.248608589172363
-8.236224174499512
-8.22518539428711
-8.271977424621582
-8.209781646728516
-8.22883415222168
-8.2515230178833
-8.256941795349121
-8.238365173339844
-8.226319313049316
-8.218379020690918
-8.175652503967285
-8.243587493896484
-8.22226619720459
-8.190268516540527
-8.236432075500488
-8.187738418579102
-8.24804401397705
-8.217430114746094
-8.266758918762207
-8.248847007751465
-8.256555557250977
-8.204047203063965
-8.251665115356445
-8.23678970336914
-8.253299713134766
-8.21534252166748
-8.248213768005371
-8.247747421264648
-8.234505653381348
-8.208595275878906
-8.232965469360352
-8.248062133789062
-8.24044132232666
-8.255585670471191
-8.23946762084961
-8.24046516418457
-8.251641273498535
-8.24476432800293
-8.239648818969727
-8.256142616271973
-8.262332916259766
-8.243544578552246
-8.261664390563965
-8.256098747253418
-8.245590209960938
-8.255449295043945
-8.253448486328125
-8.255534172058105
-8.25287914276123
-8.252694129943848
-8.25870132446289
-8.249736785888672
-8.22734260559082
-8.239481925964355
-8.2276611328125
-8.249829292297363
-8.261495590209961
-8.200324058532715
-8.23165512084961
-8.2537841796875
-8.23020076751709
-8.239795684814453
-8.2627592086792
-8.177431106567383
-8.2554349899292
-8.21500015258789
-8.214348793029785
-8.238944053649902
-8.243407249450684
-8.239184379577637
-8.241148948669434
-8.189728736877441
-8.25484848022461
-8.227181434631348
-8.260196685791016
-8.255196571350098
-8.247261047363281
-8.228363037109375
-8.251461029052734
-8.27489948272705
-8.214929580688477
-8.246065139770508
-8.263825416564941
-8.188000679016113
-8.21892261505127
-8.217297554016113
-8.198446273803711
-8.222049713134766
-8.22873592376709
-8.130636215209961
-8.18274211883545
-8.201726913452148
-8.120990753173828
-8.239246368408203
-8.21985912322998
-8.115837097167969
-8.25160026550293
-8.236594200134277
-8.185406684875488
-8.243867874145508
-8.186878204345703
-8.113983154296875
-8.244487762451172
-8.194615364074707
-8.173575401306152
-8.248909950256348
-8.227204322814941
-8.243696212768555
-8.25419807434082
-8.254271507263184
-8.269728660583496
-8.264727592468262
-8.234116554260254
-8.213603019714355
-8.261073112487793
-8.263348579406738
-8.22469425201416
-8.24089527130127
-8.254080772399902
-8.198515892028809
-8.240100860595703
-8.217169761657715
-8.21578598022461
-8.259622573852539
-8.221700668334961
-8.270485877990723
-8.26097297668457
-8.244848251342773
-8.258805274963379
-8.261524200439453
-8.250597953796387
-8.248185157775879
-8.23793888092041
-8.238811492919922
-8.255775451660156
-8.248000144958496
-8.235041618347168
-8.249797821044922
-8.251664161682129
-8.231597900390625
-8.267818450927734
-8.259540557861328
-8.254643440246582
-8.237504959106445
-8.272433280944824
-8.227097511291504
-8.250489234924316
-8.252740859985352
-8.185638427734375
-8.258203506469727
-8.265989303588867
-8.22438907623291
-8.208166122436523
-8.24334716796875
-8.226655006408691
-8.222792625427246
-8.269563674926758
-8.117376327514648
-8.24893569946289
-8.23254108428955
-8.163301467895508
-8.241183280944824
-8.207915306091309
-8.24522590637207
-8.253018379211426
-8.21716022491455
-8.212150573730469
-8.257719993591309
-8.190221786499023
-8.227176666259766
-8.258766174316406
-8.166007041931152
-8.191068649291992
-8.254021644592285
-8.174823760986328
-8.19416332244873
-8.248924255371094
-8.242383003234863
-8.231072425842285
-8.240865707397461
-8.138021469116211
-8.23603343963623
-8.211496353149414
-8.226191520690918
-8.258478164672852
-8.26297378540039
-8.1602201461792
-8.265340805053711
-8.259804725646973
-8.243904113769531
-8.242288589477539
-8.23641300201416
-8.218284606933594
-8.260631561279297
-8.265996932983398
-8.230164527893066
-8.256884574890137
-8.24769115447998
-8.243282318115234
-8.239290237426758
-8.253443717956543
-8.240540504455566
-8.254573822021484
-8.250617980957031
-8.254720687866211
-8.269874572753906
-8.27934455871582
-8.232303619384766
-8.274306297302246
-8.260177612304688
-8.254204750061035
-8.257159233093262
-8.278125762939453
-8.276391983032227
-8.189142227172852
-8.26048755645752
-8.176614761352539
-8.268427848815918
-8.254585266113281
-8.1907320022583
-8.272526741027832
-8.156265258789062
-8.248528480529785
-8.223946571350098
-8.221592903137207
-8.259017944335938
-8.234551429748535
-8.258480072021484
-8.257076263427734
-8.234673500061035
-8.245354652404785
-8.240961074829102
-8.256997108459473
-8.257893562316895
-8.253108024597168
-8.255617141723633
-8.212306022644043
-8.242380142211914
-8.250537872314453
-8.248888969421387
-8.278643608093262
-8.267182350158691
-8.25528621673584
-8.252291679382324
-8.268768310546875
-8.26823902130127
-8.268623352050781
-8.26579475402832
-8.25838565826416
-8.234062194824219
-8.276440620422363
-8.271924018859863
-8.17859935760498
-8.273834228515625
-8.26492977142334
-8.258211135864258
-8.27115535736084
-8.255786895751953
-8.261959075927734
-8.242424011230469
-8.263816833496094
-8.276049613952637
-8.220428466796875
-8.264266014099121
-8.296441078186035
-8.260730743408203
-8.242493629455566
-8.259010314941406
-8.245744705200195
-8.254045486450195
-8.224541664123535
-8.253901481628418
-8.267821311950684
-8.236048698425293
-8.246614456176758
-8.264946937561035
-8.222290992736816
-8.263998985290527
-8.27530574798584
-8.213669776916504
-8.25739574432373
-8.238757133483887
-8.235824584960938
-8.25816822052002
-8.223158836364746
-8.239048957824707
-8.251762390136719
-8.228078842163086
-8.254432678222656
-8.263198852539062
-8.243128776550293
-8.282170295715332
-8.24523639678955
-8.269122123718262
-8.19387149810791
-8.254762649536133
-8.231404304504395
-8.262374877929688
-8.24758243560791
-8.267768859863281
-8.273599624633789
-8.25049114227295
-8.269754409790039
-8.261663436889648
-8.252290725708008
-8.274023056030273
-8.242886543273926
-8.259261131286621
-8.271652221679688
-8.252185821533203
-8.25157642364502
-8.274540901184082
-8.169878959655762
-8.265205383300781
-8.264993667602539
-8.181375503540039
-8.232314109802246
-8.259088516235352
-8.15911865234375
-8.25366497039795
-8.242565155029297
-8.225001335144043
-8.252273559570312
-8.18154239654541
-8.205832481384277
-8.269410133361816
-8.192716598510742
-8.255792617797852
-8.263446807861328
-8.221190452575684
-8.24223804473877
-8.259031295776367
-8.230270385742188
-8.24099063873291
-8.249751091003418
-8.227352142333984
-8.2632417678833
-8.252352714538574
-8.267812728881836
-8.278533935546875
-8.258551597595215
-8.270149230957031
-8.274916648864746
-8.260061264038086
-8.272415161132812
-8.27282428741455
-8.24669075012207
-8.271167755126953
-8.250226020812988
-8.23769760131836
-8.245522499084473
-8.2526273727417
-8.257615089416504
-8.245431900024414
-8.279777526855469
-8.249073028564453
-8.240961074829102
-8.262999534606934
-8.2590913772583
-8.262685775756836
-8.292010307312012
-8.203832626342773
-8.25927448272705
-8.270236015319824
-8.150607109069824
-8.223917007446289
-8.260885238647461
-8.232542037963867
-8.27586555480957
-8.25230598449707
-8.270523071289062
-8.265649795532227
-8.26883316040039
-8.261045455932617
-8.27506160736084
-8.27751636505127
-7.92043924331665
-7.924713611602783
-7.935617446899414
-8.263113021850586
-8.028153419494629
-7.949807167053223
-8.238636016845703
-8.019139289855957
-8.083341598510742
-8.177403450012207
-8.214198112487793
-8.112645149230957
-8.106639862060547
-8.229187965393066
-8.151592254638672
-7.995782852172852
-8.24682331085205
-8.164606094360352
-8.23133373260498
-8.22475814819336
-8.16489028930664
-8.1484956741333
-8.26872444152832
-8.218873977661133
-8.224698066711426
-8.265536308288574
-8.249935150146484
-8.247832298278809
-8.2622652053833
-8.264822006225586
-8.203630447387695
-8.252863883972168
-8.258536338806152
-8.242815971374512
-8.268916130065918
-8.28119945526123
-8.261970520019531
-8.24542236328125
-8.277846336364746
-8.229683876037598
-8.263057708740234
-8.25139331817627
-8.266571044921875
-8.2543363571167
-8.27350902557373
-8.27719783782959
-8.261868476867676
-8.256400108337402
-8.259297370910645
-8.273486137390137
-8.258801460266113
-8.272743225097656
-8.26307487487793
-8.260313987731934
-8.272672653198242
-8.218299865722656
-8.266265869140625
-8.261151313781738
-8.271245956420898
-8.235003471374512
-8.290828704833984
-8.177236557006836
-8.24572467803955
-8.252900123596191
-8.219220161437988
-8.292457580566406
-8.241211891174316
-8.265388488769531
-8.236844062805176
-8.268555641174316
-8.271305084228516
-8.244933128356934
-8.262408256530762
-8.233811378479004
-8.266803741455078
-8.268659591674805
-8.275775909423828
-8.233381271362305
-8.266284942626953
-8.247989654541016
-8.257250785827637
-8.266572952270508
-8.261634826660156
-8.277078628540039
-8.277822494506836
-8.281139373779297
-8.25497055053711
-8.273286819458008
-8.251848220825195
-8.270838737487793
-8.276572227478027
-8.216638565063477
-8.290037155151367
-8.256657600402832
-8.213859558105469
-8.26678466796875
-8.176549911499023
-8.20142936706543
-8.242995262145996
-8.215202331542969
-8.253067970275879
-8.216407775878906
-8.244302749633789
-8.256780624389648
-8.238465309143066
-8.249484062194824
-8.248610496520996
-8.269125938415527
-8.25364875793457
-8.249964714050293
-8.272808074951172
-8.270401954650879
-8.234452247619629
-8.287450790405273
-8.199341773986816
-8.257463455200195
-8.258514404296875
-8.187495231628418
-8.241549491882324
-8.284934997558594
-8.218317031860352
-8.181772232055664
-8.277241706848145
-8.167655944824219
-8.21662425994873
-8.283918380737305
-8.203128814697266
-8.193209648132324
-8.265462875366211
-8.265314102172852
-8.246472358703613
-8.235658645629883
-8.225985527038574
-8.203242301940918
-8.278379440307617
-8.258269309997559
-8.23453140258789
-8.284897804260254
-8.253561019897461
-8.188382148742676
-8.277792930603027
-8.225818634033203
-8.238005638122559
-8.267841339111328
-8.209280014038086
-8.272007942199707
-8.174765586853027
-8.240087509155273
-8.254883766174316
-8.255965232849121
-8.247764587402344
-8.246965408325195
-8.26623249053955
-8.271183967590332
-8.258721351623535
-8.239596366882324
-8.263401985168457
-8.256842613220215
-8.228861808776855
-8.271589279174805
-8.296880722045898
-8.205217361450195
-8.291857719421387
-8.269294738769531
-8.24960994720459
-8.24785327911377
-8.266963958740234
-8.223379135131836
-8.220257759094238
-8.279056549072266
-8.233847618103027
-8.199830055236816
-8.263809204101562
-8.263976097106934
-8.236278533935547
-8.277305603027344
-8.282538414001465
-8.25503158569336
-8.274313926696777
-8.258637428283691
-8.253262519836426
-8.268758773803711
-8.237468719482422
-8.250250816345215
-8.251811027526855
-8.273900985717773
-8.244002342224121
-8.276415824890137
-8.290193557739258
-8.2844877243042
-8.257716178894043
-8.274029731750488
-8.273988723754883
-8.278409004211426
-8.290447235107422
-8.284558296203613
-8.251760482788086
-8.264610290527344
-8.273580551147461
-8.257342338562012
-8.243178367614746
-8.253358840942383
-8.269092559814453
-8.245830535888672
-8.288993835449219
-8.206286430358887
-8.252420425415039
-8.262662887573242
-8.221835136413574
-8.240938186645508
-8.284687042236328
-8.252524375915527
-8.278985977172852
-8.277037620544434
-8.278928756713867
-8.266602516174316
-8.269062995910645
-8.289656639099121
-8.255167961120605
-8.241292953491211
-8.281353950500488
-8.27910327911377
-8.258931159973145
-8.240954399108887
-8.214599609375
-8.175057411193848
-8.279356956481934
-8.245879173278809
-8.207894325256348
-8.260046005249023
-8.198452949523926
-8.263312339782715
-8.264826774597168
-8.285529136657715
-8.188687324523926
-8.262444496154785
-8.2705659866333
-8.170981407165527
-8.224597930908203
-8.241247177124023
-8.23686408996582
-8.259050369262695
-8.262167930603027
-8.218589782714844
-8.268970489501953
-8.259900093078613
-8.24143123626709
-8.27706527709961
-8.269275665283203
-8.281874656677246
-8.26684284210205
-8.276187896728516
-8.285177230834961
-8.256108283996582
-8.268280029296875
-8.223895072937012
-8.268381118774414
-8.275411605834961
-8.271126747131348
-8.267668724060059
-8.281450271606445
-8.275793075561523
-8.271333694458008
-8.27133560180664
-8.287381172180176
-8.27668285369873
-8.283188819885254
-8.280705451965332
-8.27326488494873
-8.271261215209961
-8.286327362060547
-8.284130096435547
-8.276580810546875
-8.259214401245117
-8.286812782287598
-8.275739669799805
-8.297337532043457
-8.230339050292969
-8.262412071228027
-8.277020454406738
-8.272876739501953
-8.226022720336914
-8.259639739990234
-8.226183891296387
-8.222539901733398
-8.2861328125
-8.285387992858887
-8.234201431274414
-8.265523910522461
-8.278532028198242
-8.232393264770508
-8.258443832397461
-8.263712882995605
-8.211014747619629
-8.258933067321777
-8.25631332397461
-8.225811958312988
-8.298344612121582
-8.281327247619629
-8.27287483215332
-8.24779987335205
-8.28489875793457
-8.245054244995117
-8.2722749710083
-8.27061653137207
-8.251872062683105
-8.267900466918945
-8.249231338500977
-8.2810697555542
-8.26919937133789
-8.276001930236816
-8.29180908203125
-8.295148849487305
-8.234562873840332
-8.284177780151367
-8.285418510437012
-8.283417701721191
-8.269740104675293
-8.281146049499512
-8.282588005065918
-8.287817001342773
-8.258508682250977
-8.279973983764648
-8.2483549118042
-8.281900405883789
-8.292716026306152
-8.27778148651123
-8.287752151489258
-8.29532527923584
-8.280113220214844
-8.294939994812012
-8.287839889526367
-8.281600952148438
-8.290520668029785
-8.286176681518555
-8.29647445678711
-8.289922714233398
-8.288247108459473
-8.288738250732422
-8.293431282043457
-8.26193618774414
-8.255352020263672
-8.2857027053833
-8.279985427856445
-8.279799461364746
-8.281856536865234
-8.272605895996094
-8.296279907226562
-8.240711212158203
-8.278246879577637
-8.277865409851074
-8.272720336914062
-8.282437324523926
-8.290030479431152
-8.23784351348877
-8.27901840209961
-8.293224334716797
-8.270096778869629
-8.292028427124023
-8.278026580810547
-8.255404472351074
-8.283145904541016
-8.271947860717773
-8.276595115661621
-8.246138572692871
-8.267099380493164
-8.291849136352539
-8.197402000427246
-8.291536331176758
-8.217351913452148
-8.274893760681152
-8.28934097290039
-8.250934600830078
-8.290602684020996
-8.211499214172363
-8.279534339904785
-8.290024757385254
-8.268261909484863
-8.305737495422363
-8.280769348144531
-8.30262279510498
-8.28945255279541
-8.290740966796875
-8.304890632629395
-8.266119003295898
-8.291732788085938
-8.253255844116211
-8.296182632446289
-8.303292274475098
-8.276772499084473
-8.279723167419434
-8.288488388061523
-8.286940574645996
-8.279422760009766
-8.276662826538086
-8.267438888549805
-8.288269996643066
-8.29296875
-8.273573875427246
-8.300106048583984
-8.255511283874512
-8.305144309997559
-8.28777027130127
-8.280487060546875
-8.282112121582031
-8.283025741577148
-8.289727210998535
-8.296745300292969
-8.286335945129395
-8.29639720916748
-8.293325424194336
-8.291422843933105
-8.287824630737305
-8.300570487976074
-8.2857084274292
-8.299433708190918
-8.254263877868652
-8.30051040649414
-8.291411399841309
-8.246906280517578
-8.279109954833984
-8.269969940185547
-8.25806999206543
-8.303877830505371
-8.29668140411377
-8.292274475097656
-8.288528442382812
-8.294269561767578
-8.296295166015625
-8.300333976745605
-8.284667015075684
-8.30695915222168
-8.281868934631348
-8.271199226379395
-8.274778366088867
-8.251964569091797
-8.286516189575195
-8.288734436035156
-8.273725509643555
-8.270332336425781
-8.299715042114258
-8.25458812713623
-8.286783218383789
-8.293603897094727
-8.302813529968262
-8.286604881286621
-8.281302452087402
-8.28905200958252
-8.26976490020752
-8.279563903808594
-8.290746688842773
-8.282041549682617
-8.29214096069336
-8.257539749145508
-8.290106773376465
-8.288320541381836
-8.287713050842285
-8.272260665893555
-8.286051750183105
-8.270711898803711
-8.28719425201416
-8.2896089553833
-8.203216552734375
-8.301713943481445
-8.264030456542969
-8.272895812988281
-8.306978225708008
-8.272443771362305
-8.257742881774902
-8.28221321105957
-8.2406644821167
-8.281651496887207
-8.292206764221191
-8.221297264099121
-8.293553352355957
-8.278356552124023
-8.235581398010254
-8.289721488952637
-8.256033897399902
-8.29273796081543
-8.291720390319824
-8.280234336853027
-8.293341636657715
-8.273691177368164
-8.279108047485352
-8.289445877075195
-8.290596961975098
-8.269387245178223
-8.297273635864258
-8.292230606079102
-8.295503616333008
-8.29565715789795
-8.28734016418457
-8.299128532409668
-8.285865783691406
-8.28543758392334
-8.274888038635254
-8.301161766052246
-8.301063537597656
-8.218181610107422
-8.300712585449219
-8.243614196777344
-8.231191635131836
-8.271964073181152
-8.293549537658691
-8.27387523651123
-8.294408798217773
-8.315187454223633
-8.246732711791992
-8.29849910736084
-8.266363143920898
-8.205097198486328
-8.294048309326172
-8.294137954711914
-8.281719207763672
-8.308932304382324
-8.259575843811035
-8.279523849487305
-8.294095039367676
-8.253355979919434
-8.265937805175781
-8.244589805603027
-8.267897605895996
-8.295790672302246
-8.286065101623535
-8.30003833770752
-8.299590110778809
-8.26307201385498
-8.29050064086914
-8.28118896484375
-8.295772552490234
-8.296716690063477
-8.26987361907959
-8.30550765991211
-8.300947189331055
-8.273547172546387
-8.284367561340332
-8.299381256103516
-8.265518188476562
-8.300705909729004
-8.276514053344727
-8.300846099853516
-8.303442001342773
-8.275924682617188
-8.299424171447754
-8.288127899169922
-8.304394721984863
-8.297531127929688
-8.289750099182129
-8.28139877319336
-8.309115409851074
-8.310019493103027
-8.293280601501465
-8.284048080444336
-8.297723770141602
-8.288870811462402
-8.294421195983887
-8.286818504333496
-8.30893611907959
-8.304581642150879
-8.27600383758545
-8.30298900604248
-8.294961929321289
-8.293061256408691
-8.29035472869873
-8.302001953125
-8.272000312805176
-8.30264949798584
-8.301950454711914
-8.28288745880127
-8.307361602783203
-8.264446258544922
-8.305150985717773
-8.29096794128418
-8.283783912658691
-8.298412322998047
-8.292269706726074
-8.294456481933594
-8.281939506530762
-8.28501033782959
-8.304556846618652
-8.303689956665039
-8.28486442565918
-8.301187515258789
-8.319842338562012
-8.287242889404297
-8.232918739318848
-8.30490779876709
-8.273089408874512
-8.260858535766602
-8.301284790039062
-8.24071216583252
-8.236150741577148
-8.311923027038574
-8.267236709594727
-8.243328094482422
-8.30402660369873
-8.20146656036377
-8.279841423034668
-8.300392150878906
-8.260706901550293
-8.294840812683105
-8.28505802154541
-8.291751861572266
-8.287711143493652
-8.309199333190918
-8.291086196899414
-8.300951957702637
-8.30526065826416
-8.299217224121094
-8.278474807739258
-8.298905372619629
-8.299185752868652
-8.300708770751953
-8.305962562561035
-8.32810115814209
-8.243597984313965
-8.301469802856445
-8.270746231079102
-8.301162719726562
-8.31309700012207
-8.251130104064941
-8.30783748626709
-8.303269386291504
-8.310651779174805
-8.292793273925781
-8.295723915100098
-8.275503158569336
-8.301124572753906
-8.297211647033691
-8.30208969116211
-8.29980182647705
-8.29815673828125
-8.304167747497559
-8.285594940185547
-8.282031059265137
-8.297773361206055
-8.273037910461426
-8.292834281921387
-8.281780242919922
-8.273651123046875
-8.303696632385254
-8.238698959350586
-8.221344947814941
-8.297996520996094
-8.258170127868652
-8.269420623779297
-8.270998001098633
-8.2268648147583
-8.307652473449707
-8.19253158569336
-8.238146781921387
-8.280486106872559
-8.229974746704102
-8.283709526062012
-8.321003913879395
-8.202722549438477
-8.239091873168945
-8.277281761169434
-8.233875274658203
-8.309447288513184
-8.285956382751465
-8.2509183883667
-8.302373886108398
-8.304320335388184
-8.295971870422363
-8.290339469909668
-8.254469871520996
-8.24747371673584
-8.306012153625488
-8.262025833129883
-8.286874771118164
-8.301331520080566
-8.288853645324707
-8.297429084777832
-8.29925537109375
-8.290310859680176
-8.310033798217773
-8.320006370544434
-8.327129364013672
-8.287744522094727
-8.281622886657715
-8.276041984558105
-8.23143482208252
-8.297590255737305
-8.2691650390625
-8.241392135620117
-8.298382759094238
-8.285931587219238
-8.27917766571045
-8.303122520446777
-8.299124717712402
-8.278831481933594
-8.283531188964844
-8.305785179138184
-8.284088134765625
-8.306405067443848
-8.284429550170898
-8.27116584777832
-8.297806739807129
-8.195699691772461
-8.299895286560059
-8.265168190002441
-8.303380012512207
-8.301420211791992
-8.269515037536621
-8.288070678710938
-8.3071928024292
-8.295154571533203
-8.310460090637207
-8.301416397094727
-8.257826805114746
-8.314806938171387
-8.263626098632812
-8.266745567321777
-8.295536994934082
-8.30520248413086
-8.241604804992676
-8.274036407470703
-8.295742988586426
-8.26162338256836
-8.31670093536377
-8.240185737609863
-8.278231620788574
-8.264445304870605
-8.299932479858398
-8.313958168029785
-8.269022941589355
-8.301753997802734
-8.302287101745605
-8.283849716186523
-8.28792953491211
-8.31442928314209
-8.18272590637207
-8.28978443145752
-8.264787673950195
-8.22596263885498
-8.303543090820312
-8.248762130737305
-8.256404876708984
-8.293508529663086
-8.275015830993652
-8.279504776000977
-8.310836791992188
-8.271949768066406
-8.263379096984863
-8.309256553649902
-8.323321342468262
-8.228443145751953
-8.284278869628906
-8.28624153137207
-8.215436935424805
-8.289690971374512
-8.215386390686035
-8.238980293273926
-8.28036880493164
-8.26961612701416
-8.313241004943848
-8.304306030273438
-8.293468475341797
-8.303842544555664
-8.319913864135742
-8.29894733428955
-8.305716514587402
-8.2884521484375
-8.3002290725708
-8.290671348571777
-8.303133010864258
-8.302292823791504
-8.302469253540039
-8.31652545928955
-8.285670280456543
-8.316314697265625
-8.302704811096191
-8.28831958770752
-8.310527801513672
-8.31216049194336
-8.303474426269531
-8.27275276184082
-8.294833183288574
-8.293609619140625
-8.321551322937012
-8.265803337097168
-8.302962303161621
-8.274950981140137
-8.276126861572266
-8.312390327453613
-8.235355377197266
-8.293522834777832
-8.274547576904297
-8.264663696289062
-8.30930233001709
-8.285579681396484
-8.289083480834961
-8.320240020751953
-8.18004035949707
-8.283282279968262
-8.24492359161377
-8.25577449798584
-8.296823501586914
-8.25970458984375
-8.196551322937012
-8.30479907989502
-8.273788452148438
-8.305074691772461
-8.297898292541504
-8.30821418762207
-8.290384292602539
-8.290005683898926
-8.294991493225098
-8.28499984741211
-8.316412925720215
-8.258913040161133
-8.307615280151367
-8.309858322143555
-8.3050537109375
-8.315216064453125
-8.30355453491211
-8.303325653076172
-8.301762580871582
-8.303831100463867
-8.304198265075684
-8.314251899719238
-8.318009376525879
-8.3237886428833
-8.310928344726562
-8.31053638458252
-8.316123962402344
-8.317312240600586
-8.299880981445312
-8.308341979980469
-8.291065216064453
-8.247883796691895
-8.304560661315918
