loss_total
-21.199840545654297
-21.546611785888672
-21.825923919677734
-21.976945877075195
-21.69658851623535
-22.135278701782227
-22.435651779174805
-22.642549514770508
-22.946544647216797
-22.76650047302246
-22.98406982421875
-23.091211318969727
-22.931682586669922
-23.55078887939453
-23.379108428955078
-23.88465690612793
-23.567298889160156
-24.131813049316406
-24.30552101135254
-23.726774215698242
-24.11667251586914
-24.067480087280273
-24.022045135498047
-25.123037338256836
-24.70272445678711
-24.853302001953125
-24.9276123046875
-25.038942337036133
-25.465496063232422
-25.436542510986328
-25.45577049255371
-25.807802200317383
-25.691328048706055
-25.482969284057617
-25.84579849243164
-26.244802474975586
-26.347530364990234
-26.287946701049805
-26.46722984313965
-26.310470581054688
-26.700679779052734
-26.569190979003906
-26.63932228088379
-26.763303756713867
-26.606943130493164
-27.006866455078125
-26.786563873291016
-27.177152633666992
-27.379257202148438
-27.45505142211914
-27.513256072998047
-27.424272537231445
-27.499679565429688
-27.7818660736084
-27.499839782714844
-28.05051612854004
-27.85478973388672
-28.17350196838379
-28.062788009643555
-28.276643753051758
-28.382761001586914
-28.503925323486328
-28.681547164916992
-28.829076766967773
-29.29717445373535
-29.294841766357422
-29.849119186401367
-30.143463134765625
-30.335222244262695
-30.439992904663086
-31.10486602783203
-31.453279495239258
-31.429248809814453
-31.416799545288086
-31.116817474365234
-31.13318634033203
-31.19845962524414
-31.367164611816406
-31.715171813964844
-32.004947662353516
-32.31312561035156
-32.19850540161133
-32.260948181152344
-32.33889389038086
-32.56687927246094
-32.38896560668945
-32.56956481933594
-32.60909652709961
-32.933719635009766
-33.243343353271484
-33.23208236694336
-33.305458068847656
-33.58427429199219
-33.63311004638672
-33.904563903808594
-34.01115417480469
-34.2567024230957
-34.39710235595703
-34.63935089111328
-34.69596481323242
-34.97941589355469
-35.170345306396484
-35.27088928222656
-35.4131965637207
-35.67955780029297
-35.65879440307617
-35.877288818359375
-35.92734146118164
-36.14277648925781
-36.15869140625
-35.99277877807617
-36.2845573425293
-36.338401794433594
-36.42231750488281
-36.36060333251953
-36.40599060058594
-36.605098724365234
-36.828895568847656
-36.75823211669922
-37.0648193359375
-36.927330017089844
-36.96398162841797
-37.07582473754883
-37.090309143066406
-37.19927215576172
-37.32483673095703
-37.492706298828125
-37.39964294433594
-37.707557678222656
-37.55314636230469
-37.595375061035156
-37.87862014770508
-37.91279602050781
-37.94763946533203
-38.0036506652832
-38.018741607666016
-38.13165283203125
-38.255855560302734
-38.43353271484375
-38.57464599609375
-38.63606643676758
-38.67404556274414
-38.63089370727539
-39.0000114440918
-38.942508697509766
-39.00652313232422
-38.997867584228516
-39.136802673339844
-39.17105484008789
-39.388893127441406
-39.36294937133789
-39.55227279663086
-39.575435638427734
-39.65184783935547
-39.91492462158203
-40.09785461425781
-39.6259765625
-39.80406951904297
-39.96223449707031
-40.03356170654297
-40.04820251464844
-40.01927185058594
-40.299171447753906
-40.65244674682617
-40.93903350830078
-40.19923782348633
-40.40792465209961
-40.168724060058594
-40.71399688720703
-41.104862213134766
-40.77128982543945
-41.03907775878906
-41.0128288269043
-41.191776275634766
-41.305885314941406
-41.33563995361328
-41.52935791015625
-41.27303695678711
-41.51078414916992
-41.53807067871094
-42.01329040527344
-41.94650650024414
-41.68190002441406
-42.00281524658203
-41.58138656616211
-42.06774139404297
-41.788909912109375
-41.89301681518555
-42.11167907714844
-42.36741638183594
-42.10895919799805
-42.25474166870117
-42.64719772338867
-42.36111831665039
-42.887325286865234
-42.68565368652344
-42.916358947753906
-42.95093536376953
-43.182498931884766
-43.26054000854492
-43.17571258544922
-43.46796798706055
-43.73591232299805
-43.38682174682617
-43.44430160522461
-43.65201187133789
-43.564640045166016
-43.80161666870117
-43.78956604003906
-43.83421325683594
-44.01013946533203
-43.80803298950195
-43.99204635620117
-44.0903205871582
-44.33517837524414
-44.055335998535156
-44.3316650390625
-44.33738708496094
-44.371826171875
-44.470672607421875
-44.54228591918945
-44.73208236694336
-44.50873565673828
-44.612937927246094
-44.6769905090332
-44.72149658203125
-44.797245025634766
-44.65226745605469
-44.75563430786133
-44.61668395996094
-44.69481658935547
-44.560020446777344
-44.87723159790039
-44.83495330810547
-44.87022399902344
-44.93259811401367
-44.8181266784668
-45.056312561035156
-44.93894577026367
-45.189056396484375
-44.9273796081543
-45.08012390136719
-45.26889419555664
-45.28174591064453
-45.17435836791992
-45.2681770324707
-45.14723205566406
-45.14561080932617
-45.321022033691406
-45.05363464355469
-45.352447509765625
-45.06997299194336
-45.357215881347656
-45.181365966796875
-45.284629821777344
-45.40156555175781
-45.557613372802734
-45.23268508911133
-45.55284881591797
-45.59318161010742
-45.64800262451172
-45.48906326293945
-45.52870559692383
-45.62696075439453
-45.66069030761719
-45.87898635864258
-45.73536682128906
-45.768821716308594
-45.69976806640625
-45.86631774902344
-45.746185302734375
-45.949798583984375
-45.90093231201172
-45.80253219604492
-46.05023956298828
-45.957035064697266
-45.991455078125
-45.93080139160156
-46.049156188964844
-46.0119743347168
-45.884849548339844
-46.09083938598633
-46.10027313232422
-46.292938232421875
-46.31574630737305
-45.95381164550781
-46.12343215942383
-46.190513610839844
-46.076683044433594
-46.2863655090332
-46.2041130065918
-46.24164581298828
-46.324684143066406
-46.42231750488281
-46.04347229003906
-46.3426513671875
-46.419586181640625
-46.35276794433594
-46.371097564697266
-46.4114990234375
-46.450531005859375
-46.537879943847656
-46.52306365966797
-46.526458740234375
-46.530738830566406
-46.52177429199219
-46.68170166015625
-46.5791015625
-46.727481842041016
-46.55036163330078
-46.65629959106445
-46.66130447387695
-46.72966003417969
-46.67222213745117
-46.79901123046875
-46.86240005493164
-46.920265197753906
-46.87200927734375
-46.848140716552734
-46.81377029418945
-46.82740020751953
-46.86857986450195
-46.968055725097656
-46.878990173339844
-47.00665283203125
-46.953224182128906
-46.93589782714844
-46.903690338134766
-47.12028503417969
-46.85798263549805
-46.99700927734375
-47.153934478759766
-46.86534118652344
-47.0998420715332
-47.002166748046875
-47.13203430175781
-47.18635940551758
-47.12468719482422
-47.01543426513672
-47.2496223449707
-47.20456314086914
-47.220245361328125
-47.26956558227539
-47.23031997680664
-47.35869598388672
-47.35667419433594
-47.25764846801758
-47.435455322265625
-47.39040756225586
-47.208457946777344
-47.43437576293945
-47.269264221191406
-47.503501892089844
-47.50117492675781
-47.27887725830078
-47.44694519042969
-47.43013000488281
-47.473167419433594
-47.577667236328125
-47.474693298339844
-47.741371154785156
-47.57756042480469
-47.48480987548828
-47.53150939941406
-47.57362365722656
-47.78864288330078
-47.6716194152832
-47.61813735961914
-47.71578598022461
-47.713897705078125
-47.73318862915039
-47.781063079833984
-47.821754455566406
-47.70612335205078
-47.68193054199219
-47.78233337402344
-47.90232849121094
-47.75609588623047
-47.74958801269531
-47.86571502685547
-47.77030563354492
-47.74493408203125
-47.821311950683594
-47.77338409423828
-47.8616828918457
-47.871482849121094
-48.00342559814453
-47.88962936401367
-47.914546966552734
-47.993324279785156
-47.96149444580078
-48.04819107055664
-48.09541320800781
-48.15040969848633
-48.131195068359375
-48.06227493286133
-48.1614990234375
-48.08584976196289
-47.96226501464844
-48.142337799072266
-48.01557922363281
-48.20283126831055
-48.14384841918945
-48.233604431152344
-48.10069274902344
-48.144691467285156
-48.08454895019531
-48.2072639465332
-48.06810760498047
-48.16899108886719
-48.34172821044922
-48.17782211303711
-48.15095520019531
-48.32453918457031
-48.30171203613281
-48.22378921508789
-48.23382568359375
-48.339473724365234
-48.400970458984375
-48.11572265625
-48.24556350708008
-48.4141845703125
-48.168766021728516
-48.29098129272461
-47.96411895751953
-47.82807159423828
-48.407737731933594
-47.65211868286133
-48.20918273925781
-47.344825744628906
-47.308570861816406
-48.2616081237793
-47.33660125732422
-47.27661895751953
-48.4591064453125
-47.102577209472656
-46.72209167480469
-47.601558685302734
-48.180686950683594
-47.72654342651367
-48.19635009765625
-47.78968811035156
-47.737056732177734
-48.496604919433594
-47.78139877319336
-47.640323638916016
-48.554931640625
-47.76171112060547
-47.46560287475586
-48.14963912963867
-48.19199752807617
-47.748779296875
-48.29637145996094
-48.364871978759766
-48.0682258605957
-48.59910202026367
-48.199737548828125
-48.32465362548828
-48.69242477416992
-48.36055374145508
-48.62919998168945
-48.344181060791016
-48.442840576171875
-48.5910530090332
-48.326446533203125
-48.6474494934082
-48.65784454345703
-48.5201530456543
-48.76123046875
-48.49748611450195
-48.7957878112793
-48.610435485839844
-48.70597839355469
-48.76292037963867
-48.396663665771484
-48.761592864990234
-48.627506256103516
-48.634033203125
-48.74514389038086
-48.91143798828125
-48.52375411987305
-48.71865463256836
-48.705963134765625
-48.8004264831543
-48.69144058227539
-48.752960205078125
-48.65452575683594
-48.70589828491211
-48.710113525390625
-48.730796813964844
-48.72213363647461
-48.84724044799805
-48.73832702636719
-48.71162796020508
-48.94460678100586
-48.829193115234375
-48.95528793334961
-48.906272888183594
-49.03521728515625
-48.975730895996094
-49.02979278564453
-49.005001068115234
-48.90852355957031
-48.89336013793945
-48.95922088623047
-49.03006362915039
-48.925262451171875
-48.9771842956543
-48.85960006713867
-49.02912139892578
-48.95673370361328
-49.10987091064453
-48.98899841308594
-49.07025146484375
-49.03619384765625
-49.16289138793945
-49.105567932128906
-49.071651458740234
-49.08070373535156
-49.01942443847656
-49.172550201416016
-49.10319900512695
-49.10147476196289
-49.09439468383789
-49.041378021240234
-49.183555603027344
-49.191585540771484
-49.259971618652344
-49.18377685546875
-49.218849182128906
-49.133819580078125
-49.16501998901367
-49.151248931884766
-49.22901916503906
-49.23223876953125
-49.134002685546875
-49.312652587890625
-49.10868453979492
-49.19508743286133
-49.08540344238281
-49.13628387451172
-49.248958587646484
-49.11110305786133
-49.292423248291016
-49.219364166259766
-49.24188995361328
-49.23082733154297
-49.21131896972656
-49.319644927978516
-49.216880798339844
-49.23525619506836
-49.327125549316406
-49.32802963256836
-49.139801025390625
-49.06013488769531
-49.310768127441406
-49.23554229736328
-49.21274948120117
-49.36408615112305
-49.274879455566406
-49.24207305908203
-49.19296646118164
-49.25754928588867
-49.332008361816406
-49.27056121826172
-49.31272506713867
-49.40300750732422
-49.28733825683594
-49.27937698364258
-49.33208465576172
-49.260826110839844
-49.301944732666016
-49.475242614746094
-49.274505615234375
-49.01976776123047
-49.443782806396484
-49.50027847290039
-49.433616638183594
-49.430938720703125
-49.34562301635742
-49.39701461791992
-49.449974060058594
-49.50597381591797
-49.45177459716797
-49.42319107055664
-49.29711151123047
-49.55386734008789
-49.47427749633789
-49.43418884277344
-49.40228271484375
-49.547332763671875
-49.63815689086914
-49.555633544921875
-49.455047607421875
-49.52907180786133
-49.44633483886719
-49.642066955566406
-49.52943801879883
-49.64161682128906
-49.532997131347656
-49.524322509765625
-49.5428466796875
-49.56957244873047
-49.56338882446289
-49.641441345214844
-49.556732177734375
-49.569610595703125
-49.62425994873047
-49.637062072753906
-49.614768981933594
-49.65873336791992
-49.60002136230469
-49.46520233154297
-49.749027252197266
-49.75775909423828
-49.58033752441406
-49.681827545166016
-49.52585220336914
-49.578880310058594
-49.699989318847656
-49.771732330322266
-49.74738311767578
-49.67710494995117
-49.594810485839844
-49.61757278442383
-49.859291076660156
-49.79130554199219
-49.70652389526367
-49.736846923828125
-49.75320816040039
-49.723388671875
-49.75935745239258
-49.795310974121094
-49.738929748535156
-49.80333709716797
-49.803504943847656
-49.92155456542969
-49.855377197265625
-49.83552169799805
-49.794960021972656
-49.944332122802734
-49.984169006347656
-50.08031463623047
-49.85291290283203
-50.00700759887695
-49.87295913696289
-49.788726806640625
-50.00091552734375
-49.85743713378906
-49.84695816040039
-50.032920837402344
-49.98168182373047
-49.960479736328125
-50.20549011230469
-50.00060272216797
-49.98944854736328
-50.177879333496094
-50.11381912231445
-50.122703552246094
-50.031585693359375
-50.03963851928711
-50.11738204956055
-50.17470932006836
-50.038291931152344
-50.15542221069336
-50.08064270019531
-50.130088806152344
-50.216468811035156
-50.2877082824707
-50.11822509765625
-50.13983154296875
-50.08098602294922
-50.12549591064453
-50.19038772583008
-50.21443176269531
-50.14501190185547
-50.13643264770508
-50.175933837890625
-50.2914924621582
-50.26094055175781
-50.19867706298828
-50.12076187133789
-50.309471130371094
-50.1878662109375
-50.35023880004883
-50.39321517944336
-50.267860412597656
-50.30097198486328
-50.40990447998047
-50.17244338989258
-50.20697021484375
-50.21955108642578
-50.31427001953125
-50.21062088012695
-50.33058547973633
-50.400474548339844
-50.315185546875
-50.20059585571289
-50.36372375488281
-50.41242218017578
-50.359901428222656
-50.40934371948242
-50.46559143066406
-50.23667907714844
-50.335052490234375
-50.3473014831543
-50.368736267089844
-50.36815643310547
-50.456886291503906
-50.29606246948242
-50.373321533203125
-50.421939849853516
-50.4521598815918
-50.445919036865234
-50.58238220214844
-50.427940368652344
-50.25703430175781
-50.30901336669922
-50.39847946166992
-50.57343292236328
-50.34343719482422
-50.377132415771484
-50.50835037231445
-50.37407684326172
-50.33526611328125
-50.44379425048828
-50.32341766357422
-50.59101486206055
-50.65092086791992
-50.30139923095703
-50.49220275878906
-50.20794677734375
-50.527587890625
-50.51580810546875
-50.540672302246094
-50.5600700378418
-50.494056701660156
-50.42558670043945
-50.27583312988281
-50.085235595703125
-50.456748962402344
-50.495277404785156
-50.30537033081055
-50.36274719238281
-50.38633346557617
-50.357139587402344
-50.63238525390625
-50.34008026123047
-50.57115936279297
-50.593955993652344
-50.287899017333984
-50.5738525390625
-50.52023696899414
-50.58031463623047
-50.5301628112793
-50.54413986206055
-50.485260009765625
-50.54564666748047
-50.6920280456543
-50.661434173583984
-50.50351333618164
-50.60943603515625
-50.58345031738281
-50.45056915283203
-50.63079833984375
-50.650550842285156
-50.648780822753906
-50.72311782836914
-50.63956832885742
-50.44049072265625
-50.51897048950195
-50.557132720947266
-50.53016662597656
-50.51930236816406
-50.673370361328125
-50.660850524902344
-50.58913803100586
-50.745479583740234
-50.618316650390625
-50.685386657714844
-50.64351272583008
-50.59750747680664
-50.57198715209961
-50.58430480957031
-50.649627685546875
-50.574466705322266
-50.674442291259766
-50.730506896972656
-50.50843811035156
-50.54942321777344
-50.651588439941406
-50.66004180908203
-50.52510070800781
-50.54936599731445
-50.511695861816406
-50.67066955566406
-50.661346435546875
-50.48223876953125
-50.62210464477539
-50.72355270385742
-50.635013580322266
-50.69458770751953
-50.650428771972656
-50.625633239746094
-50.820518493652344
-50.893306732177734
-50.639930725097656
-50.78009033203125
-50.824668884277344
-50.58675003051758
-50.75068664550781
-50.68789291381836
-50.69367218017578
-50.77041244506836
-50.839019775390625
-50.7120361328125
-50.85425567626953
-50.813663482666016
-50.65037536621094
-50.813865661621094
-50.75221252441406
-50.760887145996094
-50.72859191894531
-50.991111755371094
-50.826053619384766
-50.84686279296875
-50.77427673339844
-50.79444122314453
-50.73463439941406
-50.82435989379883
-50.84495544433594
-50.930870056152344
-50.90520477294922
-50.911739349365234
-50.90035629272461
-50.85042190551758
-50.966922760009766
-50.841346740722656
-50.912132263183594
-50.906097412109375
-50.8873291015625
-50.81684875488281
-50.89295959472656
-50.918636322021484
-50.810455322265625
-50.82633590698242
-50.88671112060547
-50.83729934692383
-50.97401428222656
-50.904598236083984
-50.85250473022461
-50.97628402709961
-50.92382049560547
-50.9635009765625
-50.938873291015625
-50.82051086425781
-50.85865020751953
-50.96578598022461
-50.8386116027832
-50.78248977661133
-50.88711929321289
-50.9764404296875
-50.97150421142578
-50.92482376098633
-50.95936584472656
-50.938873291015625
-50.96360778808594
-50.802181243896484
-50.90568161010742
-50.99256134033203
-51.02370834350586
-51.028526306152344
-50.95086669921875
-50.82564163208008
-50.84718322753906
-50.98167037963867
-51.045188903808594
-50.844573974609375
-50.948020935058594
-50.855690002441406
-50.91455841064453
-51.00416564941406
-51.015071868896484
-50.97014617919922
-51.04147720336914
-51.03086471557617
-50.912628173828125
-50.862125396728516
-50.89751434326172
-51.00360870361328
-51.00689697265625
-50.961700439453125
-50.885128021240234
-50.93232345581055
-51.06135940551758
-50.959922790527344
-50.80131912231445
-50.94298553466797
-50.96442413330078
-50.78923797607422
-51.023468017578125
-50.92350769042969
-50.837684631347656
-50.98463821411133
-50.98451232910156
-50.96284484863281
-50.99637985229492
-50.956600189208984
-50.86221694946289
-51.11643981933594
-50.88579559326172
-50.92765808105469
-51.024967193603516
-50.86450958251953
-50.930755615234375
-51.13646697998047
-50.8750114440918
-51.00564193725586
-51.09469223022461
-50.9014892578125
-50.99882507324219
-51.01121520996094
-50.891929626464844
-51.11323928833008
-51.04973220825195
-51.00529479980469
-50.92118835449219
-51.09147644042969
-51.00873565673828
-50.84865951538086
-51.05924987792969
-51.02334976196289
-50.9581413269043
-51.10015106201172
-51.058006286621094
-50.89149856567383
-51.12090301513672
-50.92266082763672
-50.86344528198242
-51.180885314941406
-50.98284149169922
-51.120609283447266
-51.09153747558594
-50.92619323730469
-51.02833938598633
-51.07099151611328
-50.9858283996582
-51.08449172973633
-51.07997512817383
-51.059078216552734
-51.12226104736328
-51.1488037109375
-51.17338943481445
-51.16795349121094
-51.11603546142578
-51.07891082763672
-51.119625091552734
-51.07517623901367
-51.05199432373047
-51.025657653808594
-51.09309768676758
-51.17943572998047
-51.20347213745117
-51.154747009277344
-51.183841705322266
-51.15966796875
-51.03084945678711
-51.083351135253906
-51.030799865722656
-50.90809631347656
-51.13518524169922
-50.90919494628906
-50.94853210449219
-51.095550537109375
-51.14176940917969
-50.932437896728516
-51.142311096191406
-51.06123352050781
-50.89198684692383
-51.004615783691406
-51.12391662597656
-50.962257385253906
-51.107276916503906
-51.177635192871094
-51.17268753051758
-51.153953552246094
-51.159645080566406
-51.16358947753906
-51.14459991455078
-51.01997756958008
-51.110504150390625
-51.15688705444336
-51.20169448852539
-51.098297119140625
-51.05366516113281
-51.18622589111328
-51.17705535888672
-51.2342643737793
-51.21216583251953
-51.18678665161133
-51.11616134643555
-51.16447448730469
-51.18619155883789
-51.28416442871094
-51.23057556152344
-51.230010986328125
-51.12110137939453
-51.2020149230957
-51.22245788574219
-51.28278732299805
-51.17295455932617
-51.26126480102539
-51.2293586730957
-51.30936813354492
-51.31330490112305
-51.32257843017578
-51.20199203491211
-51.30303192138672
-51.27777099609375
-51.25196838378906
-51.247318267822266
-51.22879409790039
-51.190406799316406
-51.265892028808594
-51.29648208618164
-51.24505615234375
-51.233455657958984
-51.23896026611328
-51.26211166381836
-51.125946044921875
-51.26219177246094
-51.2470817565918
-51.190879821777344
-51.125240325927734
-51.21295166015625
-51.27230453491211
-51.2177619934082
-51.23286056518555
-51.217411041259766
-51.203338623046875
-51.25531005859375
-51.315860748291016
-51.425559997558594
-51.26271438598633
-51.28038787841797
-51.154075622558594
-51.02454376220703
-51.27044677734375
-51.319000244140625
-51.228843688964844
-51.34108352661133
-51.297210693359375
-51.15352249145508
-51.181922912597656
-51.288963317871094
-51.38795471191406
-51.17696762084961
-51.000732421875
-51.272056579589844
-50.889869689941406
-51.274105072021484
-51.155067443847656
-50.816551208496094
-51.26457977294922
-50.97687911987305
-51.34343338012695
-51.13004684448242
-51.007850646972656
-51.16872024536133
-50.89618682861328
-51.30672073364258
-51.11760330200195
-51.14981460571289
-51.28691482543945
-51.063568115234375
-51.31055450439453
-51.17485046386719
-51.08711242675781
-51.35664749145508
-51.18622589111328
-51.22352600097656
-51.32479476928711
-51.090904235839844
-51.37168884277344
-51.418426513671875
-51.28779220581055
-51.19574737548828
-51.36338806152344
-51.25645446777344
-51.21395492553711
-51.37644958496094
-51.39024353027344
-51.273780822753906
-51.35930252075195
-51.368804931640625
-51.32002639770508
-51.2448616027832
-51.351112365722656
-51.410518646240234
-51.3988151550293
-51.32273483276367
-51.314537048339844
-51.39072799682617
-51.31696701049805
-51.28447723388672
-51.40850830078125
-51.42367935180664
-51.37826919555664
-51.43377685546875
-51.409461975097656
-51.34284210205078
-51.36121368408203
-51.38642120361328
-51.442474365234375
-51.38282012939453
-51.39797592163086
-51.35224533081055
-51.35191345214844
-51.4292106628418
-51.40080261230469
-51.34966278076172
-51.3800048828125
-51.457305908203125
-51.40367889404297
-51.365169525146484
-51.36735916137695
-51.38018035888672
-51.428810119628906
-51.43992233276367
-51.41777038574219
-51.41839599609375
-51.46275329589844
-51.39480972290039
-51.42580795288086
-51.44792175292969
-51.38372039794922
-51.442230224609375
-51.445037841796875
-51.39665222167969
-51.44440460205078
-51.366363525390625
-51.424598693847656
-51.407039642333984
-51.39629364013672
-51.27105712890625
-51.41319274902344
-51.42932891845703
-51.196128845214844
-51.23426055908203
-51.3811149597168
-51.324249267578125
-51.3371696472168
-51.4484977722168
-51.491615295410156
-51.43367004394531
-51.34734344482422
-51.41023635864258
-51.46588134765625
-51.460811614990234
-51.520469665527344
-51.432472229003906
-51.4273681640625
-51.46096420288086
-51.49936294555664
-51.46292495727539
-51.46610641479492
-51.44873046875
-51.440635681152344
-51.44719314575195
-51.46629333496094
-51.458919525146484
-51.44567108154297
-51.50658416748047
-51.53758239746094
-51.468284606933594
-51.51710510253906
-51.4760856628418
-51.43031692504883
-51.433502197265625
-51.5404167175293
-51.55060577392578
-51.40205764770508
-51.302330017089844
-51.34239196777344
-51.571075439453125
-51.393863677978516
-51.2021369934082
-51.31370544433594
-51.440773010253906
-51.388458251953125
-51.098995208740234
-51.18974685668945
-51.462337493896484
-51.2188720703125
-51.22982406616211
-51.36249542236328
-51.36016845703125
-51.229942321777344
-51.36433029174805
-51.37009811401367
-51.359344482421875
-51.383724212646484
-51.42558670043945
-51.208099365234375
-51.384788513183594
-51.412471771240234
-51.21574783325195
-51.263553619384766
-51.53705978393555
-51.35584259033203
-51.276493072509766
-51.434452056884766
-51.43193817138672
-51.4417724609375
-51.51914596557617
-51.50811004638672
-51.37513732910156
-51.439483642578125
-51.55162048339844
-51.43623352050781
-51.29570388793945
-51.5752067565918
-51.565460205078125
-51.342342376708984
-51.314144134521484
-51.48858642578125
-51.42864227294922
-51.51081848144531
-51.50170135498047
-51.517242431640625
-51.61524963378906
-51.50341033935547
-51.479427337646484
-51.47919464111328
-51.53944396972656
-51.566986083984375
-51.57063674926758
-51.525909423828125
-51.437076568603516
-51.349693298339844
-51.45688247680664
-51.619903564453125
-51.47986602783203
-51.39499282836914
-51.547447204589844
-51.57978057861328
-51.4532356262207
-51.47330093383789
-51.61420440673828
-51.44103240966797
-51.50102996826172
-51.517032623291016
-51.51954650878906
-51.59646224975586
-51.58516311645508
-51.5775260925293
-51.57822799682617
-51.4896240234375
-51.597373962402344
-51.59109878540039
-51.593910217285156
-51.68356704711914
-51.661712646484375
-51.5587158203125
-51.6457405090332
-51.674156188964844
-51.49808883666992
-51.46553421020508
-51.63569259643555
-51.62933349609375
-51.599769592285156
-51.652671813964844
-51.62397766113281
-51.491233825683594
-51.49271774291992
-51.52092742919922
-51.57600784301758
-51.64139938354492
-51.55623245239258
-51.55324935913086
-51.5791015625
-51.7076530456543
-51.631431579589844
-51.5794677734375
-51.518028259277344
-51.50025177001953
-51.59764862060547
-51.4621467590332
-51.39955139160156
-51.5245475769043
-51.59637451171875
-51.51100158691406
-51.50857162475586
-51.53303527832031
-51.61188507080078
-51.546531677246094
-51.51144790649414
-51.737403869628906
-51.63066101074219
-51.56402587890625
-51.61628723144531
-51.6418342590332
-51.533775329589844
-51.363914489746094
-51.627220153808594
-51.65062713623047
-51.56407928466797
-51.61784362792969
-51.60612869262695
-51.6835823059082
-51.627540588378906
-51.64832305908203
-51.666439056396484
-51.71319580078125
-51.596580505371094
-51.594383239746094
-51.56151580810547
-51.607872009277344
-51.668601989746094
-51.60470199584961
-51.567195892333984
-51.626564025878906
-51.624290466308594
-51.593143463134766
-51.638153076171875
-51.68394470214844
-51.72527313232422
-51.71963882446289
-51.703861236572266
-51.61610794067383
-51.57473373413086
-51.53190612792969
-51.5334587097168
-51.50127410888672
-51.522552490234375
-51.60955047607422
-51.6082878112793
-51.4821891784668
-51.62748718261719
-51.71788024902344
-51.585731506347656
-51.49015808105469
-51.562705993652344
-51.592403411865234
-51.64790344238281
-51.72582244873047
-51.633644104003906
-51.71976089477539
-51.6686897277832
-51.648860931396484
-51.55839920043945
-51.63907241821289
-51.688812255859375
-51.57209777832031
-51.59452438354492
-51.65485382080078
-51.699256896972656
-51.57997131347656
-51.628726959228516
-51.678810119628906
-51.538902282714844
-51.667510986328125
-51.61114501953125
-51.45458984375
-51.59911346435547
-51.6975212097168
-51.75320053100586
-51.49653625488281
-51.665771484375
-51.77926254272461
-51.52893829345703
-51.424041748046875
-51.80195617675781
-51.676795959472656
-51.23435592651367
-51.73163604736328
-51.23118591308594
-51.58314514160156
-51.506412506103516
-51.466922760009766
-51.684661865234375
-51.56719207763672
-51.34467315673828
-51.755680084228516
-51.53971862792969
-51.49717330932617
-51.69305419921875
-51.700775146484375
-51.46013641357422
-51.515380859375
-51.679134368896484
-51.609214782714844
-51.641231536865234
-51.67451095581055
-51.60163116455078
-51.686161041259766
-51.79616165161133
-51.71446228027344
-51.748207092285156
-51.73543930053711
-51.596431732177734
-51.552894592285156
-51.68885040283203
-51.753517150878906
-51.75766372680664
-51.630638122558594
-51.64302444458008
-51.62647247314453
-51.70287322998047
-51.69612121582031
-51.743160247802734
-51.77366638183594
-51.78742980957031
-51.765987396240234
-51.75308609008789
-51.71503448486328
-51.706478118896484
-51.778846740722656
-51.859554290771484
-51.733856201171875
-51.692604064941406
-51.548370361328125
-51.51017761230469
-51.767276763916016
-51.791316986083984
-51.63113784790039
-51.70599365234375
-51.80230712890625
-51.771820068359375
-51.68931579589844
-51.75474166870117
-51.804359436035156
-51.744056701660156
-51.78846740722656
-51.7449836730957
-51.68484115600586
-51.73859786987305
-51.71485137939453
-51.75907897949219
-51.628238677978516
-51.543792724609375
-51.767303466796875
-51.78190994262695
-51.51537322998047
-51.642478942871094
-51.8077392578125
-51.80427551269531
-51.76261520385742
-51.72274398803711
-51.6995849609375
-51.70301055908203
-51.68756103515625
-51.657501220703125
-51.77953338623047
-51.80062484741211
-51.82227325439453
-51.82488250732422
-51.75979232788086
-51.73468780517578
-51.81755828857422
-51.72294235229492
-51.699241638183594
-51.66107940673828
-51.706153869628906
-51.80405044555664
-51.78086853027344
-51.600250244140625
-51.79698944091797
-51.84416961669922
-51.803592681884766
-51.6705436706543
-51.74674606323242
-51.821044921875
-51.860843658447266
-51.84956359863281
-51.811763763427734
-51.77241134643555
-51.68280792236328
-51.61809539794922
-51.7336540222168
-51.805320739746094
-51.81134033203125
-51.70952224731445
-51.69469451904297
-51.77712631225586
-51.78520584106445
-51.693912506103516
-51.785301208496094
-51.75457763671875
-51.813682556152344
-51.84233474731445
-51.84241485595703
-51.69053649902344
-51.614418029785156
-51.643367767333984
-51.676395416259766
-51.827415466308594
-51.71619415283203
-51.72843933105469
-51.75529861450195
-51.694664001464844
-51.745574951171875
-51.75910568237305
-51.74016189575195
-51.65116882324219
-51.662322998046875
-51.7932243347168
-51.73955535888672
-51.600948333740234
-51.707054138183594
-51.79894256591797
-51.88335037231445
-51.68054962158203
-51.63108825683594
-51.76225280761719
-51.7131233215332
-51.70122528076172
-51.86164855957031
-51.840576171875
-51.725196838378906
-51.747352600097656
-51.69025421142578
-51.71360397338867
-51.75056076049805
-51.83379364013672
-51.840545654296875
-51.788307189941406
-51.70152282714844
-51.76486587524414
-51.78851318359375
-51.834556579589844
-51.77781677246094
-51.806644439697266
-51.83051300048828
-51.85679626464844
-51.872161865234375
-51.8266487121582
-51.73670959472656
-51.64604949951172
-51.69878005981445
-51.746952056884766
-51.771446228027344
-51.864933013916016
-51.857452392578125
-51.87054443359375
-51.86820602416992
-51.74930191040039
-51.83561325073242
-51.88190460205078
-51.970611572265625
-51.79832458496094
-51.71491241455078
-51.843833923339844
-51.886940002441406
-51.84077453613281
-51.81636047363281
-51.74828338623047
-51.731773376464844
-51.860816955566406
-51.8704833984375
-51.73429489135742
-51.68714904785156
-51.69742965698242
-51.834022521972656
-51.901248931884766
-51.85502624511719
-51.84907531738281
-51.90415954589844
-51.88599395751953
-51.90022659301758
-51.90459442138672
-51.884620666503906
-51.867897033691406
-51.86389923095703
-51.818424224853516
-51.85025405883789
-51.81694793701172
-51.77924728393555
-51.866737365722656
-51.8912467956543
-51.85200881958008
-51.680660247802734
-51.6964225769043
-51.88694763183594
-51.712345123291016
-51.72513198852539
-51.89613342285156
-51.884117126464844
-51.82018280029297
-51.81067657470703
-51.91385269165039
-51.908531188964844
-51.91169738769531
-51.861366271972656
-51.89060974121094
-51.89181900024414
-51.92913055419922
-51.83363723754883
-51.86289978027344
-51.84464645385742
-51.861846923828125
-51.87812042236328
-51.89767074584961
-51.84186553955078
-51.74164962768555
-51.85768127441406
-51.921424865722656
-51.93412780761719
-51.874813079833984
-51.85939025878906
-51.8924560546875
-51.9431037902832
-51.890533447265625
-51.87015914916992
-51.86007308959961
-51.79780578613281
-51.89563751220703
-51.94508361816406
-51.958534240722656
-51.840232849121094
-51.933101654052734
-51.87815475463867
-51.87022399902344
-51.92169189453125
-51.926395416259766
-51.87577819824219
-51.84624099731445
-51.7800178527832
-51.89385986328125
-51.91576385498047
-51.88751220703125
-51.87354278564453
-51.884483337402344
-51.925559997558594
-51.98240280151367
-51.96934509277344
-51.9017333984375
-51.86457824707031
-51.750030517578125
-51.82383346557617
-51.92966079711914
-51.950286865234375
-51.939754486083984
-51.88285827636719
-51.69446563720703
-51.72340774536133
-51.92599868774414
-51.889244079589844
-51.81694412231445
-51.81195831298828
-51.854286193847656
-51.82175827026367
-51.78751754760742
-51.84162521362305
-51.91027069091797
-51.92836380004883
-51.916080474853516
-51.956321716308594
-51.86585998535156
-51.84194564819336
-51.84764099121094
-51.89503479003906
-51.95351791381836
-51.852256774902344
-51.807987213134766
-51.96569061279297
-51.91510009765625
-51.78498840332031
-51.92961120605469
-51.972145080566406
-51.792362213134766
-51.76209259033203
-51.869354248046875
-51.83354949951172
-51.913272857666016
-51.98029708862305
-51.93157196044922
-51.8806037902832
-51.84999084472656
-52.00629425048828
-51.97488021850586
-51.85032653808594
-51.8001594543457
-51.98481750488281
-51.84919357299805
-51.71195983886719
-51.93183135986328
-51.6295051574707
-51.793182373046875
-51.98188018798828
-51.760581970214844
-51.811885833740234
-51.903106689453125
-51.979000091552734
-51.808528900146484
-51.906951904296875
-52.002872467041016
-51.8511962890625
-51.80342102050781
-51.88097381591797
-51.93596649169922
-51.88939666748047
-51.85310363769531
-52.022422790527344
-51.92354965209961
-52.035621643066406
-52.02497100830078
-51.96439743041992
-51.85957717895508
-51.84305191040039
-51.8780632019043
-51.90835952758789
-51.942291259765625
-51.90788269042969
-51.886932373046875
-51.864593505859375
-51.93157196044922
-52.01362609863281
-51.94154739379883
-51.95333480834961
-51.9407844543457
-51.98891067504883
-51.9854850769043
-52.04298782348633
-52.03144454956055
-51.96971893310547
-51.99494934082031
-51.977500915527344
-51.938804626464844
-51.969539642333984
-51.93647003173828
-51.79804229736328
-51.90758514404297
-51.986846923828125
-52.04663848876953
-51.96575927734375
-51.89685821533203
-51.8657112121582
-51.86504364013672
-51.88165283203125
-51.98051071166992
-52.018898010253906
-51.949317932128906
-51.97262191772461
-51.823028564453125
-51.82289123535156
-51.826820373535156
-51.90837097167969
-51.94711685180664
-51.937129974365234
-52.0054931640625
-51.88880157470703
-51.98675537109375
-52.02732467651367
-52.0299072265625
-52.01062774658203
-51.95066833496094
-52.004302978515625
-51.9284553527832
-51.84991455078125
-52.03884506225586
-52.07288360595703
-51.90306854248047
-51.98044967651367
-51.80462646484375
-51.691097259521484
-51.749656677246094
-51.944576263427734
-51.98124694824219
-51.845176696777344
-51.80583190917969
-51.93996047973633
-51.784027099609375
-51.793373107910156
-51.87160110473633
-51.866424560546875
-51.918487548828125
-51.92476272583008
-51.91353988647461
-51.96308517456055
-51.98518753051758
-52.05752944946289
-51.90375900268555
-51.858097076416016
-51.755149841308594
-51.797630310058594
-51.99256134033203
-51.99068832397461
-51.932769775390625
-51.94489288330078
-51.973731994628906
-51.93389129638672
-51.92921447753906
-51.95905303955078
-52.003639221191406
-52.02293395996094
-51.95744705200195
-51.942996978759766
-51.86598587036133
-51.88896560668945
-51.93367004394531
-52.00167465209961
-51.95460510253906
-51.9187126159668
-51.85082244873047
-51.927303314208984
-51.93880081176758
-51.92103576660156
-52.04296112060547
-52.00092315673828
-51.96751403808594
-51.888916015625
-51.843292236328125
-51.95497512817383
-52.04666519165039
-52.0433349609375
-51.93289566040039
-51.89468002319336
-51.996734619140625
-52.018192291259766
-51.9121208190918
-51.93938446044922
-51.94757080078125
-52.008056640625
-52.007843017578125
-52.007633209228516
-51.999385833740234
-52.012725830078125
-51.95433807373047
-51.960594177246094
-52.02381896972656
-52.053524017333984
-52.029571533203125
-52.05795669555664
-51.95912551879883
-51.888851165771484
-52.019710540771484
-52.10662841796875
-52.009674072265625
-51.89854049682617
-51.897300720214844
-51.98809814453125
-52.0799674987793
-52.022342681884766
-51.99189758300781
-51.710731506347656
-52.03539276123047
-52.05320358276367
-51.994476318359375
-52.03050231933594
-52.043609619140625
-52.05631637573242
-51.97628402709961
-51.970726013183594
-51.98329162597656
-51.96833419799805
-52.06127166748047
-52.06932067871094
-51.852996826171875
-51.92597198486328
-51.98705291748047
-51.975502014160156
-52.015785217285156
-52.11116027832031
-52.005882263183594
-51.89958572387695
-51.974708557128906
-51.95564270019531
-51.978084564208984
-51.868343353271484
-51.838932037353516
-52.045536041259766
-52.04292297363281
-51.959228515625
-51.897552490234375
-51.99258041381836
-52.0245246887207
-51.9498176574707
-51.857025146484375
-52.07426452636719
-51.978267669677734
-51.83938980102539
-51.982479095458984
-52.08476638793945
-52.12879180908203
-51.957244873046875
-51.850730895996094
-52.007965087890625
-52.062950134277344
-52.034603118896484
-52.05472183227539
-52.0475959777832
-52.026161193847656
-52.03004455566406
-51.99562072753906
-52.05717086791992
-52.05977249145508
-52.051307678222656
-52.056732177734375
-52.055076599121094
-52.09906005859375
-52.0941276550293
-52.03776168823242
-52.03440856933594
-52.011417388916016
-51.996864318847656
-52.006317138671875
-52.06800079345703
-52.071529388427734
-52.05807113647461
-52.068870544433594
-52.082210540771484
-51.997314453125
-51.999290466308594
-52.04136276245117
-51.913856506347656
-51.911338806152344
-51.9826545715332
-51.89781188964844
-51.95177459716797
-52.07925796508789
-52.08869171142578
-51.980628967285156
-51.85972595214844
-51.855613708496094
-51.992515563964844
-52.07966232299805
-52.010963439941406
-52.01670837402344
-52.06858825683594
-52.05561065673828
-51.875144958496094
-51.883277893066406
-52.06554412841797
-52.03248977661133
-51.93866729736328
-51.857582092285156
-52.016639709472656
-52.05670166015625
-51.77212142944336
-51.952552795410156
-52.08687210083008
-51.94232940673828
-51.931488037109375
-52.066009521484375
-52.035911560058594
-51.989463806152344
-52.049217224121094
-52.094295501708984
-52.056915283203125
-52.039451599121094
-52.05950927734375
-52.11723327636719
-52.07164001464844
-52.07282257080078
-52.098209381103516
-52.0660400390625
-52.06389236450195
-52.021488189697266
-52.02309799194336
-51.94508361816406
-52.07559585571289
-52.09720230102539
-52.138771057128906
-52.14347457885742
-52.101165771484375
-52.06108474731445
-52.000301361083984
-51.98893356323242
-51.9786376953125
-52.0777587890625
-52.003238677978516
-51.79456329345703
-52.01017761230469
-52.07301330566406
-52.03216552734375
-52.121864318847656
-52.05681610107422
-52.02655792236328
-52.06305694580078
-52.1158332824707
-52.13417434692383
-51.988182067871094
-51.99672317504883
-51.9600830078125
-52.06995391845703
-52.0102424621582
-51.97129821777344
-52.09718704223633
-52.139488220214844
-52.114315032958984
-51.96356964111328
-52.003135681152344
-52.04258728027344
-52.063316345214844
-51.99966812133789
-52.02518844604492
-52.09941864013672
-52.05412292480469
-52.1524658203125
-52.10099792480469
-52.13268280029297
-52.083213806152344
-52.04619598388672
-52.01438903808594
-52.12179946899414
-52.13249969482422
-51.9861946105957
-51.81352233886719
-52.04210662841797
-52.105430603027344
-52.075828552246094
-51.976783752441406
-52.09992218017578
-52.08930206298828
-52.04365539550781
-51.90639877319336
-51.994930267333984
-52.04901885986328
-52.09389877319336
-52.062503814697266
-52.09880447387695
-52.03412628173828
-52.008731842041016
-51.946441650390625
-52.034366607666016
-52.05217361450195
-52.04767990112305
-51.907958984375
-51.923763275146484
-51.964935302734375
-51.92034149169922
-51.873817443847656
-52.045021057128906
-52.119075775146484
-51.9656867980957
-51.991432189941406
-52.10279846191406
-52.08898162841797
-51.94718933105469
-51.96003341674805
-52.058319091796875
-52.18811798095703
-52.012779235839844
-51.90416717529297
-52.11488342285156
-52.16261672973633
-51.9588623046875
-52.05940246582031
-52.18225860595703
-52.03804016113281
-51.96151351928711
-52.06571960449219
-52.15566635131836
-52.00080108642578
-51.99816131591797
-52.109466552734375
-52.18132019042969
-52.116783142089844
-52.04140853881836
-52.0399169921875
-52.08444595336914
-52.115562438964844
-52.07862091064453
-52.0189208984375
-52.040367126464844
-52.006561279296875
-52.1231803894043
-52.13422393798828
-52.12221145629883
-52.08552551269531
-52.08319091796875
-52.08898162841797
-52.087501525878906
-52.145938873291016
-52.0935173034668
-52.11634826660156
-52.15993881225586
-52.14075469970703
-52.20554733276367
-52.1463737487793
-52.182891845703125
-52.05524826049805
-51.9866943359375
-52.13560485839844
-52.01869201660156
-51.87218475341797
-52.0279541015625
-51.9965934753418
-52.14788055419922
-52.170860290527344
-52.09831619262695
-52.145755767822266
-52.05303955078125
-52.15736389160156
-52.1713981628418
-52.21970748901367
-52.206871032714844
-52.17153549194336
-52.17436218261719
-52.134281158447266
-52.13864517211914
-52.065650939941406
-52.00251007080078
-52.059791564941406
-52.17733383178711
-52.1414680480957
-52.02710723876953
-51.88616180419922
-52.11132049560547
-51.859718322753906
-51.834381103515625
-52.124176025390625
-51.92011642456055
-51.92335510253906
-52.18330764770508
-52.002655029296875
-51.9832649230957
-52.208030700683594
-52.061100006103516
-51.84001159667969
-52.16459655761719
-51.92049026489258
-51.93906021118164
-52.11245346069336
-51.574806213378906
-52.02003479003906
-52.0128173828125
-51.70514678955078
-52.11443328857422
-52.022647857666016
-51.828067779541016
-52.030521392822266
-52.015228271484375
-51.85969924926758
-52.06044387817383
-51.976165771484375
-51.93115997314453
-52.12274169921875
-51.9993896484375
-51.95962142944336
-52.03105926513672
-52.017303466796875
-51.924049377441406
-52.12559509277344
-52.02048873901367
-52.0174674987793
-52.058528900146484
-52.15867614746094
-52.03791809082031
-52.10395050048828
-52.20802688598633
-52.03607177734375
-52.06378936767578
-52.09437561035156
-52.11113357543945
-52.031654357910156
-51.97926330566406
-52.15504455566406
-52.19245147705078
-52.137603759765625
-52.13202667236328
-52.17497253417969
-52.255733489990234
-52.117515563964844
-52.17087173461914
-52.08283996582031
-52.18339920043945
-52.206146240234375
-52.12738800048828
-52.012725830078125
-52.06328582763672
-52.053123474121094
-52.16168212890625
-52.20726013183594
-52.20733642578125
-52.18065643310547
-52.17235565185547
-52.1264533996582
-52.11837387084961
-52.14664077758789
-52.11061477661133
-52.07160568237305
-52.107662200927734
-52.21378707885742
-52.21931457519531
-52.208011627197266
-52.15359115600586
-52.1253662109375
-52.16157150268555
-52.10015106201172
-52.089141845703125
-52.121002197265625
-52.15456008911133
-52.23558044433594
-52.21547317504883
-52.15784454345703
-52.1153564453125
-52.08990478515625
-52.081443786621094
-52.09926986694336
-52.165016174316406
-52.211753845214844
-52.21796417236328
-52.16525650024414
-52.14985656738281
-52.13151931762695
-52.13282012939453
-51.94972229003906
-51.974693298339844
-52.01071548461914
-52.17852783203125
-52.19947814941406
-52.16777801513672
-52.074607849121094
-52.076602935791016
-52.137855529785156
-52.203712463378906
-52.1865234375
-52.13399887084961
-52.11778259277344
-52.13872528076172
-52.174468994140625
-52.153541564941406
-52.20118713378906
-52.0014533996582
-52.05228805541992
-52.24559783935547
-52.20405578613281
-52.092559814453125
-51.9979362487793
-52.11322021484375
-52.20293045043945
-52.03535079956055
-51.94036102294922
-52.15790557861328
-52.035369873046875
-51.87767028808594
-52.18930435180664
-52.17298889160156
-52.086456298828125
-52.19776153564453
-52.21961212158203
-52.21413040161133
-52.092872619628906
-52.10448455810547
-52.10926055908203
-52.22130584716797
-52.187904357910156
-52.26704406738281
-52.16954803466797
-52.15876770019531
-52.18034362792969
-52.18064498901367
-52.09196472167969
-52.17207717895508
-52.16897964477539
-52.182899475097656
-52.106468200683594
-52.13738250732422
-52.10479736328125
-52.19560241699219
-52.136905670166016
-52.008811950683594
-52.173805236816406
-52.205101013183594
-52.090904235839844
-52.01137924194336
-52.20610046386719
-52.20396423339844
-52.053035736083984
-52.06838607788086
-52.229827880859375
-51.97184371948242
-52.02559280395508
-52.2384033203125
-52.0244140625
-52.10932159423828
-52.231292724609375
-51.83572769165039
-52.20085906982422
-52.05369186401367
-51.929595947265625
-52.137054443359375
-52.06953048706055
-51.9173583984375
-52.17494583129883
-52.17911911010742
-52.06354904174805
-52.23882293701172
-52.177268981933594
-52.16579055786133
-52.100502014160156
-52.0888786315918
-52.07671356201172
-52.069419860839844
-52.199249267578125
-52.29109191894531
-52.174556732177734
-52.1493034362793
-52.11518478393555
-52.18547439575195
-52.24785232543945
-52.1862678527832
-52.10765838623047
-52.15880584716797
-52.20759963989258
-52.15454864501953
-52.07368850708008
-52.083831787109375
-52.16831970214844
-52.224388122558594
-52.21400833129883
-52.177398681640625
-52.20594787597656
-52.20454406738281
-52.22011184692383
-52.13523483276367
-52.18437957763672
-52.259552001953125
-52.2219123840332
-52.18748474121094
-52.16954040527344
-52.23600769042969
-52.25719451904297
-52.265380859375
-52.15196228027344
-52.157867431640625
-52.263858795166016
-52.291778564453125
-52.24110412597656
-52.14057922363281
-52.117759704589844
-52.28514099121094
-52.178245544433594
-52.04492950439453
-52.161102294921875
-52.22044372558594
-52.236717224121094
-52.155372619628906
-52.137229919433594
-52.28219223022461
-52.24628448486328
-52.12746810913086
-52.11463165283203
-52.15650939941406
-52.21271514892578
-52.285240173339844
-52.23036193847656
-52.25959777832031
-52.25714874267578
-52.25617599487305
-52.16432189941406
-52.13090515136719
-52.15987014770508
-52.207435607910156
-52.19147872924805
-52.10881423950195
-52.15824508666992
-52.2824592590332
-52.254600524902344
-52.12058639526367
-52.253814697265625
-52.22808074951172
-52.05232238769531
-52.04698181152344
-52.211551666259766
-52.20655059814453
-52.069496154785156
-52.140228271484375
-52.234764099121094
-52.16112518310547
-52.07707214355469
-52.18415832519531
-52.26725769042969
-52.126243591308594
-52.159019470214844
-52.253475189208984
-52.277767181396484
-52.17854690551758
-52.14033508300781
-52.148353576660156
-52.24633026123047
-52.24061584472656
-52.22450256347656
-52.22408676147461
-52.22661590576172
-52.24506378173828
-52.260498046875
-52.27000427246094
-52.1798210144043
-52.20945358276367
-52.22511672973633
-52.20167922973633
-52.13041687011719
-52.12812042236328
-52.2467155456543
-52.27743148803711
-52.265907287597656
-52.18357467651367
-52.13323974609375
-52.2418212890625
-52.239990234375
-52.12307357788086
-52.10743713378906
-52.26023864746094
-52.214141845703125
-52.168949127197266
-52.20537567138672
-52.225894927978516
-52.26622772216797
-52.217681884765625
-52.31098937988281
-52.278541564941406
-52.268985748291016
-52.261619567871094
-52.20991516113281
-52.230316162109375
-52.164573669433594
-52.237152099609375
-52.28200912475586
-52.276206970214844
-52.265350341796875
-52.26689147949219
-52.213592529296875
-52.18787384033203
-52.25534439086914
-52.24480438232422
-52.23271942138672
-52.26156997680664
-52.21399688720703
-52.24005126953125
-52.24300765991211
-52.2150993347168
-52.26090621948242
-52.281333923339844
-52.221351623535156
-52.128135681152344
-52.20085906982422
-52.25828170776367
-52.27693176269531
-52.341670989990234
-52.34492492675781
-52.23374557495117
-52.244171142578125
-52.257049560546875
-52.23674774169922
-52.246437072753906
-52.26031494140625
-52.20303726196289
-52.21073913574219
-52.15945816040039
-52.201820373535156
-52.231266021728516
-52.2231330871582
-52.11106872558594
-52.09675216674805
-52.181156158447266
-52.16879653930664
-52.21792221069336
-52.3099365234375
-52.227298736572266
-52.12034225463867
-52.21208953857422
-52.25091552734375
-52.241188049316406
-52.15693664550781
-52.027252197265625
-52.25056838989258
-52.05765151977539
-51.98442077636719
-52.29840850830078
-51.90751647949219
-52.06803894042969
-52.23694610595703
-52.029632568359375
-52.133567810058594
-52.31660461425781
-52.083431243896484
-52.17058181762695
-52.35002136230469
-52.124664306640625
-52.10635757446289
-52.257347106933594
-52.10917663574219
-52.03473663330078
-52.24967575073242
-52.03057098388672
-52.13036346435547
-52.23215866088867
-52.01045608520508
-52.20876693725586
-52.250797271728516
-52.07398986816406
-52.173526763916016
-52.16492462158203
-52.122623443603516
-52.14814376831055
-52.27685546875
-52.3203010559082
-52.266204833984375
-52.26254653930664
-52.27394104003906
-52.325584411621094
-52.25855255126953
-52.11446762084961
-52.189579010009766
-52.29237365722656
-52.148258209228516
-52.146034240722656
-52.26719665527344
-52.229087829589844
-52.112823486328125
-52.171119689941406
-52.22870635986328
-52.282020568847656
-52.292320251464844
-52.17101287841797
-52.21498489379883
-52.32806396484375
-52.2674446105957
-52.27549362182617
-52.26716613769531
-52.31195068359375
-52.303680419921875
-52.254974365234375
-52.208953857421875
-52.19300079345703
-52.32688903808594
-52.311954498291016
-52.2590446472168
-52.268775939941406
-52.31394577026367
-52.29031753540039
-52.19812774658203
-52.27332305908203
-52.24699783325195
-52.186763763427734
-52.19207000732422
-52.29201126098633
-52.286808013916016
-52.24995040893555
-52.155189514160156
-52.15269088745117
-52.26323318481445
-52.211002349853516
-52.01484680175781
-52.18877029418945
-52.13727951049805
-52.022361755371094
-52.260498046875
-52.254859924316406
-52.175750732421875
-52.281497955322266
-52.316871643066406
-52.248355865478516
-52.1529426574707
-52.23716354370117
-52.33855056762695
-52.258914947509766
-52.030242919921875
-52.192020416259766
-52.30288314819336
-52.13118362426758
-52.130279541015625
-52.2421989440918
-52.208404541015625
-52.26908493041992
-52.25041198730469
-52.24319076538086
-52.19670867919922
-52.257354736328125
-52.25492858886719
-52.27961349487305
-52.18232727050781
-52.249595642089844
-52.310707092285156
-52.23660659790039
-52.25457000732422
-52.32818603515625
-52.373779296875
-52.319488525390625
-52.29961013793945
-52.28540802001953
-52.3410530090332
-52.355831146240234
-52.32447814941406
-52.30908966064453
-52.290225982666016
-52.313873291015625
-52.34386444091797
-52.29907989501953
-52.27484130859375
-52.16974639892578
-52.22651672363281
-52.250831604003906
-52.30510711669922
-52.20103454589844
-52.25444030761719
-52.34838104248047
-52.22798538208008
-52.13828659057617
-52.1197509765625
-52.17816925048828
-52.25428771972656
-52.27124786376953
-52.32079315185547
-52.2789421081543
-52.25569534301758
-52.3330078125
-52.315834045410156
-52.24577331542969
-52.33106231689453
-52.32383728027344
-52.220252990722656
-52.27387237548828
-52.250179290771484
-52.35520935058594
-52.26338195800781
-52.333885192871094
-52.311893463134766
-52.20966339111328
-52.27995681762695
-52.301788330078125
-52.3707389831543
-52.33142852783203
-52.329124450683594
-52.331825256347656
-52.33225631713867
-52.24165344238281
-52.31254959106445
-52.27685546875
-52.28386688232422
-52.305946350097656
-52.330543518066406
-52.32028579711914
-52.32050704956055
-52.30556106567383
-52.27747344970703
-52.24407958984375
-52.299217224121094
-52.247215270996094
-52.32623291015625
-52.36982345581055
-52.40308380126953
-52.28780746459961
-52.21162796020508
-52.281455993652344
-52.34049987792969
-52.400943756103516
-52.36921310424805
-52.31031799316406
-52.28550338745117
-52.27839660644531
-52.317771911621094
-52.348960876464844
-52.36174011230469
-52.353790283203125
-52.33089065551758
-52.287322998046875
-52.255836486816406
-52.3318977355957
-52.38837432861328
-52.282691955566406
-52.26819610595703
-52.2484130859375
-52.35649871826172
-52.35637283325195
-52.30445861816406
-52.263755798339844
-52.27172088623047
-52.31512451171875
-52.34422302246094
-52.29997253417969
-52.330657958984375
-52.232032775878906
-52.32085418701172
-52.42304229736328
-52.381813049316406
-52.33576202392578
-52.32335662841797
-52.179847717285156
-52.097572326660156
-52.281856536865234
-52.343719482421875
-52.32618713378906
-52.22960662841797
-52.25700378417969
-52.36396789550781
-52.37359619140625
-52.25524139404297
-52.24018478393555
-52.280235290527344
-52.357887268066406
-52.39369201660156
-52.376808166503906
-52.354248046875
-52.325408935546875
-52.347171783447266
-52.400291442871094
-52.399784088134766
-52.35068893432617
-52.3228645324707
-52.314327239990234
-52.279144287109375
-52.299407958984375
-52.37541961669922
-52.426918029785156
-52.31147766113281
-52.136741638183594
-52.217193603515625
-52.23884201049805
-52.30583953857422
-52.32053756713867
-52.317649841308594
-52.25165557861328
-52.16761779785156
-52.200408935546875
-52.233360290527344
-52.34861755371094
-52.364017486572266
-52.36615753173828
-52.289390563964844
-52.33255386352539
-52.1941032409668
-52.155025482177734
-52.218467712402344
-52.32718276977539
-52.299072265625
-52.28599166870117
-52.26338577270508
-52.36248779296875
-52.35049819946289
-52.28782653808594
-52.35668182373047
-52.40483093261719
-52.42371368408203
-52.37443161010742
-52.36873245239258
-52.30815505981445
-52.309085845947266
-52.350826263427734
-52.32045364379883
-52.34295654296875
-52.349388122558594
-52.34038543701172
-52.34050369262695
-52.352325439453125
-52.324607849121094
-52.30097961425781
-52.29639434814453
-52.36732482910156
-52.384765625
-52.30005645751953
-52.10311508178711
-52.175506591796875
-52.33656311035156
-52.33794403076172
-51.9996337890625
-52.014984130859375
-52.340965270996094
-52.36537170410156
-52.141082763671875
-52.23381042480469
-52.317115783691406
-52.21453857421875
-52.236915588378906
-52.2886962890625
-52.189369201660156
-52.1483154296875
-52.306549072265625
-52.39988327026367
-52.30341339111328
-52.16539001464844
-52.37959289550781
-52.343475341796875
-52.142738342285156
-52.13848114013672
-52.29526138305664
-52.347938537597656
-52.14384841918945
-52.10523986816406
-52.29893112182617
-52.20542526245117
-52.07870864868164
-52.378990173339844
-52.36237335205078
-52.19212341308594
-52.2252082824707
-52.32715606689453
-52.17931365966797
-52.22489929199219
-52.33033752441406
-52.21583938598633
-52.03692626953125
-52.325035095214844
-52.38335418701172
-52.2052001953125
-52.207122802734375
-52.31702423095703
-52.28952407836914
-52.247802734375
-52.284576416015625
-52.2418098449707
-52.34876251220703
-52.34956359863281
-52.341758728027344
-52.368568420410156
-52.3856315612793
-52.38196563720703
-52.36931228637695
-52.34503936767578
-52.350311279296875
-52.36494064331055
-52.3683967590332
-52.34770584106445
-52.3790283203125
-52.31751251220703
-52.310325622558594
-52.3061637878418
-52.40181350708008
-52.36866760253906
-52.291748046875
-52.17510986328125
-52.347652435302734
-52.324806213378906
-52.22526168823242
-52.15332794189453
-52.37467956542969
-52.336795806884766
-52.297584533691406
-52.29142379760742
-52.39069366455078
-52.39002227783203
-52.33142852783203
-52.250518798828125
-52.243499755859375
-52.321876525878906
-52.34691619873047
-52.233367919921875
-52.2470588684082
-52.367733001708984
-52.326438903808594
-52.41082000732422
-52.38237380981445
-52.35262680053711
-52.33465576171875
-52.440128326416016
-52.44087219238281
-52.3602180480957
-52.26242446899414
-52.36276626586914
-52.382781982421875
-52.401302337646484
-52.30335235595703
-52.27231979370117
-52.28385925292969
-52.325439453125
-52.36561965942383
-52.39276123046875
-52.39960479736328
-52.40960693359375
-52.41709899902344
-52.3959846496582
-52.420692443847656
-52.390472412109375
-52.36265563964844
-52.327728271484375
-52.28645324707031
-52.292503356933594
-52.338218688964844
-52.3514289855957
-52.39849853515625
-52.4359245300293
-52.303184509277344
-52.43151092529297
-52.35914611816406
-52.39817810058594
-52.37712860107422
-52.36133575439453
-52.379615783691406
-52.349205017089844
-52.377742767333984
-52.38947296142578
-52.41481018066406
-52.36725616455078
-52.229644775390625
-52.316036224365234
-52.40810012817383
-52.34677505493164
-52.28684997558594
-52.34527587890625
-52.396549224853516
-52.34433364868164
-52.4373893737793
-52.40892791748047
-52.381324768066406
-52.315460205078125
-52.37588119506836
-52.39502716064453
-52.39314651489258
-52.34251403808594
-52.36943817138672
-52.36604309082031
-52.368980407714844
-52.330116271972656
-52.24516677856445
-52.382259368896484
-52.40875244140625
-52.31927490234375
-52.347450256347656
-52.405269622802734
-52.27421951293945
-52.34721374511719
-52.38138961791992
-52.24907684326172
-52.288360595703125
-52.33074951171875
-52.17010498046875
-52.261924743652344
-52.32063293457031
-52.35287857055664
-52.3656120300293
-52.429927825927734
-52.35944366455078
-52.301692962646484
-52.342403411865234
-52.37421417236328
-52.40054702758789
-52.40355682373047
-52.420387268066406
-52.39411163330078
-52.33935546875
-52.286590576171875
-52.3669319152832
-52.39862823486328
-52.427146911621094
-52.39407730102539
-52.3698844909668
-52.279052734375
-52.34699630737305
-52.41010284423828
-52.302833557128906
-52.1669921875
-52.22208786010742
-52.40879440307617
-52.447608947753906
-52.45469665527344
-52.359703063964844
-52.337379455566406
-52.289878845214844
-52.354434967041016
-52.360633850097656
-52.35731506347656
-52.239627838134766
-52.13019943237305
-52.308753967285156
-52.44130325317383
-52.43156814575195
-52.31357955932617
-52.24668502807617
-52.33741760253906
-52.34895706176758
-52.39624786376953
-52.415382385253906
-52.40476608276367
-52.296287536621094
-52.24863815307617
-52.291778564453125
-52.27841567993164
-52.39652633666992
-52.42011642456055
-52.36406326293945
-52.347450256347656
-52.34394836425781
-52.39449691772461
-52.392635345458984
-52.28620147705078
-52.39701461791992
-52.457237243652344
-52.35489273071289
-52.36262512207031
-52.365962982177734
-52.30595779418945
-52.39702224731445
-52.4224739074707
-52.18084716796875
-52.13371276855469
-52.38362121582031
-52.336341857910156
-51.99467849731445
-52.317100524902344
-52.4273681640625
-52.27178955078125
-52.168434143066406
-52.34370803833008
-52.394630432128906
-52.32544708251953
-52.17879867553711
-52.30292892456055
