loss_total
-19.783063888549805
-19.57452964782715
-20.086711883544922
-19.92131233215332
-19.775999069213867
-19.989395141601562
-20.246036529541016
-19.991437911987305
-20.20386505126953
-20.3771915435791
-20.58147621154785
-20.303499221801758
-20.552001953125
-20.425844192504883
-20.722482681274414
-20.520626068115234
-20.757640838623047
-20.781963348388672
-20.956356048583984
-21.14958953857422
-21.24340057373047
-21.017349243164062
-21.18346405029297
-21.20353889465332
-21.18685531616211
-21.35694694519043
-21.519723892211914
-21.549848556518555
-21.630706787109375
-21.86634635925293
-21.73257064819336
-21.85526466369629
-22.07546615600586
-21.960010528564453
-22.35552215576172
-22.60255241394043
-22.293447494506836
-22.731748580932617
-22.67892074584961
-22.927963256835938
-22.8862247467041
-23.259902954101562
-23.380352020263672
-23.678083419799805
-23.958641052246094
-23.99268913269043
-23.92595672607422
-24.25406837463379
-24.85736656188965
-25.424816131591797
-25.860687255859375
-25.916702270507812
-25.94086456298828
-25.930944442749023
-25.8176212310791
-26.006633758544922
-26.138978958129883
-26.113059997558594
-26.35873794555664
-26.4642391204834
-26.797866821289062
-27.06378173828125
-27.138404846191406
-27.3510799407959
-27.433364868164062
-27.538278579711914
-27.771240234375
-28.023883819580078
-28.11916732788086
-28.49956512451172
-28.838848114013672
-29.08308982849121
-29.2061824798584
-29.33464813232422
-29.45641326904297
-29.289487838745117
-29.456893920898438
-29.593059539794922
-29.47231674194336
-29.92064666748047
-30.06309700012207
-30.226356506347656
-30.331195831298828
-30.382774353027344
-31.092992782592773
-31.222620010375977
-31.05699920654297
-31.790592193603516
-31.979286193847656
-31.945083618164062
-32.22648239135742
-32.94480514526367
-32.858638763427734
-33.02652359008789
-33.050106048583984
-33.255653381347656
-33.18671798706055
-33.2370719909668
-33.1871452331543
-33.07208251953125
-33.13656997680664
-33.58675003051758
-33.38209533691406
-33.56476593017578
-33.93787384033203
-33.695796966552734
-33.585426330566406
-34.092430114746094
-34.20039367675781
-34.34067153930664
-34.20197677612305
-34.33211135864258
-34.02239227294922
-34.24106979370117
-34.24961853027344
-34.537742614746094
-34.68911361694336
-34.457576751708984
-34.67613983154297
-34.74540328979492
-35.14750289916992
-34.81497573852539
-35.2489013671875
-34.84554672241211
-35.201873779296875
-35.082908630371094
-35.254730224609375
-35.31405258178711
-35.440242767333984
-35.6216926574707
-35.762451171875
-35.83602523803711
-35.91244125366211
-35.94646453857422
-36.104522705078125
-36.159156799316406
-36.14842987060547
-36.40027618408203
-36.329524993896484
-36.387733459472656
-36.403465270996094
-36.56378173828125
-36.55311584472656
-36.65060043334961
-36.76538848876953
-36.902103424072266
-37.03330993652344
-36.89348602294922
-36.91736602783203
-37.042457580566406
-37.23165512084961
-37.15752410888672
-37.20460891723633
-37.57331085205078
-37.66200256347656
-37.34325408935547
-37.6888313293457
-37.694332122802734
-37.69601058959961
-37.9067268371582
-38.01067352294922
-37.93107986450195
-38.38735580444336
-38.259788513183594
-38.33348083496094
-38.35104751586914
-38.32770919799805
-38.574554443359375
-38.70575714111328
-38.69454574584961
-38.77024841308594
-38.73192596435547
-38.961463928222656
-39.03883361816406
-39.19136047363281
-39.199947357177734
-39.2704963684082
-39.300960540771484
-39.454166412353516
-39.527896881103516
-39.399085998535156
-39.65349578857422
-39.72440719604492
-39.712623596191406
-39.88351058959961
-40.01152801513672
-40.30537414550781
-40.13875961303711
-40.49550247192383
-40.29975128173828
-40.270931243896484
-40.57425308227539
-40.476226806640625
-40.8601188659668
-40.912071228027344
-40.85146713256836
-40.74550247192383
-41.02207565307617
-41.18039321899414
-41.15968322753906
-41.34048843383789
-41.383304595947266
-41.255615234375
-41.52932357788086
-41.44333267211914
-41.585296630859375
-41.51362991333008
-41.33395004272461
-41.586544036865234
-41.694366455078125
-41.814395904541016
-41.90815734863281
-41.89744186401367
-41.84294128417969
-41.93895721435547
-42.184967041015625
-42.260536193847656
-42.18681335449219
-42.25376510620117
-42.354244232177734
-42.33726119995117
-42.4644660949707
-42.47951126098633
-42.604217529296875
-42.57503128051758
-42.77207565307617
-42.792781829833984
-42.70917510986328
-42.8363151550293
-42.96588897705078
-43.07844543457031
-43.068939208984375
-42.983882904052734
-43.08922576904297
-43.217857360839844
-42.99772644042969
-43.13452911376953
-43.19197082519531
-43.2307014465332
-43.320228576660156
-43.38829040527344
-43.44132995605469
-43.570648193359375
-43.394554138183594
-43.524295806884766
-43.58930969238281
-43.56165313720703
-43.7313232421875
-43.513427734375
-43.66165542602539
-43.62809753417969
-43.654014587402344
-43.763328552246094
-43.80900955200195
-43.905364990234375
-43.90835952758789
-43.974761962890625
-43.92723083496094
-43.868194580078125
-44.06999588012695
-44.05408477783203
-44.192012786865234
-44.059814453125
-44.18783187866211
-44.18842315673828
-44.21095657348633
-44.2529411315918
-44.31731033325195
-44.50130844116211
-44.30370330810547
-44.421844482421875
-44.339744567871094
-44.34467315673828
-44.54462814331055
-44.54429244995117
-44.526119232177734
-44.53453826904297
-44.5435791015625
-44.61821746826172
-44.73329544067383
-44.55982971191406
-44.70335388183594
-44.72196960449219
-44.82732391357422
-44.70008850097656
-44.84901428222656
-44.73493576049805
-44.72246551513672
-44.87814712524414
-44.68257522583008
-44.99460220336914
-44.89622497558594
-44.93180847167969
-44.99895477294922
-45.03633117675781
-44.92289733886719
-44.99232864379883
-45.14968490600586
-44.953182220458984
-45.05768585205078
-45.14311218261719
-45.15231704711914
-45.115116119384766
-45.20668029785156
-45.172969818115234
-45.236515045166016
-45.22910690307617
-45.29484558105469
-45.314552307128906
-45.3842658996582
-45.37210464477539
-45.32963562011719
-45.339385986328125
-45.390079498291016
-45.40940475463867
-45.353515625
-45.481101989746094
-45.41021728515625
-45.57866668701172
-45.51080322265625
-45.540931701660156
-45.46281051635742
-45.38569641113281
-45.510162353515625
-45.51761245727539
-45.6829719543457
-45.600929260253906
-45.57250213623047
-45.69293975830078
-45.5668830871582
-45.67509078979492
-45.60559844970703
-45.541656494140625
-45.434505462646484
-45.67127990722656
-45.717987060546875
-45.6209602355957
-45.470314025878906
-45.72963333129883
-45.569366455078125
-45.62739562988281
-45.68500518798828
-45.701663970947266
-45.69014358520508
-45.70714569091797
-45.788997650146484
-45.65083694458008
-45.63774108886719
-45.798397064208984
-45.82365417480469
-45.82318878173828
-45.827293395996094
-45.87602996826172
-45.90950012207031
-45.779449462890625
-45.9788703918457
-45.87123489379883
-45.93793869018555
-45.89326477050781
-45.98829650878906
-45.929664611816406
-46.00093460083008
-45.94278335571289
-46.05095672607422
-45.898380279541016
-45.910831451416016
-46.008941650390625
-46.033721923828125
-45.94236755371094
-45.921268463134766
-46.10920715332031
-46.028987884521484
-46.008018493652344
-46.032772064208984
-46.093353271484375
-46.1204719543457
-46.054718017578125
-46.137786865234375
-46.11581039428711
-46.12828826904297
-46.12812042236328
-46.13607406616211
-46.30552291870117
-46.167503356933594
-46.08149719238281
-46.23290252685547
-46.13258743286133
-46.21466064453125
-46.0103759765625
-46.25606155395508
-46.14747619628906
-46.2291259765625
-46.137977600097656
-46.162071228027344
-46.252227783203125
-46.18595886230469
-46.25864028930664
-46.2474250793457
-46.278053283691406
-46.25971603393555
-46.35784149169922
-46.37127685546875
-46.25908660888672
-46.34620666503906
-46.360286712646484
-46.29901885986328
-46.397953033447266
-46.247642517089844
-46.32891845703125
-46.37677764892578
-46.376102447509766
-46.49482727050781
-46.362892150878906
-46.37159729003906
-46.43485641479492
-46.377685546875
-46.372962951660156
-46.43512725830078
-46.23445129394531
-46.350975036621094
-46.43117904663086
-46.358760833740234
-46.39295196533203
-46.42253875732422
-46.422847747802734
-46.31911087036133
-46.39552688598633
-46.474571228027344
-46.40032958984375
-46.48917007446289
-46.420127868652344
-46.46080017089844
-46.325477600097656
-46.513267517089844
-46.38191604614258
-46.42972946166992
-46.5350227355957
-46.37458801269531
-46.51987838745117
-46.496585845947266
-46.539039611816406
-46.45604705810547
-46.599830627441406
-46.547943115234375
-46.49925231933594
-46.55353927612305
-46.60407638549805
-46.514686584472656
-46.50649642944336
-46.5037727355957
-46.43340301513672
-46.60089111328125
-46.61119079589844
-46.43257141113281
-46.66851806640625
-46.499420166015625
-46.58296203613281
-46.53693389892578
-46.388912200927734
-46.65461349487305
-46.49324035644531
-46.56108093261719
-46.6060905456543
-46.486751556396484
-46.58757400512695
-46.61777114868164
-46.60673522949219
-46.678585052490234
-46.49783706665039
-46.65516662597656
-46.62614440917969
-46.64539337158203
-46.742435455322266
-46.593265533447266
-46.733848571777344
-46.59999465942383
-46.669921875
-46.70490264892578
-46.590850830078125
-46.81830596923828
-46.63591003417969
-46.759559631347656
-46.78125
-46.75469207763672
-46.72093200683594
-46.77570724487305
-46.76421356201172
-46.856449127197266
-46.702850341796875
-46.679500579833984
-46.737342834472656
-46.825111389160156
-46.78186798095703
-46.7348518371582
-46.79838943481445
-46.871421813964844
-46.82565689086914
-46.78667449951172
-46.79497528076172
-46.85637664794922
-46.89762878417969
-46.788818359375
-46.78200912475586
-46.82958984375
-46.786346435546875
-46.9539794921875
-46.95307922363281
-46.79282760620117
-46.90398406982422
-46.98412322998047
-46.88740921020508
-46.78514862060547
-46.868804931640625
-46.85328674316406
-46.869537353515625
-47.046142578125
-46.96770477294922
-46.85595703125
-46.88121032714844
-46.8592529296875
-46.92938995361328
-46.81194305419922
-47.043453216552734
-47.002777099609375
-46.95466995239258
-46.9025764465332
-47.020233154296875
-46.91683578491211
-46.97802734375
-46.98981475830078
-47.02155685424805
-46.935333251953125
-46.99273681640625
-46.97303009033203
-46.993263244628906
-47.1284294128418
-46.99613952636719
-47.116539001464844
-47.00017166137695
-47.1043815612793
-47.023136138916016
-47.1473388671875
-47.11089324951172
-47.101253509521484
-47.109554290771484
-47.101318359375
-47.13599395751953
-47.138946533203125
-47.18817138671875
-47.150596618652344
-47.13104248046875
-47.1151008605957
-47.06232452392578
-47.148128509521484
-47.15281295776367
-47.131675720214844
-47.042564392089844
-47.03965759277344
-47.06608581542969
-47.17308807373047
-47.087486267089844
-47.08259582519531
-47.12602233886719
-47.167816162109375
-47.115135192871094
-47.06721878051758
-47.31114959716797
-47.14519119262695
-47.135284423828125
-47.230899810791016
-47.082420349121094
-47.1253547668457
-47.33169174194336
-47.213958740234375
-47.199317932128906
-47.1656608581543
-47.191162109375
-47.3089714050293
-47.16956329345703
-47.134681701660156
-47.19407272338867
-47.159950256347656
-47.124412536621094
-47.043304443359375
-47.14624786376953
-47.059539794921875
-47.159175872802734
-47.26099395751953
-47.19832992553711
-47.19550704956055
-47.21288299560547
-47.295654296875
-47.28327560424805
-47.278629302978516
-47.2215576171875
-47.22782897949219
-47.14558029174805
-47.238525390625
-47.38691329956055
-47.34698486328125
-47.22355651855469
-47.264129638671875
-47.338104248046875
-47.298439025878906
-47.2296028137207
-47.35777282714844
-47.34166717529297
-47.185508728027344
-47.23942565917969
-47.2675895690918
-47.184879302978516
-47.251182556152344
-47.399497985839844
-47.379573822021484
-47.39715576171875
-47.253082275390625
-47.293617248535156
-47.157684326171875
-47.271018981933594
-47.32748031616211
-47.458621978759766
-47.3320198059082
-47.412574768066406
-47.250457763671875
-47.348876953125
-47.46235656738281
-47.28748321533203
-47.37345886230469
-47.35118103027344
-47.374969482421875
-47.34114456176758
-47.36872863769531
-47.340126037597656
-47.22106170654297
-47.264991760253906
-47.346290588378906
-47.38021469116211
-47.46577453613281
-47.19456481933594
-47.403350830078125
-47.45505142211914
-47.4066276550293
-47.4533576965332
-47.40824890136719
-47.367279052734375
-47.40339660644531
-47.21904373168945
-47.40180587768555
-47.446048736572266
-47.29352569580078
-47.324283599853516
-47.45085906982422
-47.365474700927734
-47.42322540283203
-47.40677261352539
-47.3848876953125
-47.567596435546875
-47.37202453613281
-47.42506408691406
-47.5035400390625
-47.49022674560547
-47.5235481262207
-47.412933349609375
-47.473995208740234
-47.542274475097656
-47.412017822265625
-47.493736267089844
-47.53843688964844
-47.59070587158203
-47.507686614990234
-47.5888786315918
-47.56666946411133
-47.57888412475586
-47.63018035888672
-47.598876953125
-47.57099151611328
-47.56328201293945
-47.5854377746582
-47.54228973388672
-47.5782470703125
-47.515289306640625
-47.58430099487305
-47.55636978149414
-47.45191192626953
-47.552650451660156
-47.441062927246094
-47.40461730957031
-47.63633728027344
-47.51124572753906
-47.678245544433594
-47.53962707519531
-47.58831787109375
-47.583763122558594
-47.51215362548828
-47.686344146728516
-47.568511962890625
-47.59700012207031
-47.660987854003906
-47.57041931152344
-47.66675567626953
-47.608184814453125
-47.636749267578125
-47.6728515625
-47.62158203125
-47.600006103515625
-47.71000289916992
-47.61239242553711
-47.62669372558594
-47.75620651245117
-47.637184143066406
-47.642391204833984
-47.611724853515625
-47.581329345703125
-47.73453903198242
-47.70952606201172
-47.68585205078125
-47.615535736083984
-47.673519134521484
-47.717037200927734
-47.711761474609375
-47.762874603271484
-47.62983703613281
-47.75425720214844
-47.6500358581543
-47.62455368041992
-47.619789123535156
-47.66594696044922
-47.74010467529297
-47.70841979980469
-47.61101150512695
-47.74641418457031
-47.7121467590332
-47.682701110839844
-47.725494384765625
-47.75215148925781
-47.60153579711914
-47.6884651184082
-47.68240737915039
-47.72993469238281
-47.77024459838867
-47.63801574707031
-47.62394714355469
-47.693336486816406
-47.63996124267578
-47.67494201660156
-47.66072082519531
-47.71889114379883
-47.74089050292969
-47.76535415649414
-47.786434173583984
-47.75626754760742
-47.69777297973633
-47.78814697265625
-47.69392013549805
-47.66525650024414
-47.731075286865234
-47.76609420776367
-47.737022399902344
-47.82417297363281
-47.644752502441406
-47.62345504760742
-47.73125457763672
-47.740394592285156
-47.72593307495117
-47.72682571411133
-47.77470779418945
-47.746551513671875
-47.7891960144043
-47.753849029541016
-47.80067443847656
-47.780982971191406
-47.75672149658203
-47.802650451660156
-47.669063568115234
-47.84591293334961
-47.818199157714844
-47.76213836669922
-47.81669616699219
-47.82424545288086
-47.80845642089844
-47.75543975830078
-47.78080749511719
-47.83073043823242
-47.81562042236328
-47.83293151855469
-47.81657409667969
-47.74607467651367
-47.823280334472656
-47.90365982055664
-47.77958679199219
-47.82557678222656
-47.888275146484375
-47.78874588012695
-47.75263977050781
-47.864341735839844
-47.65123748779297
-47.705848693847656
-47.83354187011719
-47.756107330322266
-47.79167556762695
-47.81395721435547
-47.84650802612305
-47.863609313964844
-47.87677764892578
-47.79785919189453
-47.79106140136719
-47.76469421386719
-47.858680725097656
-47.869144439697266
-47.901023864746094
-47.85739517211914
-47.86000061035156
-47.89121627807617
-47.7529411315918
-47.79823303222656
-47.836143493652344
-47.81338882446289
-47.927146911621094
-47.946285247802734
-47.85232925415039
-47.852752685546875
-47.90410232543945
-47.73869705200195
-47.80747604370117
-47.93532180786133
-47.869693756103516
-47.72743225097656
-47.91468811035156
-47.935890197753906
-47.699398040771484
-47.78144073486328
-47.895172119140625
-47.74660110473633
-47.82056427001953
-47.87108612060547
-47.88780212402344
-47.92840576171875
-47.78230667114258
-47.80772399902344
-47.9326286315918
-47.87883377075195
-47.579345703125
-47.73950958251953
-47.85370635986328
-47.76307678222656
-47.73934555053711
-47.96025085449219
-47.76420974731445
-47.7226676940918
-47.86320495605469
-47.907798767089844
-47.96411895751953
-48.008331298828125
-47.971805572509766
-47.80734634399414
-47.84575653076172
-47.85203552246094
-47.96345520019531
-47.93946075439453
-47.96493911743164
-47.993587493896484
-47.865020751953125
-47.864166259765625
-47.944618225097656
-47.97625732421875
-47.98306655883789
-47.90644454956055
-47.95101547241211
-47.958648681640625
-47.963314056396484
-47.951416015625
-47.996192932128906
-47.98489761352539
-47.942771911621094
-47.98536682128906
-47.971153259277344
-48.02244186401367
-48.02945327758789
-47.98255920410156
-47.97247314453125
-47.97602081298828
-48.023658752441406
-47.98994827270508
-48.014739990234375
-48.00830841064453
-47.92427062988281
-47.98902130126953
-48.0394401550293
-48.019718170166016
-48.013404846191406
-47.96984100341797
-48.035247802734375
-48.04523468017578
-47.99275207519531
-48.06357192993164
-48.0981330871582
-47.978267669677734
-47.92841339111328
-48.123931884765625
-47.98849105834961
-47.85490036010742
-48.02235794067383
-48.074180603027344
-47.9194221496582
-48.04188537597656
-47.94914245605469
-47.99900817871094
-48.08509826660156
-47.96897506713867
-48.00074768066406
-48.00538635253906
-48.02106475830078
-47.976993560791016
-48.059173583984375
-48.010494232177734
-48.05165481567383
-48.11149597167969
-48.05039978027344
-47.99583435058594
-48.044700622558594
-48.13506317138672
-47.93965148925781
-48.108665466308594
-48.11508560180664
-47.993404388427734
-47.95939636230469
-48.005653381347656
-48.08918762207031
-47.851993560791016
-48.004940032958984
-48.09632873535156
-47.90301513671875
-47.884979248046875
-48.09553146362305
-47.927085876464844
-48.04246139526367
-48.02859115600586
-48.02925491333008
-48.094085693359375
-48.1273193359375
-47.943824768066406
-48.01774597167969
-48.0158805847168
-48.0008430480957
-48.034751892089844
-48.09342956542969
-48.08631896972656
-48.11542510986328
-48.13438415527344
-48.13951110839844
-47.90871810913086
-48.00585174560547
-48.02457046508789
-47.99866485595703
-48.12732696533203
-48.005096435546875
-48.1380500793457
-48.074893951416016
-47.99348449707031
-48.161224365234375
-48.13782501220703
-48.0424919128418
-48.016868591308594
-48.04185485839844
-48.126190185546875
-48.063682556152344
-47.99781799316406
-48.080936431884766
-48.08784484863281
-48.089134216308594
-48.08912658691406
-48.218650817871094
-48.17573928833008
-48.06523132324219
-48.123409271240234
-48.11191177368164
-48.09926986694336
-48.118446350097656
-48.13906478881836
-48.188289642333984
-48.235687255859375
-48.18796157836914
-48.11363983154297
-48.1578483581543
-48.12794876098633
-48.192901611328125
-48.16075134277344
-48.16891860961914
-48.20256805419922
-48.151275634765625
-48.20161819458008
-48.190277099609375
-48.19329833984375
-48.22295379638672
-48.04960632324219
-48.13862991333008
-48.19380187988281
-48.137630462646484
-48.17225646972656
-48.13300704956055
-48.206111907958984
-48.13727569580078
-48.11235046386719
-48.16446304321289
-48.19987487792969
-48.212623596191406
-48.258827209472656
-48.213233947753906
-48.19874954223633
-48.11293411254883
-48.23102569580078
-48.19816970825195
-48.162559509277344
-48.124629974365234
-48.06180191040039
-48.221092224121094
-48.11238098144531
-48.1456298828125
-48.20256805419922
-48.22268295288086
-48.20172882080078
-48.130462646484375
-48.195377349853516
-48.155921936035156
-48.170772552490234
-48.198822021484375
-48.23488998413086
-48.13628005981445
-48.262451171875
-48.2619743347168
-48.287532806396484
-48.09828186035156
-48.19413757324219
-48.200340270996094
-48.28704833984375
-48.23925018310547
-48.173866271972656
-48.238624572753906
-48.21505355834961
-48.26801300048828
-48.190086364746094
-48.24176788330078
-48.22020721435547
-48.25547790527344
-48.20585632324219
-48.22919845581055
-48.25645446777344
-48.310523986816406
-48.23272705078125
-48.189422607421875
-48.20518493652344
-48.16994857788086
-48.29468536376953
-48.3314094543457
-48.28559112548828
-48.217376708984375
-48.23773956298828
-48.226776123046875
-48.239646911621094
-48.246734619140625
-48.298675537109375
-48.29894256591797
-48.292354583740234
-48.28063201904297
-48.276947021484375
-48.36146545410156
-48.335079193115234
-48.287620544433594
-48.342063903808594
-48.28411865234375
-48.290802001953125
-48.26637649536133
-48.20476150512695
-48.27836608886719
-48.26957702636719
-48.28559494018555
-48.32246780395508
-48.23985290527344
-48.341190338134766
-48.3697509765625
-48.22740936279297
-48.30575942993164
-48.274173736572266
-48.25075912475586
-48.28915786743164
-48.256744384765625
-48.25638961791992
-48.266117095947266
-48.32781982421875
-48.30862045288086
-48.26554870605469
-48.322059631347656
-48.36626434326172
-48.30412292480469
-48.208030700683594
-48.20626449584961
-48.31989669799805
-48.32870864868164
-48.25337219238281
-48.21925354003906
-48.271480560302734
-48.276390075683594
-48.157188415527344
-48.22690963745117
-48.38082504272461
-48.342037200927734
-48.30019760131836
-48.4102897644043
-48.2689208984375
-48.30742645263672
-48.290584564208984
-48.18687438964844
-48.15473937988281
-48.113525390625
-48.21123123168945
-48.30659484863281
-48.20944595336914
-48.16947937011719
-48.261009216308594
-48.17664337158203
-48.294921875
-48.25007629394531
-48.22047424316406
-48.26531219482422
-48.30839538574219
-48.317787170410156
-48.31067657470703
-48.39618682861328
-48.30928039550781
-48.27724075317383
-48.410221099853516
-48.37145233154297
-48.33683776855469
-48.3533821105957
-48.33671951293945
-48.33708190917969
-48.340110778808594
-48.37124252319336
-48.39139175415039
-48.34801483154297
-48.388240814208984
-48.27970886230469
-48.30807876586914
-48.412994384765625
-48.253074645996094
-48.306922912597656
-48.36265563964844
-48.37937545776367
-48.31447982788086
-48.266746520996094
-48.44013214111328
-48.41609191894531
-48.36017990112305
-48.42575454711914
-48.3828125
-48.40753936767578
-48.395668029785156
-48.390506744384766
-48.43718719482422
-48.41769790649414
-48.338523864746094
-48.36725616455078
-48.26646423339844
-48.37672805786133
-48.421356201171875
-48.36845779418945
-48.32096481323242
-48.32651901245117
-48.389869689941406
-48.4783935546875
-48.19379425048828
-48.27676010131836
-48.329254150390625
-48.33220291137695
-48.39894485473633
-48.39661407470703
-48.35179138183594
-48.31321334838867
-48.34280014038086
-48.44166564941406
-48.35593032836914
-48.163455963134766
-48.33900833129883
-48.3823356628418
-48.43513107299805
-48.44442367553711
-48.50040054321289
-48.435054779052734
-48.44053649902344
-48.410823822021484
-48.465023040771484
-48.476810455322266
-48.407596588134766
-48.44544219970703
-48.45062255859375
-48.458168029785156
-48.54912567138672
-48.496273040771484
-48.401527404785156
-48.47237777709961
-48.440494537353516
-48.39543533325195
-48.475341796875
-48.42328643798828
-48.33721160888672
-48.39586639404297
-48.49135208129883
-48.44697952270508
-48.45633316040039
-48.47188949584961
-48.477081298828125
-48.47956085205078
-48.43796157836914
-48.48704528808594
-48.46005630493164
-48.43991470336914
-48.488975524902344
-48.49359893798828
-48.4634895324707
-48.44645690917969
-48.44340515136719
-48.39500427246094
-48.53746795654297
-48.426570892333984
-48.36298370361328
-48.43113708496094
-48.558738708496094
-48.50680160522461
-48.50865936279297
-48.50554275512695
-48.48918533325195
-48.526817321777344
-48.554805755615234
-48.574462890625
-48.48663330078125
-48.49000549316406
-48.42266845703125
-48.505184173583984
-48.511070251464844
-48.42692184448242
-48.54765701293945
-48.48101806640625
-48.466915130615234
-48.42032241821289
-48.53986740112305
-48.529624938964844
-48.42465591430664
-48.40815734863281
-48.551605224609375
-48.458404541015625
-48.5226936340332
-48.53200149536133
-48.447818756103516
-48.45121765136719
-48.448829650878906
-48.56077194213867
-48.42100524902344
-48.50446319580078
-48.452003479003906
-48.45747375488281
-48.446624755859375
-48.46648406982422
-48.49971389770508
-48.27033615112305
-48.54549789428711
-48.5291862487793
-48.55073547363281
-48.42683410644531
-48.520301818847656
-48.568206787109375
-48.63052749633789
-48.504241943359375
-48.45881652832031
-48.547794342041016
-48.59703826904297
-48.505043029785156
-48.36317443847656
-48.538475036621094
-48.517982482910156
-48.588409423828125
-48.5339241027832
-48.54161834716797
-48.53822708129883
-48.52610397338867
-48.50353240966797
-48.510765075683594
-48.541500091552734
-48.58763885498047
-48.512718200683594
-48.40916061401367
-48.54936218261719
-48.61248016357422
-48.32939529418945
-48.45969009399414
-48.61833572387695
-48.511314392089844
-48.46061706542969
-48.53469467163086
-48.62595748901367
-48.55454635620117
-48.42030334472656
-48.59141159057617
-48.59186553955078
-48.57366943359375
-48.602317810058594
-48.573333740234375
-48.5870361328125
-48.600990295410156
-48.55789566040039
-48.54789352416992
-48.53632354736328
-48.59512710571289
-48.60511779785156
-48.516544342041016
-48.6346435546875
-48.59302520751953
-48.453773498535156
-48.582000732421875
-48.613121032714844
-48.58324432373047
-48.60879898071289
-48.536930084228516
-48.600730895996094
-48.57930374145508
-48.52091598510742
-48.59736251831055
-48.64558792114258
-48.62614440917969
-48.553749084472656
-48.60023498535156
-48.52033615112305
-48.52192306518555
-48.601505279541016
-48.578826904296875
-48.52540588378906
-48.560604095458984
-48.64336013793945
-48.63606262207031
-48.667396545410156
-48.68747329711914
-48.641502380371094
-48.60791015625
-48.629695892333984
-48.612586975097656
-48.6223258972168
-48.686370849609375
-48.58212661743164
-48.54268264770508
-48.533203125
-48.63329315185547
-48.61979293823242
-48.403865814208984
-48.54395294189453
-48.640220642089844
-48.64009094238281
-48.5484504699707
-48.59636688232422
-48.655540466308594
-48.625022888183594
-48.516944885253906
-48.64516067504883
-48.7222900390625
-48.48158264160156
-48.5184211730957
-48.69561004638672
-48.61564636230469
-48.534515380859375
-48.707489013671875
-48.53211212158203
-48.44735336303711
-48.740989685058594
-48.583709716796875
-48.39899444580078
-48.64009475708008
-48.6636848449707
-48.468467712402344
-48.5924072265625
-48.706790924072266
-48.61579132080078
-48.59723663330078
-48.68745422363281
-48.63192367553711
-48.67403030395508
-48.685523986816406
-48.71326446533203
-48.70227813720703
-48.672607421875
-48.663841247558594
-48.648067474365234
-48.69046401977539
-48.68341827392578
-48.60768127441406
-48.65027618408203
-48.62165069580078
-48.69255447387695
-48.656211853027344
-48.638641357421875
-48.61336135864258
-48.61183166503906
-48.64466094970703
-48.69970703125
-48.684268951416016
-48.61886978149414
-48.72040939331055
-48.760284423828125
-48.76387023925781
-48.63706970214844
-48.615421295166016
-48.58857345581055
-48.73908996582031
-48.68952941894531
-48.68855667114258
-48.725494384765625
-48.77076721191406
-48.733558654785156
-48.68730163574219
-48.651031494140625
-48.771060943603516
-48.72636413574219
-48.6086311340332
-48.68849182128906
-48.61824035644531
-48.693843841552734
-48.67731475830078
-48.686798095703125
-48.73903274536133
-48.656951904296875
-48.65987777709961
-48.640663146972656
-48.669166564941406
-48.722049713134766
-48.664127349853516
-48.72471618652344
-48.73261642456055
-48.74879455566406
-48.789363861083984
-48.72817611694336
-48.66996383666992
-48.69978332519531
-48.66339874267578
-48.69365692138672
-48.73637008666992
-48.706424713134766
-48.6870231628418
-48.70929718017578
-48.71947479248047
-48.67461395263672
-48.7143669128418
-48.64860534667969
-48.66759490966797
-48.739994049072266
-48.738033294677734
-48.669132232666016
-48.72914123535156
-48.68257141113281
-48.63971710205078
-48.67143249511719
-48.78757095336914
-48.694339752197266
-48.71144104003906
-48.68359375
-48.72752380371094
-48.72262954711914
-48.71809005737305
-48.717472076416016
-48.69301223754883
-48.652320861816406
-48.742618560791016
-48.70176696777344
-48.66814422607422
-48.69305419921875
-48.75797653198242
-48.70877456665039
-48.76664733886719
-48.747230529785156
-48.693511962890625
-48.7451171875
-48.69880294799805
-48.68043899536133
-48.68849182128906
-48.713680267333984
-48.75324249267578
-48.69504928588867
-48.615821838378906
-48.51947021484375
-48.72174072265625
-48.7301025390625
-48.736995697021484
-48.73223114013672
-48.81642150878906
-48.724910736083984
-48.68457794189453
-48.70332336425781
-48.767852783203125
-48.70911407470703
-48.76531982421875
-48.754215240478516
-48.74613952636719
-48.80937194824219
-48.70357894897461
-48.736854553222656
-48.81671905517578
-48.754764556884766
-48.768043518066406
-48.75455093383789
-48.823638916015625
-48.82030487060547
-48.60198974609375
-48.76948547363281
-48.76232147216797
-48.81330490112305
-48.751285552978516
-48.707359313964844
-48.793067932128906
-48.750301361083984
-48.662757873535156
-48.779850006103516
-48.81547164916992
-48.80162048339844
-48.731414794921875
-48.70677185058594
-48.75227355957031
-48.781124114990234
-48.734031677246094
-48.66686248779297
-48.82281494140625
-48.80213165283203
-48.79812240600586
-48.7889289855957
-48.86088943481445
-48.790191650390625
-48.818519592285156
-48.82242202758789
-48.82252883911133
-48.80732727050781
-48.77715301513672
-48.80487060546875
-48.77544021606445
-48.82804870605469
-48.834510803222656
-48.68951416015625
-48.72095489501953
-48.73063659667969
-48.705284118652344
-48.76835632324219
-48.648773193359375
-48.72307205200195
-48.823753356933594
-48.850250244140625
-48.7418327331543
-48.77507781982422
-48.831451416015625
-48.84536361694336
-48.84257125854492
-48.82514953613281
-48.854591369628906
-48.78968811035156
-48.83617401123047
-48.85874557495117
-48.820369720458984
-48.6427001953125
-48.72283172607422
-48.78144454956055
-48.74324035644531
-48.72090148925781
-48.85102081298828
-48.84186553955078
-48.70573806762695
-48.745540618896484
-48.820640563964844
-48.77861785888672
-48.602699279785156
-48.71470642089844
-48.851192474365234
-48.480159759521484
-48.794586181640625
-48.82757568359375
-48.602909088134766
-48.745460510253906
-48.82477569580078
-48.78487777709961
-48.70231628417969
-48.86628341674805
-48.815101623535156
-48.80244064331055
-48.815433502197266
-48.85577392578125
-48.847434997558594
-48.80152130126953
-48.78583526611328
-48.795265197753906
-48.78579330444336
-48.68382263183594
-48.6208610534668
-48.872047424316406
-48.82317352294922
-48.736576080322266
-48.785274505615234
-48.805992126464844
-48.7225341796875
-48.71531677246094
-48.86346435546875
-48.805084228515625
-48.718055725097656
-48.89411544799805
-48.815330505371094
-48.774200439453125
-48.90605163574219
-48.82283020019531
-48.688377380371094
-48.86958312988281
-48.804931640625
-48.62504959106445
-48.79143524169922
-48.846534729003906
-48.7375373840332
-48.794044494628906
-48.887115478515625
-48.8153076171875
-48.80105209350586
-48.86741638183594
-48.88502502441406
-48.80774688720703
-48.773921966552734
-48.898223876953125
-48.799461364746094
-48.767494201660156
-48.88261413574219
-48.88066864013672
-48.78602600097656
-48.86040496826172
-48.92243194580078
-48.88834762573242
-48.91577911376953
-48.908382415771484
-48.877037048339844
-48.84828186035156
-48.85042953491211
-48.91850662231445
-48.87046432495117
-48.83722686767578
-48.8565673828125
-48.86640167236328
-48.904029846191406
-48.824737548828125
-48.83265686035156
-48.87102508544922
-48.93982696533203
-48.920074462890625
-48.867225646972656
-48.88331985473633
-48.890689849853516
-48.88553237915039
-48.78840637207031
-48.870948791503906
-48.887996673583984
-48.816566467285156
-48.80817413330078
-48.74594497680664
-48.87055969238281
-48.728248596191406
-48.808677673339844
-48.77555847167969
-48.789608001708984
-48.8222541809082
-48.666603088378906
-48.8023681640625
-48.836219787597656
-48.89927673339844
-48.923519134521484
-48.878997802734375
-48.82048034667969
-48.87774658203125
-48.872581481933594
-48.79358673095703
-48.80696105957031
-48.904632568359375
-48.916046142578125
-48.8455810546875
-48.90730667114258
-48.9283447265625
-48.895145416259766
-48.85499572753906
-48.953643798828125
-48.94152069091797
-48.95655822753906
-48.90762710571289
-48.9610481262207
-48.906211853027344
-48.94324493408203
-48.86211013793945
-48.82478332519531
-48.9136962890625
-48.907745361328125
-48.94835662841797
-48.835235595703125
-48.86285400390625
-48.88624572753906
-48.92304992675781
-48.93339538574219
-48.773746490478516
-48.875694274902344
-48.85803985595703
-48.816192626953125
-48.89459991455078
-48.9315185546875
-48.819244384765625
-48.808799743652344
-48.905784606933594
-48.90802764892578
-48.80637741088867
-48.8669548034668
-48.93734359741211
-48.897430419921875
-49.00495147705078
-48.924232482910156
-48.85426330566406
-48.86572265625
-48.970584869384766
-48.95023727416992
-48.90481948852539
-48.87882995605469
-48.93085479736328
-48.92327880859375
-48.943336486816406
-48.953250885009766
-48.923316955566406
-48.89453125
-48.900169372558594
-48.93364715576172
-48.89296340942383
-48.967369079589844
-48.88125991821289
-48.90608215332031
-48.880741119384766
-48.9718017578125
-48.92848587036133
-48.93308639526367
-48.874290466308594
-48.854610443115234
-48.94506072998047
-48.956016540527344
-48.8958740234375
-48.92082977294922
-48.946659088134766
-48.92817687988281
-48.888465881347656
-48.8683967590332
-48.916141510009766
-48.934326171875
-48.91403579711914
-48.89982986450195
-48.90174102783203
-48.86296463012695
-48.90026092529297
-48.8983154296875
-48.973785400390625
-48.85927963256836
-48.8682861328125
-48.933319091796875
-48.90251159667969
-48.833274841308594
-48.73279571533203
-48.887939453125
-48.90180969238281
-48.79822540283203
-48.8716926574707
-48.92097473144531
-48.98799514770508
-48.918975830078125
-48.9188346862793
-48.892242431640625
-48.90536117553711
-48.9301872253418
-48.82466506958008
-48.94131851196289
-49.01437759399414
-48.980201721191406
-49.00148010253906
-48.99028396606445
-48.95347595214844
-48.960079193115234
-48.92407989501953
-48.90890121459961
-48.92095184326172
-48.94657516479492
-48.9293327331543
-48.82585906982422
-48.89038848876953
-48.956939697265625
-48.96549606323242
-48.844200134277344
-48.947879791259766
-48.8874626159668
-48.77206802368164
-48.92082977294922
-48.986366271972656
-48.788028717041016
-48.800743103027344
-48.902442932128906
-48.81184768676758
-48.87664794921875
-48.830665588378906
-48.8481559753418
-48.833438873291016
-48.90581130981445
-48.9092903137207
-48.84519958496094
-48.952293395996094
-48.92372512817383
-48.999298095703125
-48.92091369628906
-48.98834228515625
-48.970924377441406
-48.934139251708984
-48.958858489990234
-49.037845611572266
-48.927734375
-48.9093132019043
-48.93464279174805
-48.96348571777344
-48.98212432861328
-48.992610931396484
-49.0072135925293
-48.97492218017578
-48.88639831542969
-48.92973709106445
-48.881011962890625
-48.93315887451172
-48.91257095336914
-48.96177673339844
-48.909996032714844
-48.928382873535156
-49.0321159362793
-48.981849670410156
-48.92952346801758
-48.945003509521484
-48.90245056152344
-48.89579772949219
-48.881370544433594
-48.8806037902832
-49.002227783203125
-48.95398712158203
-48.87466812133789
-48.95542907714844
-48.98427200317383
-49.01540756225586
-48.87572479248047
-48.700965881347656
-48.99211120605469
-48.97476577758789
-48.86315155029297
-48.924217224121094
-48.976837158203125
-48.89115524291992
-48.7780647277832
-48.9092903137207
-48.97675323486328
-48.98596954345703
-48.88169479370117
-48.945064544677734
-48.994232177734375
-48.97944641113281
-48.8813362121582
-48.94482421875
-48.99256896972656
-49.04183578491211
-49.01951599121094
-49.03293228149414
-48.94204330444336
-48.98775100708008
-49.03776168823242
-48.8709831237793
-48.820030212402344
-48.88142395019531
-49.01869201660156
-48.9554328918457
-48.815834045410156
-48.97868347167969
-48.954532623291016
-48.870391845703125
-48.92556381225586
-48.945159912109375
-48.829864501953125
-48.84867477416992
-48.93576431274414
-49.0073127746582
-48.928741455078125
-48.97942352294922
-49.00381851196289
-49.05418014526367
-48.921783447265625
-48.90580368041992
-48.9324836730957
-48.902130126953125
-48.83820343017578
-48.85775375366211
-49.022483825683594
-48.89727783203125
-48.931434631347656
-48.97940444946289
-48.879451751708984
-48.72152328491211
-49.04149627685547
-48.720314025878906
-48.896339416503906
-48.98920440673828
-48.77734375
-48.95499801635742
-48.983734130859375
-48.861724853515625
-48.965362548828125
-49.03773880004883
-48.983333587646484
-48.978126525878906
-48.946693420410156
-49.013648986816406
-48.907958984375
-48.93373489379883
-48.92525863647461
-49.00001525878906
-48.98398971557617
-48.98108673095703
-48.88798141479492
-49.00008010864258
-48.807762145996094
-48.83534622192383
-49.051021575927734
-49.04450607299805
-48.94655227661133
-48.98705291748047
-48.91970443725586
-48.98832702636719
-48.6558837890625
-48.96950912475586
-48.971405029296875
-48.88562774658203
-48.89942169189453
-48.91725540161133
-49.061038970947266
-48.98527908325195
-48.93693542480469
-48.96101379394531
-48.92455291748047
-48.9938850402832
-48.938194274902344
-48.929561614990234
-48.91423797607422
-49.05097198486328
-48.99875259399414
-48.93720626831055
-49.001007080078125
-48.92583465576172
-49.08573913574219
-48.98871994018555
-48.889678955078125
-48.96206283569336
-49.03752136230469
-49.07091522216797
-48.93312072753906
-49.015586853027344
-48.9567985534668
-48.977210998535156
-49.083404541015625
-49.016387939453125
-48.909996032714844
-48.93964385986328
-49.02945327758789
-49.015968322753906
-49.08234405517578
-49.00846481323242
-48.95380783081055
-49.096160888671875
-49.04668045043945
-49.04880142211914
-48.979248046875
-48.96598815917969
-49.05098342895508
-49.00226593017578
-49.03226852416992
-48.992156982421875
-49.035892486572266
-49.0576057434082
-49.037506103515625
-48.97495651245117
-49.04201126098633
-49.069923400878906
-49.027801513671875
-48.9884033203125
-48.9874382019043
-48.9632568359375
-48.99107360839844
-48.93841552734375
-49.103973388671875
-48.85752487182617
-48.77869415283203
-48.88172912597656
-49.00849151611328
-48.82670211791992
-48.84389877319336
-48.9904670715332
-48.961631774902344
-49.041664123535156
-48.964820861816406
-49.0147819519043
-48.87632751464844
-48.86396789550781
-48.993736267089844
-49.087364196777344
-48.81193923950195
-48.82440948486328
-49.01374435424805
-49.058372497558594
-49.009132385253906
-49.021385192871094
-48.98394012451172
-49.09741973876953
-48.92158508300781
-48.94917678833008
-48.91548156738281
-48.97925567626953
-48.983070373535156
-48.798038482666016
-48.998809814453125
-48.94472885131836
-48.839839935302734
-48.98307800292969
-49.05732727050781
-48.942710876464844
-48.90382766723633
-49.0588493347168
-48.98799133300781
-48.89244079589844
-49.060096740722656
-49.055091857910156
-48.960872650146484
-49.02146911621094
-49.09485626220703
-49.10169219970703
-49.053855895996094
-49.024635314941406
-49.085609436035156
-48.915985107421875
-48.97636032104492
-49.080223083496094
-48.95536804199219
-48.872257232666016
-49.08504104614258
-49.022682189941406
-48.91490936279297
-49.0205192565918
-49.061649322509766
-48.969207763671875
-49.05238723754883
-49.11228942871094
-49.080047607421875
-49.02391815185547
-49.04025650024414
-49.06243896484375
-48.99396896362305
-49.00801467895508
-49.049095153808594
-49.079505920410156
-48.99588394165039
-49.13177490234375
-49.03202819824219
-49.02584457397461
-49.054386138916016
-49.07146453857422
-49.084815979003906
-49.04829788208008
-49.05830383300781
-49.0550537109375
-49.062259674072266
-48.96551513671875
-49.08836364746094
-49.061607360839844
-49.08567810058594
-49.08293914794922
-49.00461196899414
-49.131980895996094
-48.93735122680664
-48.958133697509766
-49.00872039794922
-49.065101623535156
-48.9522819519043
-49.07403564453125
-49.03340148925781
-49.047996520996094
-49.086631774902344
-49.07400131225586
-49.00736999511719
-49.03489303588867
-49.053749084472656
-49.06792449951172
-49.10538864135742
-49.063629150390625
-49.116825103759766
-49.061920166015625
-49.10501480102539
-49.07575607299805
-49.14788818359375
-49.02801513671875
-48.96272659301758
-49.07128143310547
-49.14286804199219
-49.0454216003418
-49.067562103271484
-49.057273864746094
-49.020355224609375
-49.00035858154297
-49.07859420776367
-49.0670280456543
-49.08514404296875
-49.049373626708984
-49.090721130371094
-49.01290512084961
-48.964073181152344
-49.06388473510742
-49.03911590576172
-49.07444763183594
-49.1159782409668
-49.046295166015625
-49.08482360839844
-49.070919036865234
-49.0956916809082
-49.04363250732422
-49.057403564453125
-49.056339263916016
-49.058692932128906
-49.03727340698242
-49.067298889160156
-49.011436462402344
-49.07111740112305
-49.09331512451172
-49.0572624206543
-49.09284591674805
-48.968223571777344
-49.00563049316406
-49.12987518310547
-49.06669616699219
-48.99317932128906
-49.00786590576172
-49.01197814941406
-49.06521987915039
-49.04161071777344
-49.08595275878906
-49.02507781982422
-49.04841613769531
-49.0820426940918
-49.00779724121094
-49.06321334838867
-49.11905288696289
-49.095069885253906
-49.03036117553711
-48.989341735839844
-49.13097381591797
-49.147613525390625
-49.090049743652344
-49.086647033691406
-49.059200286865234
-49.05485534667969
-49.004859924316406
-48.872657775878906
-49.07849884033203
-49.07720184326172
-49.08282470703125
-49.0252799987793
-49.12786865234375
-49.069091796875
-49.0137825012207
-49.064308166503906
-49.059932708740234
-49.023536682128906
-49.022605895996094
-49.094947814941406
-49.16143035888672
-49.07241439819336
-49.03565979003906
-49.0793342590332
-49.071224212646484
-49.0846061706543
-49.05410385131836
-49.139984130859375
-49.094181060791016
-49.01848220825195
-49.033302307128906
-49.06504440307617
-49.12755584716797
-49.07365798950195
-49.067073822021484
-49.146812438964844
-49.05621337890625
-49.100379943847656
-49.129905700683594
-49.022743225097656
-49.01327896118164
-49.09201431274414
-49.06666946411133
-49.01203155517578
-49.06898880004883
-49.120643615722656
-49.133827209472656
-49.08065414428711
-49.05513000488281
-49.11585235595703
-49.10373306274414
-49.08218002319336
-48.95635986328125
-49.07244873046875
-49.12751007080078
-49.09789276123047
-49.02938461303711
-49.07563781738281
-49.07310104370117
-49.07857131958008
-49.02024841308594
-49.063560485839844
-49.056739807128906
-48.96837615966797
-49.0322265625
-49.088775634765625
-48.93750762939453
-48.93568801879883
-49.0684700012207
-49.088905334472656
-48.95012664794922
-48.96165466308594
-49.12528991699219
-49.0714111328125
-49.08787155151367
-49.10321807861328
-49.115394592285156
-48.972740173339844
-49.022029876708984
-49.13626480102539
-49.035858154296875
-49.066673278808594
-48.964630126953125
-49.1016731262207
-49.0645751953125
-49.173118591308594
-49.16489028930664
-49.07792663574219
-49.06867599487305
-49.10591506958008
-49.1743049621582
-49.12902069091797
-49.049217224121094
-48.99638748168945
-49.119956970214844
-49.113101959228516
-49.06557083129883
-49.1068000793457
-49.16948318481445
-49.08637619018555
-49.03936767578125
-49.10211181640625
-49.14529037475586
-49.13793182373047
-49.13953399658203
-49.168941497802734
-49.079063415527344
-49.123687744140625
-49.08341979980469
-49.13639831542969
-48.9221305847168
-49.0941162109375
-49.106998443603516
-49.08881378173828
-49.13400650024414
-49.00545120239258
-49.01423263549805
-49.0756721496582
-49.171199798583984
-49.096435546875
-49.12183380126953
-49.11853790283203
-49.110023498535156
-49.08618927001953
-49.101932525634766
-49.118743896484375
-49.1299934387207
-49.127376556396484
-49.12457275390625
-49.114418029785156
-49.100982666015625
-48.97808074951172
-49.04954147338867
-49.06985092163086
-49.04109573364258
-49.05670928955078
-49.02351760864258
-49.089656829833984
-49.16468811035156
-49.17203903198242
-49.07171630859375
-49.12019348144531
-49.099849700927734
-49.02861404418945
-49.12022018432617
-49.18855285644531
-49.12357711791992
-49.147430419921875
-49.156463623046875
-49.13246536254883
-49.081687927246094
-49.033355712890625
-49.15663146972656
-49.097984313964844
-49.12623596191406
-49.131290435791016
-49.14229965209961
-49.06956100463867
-49.13081359863281
-49.08717727661133
-49.16773986816406
-48.92264938354492
-48.99030685424805
-49.160499572753906
-49.074710845947266
-48.948585510253906
-48.99528884887695
-49.141632080078125
-48.995121002197266
-48.98262405395508
-49.09522247314453
-49.1519660949707
-49.124881744384766
-49.07826232910156
-49.08329391479492
-49.163002014160156
-49.13118362426758
-49.04201126098633
-48.96289825439453
-49.081722259521484
-49.08900833129883
-49.12563705444336
-49.06696701049805
-49.158451080322266
-49.18122863769531
-49.13129806518555
-49.03648376464844
-49.13939666748047
-49.17567825317383
-49.133766174316406
-49.13027572631836
-49.09727096557617
-49.12570571899414
-49.16255187988281
-49.101234436035156
-49.04853439331055
-49.027557373046875
-49.09423828125
-49.153587341308594
-49.093772888183594
-49.083030700683594
-49.04127883911133
-49.14154815673828
-49.11066436767578
-49.129722595214844
-49.15780258178711
-49.17089080810547
-49.137901306152344
-49.115203857421875
-49.15049743652344
-49.17410659790039
-49.18174743652344
-49.14576721191406
-49.12702560424805
-49.11711120605469
-49.189388275146484
-49.160179138183594
-49.18848419189453
-49.17731475830078
-49.18363952636719
-49.18730545043945
-49.17219924926758
-49.18302536010742
-49.18597412109375
-49.18367004394531
-49.150054931640625
-49.13478088378906
-49.162906646728516
-49.12846755981445
-48.96878433227539
-49.107139587402344
-49.1346435546875
-49.16819763183594
-49.11533737182617
-49.177520751953125
-49.13688278198242
-49.13768768310547
-49.10945510864258
-49.15104293823242
-49.07946014404297
-49.098541259765625
-49.06079864501953
-49.136940002441406
-49.15559387207031
-49.03756332397461
-49.0804443359375
-49.047245025634766
-49.16691970825195
-49.11959457397461
-49.139251708984375
-49.19725036621094
-49.013755798339844
-49.100250244140625
-49.14599609375
-49.10497283935547
-49.117515563964844
-49.16943359375
-49.13605499267578
-49.229393005371094
-49.103736877441406
-49.08978271484375
-49.11363220214844
-49.06633758544922
-49.11994934082031
-49.171043395996094
-49.155826568603516
-49.100929260253906
-49.17047119140625
-49.205108642578125
-49.12422180175781
-49.16466522216797
-48.96914291381836
-49.07999801635742
-49.239498138427734
-49.08220291137695
-49.045719146728516
-49.12592315673828
-49.11760330200195
-49.07963180541992
-49.112796783447266
-49.15827941894531
-49.13472366333008
-48.96717071533203
-49.12277603149414
-49.17118835449219
-49.23320007324219
-49.17278289794922
-49.23082733154297
-49.162742614746094
-49.138206481933594
-49.156463623046875
-49.10676574707031
-49.137821197509766
-48.888214111328125
-49.12813949584961
-49.15459060668945
-48.87022018432617
-49.17267608642578
-49.11783218383789
-48.83421325683594
-49.14680480957031
-49.01041793823242
-48.87965774536133
-49.16482162475586
-49.136756896972656
-49.019229888916016
-49.03167724609375
-49.107933044433594
-49.1453857421875
-49.138282775878906
-49.17390441894531
-49.20896911621094
-49.202842712402344
-49.12312698364258
-49.09689712524414
-49.1398811340332
-49.165992736816406
-49.154090881347656
-49.21891784667969
-49.08732986450195
-49.001731872558594
-49.07611083984375
-49.14084243774414
-49.06897735595703
-49.07918167114258
-49.11061096191406
-49.09626770019531
-48.96033477783203
-49.12677001953125
-49.19883728027344
-49.0845947265625
-49.09205627441406
-49.15129852294922
-49.11045837402344
-49.11835479736328
-49.13545608520508
-49.20831298828125
-49.118804931640625
-49.172542572021484
-49.18768310546875
-49.19380187988281
-49.21099853515625
-49.13801193237305
-49.23356628417969
-49.17707443237305
-49.12179183959961
-49.052337646484375
-49.14112091064453
-49.16980743408203
-49.14729690551758
-49.201927185058594
-49.195655822753906
-49.151092529296875
-49.16566467285156
-49.13750457763672
-49.1441535949707
-49.15876007080078
-49.1113395690918
-49.15520477294922
-48.99028015136719
-49.190975189208984
-49.22277069091797
-49.03172302246094
-49.06373596191406
-49.19580078125
-49.12237548828125
-49.07925033569336
-49.245704650878906
-49.06330490112305
-49.019981384277344
-49.14409255981445
-48.927555084228516
-49.20986557006836
-49.150634765625
-48.968536376953125
-49.119873046875
-49.069297790527344
-49.00728988647461
-49.201515197753906
-49.097686767578125
-49.08197784423828
-49.17266082763672
-49.01851272583008
-49.04201889038086
-49.20310592651367
-49.015010833740234
-49.03078079223633
-49.1368522644043
-49.17954635620117
-49.13316345214844
-49.16718292236328
-49.116695404052734
-49.12018585205078
-49.11595153808594
-49.052215576171875
-49.143733978271484
-49.205169677734375
-49.18830871582031
-49.10566711425781
-49.0406494140625
-49.21331787109375
-49.22442626953125
-49.2313232421875
-49.19715118408203
-49.15997314453125
-49.12259292602539
-49.15251159667969
-49.18075942993164
-49.177947998046875
-49.12807846069336
-49.08185958862305
-49.28207015991211
-49.18138885498047
-49.167781829833984
-49.1767692565918
-49.214515686035156
-49.13655090332031
-49.145816802978516
-49.187522888183594
-49.194602966308594
-49.186248779296875
-49.217037200927734
-49.20758056640625
-49.1650390625
-49.214622497558594
-49.20378112792969
-49.2022590637207
-49.123722076416016
-49.255638122558594
-49.208404541015625
-49.15541076660156
-49.18704605102539
-49.22257614135742
-49.21954345703125
-49.27058792114258
-49.20220184326172
-49.162506103515625
-49.21209716796875
-49.169212341308594
-49.142433166503906
-49.25114822387695
-49.159393310546875
-49.226200103759766
-49.18254089355469
-49.2531623840332
-49.21742248535156
-49.17934799194336
-49.2480583190918
-49.207054138183594
-49.275604248046875
-49.2130241394043
-49.1588134765625
-49.20382308959961
-49.216705322265625
-49.23262023925781
-49.188636779785156
-49.173038482666016
-49.27313995361328
-49.213260650634766
-49.12948226928711
-49.19390106201172
-49.192440032958984
-49.16841125488281
-49.202293395996094
-49.23263931274414
-49.217498779296875
-49.156734466552734
-49.19022750854492
-49.27189254760742
-49.207786560058594
-49.13919448852539
-49.240455627441406
-49.1884880065918
-49.135894775390625
-49.15108108520508
-49.23802947998047
-49.20967102050781
-49.12682342529297
-49.20341491699219
-49.25801467895508
-49.128517150878906
-49.11946105957031
-49.168155670166016
-49.192283630371094
-49.23101043701172
-49.17749786376953
-49.19016647338867
-49.15950393676758
-49.200286865234375
-49.23655700683594
-49.008705139160156
-49.21118927001953
-49.21521759033203
-49.15978240966797
-49.11357498168945
-49.1966667175293
-49.22627258300781
-49.150970458984375
-49.06393814086914
-49.18513107299805
-49.15467834472656
-49.175941467285156
-49.20647430419922
-49.214111328125
-49.14588165283203
-49.150146484375
-49.133087158203125
-49.213783264160156
-49.127262115478516
-49.26704025268555
-49.176666259765625
-49.19023895263672
-49.101600646972656
-49.110782623291016
-49.17384719848633
-49.090232849121094
-49.11796569824219
-49.22545623779297
-49.18055725097656
-49.126808166503906
-49.26762390136719
-49.194175720214844
-49.19333267211914
-49.16132354736328
-49.21604537963867
-49.25141906738281
-49.11491012573242
-49.16128921508789
-49.19425582885742
-49.073116302490234
-49.17879867553711
-49.10725402832031
-49.09328079223633
-49.271278381347656
-49.266666412353516
-49.20759201049805
-49.10475158691406
-49.20618438720703
-49.21025848388672
-49.147621154785156
-49.15040969848633
-49.20846176147461
-49.286903381347656
-49.19332504272461
-49.09345245361328
-49.23142623901367
-49.24238204956055
-49.191429138183594
-49.1622314453125
-49.21571731567383
-49.20282745361328
-49.188697814941406
-49.19435119628906
-49.2281494140625
-49.24958038330078
-49.24946594238281
-49.269901275634766
-49.25467300415039
-49.25897979736328
-49.153564453125
-49.25367736816406
-49.170719146728516
-49.23981857299805
-49.20221710205078
-49.23069763183594
-49.180274963378906
-49.22029113769531
-49.217742919921875
-49.257080078125
-49.15959167480469
-49.253353118896484
-49.22959518432617
-49.24547576904297
-49.219093322753906
-49.06597900390625
-49.190284729003906
-49.22630310058594
-49.209075927734375
-49.209266662597656
-49.19898223876953
-49.23040008544922
-49.30452346801758
-49.16815948486328
-49.1845703125
-49.20984649658203
-49.29214096069336
-49.262962341308594
-49.279319763183594
-49.24253463745117
-49.23398208618164
-49.186195373535156
-49.286746978759766
-49.26536178588867
-49.26666259765625
-49.2601318359375
-49.21446990966797
-49.231658935546875
-49.25794219970703
-49.26258087158203
-49.238990783691406
-49.2968635559082
-49.3193244934082
-49.2598991394043
-49.2862548828125
-49.259361267089844
-49.26095962524414
-49.222328186035156
-49.223838806152344
-49.28135681152344
-49.161102294921875
-49.079383850097656
-49.169681549072266
-49.25014877319336
-49.140384674072266
-49.03306579589844
-49.19091033935547
-49.24623107910156
-49.129886627197266
-49.230255126953125
-49.246910095214844
-49.231712341308594
-49.230224609375
-49.24920654296875
-49.252742767333984
-49.20114517211914
-49.212955474853516
-49.24871063232422
-49.24644470214844
-49.150115966796875
-49.241859436035156
-49.29468536376953
-49.26955032348633
-49.23621368408203
-49.260223388671875
-49.29866409301758
-49.26937484741211
-49.258296966552734
-49.26241683959961
-49.22261047363281
-49.153812408447266
-49.18690872192383
-49.173065185546875
-49.26323699951172
-49.26522445678711
-49.23058319091797
-49.12580871582031
-49.27949142456055
-49.258880615234375
-49.17020797729492
-49.057247161865234
-49.20789337158203
-49.235992431640625
-49.1888313293457
-49.188568115234375
-49.19822311401367
-49.2095947265625
-49.27562713623047
-49.26439666748047
-49.29166793823242
-49.20375061035156
-49.19568634033203
-49.263832092285156
-49.2773323059082
-49.197540283203125
-49.10924530029297
-49.19232940673828
-49.210811614990234
-49.294960021972656
-49.276039123535156
-49.18742370605469
-49.15294647216797
-49.2524528503418
-49.27408218383789
-49.27975082397461
-49.20181655883789
-49.21897888183594
-49.26912307739258
-49.29545974731445
-49.26996612548828
-49.24615478515625
-49.24167251586914
-49.21527862548828
-49.19281005859375
-49.28620529174805
-49.290382385253906
-49.29636001586914
-49.289527893066406
-49.20622253417969
-49.14445114135742
-49.29676055908203
-49.28084945678711
-49.20033264160156
-49.140235900878906
-49.20655059814453
-49.29779815673828
-49.23122024536133
-49.19169998168945
-49.217247009277344
-49.257965087890625
-49.27193069458008
-49.33139419555664
-49.24980545043945
-49.204742431640625
-49.256195068359375
-49.19970703125
-49.1719970703125
-49.21111297607422
-49.23381042480469
-49.192352294921875
-49.16728973388672
-49.26765823364258
-49.3319206237793
-49.26912307739258
-49.29155349731445
-49.294227600097656
-49.203731536865234
-49.234619140625
-49.2415885925293
-49.29063415527344
-49.30803680419922
-49.266727447509766
-49.234230041503906
-49.27399444580078
-49.247352600097656
-49.258358001708984
-49.24535369873047
-49.1973876953125
-49.27775955200195
-49.29275894165039
-49.29620361328125
-49.27368927001953
-49.25790023803711
-49.218746185302734
-49.24805450439453
-49.27056121826172
-49.238826751708984
-49.154300689697266
-49.170719146728516
-49.17212677001953
-49.223941802978516
-49.27235794067383
-49.250892639160156
-49.18706512451172
-49.147117614746094
-49.2548713684082
-49.30903625488281
-49.2989616394043
-49.24527359008789
-49.281700134277344
-49.32356643676758
-49.287689208984375
-49.310462951660156
-49.26216125488281
-49.2598762512207
-49.31985092163086
-49.33479309082031
-49.31964111328125
-49.25953674316406
-49.28788757324219
-49.32124328613281
-49.302757263183594
-49.171382904052734
-49.25874328613281
-49.297943115234375
-49.25813293457031
-49.15178298950195
-49.267330169677734
-49.26240539550781
-49.2085075378418
-49.151493072509766
-49.18193435668945
-49.27098846435547
-49.267303466796875
-49.27315139770508
-49.26506042480469
-49.221405029296875
-49.22993469238281
-49.29876708984375
-49.292091369628906
-49.29473876953125
-49.27179718017578
-49.24333572387695
-49.292789459228516
-49.33843231201172
-49.28066635131836
-49.27338409423828
-49.27396774291992
-49.29990768432617
-49.34092330932617
-49.26072311401367
-49.248104095458984
-49.23345947265625
-49.26729202270508
-49.30137634277344
-49.296478271484375
-49.263580322265625
-49.2945556640625
-49.22319030761719
-49.19831848144531
-49.235511779785156
-49.258235931396484
-49.2640266418457
-49.138309478759766
-49.277626037597656
-49.33781433105469
-49.271480560302734
-49.144554138183594
-49.21165466308594
-49.27058792114258
-49.21189498901367
-49.29524230957031
-49.31977081298828
-49.32988739013672
-49.19403076171875
-49.2698860168457
-49.24992370605469
-49.18336868286133
-49.084781646728516
-49.288082122802734
-49.31332015991211
-49.137290954589844
-49.19874572753906
-49.23596954345703
-49.17842483520508
-49.24250793457031
-49.25029373168945
-49.13452911376953
-49.22724914550781
-49.26693344116211
-49.243751525878906
-49.12823486328125
-49.232177734375
-49.25237274169922
-49.256736755371094
-49.21956253051758
-49.229103088378906
-49.32754135131836
-49.33058547973633
-49.26858139038086
-49.31019973754883
-49.25467300415039
-49.16599655151367
-49.287906646728516
-49.28025817871094
