loss_b
-1.5630453824996948
-1.5642637014389038
-1.56575345993042
-1.5677125453948975
-1.5694408416748047
-1.5711504220962524
-1.573917031288147
-1.5770190954208374
-1.580162763595581
-1.5818160772323608
-1.5872962474822998
-1.591412901878357
-1.5961439609527588
-1.600982666015625
-1.606181263923645
-1.6137948036193848
-1.6188322305679321
-1.628254771232605
-1.6335599422454834
-1.6461355686187744
-1.6541680097579956
-1.6656060218811035
-1.6792497634887695
-1.6922551393508911
-1.703603982925415
-1.7245726585388184
-1.742321491241455
-1.7574599981307983
-1.7878293991088867
-1.8108913898468018
-1.8379937410354614
-1.8682397603988647
-1.898977518081665
-1.9561171531677246
-1.9847025871276855
-2.0417640209198
-2.1017322540283203
-2.1470882892608643
-2.226040840148926
-2.309123992919922
-2.3719143867492676
-2.4705514907836914
-2.615053176879883
-2.7665939331054688
-2.9534952640533447
-3.009268045425415
-3.160417079925537
-3.394146680831909
-3.7404019832611084
-4.106583595275879
-4.468631267547607
-4.50736141204834
-4.588149070739746
-4.359017848968506
-4.313886642456055
-4.407963275909424
-4.429031848907471
-4.230271816253662
-4.343636989593506
-4.438363552093506
-4.578776836395264
-4.593312740325928
-4.728009223937988
-4.718510150909424
-4.6274495124816895
-4.600973606109619
-4.577131271362305
-4.620738506317139
-4.547273635864258
-4.6105875968933105
-4.775115013122559
-4.811093807220459
-4.779805660247803
-4.808938503265381
-4.842353343963623
-4.805027008056641
-4.730616569519043
-4.870936393737793
-4.954432487487793
-4.950744152069092
-5.001278400421143
-5.030203819274902
-4.96127986907959
-4.855262279510498
-5.094334125518799
-5.021164417266846
-4.928680419921875
-5.13250732421875
-5.068168640136719
-5.021738052368164
-5.124253273010254
-5.212062835693359
-5.122031211853027
-5.204000949859619
-5.089226722717285
-5.23175048828125
-5.220221519470215
-5.336684703826904
-5.247097969055176
-5.1944260597229
-5.164928436279297
-5.277772903442383
-5.221445083618164
-5.2829508781433105
-5.409398555755615
-5.245595455169678
-5.287980556488037
-5.400735855102539
-5.536190986633301
-5.565221309661865
-5.523418426513672
-5.514810085296631
-5.4050116539001465
-5.502937316894531
-5.494789123535156
-5.567832946777344
-5.601267337799072
-5.5620622634887695
-5.619770050048828
-5.648603439331055
-5.787621021270752
-5.690438270568848
-5.82612943649292
-5.716034412384033
-5.802399158477783
-5.7620720863342285
-5.816246032714844
-5.831381797790527
-5.883707523345947
-5.945678234100342
-5.980727195739746
-6.004918098449707
-6.037045955657959
-6.036487579345703
-6.081908702850342
-6.111969947814941
-6.1136908531188965
-6.174267768859863
-6.147810459136963
-6.193345546722412
-6.184698581695557
-6.206819534301758
-6.221502304077148
-6.297635078430176
-6.293973922729492
-6.2989726066589355
-6.346780776977539
-6.311367034912109
-6.286380767822266
-6.387756824493408
-6.438852787017822
-6.421205520629883
-6.423281669616699
-6.533702850341797
-6.524270057678223
-6.454992294311523
-6.563420295715332
-6.547237873077393
-6.547327995300293
-6.647706985473633
-6.65556001663208
-6.645860195159912
-6.766494274139404
-6.696873664855957
-6.733808517456055
-6.751888275146484
-6.757542610168457
-6.856512069702148
-6.874248504638672
-6.887456893920898
-6.905093193054199
-6.872587203979492
-6.9540486335754395
-6.990437984466553
-7.003190517425537
-7.048742771148682
-7.02830171585083
-7.045230865478516
-7.089803218841553
-7.115764617919922
-7.086545944213867
-7.184578895568848
-7.1769328117370605
-7.188209533691406
-7.259270191192627
-7.260893821716309
-7.358206272125244
-7.344959259033203
-7.420016288757324
-7.37148380279541
-7.371742248535156
-7.486096382141113
-7.450333595275879
-7.523596286773682
-7.5422749519348145
-7.523163318634033
-7.539710521697998
-7.5862507820129395
-7.652317047119141
-7.664854049682617
-7.738084316253662
-7.7168073654174805
-7.703166484832764
-7.742539882659912
-7.659539699554443
-7.777946949005127
-7.739166259765625
-7.699952602386475
-7.807423114776611
-7.7415642738342285
-7.814624786376953
-7.8858537673950195
-7.854397296905518
-7.816467761993408
-7.866662979125977
-7.865622520446777
-7.9097113609313965
-7.925150394439697
-7.834280490875244
-7.960085868835449
-7.946732997894287
-7.937419414520264
-7.894671440124512
-8.006385803222656
-7.9506120681762695
-8.013675689697266
-7.991241931915283
-7.962733268737793
-7.983892917633057
-8.095954895019531
-8.085710525512695
-8.035646438598633
-7.9660325050354
-7.971022129058838
-8.11086368560791
-7.971070766448975
-8.065348625183105
-7.995014667510986
-8.023036003112793
-8.081818580627441
-8.115243911743164
-8.12230110168457
-8.123499870300293
-8.066186904907227
-8.117411613464355
-8.136037826538086
-8.092535018920898
-8.15241527557373
-8.10799503326416
-8.155517578125
-8.14838981628418
-8.139730453491211
-8.165131568908691
-8.130825996398926
-8.150402069091797
-8.178836822509766
-8.170065879821777
-8.17862606048584
-8.16330623626709
-8.224591255187988
-8.234797477722168
-8.224617958068848
-8.209566116333008
-8.213204383850098
-8.176424026489258
-8.219593048095703
-8.234824180603027
-8.225419044494629
-8.300548553466797
-8.219886779785156
-8.230722427368164
-8.239949226379395
-8.258180618286133
-8.248845100402832
-8.265727043151855
-8.214859962463379
-8.217046737670898
-8.261900901794434
-8.236875534057617
-8.281083106994629
-8.205374717712402
-8.29123592376709
-8.322184562683105
-8.29993724822998
-8.223947525024414
-8.274596214294434
-8.283907890319824
-8.304963111877441
-8.343791007995605
-8.282288551330566
-8.355557441711426
-8.264060020446777
-8.336181640625
-8.31213665008545
-8.356701850891113
-8.275650978088379
-8.29040813446045
-8.341033935546875
-8.315567970275879
-8.278890609741211
-8.326624870300293
-8.316580772399902
-8.310066223144531
-8.372152328491211
-8.359089851379395
-8.326327323913574
-8.33918285369873
-8.382590293884277
-8.334390640258789
-8.396445274353027
-8.391708374023438
-8.397212982177734
-8.36072826385498
-8.39696979522705
-8.408402442932129
-8.3472900390625
-8.401497840881348
-8.381370544433594
-8.459261894226074
-8.450766563415527
-8.43360710144043
-8.39252758026123
-8.378713607788086
-8.416772842407227
-8.409214973449707
-8.453845024108887
-8.443686485290527
-8.435736656188965
-8.44449520111084
-8.446934700012207
-8.414923667907715
-8.4994535446167
-8.383795738220215
-8.375555992126465
-8.437045097351074
-8.46381950378418
-8.471264839172363
-8.389052391052246
-8.424549102783203
-8.408269882202148
-8.477472305297852
-8.470343589782715
-8.426410675048828
-8.497109413146973
-8.490724563598633
-8.458770751953125
-8.467421531677246
-8.42593765258789
-8.509173393249512
-8.497468948364258
-8.496162414550781
-8.497123718261719
-8.500354766845703
-8.528397560119629
-8.504324913024902
-8.549168586730957
-8.48709487915039
-8.512812614440918
-8.484739303588867
-8.528975486755371
-8.502967834472656
-8.497710227966309
-8.513328552246094
-8.554673194885254
-8.442492485046387
-8.4276123046875
-8.491453170776367
-8.474604606628418
-8.475663185119629
-8.481685638427734
-8.544267654418945
-8.504833221435547
-8.520277976989746
-8.510563850402832
-8.548345565795898
-8.529606819152832
-8.51775074005127
-8.54221248626709
-8.554577827453613
-8.57871150970459
-8.553400039672852
-8.570446014404297
-8.634175300598145
-8.561259269714355
-8.528802871704102
-8.599143981933594
-8.54566478729248
-8.547684669494629
-8.415282249450684
-8.57730770111084
-8.543648719787598
-8.572900772094727
-8.545976638793945
-8.5352783203125
-8.584981918334961
-8.554121017456055
-8.606078147888184
-8.5889310836792
-8.610945701599121
-8.57404613494873
-8.59935188293457
-8.62592887878418
-8.56617546081543
-8.623662948608398
-8.620685577392578
-8.59959602355957
-8.618311882019043
-8.539053916931152
-8.579462051391602
-8.610365867614746
-8.622295379638672
-8.66354751586914
-8.60825252532959
-8.599032402038574
-8.639620780944824
-8.622742652893066
-8.586702346801758
-8.66520881652832
-8.552217483520508
-8.55463981628418
-8.60595417022705
-8.601531028747559
-8.551376342773438
-8.577401161193848
-8.605748176574707
-8.530372619628906
-8.55993938446045
-8.671346664428711
-8.560641288757324
-8.637371063232422
-8.629316329956055
-8.5813570022583
-8.527589797973633
-8.627635955810547
-8.569609642028809
-8.541085243225098
-8.635028839111328
-8.536785125732422
-8.618441581726074
-8.638401985168457
-8.623540878295898
-8.628026962280273
-8.675111770629883
-8.646961212158203
-8.615060806274414
-8.644488334655762
-8.662331581115723
-8.596075057983398
-8.6408052444458
-8.595660209655762
-8.578157424926758
-8.66038990020752
-8.628029823303223
-8.573259353637695
-8.688116073608398
-8.557950973510742
-8.69249153137207
-8.585691452026367
-8.591439247131348
-8.7040433883667
-8.583524703979492
-8.638581275939941
-8.64035415649414
-8.572826385498047
-8.66836166381836
-8.628762245178223
-8.621881484985352
-8.684247016906738
-8.581690788269043
-8.679414749145508
-8.643362045288086
-8.669561386108398
-8.712307929992676
-8.619483947753906
-8.712236404418945
-8.644618034362793
-8.689313888549805
-8.703291893005371
-8.658681869506836
-8.744563102722168
-8.686068534851074
-8.728501319885254
-8.703920364379883
-8.702077865600586
-8.691045761108398
-8.692638397216797
-8.697793006896973
-8.753947257995605
-8.752988815307617
-8.68242359161377
-8.715688705444336
-8.72972297668457
-8.735836029052734
-8.703025817871094
-8.754651069641113
-8.741881370544434
-8.73804759979248
-8.733636856079102
-8.718500137329102
-8.747146606445312
-8.75516414642334
-8.702702522277832
-8.718070030212402
-8.71303939819336
-8.760311126708984
-8.803019523620605
-8.753053665161133
-8.742134094238281
-8.785900115966797
-8.762565612792969
-8.761951446533203
-8.730443954467773
-8.706007957458496
-8.755746841430664
-8.727507591247559
-8.829239845275879
-8.778946876525879
-8.728401184082031
-8.708255767822266
-8.689386367797852
-8.756690979003906
-8.703125
-8.771434783935547
-8.78520679473877
-8.77402400970459
-8.726426124572754
-8.774140357971191
-8.770258903503418
-8.753418922424316
-8.740133285522461
-8.748565673828125
-8.738587379455566
-8.757078170776367
-8.757469177246094
-8.778446197509766
-8.7993803024292
-8.76480484008789
-8.816707611083984
-8.739192008972168
-8.7982177734375
-8.758736610412598
-8.826752662658691
-8.818648338317871
-8.79617691040039
-8.8087739944458
-8.784769058227539
-8.827712059020996
-8.821768760681152
-8.835404396057129
-8.821481704711914
-8.823308944702148
-8.798844337463379
-8.797635078430176
-8.821002960205078
-8.806636810302734
-8.790735244750977
-8.70751667022705
-8.816085815429688
-8.802401542663574
-8.820486068725586
-8.777175903320312
-8.790984153747559
-8.801263809204102
-8.81742000579834
-8.776704788208008
-8.768044471740723
-8.850300788879395
-8.763623237609863
-8.816789627075195
-8.828594207763672
-8.738351821899414
-8.804625511169434
-8.869784355163574
-8.816915512084961
-8.807333946228027
-8.788960456848145
-8.807950973510742
-8.861254692077637
-8.835066795349121
-8.797388076782227
-8.787915229797363
-8.806169509887695
-8.784764289855957
-8.77667236328125
-8.832967758178711
-8.75971794128418
-8.830588340759277
-8.860441207885742
-8.805217742919922
-8.857562065124512
-8.858689308166504
-8.865670204162598
-8.842182159423828
-8.8674898147583
-8.840667724609375
-8.875574111938477
-8.818795204162598
-8.812540054321289
-8.885937690734863
-8.896281242370605
-8.870223045349121
-8.824492454528809
-8.872842788696289
-8.901665687561035
-8.831042289733887
-8.858800888061523
-8.866713523864746
-8.865262031555176
-8.868356704711914
-8.836758613586426
-8.858765602111816
-8.876412391662598
-8.916210174560547
-8.902947425842285
-8.917158126831055
-8.868939399719238
-8.87658977508545
-8.77927017211914
-8.869132995605469
-8.861790657043457
-8.93871784210205
-8.813888549804688
-8.90986442565918
-8.815114974975586
-8.842103004455566
-8.931249618530273
-8.812641143798828
-8.843854904174805
-8.864057540893555
-8.837886810302734
-8.792369842529297
-8.887758255004883
-8.880253791809082
-8.745576858520508
-8.872578620910645
-8.847942352294922
-8.80747127532959
-8.919793128967285
-8.744221687316895
-8.832382202148438
-8.92404556274414
-8.811569213867188
-8.91775894165039
-8.90780258178711
-8.798909187316895
-8.902936935424805
-8.778846740722656
-8.8888578414917
-8.904293060302734
-8.795751571655273
-8.91308879852295
-8.883380889892578
-8.822097778320312
-8.89828109741211
-8.8922700881958
-8.87216854095459
-8.963445663452148
-8.845869064331055
-8.923638343811035
-8.951287269592285
-8.902375221252441
-8.94640064239502
-8.903310775756836
-8.910701751708984
-8.965612411499023
-8.896677017211914
-8.921987533569336
-8.9309720993042
-8.934682846069336
-8.953784942626953
-8.95500659942627
-8.926258087158203
-8.962254524230957
-8.979477882385254
-8.971648216247559
-8.954878807067871
-8.957974433898926
-8.968335151672363
-8.929577827453613
-8.953755378723145
-8.901101112365723
-8.974690437316895
-8.907459259033203
-8.835550308227539
-8.953187942504883
-8.823075294494629
-8.830887794494629
-8.966245651245117
-8.897851943969727
-9.008038520812988
-8.896013259887695
-8.931159973144531
-8.960306167602539
-8.882257461547852
-8.9656343460083
-8.935065269470215
-8.945966720581055
-8.996819496154785
-8.940786361694336
-8.989030838012695
-8.957559585571289
-8.970412254333496
-9.00184440612793
-8.96269416809082
-8.926538467407227
-8.998209953308105
-8.947823524475098
-8.936312675476074
-9.023642539978027
-8.954395294189453
-8.937750816345215
-8.950697898864746
-8.914667129516602
-9.0054349899292
-9.014501571655273
-8.98277473449707
-8.9696044921875
-8.984267234802246
-9.010757446289062
-9.000423431396484
-9.011496543884277
-8.972417831420898
-9.02908992767334
-8.976042747497559
-8.9436616897583
-8.924689292907715
-8.988698959350586
-9.016242027282715
-8.969193458557129
-8.957415580749512
-9.031335830688477
-9.003177642822266
-9.003254890441895
-8.99609375
-9.025211334228516
-8.982796669006348
-8.997039794921875
-8.954952239990234
-8.991079330444336
-9.028290748596191
-8.948222160339355
-8.932378768920898
-9.029006004333496
-8.977317810058594
-8.960775375366211
-8.977149963378906
-8.979214668273926
-8.99868106842041
-9.034680366516113
-9.01422119140625
-9.016517639160156
-8.969624519348145
-9.029617309570312
-8.991795539855957
-8.950846672058105
-8.997727394104004
-9.033778190612793
-9.00252628326416
-9.042807579040527
-8.962808609008789
-8.915023803710938
-9.001112937927246
-9.006488800048828
-8.964221954345703
-9.002171516418457
-9.006550788879395
-8.998329162597656
-9.00436782836914
-8.986469268798828
-9.019582748413086
-9.005034446716309
-8.991803169250488
-9.016135215759277
-8.901392936706543
-9.03343677520752
-9.03812313079834
-8.981958389282227
-9.050102233886719
-9.041354179382324
-9.058148384094238
-9.029726028442383
-8.988981246948242
-9.039337158203125
-9.048089027404785
-9.028325080871582
-9.029478073120117
-8.975567817687988
-9.02006721496582
-9.058100700378418
-8.985406875610352
-8.979266166687012
-9.079376220703125
-8.989092826843262
-8.96114444732666
-9.07591724395752
-8.870261192321777
-8.910040855407715
-9.023124694824219
-8.932475090026855
-8.987892150878906
-9.017990112304688
-9.0266752243042
-9.061357498168945
-9.059825897216797
-9.060880661010742
-9.038213729858398
-9.039009094238281
-9.054973602294922
-9.06604290008545
-9.071953773498535
-9.043734550476074
-9.033710479736328
-9.071697235107422
-9.0021333694458
-9.015981674194336
-9.035443305969238
-9.02298355102539
-9.072500228881836
-9.068432807922363
-9.04800796508789
-9.043758392333984
-9.077552795410156
-8.982818603515625
-9.026738166809082
-9.083202362060547
-9.041768074035645
-9.015679359436035
-9.077120780944824
-9.069490432739258
-9.018633842468262
-9.051024436950684
-9.065954208374023
-9.029936790466309
-9.088066101074219
-9.046515464782715
-9.038926124572754
-9.087965965270996
-9.071956634521484
-9.04139518737793
-9.068379402160645
-9.076187133789062
-9.063017845153809
-9.049201011657715
-9.014817237854004
-9.015560150146484
-8.982584953308105
-9.100678443908691
-9.0142183303833
-8.971809387207031
-9.062231063842773
-9.047800064086914
-9.099987983703613
-9.133424758911133
-9.10097885131836
-8.998226165771484
-9.07083511352539
-9.025444030761719
-9.08387565612793
-9.035421371459961
-9.070761680603027
-9.11724853515625
-9.086600303649902
-9.069135665893555
-9.099474906921387
-9.080118179321289
-9.110684394836426
-9.058316230773926
-9.072864532470703
-9.10792350769043
-9.11074161529541
-9.063773155212402
-9.085637092590332
-9.0885591506958
-9.091230392456055
-9.113271713256836
-9.092286109924316
-9.118243217468262
-9.133686065673828
-9.081960678100586
-9.104636192321777
-9.04158878326416
-9.108542442321777
-9.137967109680176
-9.091270446777344
-9.076577186584473
-9.036962509155273
-9.095800399780273
-9.135876655578613
-9.102184295654297
-9.094722747802734
-9.091428756713867
-9.107561111450195
-9.132573127746582
-9.110452651977539
-9.112637519836426
-9.155264854431152
-9.080062866210938
-8.979036331176758
-9.13656234741211
-9.069846153259277
-8.95266056060791
-9.091075897216797
-9.108155250549316
-8.962368965148926
-9.144576072692871
-9.031679153442383
-9.023863792419434
-9.150396347045898
-9.053511619567871
-9.014251708984375
-9.0795259475708
-9.1193208694458
-9.01672649383545
-9.097719192504883
-9.087529182434082
-9.101908683776855
-9.126106262207031
-9.124825477600098
-9.079062461853027
-9.151365280151367
-9.154101371765137
-9.085927963256836
-9.12388801574707
-9.149500846862793
-9.109631538391113
-9.113870620727539
-9.107368469238281
-9.13344669342041
-9.06472110748291
-9.109976768493652
-9.137627601623535
-8.994553565979004
-9.142553329467773
-9.115145683288574
-8.991345405578613
-9.105632781982422
-9.150568962097168
-9.110981941223145
-9.131569862365723
-9.170355796813965
-9.029555320739746
-9.088704109191895
-9.098755836486816
-9.147235870361328
-9.121450424194336
-9.114570617675781
-9.131476402282715
-9.196510314941406
-9.170022010803223
-9.13472843170166
-9.141329765319824
-9.146394729614258
-9.089146614074707
-9.116965293884277
-9.14472484588623
-9.119556427001953
-9.164507865905762
-9.148785591125488
-9.069395065307617
-9.188898086547852
-9.152812004089355
-9.084433555603027
-9.156208038330078
-9.107905387878418
-9.131987571716309
-9.178092002868652
-9.150084495544434
-9.138370513916016
-9.149829864501953
-9.17396354675293
-9.141557693481445
-9.200448036193848
-9.16204833984375
-9.11308479309082
-9.143160820007324
-9.164962768554688
-9.158413887023926
-9.139444351196289
-9.15291976928711
-9.16104507446289
-9.214438438415527
-9.184666633605957
-9.131575584411621
-9.145164489746094
-9.144649505615234
-9.177627563476562
-9.172390937805176
-9.179572105407715
-9.167317390441895
-9.148322105407715
-9.1696138381958
-9.169221878051758
-9.168294906616211
-9.127492904663086
-9.14562702178955
-9.130904197692871
-9.15562629699707
-9.18112564086914
-9.17232608795166
-9.130608558654785
-9.199531555175781
-9.155970573425293
-9.122847557067871
-9.127785682678223
-9.199018478393555
-9.172355651855469
-9.213476181030273
-9.158526420593262
-9.15876293182373
-9.17337703704834
-9.171658515930176
-9.160504341125488
-9.135394096374512
-9.164193153381348
-9.131736755371094
-9.205987930297852
-9.18008804321289
-9.186995506286621
-9.164100646972656
-9.22269344329834
-9.182488441467285
-9.182395935058594
-9.204181671142578
-9.2100830078125
-9.183075904846191
-9.206398963928223
-9.188565254211426
-9.154797554016113
-9.219221115112305
-9.1976957321167
-9.200210571289062
-9.107699394226074
-9.14046573638916
-9.177654266357422
-9.221358299255371
-9.199853897094727
-9.144201278686523
-9.18103313446045
-9.14175033569336
-9.178092956542969
-9.158929824829102
-9.196578979492188
-9.182269096374512
-9.196290969848633
-9.177813529968262
-9.212019920349121
-9.203010559082031
-9.185693740844727
-9.194254875183105
-9.171287536621094
-9.122457504272461
-9.1065092086792
-9.190683364868164
-9.234665870666504
-9.197500228881836
-9.148675918579102
-9.201201438903809
-9.167384147644043
-9.1217622756958
-9.160539627075195
-9.197768211364746
-9.199957847595215
-9.170958518981934
-9.194822311401367
-9.214396476745605
-9.229543685913086
-9.230988502502441
-9.17497730255127
-9.225645065307617
-9.174653053283691
-9.178178787231445
-9.184146881103516
-9.206008911132812
-9.196231842041016
-9.233602523803711
-9.202425956726074
-9.190007209777832
-9.172425270080566
-9.258955955505371
-9.248831748962402
-9.19143009185791
-9.228107452392578
-9.198856353759766
-9.17002010345459
-9.21484088897705
-9.127215385437012
-9.141757011413574
-9.19848346710205
-9.206042289733887
-9.19526195526123
-9.192341804504395
-9.231680870056152
-9.260397911071777
-9.168631553649902
-9.149312973022461
-9.12437915802002
-9.22115421295166
-9.240601539611816
-9.201430320739746
-9.18686580657959
-9.210869789123535
-9.209905624389648
-9.174123764038086
-9.188667297363281
-9.24523639678955
-9.229729652404785
-9.21303939819336
-9.261210441589355
-9.141775131225586
-9.167139053344727
-9.260738372802734
-9.17422103881836
-9.080846786499023
-9.146943092346191
-9.22793197631836
-9.19131088256836
-9.067683219909668
-9.195982933044434
-9.202727317810059
-9.055032730102539
-9.142426490783691
-9.230117797851562
-9.161818504333496
-9.175180435180664
-9.228517532348633
-9.204026222229004
-9.189560890197754
-9.270544052124023
-9.190707206726074
-9.1382474899292
-9.259764671325684
-9.250399589538574
-9.197866439819336
-9.239008903503418
-9.243090629577637
-9.23524284362793
-9.209548950195312
-9.236942291259766
-9.251724243164062
-9.232545852661133
-9.242230415344238
-9.169485092163086
-9.180782318115234
-9.262849807739258
-9.079583168029785
-9.147252082824707
-9.24138355255127
-9.226927757263184
-9.17174243927002
-9.14456844329834
-9.267791748046875
-9.270904541015625
-9.189059257507324
-9.248595237731934
-9.256603240966797
-9.228341102600098
-9.250313758850098
-9.257312774658203
-9.286138534545898
-9.28807544708252
-9.237200736999512
-9.263333320617676
-9.136736869812012
-9.214725494384766
-9.251409530639648
-9.270698547363281
-9.248790740966797
-9.204510688781738
-9.226694107055664
-9.286438941955566
-9.086938858032227
-9.146693229675293
-9.230827331542969
-9.188274383544922
-9.200541496276855
-9.246247291564941
-9.268692016601562
-9.193690299987793
-9.187084197998047
-9.285711288452148
-9.2235746383667
-9.057271003723145
-9.239543914794922
-9.248523712158203
-9.259442329406738
-9.26030445098877
-9.306321144104004
-9.276252746582031
-9.265286445617676
-9.257586479187012
-9.280826568603516
-9.303184509277344
-9.225747108459473
-9.247674942016602
-9.268830299377441
-9.299972534179688
-9.315529823303223
-9.313557624816895
-9.26871109008789
-9.283748626708984
-9.254952430725098
-9.231532096862793
-9.281585693359375
-9.235138893127441
-9.193351745605469
-9.199445724487305
-9.28518295288086
-9.260982513427734
-9.293621063232422
-9.2716703414917
-9.279505729675293
-9.290196418762207
-9.27627182006836
-9.286802291870117
-9.268162727355957
-9.308032989501953
-9.267243385314941
-9.28826904296875
-9.274192810058594
-9.301362991333008
-9.303970336914062
-9.263312339782715
-9.298376083374023
-9.2434720993042
-9.214813232421875
-9.268835067749023
-9.34916877746582
-9.298869132995605
-9.321928977966309
-9.300324440002441
-9.26409912109375
-9.309915542602539
-9.31645679473877
-9.33194637298584
-9.285552978515625
-9.282896041870117
-9.283859252929688
-9.274794578552246
-9.289050102233887
-9.306499481201172
-9.300871849060059
-9.283169746398926
-9.278079986572266
-9.270737648010254
-9.33423137664795
-9.292952537536621
-9.243807792663574
-9.253061294555664
-9.321120262145996
-9.296487808227539
-9.296216011047363
-9.31876277923584
-9.305339813232422
-9.28381633758545
-9.292448043823242
-9.32738971710205
-9.291799545288086
-9.353996276855469
-9.245351791381836
-9.233541488647461
-9.281110763549805
-9.279680252075195
-9.281036376953125
-9.141807556152344
-9.27518081665039
-9.294909477233887
-9.311086654663086
-9.262036323547363
-9.277948379516602
-9.320293426513672
-9.364643096923828
-9.275156021118164
-9.209205627441406
-9.294384002685547
-9.31964111328125
-9.280389785766602
-9.139824867248535
-9.280433654785156
-9.295511245727539
-9.330224990844727
-9.302361488342285
-9.303881645202637
-9.295475006103516
-9.293545722961426
-9.260062217712402
-9.265451431274414
-9.315058708190918
-9.303316116333008
-9.255842208862305
-9.15365982055664
-9.305757522583008
-9.3414945602417
-9.087737083435059
-9.197583198547363
-9.329363822937012
-9.226810455322266
-9.17146110534668
-9.26708698272705
-9.358281135559082
-9.284531593322754
-9.184464454650879
-9.331233978271484
-9.320721626281738
-9.307157516479492
-9.340038299560547
-9.307812690734863
-9.316275596618652
-9.368267059326172
-9.317432403564453
-9.262760162353516
-9.322404861450195
-9.324009895324707
-9.291769981384277
-9.287829399108887
-9.356843948364258
-9.308070182800293
-9.221185684204102
-9.313803672790527
-9.342473030090332
-9.34959602355957
-9.343888282775879
-9.318047523498535
-9.329439163208008
-9.327075958251953
-9.279563903808594
-9.292248725891113
-9.358262062072754
-9.328653335571289
-9.309545516967773
-9.361349105834961
-9.285002708435059
-9.248554229736328
-9.30759334564209
-9.312603950500488
-9.25859546661377
-9.297779083251953
-9.354026794433594
-9.342780113220215
-9.364496231079102
-9.379501342773438
-9.343446731567383
-9.315431594848633
-9.348556518554688
-9.313892364501953
-9.316417694091797
-9.373856544494629
-9.269523620605469
-9.234845161437988
-9.225554466247559
-9.331596374511719
-9.327181816101074
-9.148058891296387
-9.250028610229492
-9.34151840209961
-9.330972671508789
-9.263553619384766
-9.279294967651367
-9.345353126525879
-9.34697151184082
-9.22683048248291
-9.29215145111084
-9.394821166992188
-9.174880027770996
-9.209380149841309
-9.366144180297852
-9.286567687988281
-9.201068878173828
-9.362478256225586
-9.254240036010742
-9.159534454345703
-9.376294136047363
-9.262383460998535
-9.124883651733398
-9.32419490814209
-9.314289093017578
-9.194488525390625
-9.309799194335938
-9.375666618347168
-9.315217018127441
-9.288503646850586
-9.345561981201172
-9.326668739318848
-9.363605499267578
-9.36043930053711
-9.367639541625977
-9.392403602600098
-9.358898162841797
-9.350128173828125
-9.327472686767578
-9.363560676574707
-9.370912551879883
-9.35058879852295
-9.34547233581543
-9.28803539276123
-9.365557670593262
-9.342805862426758
-9.377618789672852
-9.39174747467041
-9.345869064331055
-9.348774909973145
-9.408567428588867
-9.376773834228516
-9.315382957458496
-9.376209259033203
-9.402870178222656
-9.407201766967773
-9.333810806274414
-9.337334632873535
-9.301429748535156
-9.380292892456055
-9.368354797363281
-9.384465217590332
-9.398950576782227
-9.432343482971191
-9.39426326751709
-9.357629776000977
-9.314858436584473
-9.410210609436035
-9.381349563598633
-9.351490020751953
-9.402848243713379
-9.331533432006836
-9.356330871582031
-9.340156555175781
-9.372862815856934
-9.396504402160645
-9.338213920593262
-9.347100257873535
-9.330062866210938
-9.381855964660645
-9.404339790344238
-9.36257553100586
-9.377402305603027
-9.38247299194336
-9.40068531036377
-9.43344497680664
-9.391772270202637
-9.381560325622559
-9.387162208557129
-9.340761184692383
-9.340034484863281
-9.376729011535645
-9.3782377243042
-9.380274772644043
-9.395672798156738
-9.364133834838867
-9.402608871459961
-9.430628776550293
-9.423131942749023
-9.353848457336426
-9.338723182678223
-9.35428237915039
-9.397201538085938
-9.376852989196777
-9.321432113647461
-9.322539329528809
-9.401047706604004
-9.461760520935059
-9.39128589630127
-9.385091781616211
-9.400066375732422
-9.391335487365723
-9.399188995361328
-9.368339538574219
-9.369635581970215
-9.388712882995605
-9.364802360534668
-9.371050834655762
-9.370758056640625
-9.363029479980469
-9.374998092651367
-9.406636238098145
-9.345470428466797
-9.401758193969727
-9.330785751342773
-9.335153579711914
-9.410126686096191
-9.365696907043457
-9.31984806060791
-9.314704895019531
-9.417465209960938
-9.406813621520996
-9.371448516845703
-9.31772232055664
-9.222537994384766
-9.373331069946289
-9.373129844665527
-9.399500846862793
-9.366348266601562
-9.437540054321289
-9.364745140075684
-9.321531295776367
-9.342103004455566
-9.38987922668457
-9.35325813293457
-9.370933532714844
-9.39023494720459
-9.390122413635254
-9.415406227111816
-9.373772621154785
-9.395441055297852
-9.43826961517334
-9.40967082977295
-9.431784629821777
-9.434725761413574
-9.444039344787598
-9.430341720581055
-9.372533798217773
-9.413816452026367
-9.414244651794434
-9.432820320129395
-9.355403900146484
-9.331241607666016
-9.432650566101074
-9.40842342376709
-9.283463478088379
-9.363475799560547
-9.440533638000488
-9.424017906188965
-9.334778785705566
-9.315345764160156
-9.393781661987305
-9.39677906036377
-9.348142623901367
-9.277457237243652
-9.416906356811523
-9.41495418548584
-9.398781776428223
-9.404444694519043
-9.439225196838379
-9.446455001831055
-9.442720413208008
-9.414998054504395
-9.419894218444824
-9.419480323791504
-9.373945236206055
-9.413496017456055
-9.404963493347168
-9.42583179473877
-9.437446594238281
-9.377960205078125
-9.327204704284668
-9.336614608764648
-9.379447937011719
-9.397503852844238
-9.298517227172852
-9.32922077178955
-9.421631813049316
-9.444985389709473
-9.361499786376953
-9.353499412536621
-9.41579532623291
-9.421494483947754
-9.427973747253418
-9.4339017868042
-9.431631088256836
-9.401472091674805
-9.436087608337402
-9.4414701461792
-9.417387962341309
-9.232816696166992
-9.330118179321289
-9.387404441833496
-9.318891525268555
-9.340375900268555
-9.452855110168457
-9.418939590454102
-9.340595245361328
-9.42408275604248
-9.426057815551758
-9.36423110961914
-9.216007232666016
-9.352327346801758
-9.408289909362793
-9.095970153808594
-9.390223503112793
-9.429535865783691
-9.248104095458984
-9.36826229095459
-9.444704055786133
-9.371635437011719
-9.289876937866211
-9.42252254486084
-9.425522804260254
-9.39383602142334
-9.39108943939209
-9.471364974975586
-9.461686134338379
-9.403995513916016
-9.384765625
-9.371525764465332
-9.377189636230469
-9.279993057250977
-9.282906532287598
-9.462959289550781
-9.41096305847168
-9.400272369384766
-9.401358604431152
-9.411253929138184
-9.430723190307617
-9.407011032104492
-9.432666778564453
-9.389066696166992
-9.406059265136719
-9.467151641845703
-9.378763198852539
-9.364015579223633
-9.470480918884277
-9.369978904724121
-9.271431922912598
-9.450599670410156
-9.386842727661133
-9.219149589538574
-9.434381484985352
-9.441648483276367
-9.33139419555664
-9.369686126708984
-9.444906234741211
-9.396467208862305
-9.391345024108887
-9.445127487182617
-9.472443580627441
-9.3894624710083
-9.375797271728516
-9.46018123626709
-9.367890357971191
-9.312437057495117
-9.45962905883789
-9.457932472229004
-9.345139503479004
-9.38911247253418
-9.466154098510742
-9.466754913330078
-9.472317695617676
-9.473987579345703
-9.454710006713867
-9.41206169128418
-9.41093921661377
-9.471755027770996
-9.425810813903809
-9.380057334899902
-9.379647254943848
-9.458040237426758
-9.45983600616455
-9.429180145263672
-9.392550468444824
-9.457246780395508
-9.469735145568848
-9.469263076782227
-9.442488670349121
-9.437870025634766
-9.489270210266113
-9.443252563476562
-9.413132667541504
-9.482240676879883
-9.468989372253418
-9.446697235107422
-9.456942558288574
-9.42968463897705
-9.461844444274902
-9.391111373901367
-9.38890266418457
-9.366884231567383
-9.431483268737793
-9.406078338623047
-9.315717697143555
-9.435364723205566
-9.453119277954102
-9.466565132141113
-9.459342956542969
-9.42857551574707
-9.420892715454102
-9.459360122680664
-9.474279403686523
-9.433294296264648
-9.429899215698242
-9.481696128845215
-9.489293098449707
-9.472406387329102
-9.463030815124512
-9.488130569458008
-9.460745811462402
-9.422335624694824
-9.473420143127441
-9.49561882019043
-9.481400489807129
-9.485505104064941
-9.475269317626953
-9.439657211303711
-9.492344856262207
-9.460490226745605
-9.419727325439453
-9.476702690124512
-9.490102767944336
-9.497568130493164
-9.393714904785156
-9.413728713989258
-9.434419631958008
-9.460675239562988
-9.473791122436523
-9.357073783874512
-9.40945053100586
-9.420266151428223
-9.33717155456543
-9.43604564666748
-9.489821434020996
-9.403566360473633
-9.374738693237305
-9.500066757202148
-9.46676254272461
-9.366401672363281
-9.421073913574219
-9.477221488952637
-9.440459251403809
-9.518342018127441
-9.476204872131348
-9.423325538635254
-9.436946868896484
-9.52184009552002
-9.4910306930542
-9.442951202392578
-9.425759315490723
-9.47273063659668
-9.466543197631836
-9.479448318481445
-9.46493148803711
-9.448005676269531
-9.442831039428711
-9.462154388427734
-9.49760913848877
-9.474621772766113
-9.523691177368164
-9.457764625549316
-9.457500457763672
-9.451335906982422
-9.500408172607422
-9.46413516998291
-9.491107940673828
-9.459405899047852
-9.421507835388184
-9.511026382446289
-9.485158920288086
-9.425012588500977
-9.441428184509277
-9.495097160339355
-9.48670482635498
-9.442229270935059
-9.420716285705566
-9.470730781555176
-9.472986221313477
-9.461596488952637
-9.423357963562012
-9.466236114501953
-9.451165199279785
-9.467384338378906
-9.469891548156738
-9.505585670471191
-9.397586822509766
-9.413846969604492
-9.474058151245117
-9.457093238830566
-9.385015487670898
-9.277649879455566
-9.458898544311523
-9.450006484985352
-9.348711967468262
-9.458515167236328
-9.479879379272461
-9.493330955505371
-9.456635475158691
-9.456794738769531
-9.470312118530273
-9.468085289001465
-9.475152015686035
-9.423558235168457
-9.480265617370605
-9.531033515930176
-9.492862701416016
-9.502935409545898
-9.510428428649902
-9.478048324584961
-9.499504089355469
-9.439528465270996
-9.44941234588623
-9.502676010131836
-9.45849323272705
-9.462441444396973
-9.411751747131348
-9.453169822692871
-9.463083267211914
-9.48624038696289
-9.510675430297852
-9.488716125488281
-9.451581001281738
-9.45129108428955
-9.493157386779785
-9.506858825683594
-9.464640617370605
-9.428935050964355
-9.416458129882812
-9.48388671875
-9.489855766296387
-9.357175827026367
-9.45443344116211
-9.468971252441406
-9.458657264709473
-9.45534610748291
-9.463128089904785
-9.50567626953125
-9.521397590637207
-9.517587661743164
-9.474123001098633
-9.475808143615723
-9.487314224243164
-9.475719451904297
-9.49987506866455
-9.522355079650879
-9.50058650970459
-9.471694946289062
-9.450145721435547
-9.489237785339355
-9.51453685760498
-9.5343599319458
-9.504005432128906
-9.504720687866211
-9.448527336120605
-9.443652153015137
-9.411721229553223
-9.494932174682617
-9.490376472473145
-9.483335494995117
-9.466233253479004
-9.526288032531738
-9.536843299865723
-9.50367546081543
-9.464285850524902
-9.474823951721191
-9.44139289855957
-9.484474182128906
-9.460951805114746
-9.501940727233887
-9.541831970214844
-9.492609024047852
-9.42628002166748
-9.463361740112305
-9.5387544631958
-9.54269790649414
-9.461454391479492
-9.354887962341309
-9.538609504699707
-9.494128227233887
-9.370247840881348
-9.500061988830566
-9.502619743347168
-9.4105224609375
-9.330727577209473
-9.485318183898926
-9.494848251342773
-9.524169921875
-9.46963119506836
-9.482068061828613
-9.527359962463379
-9.504572868347168
-9.483291625976562
-9.482343673706055
-9.503296852111816
-9.547504425048828
-9.533084869384766
-9.521121978759766
-9.477333068847656
-9.482746124267578
-9.543244361877441
-9.421706199645996
-9.342527389526367
-9.427816390991211
-9.52734661102295
-9.452017784118652
-9.336760520935059
-9.482171058654785
-9.474114418029785
-9.376906394958496
-9.465086936950684
-9.51223087310791
-9.385499000549316
-9.390763282775879
-9.476215362548828
-9.52155590057373
-9.46837043762207
-9.48318862915039
-9.506576538085938
-9.546195030212402
-9.438193321228027
-9.404084205627441
-9.479350090026855
-9.478475570678711
-9.37723445892334
-9.362364768981934
-9.535115242004395
-9.408331871032715
-9.427535057067871
-9.472725868225098
-9.386639595031738
-9.23823070526123
-9.517415046691895
-9.231155395507812
-9.409478187561035
-9.497429847717285
-9.312498092651367
-9.452750205993652
-9.522403717041016
-9.365242958068848
-9.455421447753906
-9.5555419921875
-9.474358558654785
-9.475034713745117
-9.534117698669434
-9.553254127502441
-9.44388198852539
-9.456535339355469
-9.513801574707031
-9.556973457336426
-9.518089294433594
-9.543655395507812
-9.52612590789795
-9.507678985595703
-9.408918380737305
-9.473106384277344
-9.554669380187988
-9.538009643554688
-9.489115715026855
-9.551417350769043
-9.486370086669922
-9.486329078674316
-9.35030746459961
-9.507182121276855
-9.519927978515625
-9.446398735046387
-9.492746353149414
-9.454303741455078
-9.536046028137207
-9.522042274475098
-9.548674583435059
-9.559550285339355
-9.500014305114746
-9.508942604064941
-9.470956802368164
-9.541427612304688
-9.511043548583984
-9.556557655334473
-9.518927574157715
-9.503167152404785
-9.546411514282227
-9.551139831542969
-9.574786186218262
-9.500590324401855
-9.475248336791992
-9.50308609008789
-9.54934310913086
-9.551506042480469
-9.482460021972656
-9.520353317260742
-9.503632545471191
-9.534852981567383
-9.581711769104004
-9.520673751831055
-9.480661392211914
-9.496041297912598
-9.538107872009277
-9.530501365661621
-9.582011222839355
-9.538871765136719
-9.479863166809082
-9.58051872253418
-9.569989204406738
-9.52888011932373
-9.489860534667969
-9.502172470092773
-9.576056480407715
-9.519538879394531
-9.49334716796875
-9.48663330078125
-9.531269073486328
-9.574994087219238
-9.535093307495117
-9.502768516540527
-9.529974937438965
-9.559247970581055
-9.540824890136719
-9.523920059204102
-9.511737823486328
-9.530091285705566
-9.567116737365723
-9.542116165161133
-9.583610534667969
-9.506351470947266
-9.489969253540039
-9.48716926574707
-9.560243606567383
-9.527728080749512
-9.46312427520752
-9.523612976074219
-9.541604995727539
-9.572481155395508
-9.54954719543457
-9.505854606628418
-9.51346492767334
-9.46780014038086
-9.527314186096191
-9.569784164428711
-9.427643775939941
-9.408829689025879
-9.49899673461914
-9.550241470336914
-9.56187629699707
-9.528326034545898
-9.499534606933594
-9.576849937438965
-9.51557445526123
-9.472564697265625
-9.422224998474121
-9.509016036987305
-9.491537094116211
-9.33130168914795
-9.492959022521973
-9.531218528747559
-9.365250587463379
-9.483216285705566
-9.566038131713867
-9.429515838623047
-9.414278984069824
-9.573627471923828
-9.471756935119629
-9.399696350097656
-9.56314468383789
-9.545991897583008
-9.455126762390137
-9.520857810974121
-9.577276229858398
-9.565410614013672
-9.558085441589355
-9.528882026672363
-9.574180603027344
-9.421182632446289
-9.462712287902832
-9.556039810180664
-9.479251861572266
-9.382657051086426
-9.58419132232666
-9.49209976196289
-9.400465965270996
-9.521122932434082
-9.557777404785156
-9.463495254516602
-9.528763771057129
-9.575380325317383
-9.550530433654785
-9.501214981079102
-9.521663665771484
-9.547568321228027
-9.48553466796875
-9.489009857177734
-9.542078018188477
-9.551249504089355
-9.49542236328125
-9.589723587036133
-9.535585403442383
-9.489150047302246
-9.553894996643066
-9.559991836547852
-9.541716575622559
-9.55184555053711
-9.548580169677734
-9.549234390258789
-9.540766716003418
-9.554597854614258
-9.543898582458496
-9.53874397277832
-9.598132133483887
-9.56950569152832
-9.510912895202637
-9.58528995513916
-9.487151145935059
-9.457382202148438
-9.490669250488281
-9.562945365905762
-9.535269737243652
-9.57240104675293
-9.563457489013672
-9.56236743927002
-9.58233642578125
-9.550357818603516
-9.575471878051758
-9.524493217468262
-9.538695335388184
-9.539619445800781
-9.566070556640625
-9.602273941040039
-9.584803581237793
-9.546698570251465
-9.571812629699707
-9.560521125793457
-9.596578598022461
-9.524500846862793
-9.503849029541016
-9.537423133850098
-9.585134506225586
-9.567608833312988
-9.565410614013672
-9.568525314331055
-9.56877326965332
-9.555541038513184
-9.580498695373535
-9.560192108154297
-9.546865463256836
-9.536590576171875
-9.567874908447266
-9.561335563659668
-9.562768936157227
-9.574257850646973
-9.591760635375977
-9.574670791625977
-9.583374977111816
-9.559342384338379
-9.562223434448242
-9.57714557647705
-9.564295768737793
-9.532733917236328
-9.515558242797852
-9.5553560256958
-9.560565948486328
-9.5689058303833
-9.590089797973633
-9.581039428710938
-9.594165802001953
-9.577004432678223
-9.555867195129395
-9.580473899841309
-9.508695602416992
-9.513017654418945
-9.607589721679688
-9.556172370910645
-9.498828887939453
-9.560457229614258
-9.557104110717773
-9.542157173156738
-9.51198673248291
-9.538576126098633
-9.550498962402344
-9.569823265075684
-9.567017555236816
-9.491827011108398
-9.51168155670166
-9.61551284790039
-9.584455490112305
-9.510963439941406
-9.51264762878418
-9.596785545349121
-9.602659225463867
-9.568137168884277
-9.539726257324219
-9.543374061584473
-9.546091079711914
-9.533153533935547
-9.343459129333496
-9.522500991821289
-9.60380744934082
-9.572257041931152
-9.512528419494629
-9.595147132873535
-9.562673568725586
-9.486690521240234
-9.530120849609375
-9.567153930664062
-9.522591590881348
-9.515918731689453
-9.572881698608398
-9.608442306518555
-9.52643871307373
-9.510822296142578
-9.5609769821167
-9.560015678405762
-9.557125091552734
-9.561310768127441
-9.615739822387695
-9.57254409790039
-9.478684425354004
-9.504030227661133
-9.552417755126953
-9.585115432739258
-9.545599937438965
-9.55090618133545
-9.597270011901855
-9.576285362243652
-9.561609268188477
-9.599288940429688
-9.50666618347168
-9.504456520080566
-9.556910514831543
-9.546528816223145
-9.50022029876709
-9.528353691101074
-9.607269287109375
-9.5970458984375
-9.558822631835938
-9.543031692504883
-9.576177597045898
-9.589842796325684
-9.559491157531738
-9.429596900939941
-9.53880500793457
-9.585678100585938
-9.5702486038208
-9.518170356750488
-9.569967269897461
-9.559233665466309
-9.540813446044922
-9.510026931762695
-9.568910598754883
-9.563926696777344
-9.43526840209961
-9.511940956115723
-9.613626480102539
-9.457826614379883
-9.433083534240723
-9.560063362121582
-9.569704055786133
-9.498711585998535
-9.507434844970703
-9.6014404296875
-9.55763053894043
-9.609528541564941
-9.595658302307129
-9.590768814086914
-9.554912567138672
-9.56773853302002
-9.598987579345703
-9.548470497131348
-9.56859016418457
-9.474405288696289
-9.556187629699707
-9.583037376403809
-9.620818138122559
-9.610014915466309
-9.545522689819336
-9.541129112243652
-9.571038246154785
-9.617794036865234
-9.632597923278809
-9.53664493560791
-9.511296272277832
-9.569963455200195
-9.585079193115234
-9.53332805633545
-9.57435131072998
-9.625832557678223
-9.61048412322998
-9.52524185180664
-9.553550720214844
-9.613438606262207
-9.611590385437012
-9.580915451049805
-9.609522819519043
-9.606393814086914
-9.591192245483398
-9.559144973754883
-9.599770545959473
-9.53231430053711
-9.563990592956543
-9.605949401855469
-9.607396125793457
-9.58449935913086
-9.453753471374512
-9.532952308654785
-9.567638397216797
-9.619799613952637
-9.5805082321167
-9.59182071685791
-9.606233596801758
-9.579874038696289
-9.603577613830566
-9.585575103759766
-9.606451034545898
-9.610447883605957
-9.622337341308594
-9.636261940002441
-9.593461990356445
-9.61221981048584
-9.577535629272461
-9.545665740966797
-9.613300323486328
-9.57654857635498
-9.528075218200684
-9.5386962890625
-9.590052604675293
-9.635499000549316
-9.635692596435547
-9.548027038574219
-9.589994430541992
-9.559956550598145
-9.5263090133667
-9.593315124511719
-9.631444931030273
-9.597530364990234
-9.62129020690918
-9.631834983825684
-9.633545875549316
-9.614889144897461
-9.608264923095703
-9.625879287719727
-9.647883415222168
-9.6181640625
-9.615439414978027
-9.612743377685547
-9.597193717956543
-9.641331672668457
-9.5863676071167
-9.60544204711914
-9.45825481414795
-9.531302452087402
-9.632333755493164
-9.552642822265625
-9.454326629638672
-9.532807350158691
-9.626784324645996
-9.553627014160156
-9.446762084960938
-9.553218841552734
-9.613755226135254
-9.582725524902344
-9.568449020385742
-9.574649810791016
-9.62373161315918
-9.628170013427734
-9.495036125183105
-9.449108123779297
-9.551830291748047
-9.608932495117188
-9.567791938781738
-9.51366138458252
-9.597674369812012
-9.635831832885742
-9.57715129852295
-9.515966415405273
-9.607297897338867
-9.63424301147461
-9.601226806640625
-9.590362548828125
-9.601619720458984
-9.617362976074219
-9.628178596496582
-9.569952011108398
-9.544346809387207
-9.488053321838379
-9.558281898498535
-9.623318672180176
-9.589035987854004
-9.558029174804688
-9.539031982421875
-9.61656379699707
-9.584493637084961
-9.599016189575195
-9.61770248413086
-9.645039558410645
-9.643678665161133
-9.636102676391602
-9.637718200683594
-9.629855155944824
-9.630989074707031
-9.632411003112793
-9.620436668395996
-9.606852531433105
-9.634678840637207
-9.61033821105957
-9.636761665344238
-9.625406265258789
-9.618782997131348
-9.627376556396484
-9.618759155273438
-9.63305950164795
-9.637581825256348
-9.614837646484375
-9.611612319946289
-9.642875671386719
-9.608345985412598
-9.616294860839844
-9.463215827941895
-9.540525436401367
-9.603605270385742
-9.636838912963867
-9.591235160827637
-9.622335433959961
-9.637150764465332
-9.62428092956543
-9.60860824584961
-9.639503479003906
-9.559783935546875
-9.550349235534668
-9.511635780334473
-9.610498428344727
-9.629776954650879
-9.57333755493164
-9.556386947631836
-9.56136417388916
-9.647754669189453
-9.626080513000488
-9.615942001342773
-9.611227989196777
-9.561853408813477
-9.607138633728027
-9.632303237915039
-9.63783073425293
-9.635658264160156
-9.61733341217041
-9.599688529968262
-9.667282104492188
-9.643574714660645
-9.564767837524414
-9.616920471191406
-9.624348640441895
-9.603324890136719
-9.628935813903809
-9.625167846679688
-9.584489822387695
-9.609529495239258
-9.642953872680664
-9.603547096252441
-9.62943172454834
-9.435454368591309
-9.572277069091797
-9.654936790466309
-9.5472993850708
-9.484736442565918
-9.625139236450195
-9.604527473449707
-9.516281127929688
-9.567737579345703
-9.641190528869629
-9.571995735168457
-9.445236206054688
-9.599591255187988
-9.609621047973633
-9.670804977416992
-9.630216598510742
-9.644315719604492
-9.611806869506836
-9.600049018859863
-9.600126266479492
-9.609580039978027
-9.60610580444336
-9.382927894592285
-9.592693328857422
-9.608009338378906
-9.318523406982422
-9.624175071716309
-9.578655242919922
-9.299245834350586
-9.6324462890625
-9.533650398254395
-9.405132293701172
-9.621808052062988
-9.633872985839844
-9.508879661560059
-9.531214714050293
-9.64195728302002
-9.646318435668945
-9.602160453796387
-9.642967224121094
-9.664475440979004
-9.660030364990234
-9.622424125671387
-9.587611198425293
-9.60552978515625
-9.598344802856445
-9.60731029510498
-9.671955108642578
-9.550808906555176
-9.472489356994629
-9.542790412902832
-9.62186050415039
-9.527204513549805
-9.519709587097168
-9.613123893737793
-9.561049461364746
-9.445706367492676
-9.62031364440918
-9.64832878112793
-9.524663925170898
-9.5318021774292
-9.620705604553223
-9.592903137207031
-9.576678276062012
-9.635058403015137
-9.640522003173828
-9.574950218200684
-9.583157539367676
-9.64561653137207
-9.663081169128418
-9.66804027557373
-9.620989799499512
-9.675086975097656
-9.640095710754395
-9.57445240020752
-9.527789115905762
-9.622385025024414
-9.624853134155273
-9.614872932434082
-9.632902145385742
-9.642644882202148
-9.623258590698242
-9.646552085876465
-9.61671257019043
-9.592015266418457
-9.627264976501465
-9.604487419128418
-9.581472396850586
-9.450176239013672
-9.644339561462402
-9.677671432495117
-9.483473777770996
-9.478315353393555
-9.6682710647583
-9.54810905456543
-9.533541679382324
-9.660360336303711
-9.5000581741333
-9.500444412231445
-9.607154846191406
-9.361115455627441
-9.625179290771484
-9.586236000061035
-9.431316375732422
-9.596431732177734
-9.566413879394531
-9.4199800491333
-9.666081428527832
-9.533571243286133
-9.513602256774902
-9.648077011108398
-9.53214168548584
-9.487849235534668
-9.632781028747559
-9.57325267791748
-9.504864692687988
-9.628791809082031
-9.64536190032959
-9.591543197631836
-9.602622032165527
-9.61188793182373
-9.621988296508789
-9.610274314880371
-9.492570877075195
-9.598162651062012
-9.658124923706055
-9.627107620239258
-9.569632530212402
-9.518013000488281
-9.634688377380371
-9.636059761047363
-9.612607955932617
-9.654020309448242
-9.636655807495117
-9.581770896911621
-9.616106033325195
-9.648383140563965
-9.61546516418457
-9.616825103759766
-9.66757869720459
-9.696524620056152
-9.641749382019043
-9.671710014343262
-9.638148307800293
-9.673421859741211
-9.612165451049805
-9.669041633605957
-9.612337112426758
-9.647890090942383
-9.650749206542969
-9.669793128967285
-9.661499977111816
-9.634620666503906
-9.629338264465332
-9.688200950622559
-9.642022132873535
-9.59526538848877
-9.689539909362793
-9.657087326049805
-9.619131088256836
-9.620295524597168
-9.655983924865723
-9.645751953125
-9.678913116455078
-9.690591812133789
-9.659808158874512
-9.656144142150879
-9.667459487915039
-9.674652099609375
-9.686722755432129
-9.678132057189941
-9.647544860839844
-9.684648513793945
-9.684243202209473
-9.670181274414062
-9.66871166229248
-9.659314155578613
-9.626487731933594
-9.689629554748535
-9.638301849365234
-9.589091300964355
-9.64611530303955
-9.661803245544434
-9.674544334411621
-9.635663032531738
-9.625147819519043
-9.701172828674316
-9.649958610534668
-9.57956600189209
-9.627488136291504
-9.623680114746094
-9.613543510437012
-9.627503395080566
-9.659747123718262
-9.639089584350586
-9.580729484558105
-9.603976249694824
-9.686253547668457
-9.631613731384277
-9.57796573638916
-9.643853187561035
-9.629864692687988
-9.578848838806152
-9.567593574523926
-9.669066429138184
-9.64873218536377
-9.578492164611816
-9.610528945922852
-9.706305503845215
-9.54466438293457
-9.576155662536621
-9.647812843322754
-9.667717933654785
-9.649297714233398
-9.602933883666992
-9.631241798400879
-9.663897514343262
-9.673851013183594
-9.655582427978516
-9.550260543823242
-9.630524635314941
-9.654254913330078
-9.652872085571289
-9.566004753112793
-9.615161895751953
-9.6719388961792
-9.636335372924805
-9.545157432556152
-9.619935035705566
-9.648813247680664
-9.636519432067871
-9.634628295898438
-9.682343482971191
-9.667902946472168
-9.620457649230957
-9.573606491088867
-9.654611587524414
-9.675086975097656
-9.68099308013916
-9.61726188659668
-9.68033504486084
-9.57259750366211
-9.5844144821167
-9.668132781982422
-9.591309547424316
-9.586088180541992
-9.672412872314453
-9.655861854553223
-9.608572006225586
-9.685343742370605
-9.692638397216797
-9.637619018554688
-9.604257583618164
-9.649312019348145
-9.698814392089844
-9.63377857208252
-9.606677055358887
-9.651615142822266
-9.677464485168457
-9.660792350769043
-9.578706741333008
-9.612767219543457
-9.705206871032715
-9.674494743347168
-9.610541343688965
-9.604103088378906
-9.654646873474121
-9.663326263427734
-9.595125198364258
-9.618807792663574
-9.680699348449707
-9.697015762329102
-9.638895988464355
-9.632928848266602
-9.670613288879395
-9.663744926452637
-9.70956802368164
-9.65749454498291
-9.655932426452637
-9.668006896972656
-9.677547454833984
-9.65003776550293
-9.665364265441895
-9.690080642700195
-9.675966262817383
-9.698636054992676
-9.70093059539795
-9.676664352416992
-9.683748245239258
-9.667261123657227
-9.667927742004395
-9.695639610290527
-9.677216529846191
-9.661046981811523
-9.666535377502441
-9.661042213439941
-9.665282249450684
-9.709956169128418
-9.653977394104004
-9.701435089111328
-9.704307556152344
-9.661309242248535
-9.645463943481445
-9.555486679077148
-9.638891220092773
-9.671192169189453
-9.660772323608398
-9.643460273742676
-9.648416519165039
-9.655496597290039
-9.722664833068848
-9.615888595581055
-9.586679458618164
-9.635254859924316
-9.70970630645752
-9.676399230957031
-9.702291488647461
-9.696255683898926
-9.669547080993652
-9.647518157958984
-9.701457977294922
-9.686534881591797
-9.67129135131836
-9.672743797302246
-9.661555290222168
-9.657129287719727
-9.68282413482666
-9.682587623596191
-9.673835754394531
-9.715591430664062
-9.727322578430176
-9.708023071289062
-9.724841117858887
-9.684255599975586
-9.68936538696289
-9.680373191833496
-9.670790672302246
-9.715103149414062
-9.604558944702148
-9.540375709533691
-9.615043640136719
-9.685797691345215
-9.65710163116455
-9.536410331726074
-9.646581649780273
-9.675546646118164
-9.630282402038574
-9.652006149291992
-9.657709121704102
-9.67978572845459
-9.70152473449707
-9.703520774841309
-9.675045013427734
-9.707328796386719
-9.689702033996582
-9.68598747253418
-9.68723201751709
-9.678838729858398
-9.672430992126465
-9.694242477416992
-9.689258575439453
-9.682785034179688
-9.685961723327637
-9.707684516906738
-9.681952476501465
-9.695147514343262
-9.68215560913086
-9.687166213989258
-9.623695373535156
-9.668309211730957
-9.64640998840332
-9.691726684570312
-9.711864471435547
-9.735549926757812
-9.685966491699219
-9.734058380126953
-9.691359519958496
-9.652202606201172
-9.65390396118164
-9.684453964233398
-9.68980884552002
-9.679491996765137
-9.690816879272461
-9.711803436279297
-9.685856819152832
-9.694122314453125
-9.688228607177734
-9.731163024902344
-9.685476303100586
-9.666502952575684
-9.712038040161133
-9.714219093322754
-9.653665542602539
-9.582076072692871
-9.620172500610352
-9.697529792785645
-9.723272323608398
-9.717039108276367
-9.660439491271973
-9.601892471313477
-9.689875602722168
-9.698662757873535
-9.680787086486816
-9.622825622558594
-9.64437484741211
-9.68421459197998
-9.720440864562988
-9.668047904968262
-9.687525749206543
-9.683621406555176
-9.646489143371582
-9.644700050354004
-9.697108268737793
-9.700662612915039
-9.70635986328125
-9.696563720703125
-9.616084098815918
-9.579964637756348
-9.703301429748535
-9.720370292663574
-9.64655590057373
-9.603524208068848
-9.662683486938477
-9.735315322875977
-9.66671371459961
-9.594740867614746
-9.624364852905273
-9.701613426208496
-9.719352722167969
-9.724207878112793
-9.658950805664062
-9.715094566345215
-9.684303283691406
-9.651847839355469
-9.621206283569336
-9.645708084106445
-9.670015335083008
-9.617338180541992
-9.60272216796875
-9.686843872070312
-9.740666389465332
-9.680072784423828
-9.720356941223145
-9.708739280700684
-9.643738746643066
-9.674637794494629
-9.683605194091797
-9.715340614318848
-9.735586166381836
-9.688294410705566
-9.683732032775879
-9.722686767578125
-9.703561782836914
-9.679242134094238
-9.642057418823242
-9.680044174194336
-9.689108848571777
-9.70295238494873
-9.713698387145996
-9.691593170166016
-9.6791410446167
-9.683330535888672
-9.683381080627441
-9.706518173217773
-9.712267875671387
-9.622764587402344
-9.586074829101562
-9.633955001831055
-9.69329833984375
-9.710319519042969
-9.673036575317383
-9.598474502563477
-9.564573287963867
-9.673235893249512
-9.726829528808594
-9.696026802062988
-9.668910026550293
-9.688714027404785
-9.728924751281738
-9.705374717712402
-9.711324691772461
-9.677436828613281
-9.690321922302246
-9.740435600280762
-9.73478889465332
-9.709671974182129
-9.67021656036377
-9.694380760192871
-9.738936424255371
-9.697275161743164
-9.621668815612793
-9.705110549926758
-9.70248031616211
-9.704465866088867
-9.687352180480957
-9.678607940673828
-9.711751937866211
-9.680399894714355
-9.6220703125
-9.61498737335205
-9.715932846069336
-9.717385292053223
-9.711071968078613
-9.694475173950195
-9.638447761535645
-9.675909042358398
-9.702027320861816
-9.709222793579102
-9.712567329406738
-9.712762832641602
-9.674132347106934
-9.724345207214355
-9.72136116027832
-9.6944580078125
-9.683156967163086
-9.67892074584961
-9.72449016571045
-9.738383293151855
-9.714973449707031
-9.679859161376953
-9.669638633728027
-9.717967987060547
-9.73137378692627
-9.726147651672363
-9.721179008483887
-9.684450149536133
-9.660955429077148
-9.673181533813477
-9.70802116394043
-9.687928199768066
-9.6651029586792
-9.62027359008789
-9.692437171936035
-9.735557556152344
-9.691452980041504
-9.607977867126465
-9.627408981323242
-9.706664085388184
-9.693248748779297
-9.720412254333496
-9.72689151763916
-9.714616775512695
-9.695859909057617
-9.739581108093262
-9.666977882385254
-9.643836975097656
-9.62777042388916
-9.69494915008545
-9.741209983825684
-9.705521583557129
-9.63368034362793
-9.649978637695312
-9.696614265441895
-9.715408325195312
-9.6533842086792
-9.642829895019531
-9.722310066223145
-9.719401359558105
-9.685494422912598
-9.552812576293945
-9.671238899230957
-9.676928520202637
-9.674463272094727
-9.673222541809082
-9.680643081665039
-9.715229034423828
-9.742472648620605
-9.714463233947754
-9.721245765686035
-9.687726020812988
-9.654994010925293
-9.708874702453613
-9.714520454406738
