loss_v
-3.1204700469970703
-3.163550853729248
-3.193952798843384
-3.3209173679351807
-3.230787515640259
-3.285087823867798
-3.2545950412750244
-3.291886568069458
-3.328460216522217
-3.359203577041626
-3.297576427459717
-3.4017605781555176
-3.3676247596740723
-3.3830020427703857
-3.3968398571014404
-3.4665393829345703
-3.5084035396575928
-3.441103935241699
-3.4021074771881104
-3.5285160541534424
-3.59346079826355
-3.6135950088500977
-3.5555667877197266
-3.646183729171753
-3.6136109828948975
-3.673999786376953
-3.6018450260162354
-3.6904141902923584
-3.6623644828796387
-3.754450559616089
-3.857100486755371
-3.9063899517059326
-3.9162185192108154
-4.013491630554199
-3.992405891418457
-4.106942176818848
-4.092411041259766
-4.462657451629639
-4.589824676513672
-4.438885688781738
-4.8425068855285645
-4.9267473220825195
-5.506161689758301
-5.296284198760986
-5.4855427742004395
-5.4496660232543945
-5.047425746917725
-5.0401177406311035
-5.420693397521973
-5.59428071975708
-5.638422966003418
-5.8109259605407715
-5.738411903381348
-5.696387767791748
-5.815848350524902
-5.47875452041626
-5.884692192077637
-5.8456854820251465
-5.908869743347168
-6.187498569488525
-6.008801460266113
-5.945621967315674
-6.094694137573242
-6.030014514923096
-6.197506427764893
-6.262759685516357
-6.214963912963867
-6.288338661193848
-6.4028520584106445
-6.346032619476318
-6.381808757781982
-6.584275722503662
-6.4780354499816895
-6.514072418212891
-6.46583890914917
-6.635290622711182
-6.690237998962402
-6.616438865661621
-6.711465835571289
-6.727700710296631
-6.639228343963623
-6.7132391929626465
-6.763148784637451
-6.920169353485107
-7.042352676391602
-6.887516975402832
-6.937169551849365
-7.072418689727783
-6.919836521148682
-7.104790687561035
-7.170464515686035
-7.278120040893555
-7.220257759094238
-7.421435356140137
-7.328524589538574
-7.411342144012451
-7.288796901702881
-7.286602020263672
-7.428020477294922
-7.48110294342041
-7.592413425445557
-7.588890552520752
-7.6102986335754395
-7.647947311401367
-7.604642868041992
-7.716973781585693
-7.783237457275391
-7.841750144958496
-7.838411808013916
-7.849828720092773
-7.985295295715332
-7.969764232635498
-8.04971694946289
-8.066425323486328
-8.085668563842773
-8.102662086486816
-8.153252601623535
-8.176759719848633
-8.192224502563477
-8.215898513793945
-8.22554874420166
-8.213165283203125
-8.235366821289062
-8.21451187133789
-8.316154479980469
-8.298051834106445
-8.324978828430176
-8.381464958190918
-8.396368026733398
-8.42652702331543
-8.404611587524414
-8.497161865234375
-8.433333396911621
-8.55616569519043
-8.546165466308594
-8.692137718200684
-8.69369125366211
-8.767969131469727
-8.761354446411133
-8.885278701782227
-8.89823055267334
-8.777947425842285
-8.94163990020752
-8.964407920837402
-9.103532791137695
-9.04658031463623
-9.230233192443848
-9.128729820251465
-9.291858673095703
-9.350126266479492
-9.308956146240234
-9.455696105957031
-9.502579689025879
-9.559968948364258
-9.173025131225586
-9.609240531921387
-9.575301170349121
-9.621708869934082
-9.33080005645752
-9.666953086853027
-9.358147621154785
-9.693014144897461
-9.543150901794434
-9.660313606262207
-9.634371757507324
-9.612071990966797
-9.732108116149902
-9.706430435180664
-9.647093772888184
-9.688477516174316
-9.746293067932129
-9.667032241821289
-9.746538162231445
-9.802401542663574
-9.800529479980469
-9.743488311767578
-9.80855655670166
-9.765541076660156
-9.70552921295166
-9.839627265930176
-9.669697761535645
-9.874772071838379
-9.806034088134766
-9.859057426452637
-9.813549995422363
-9.743792533874512
-9.779206275939941
-9.733893394470215
-9.917447090148926
-9.765141487121582
-9.912363052368164
-9.86129093170166
-9.947834968566895
-9.989120483398438
-9.894501686096191
-9.972393989562988
-9.941828727722168
-9.930338859558105
-9.922765731811523
-9.909324645996094
-10.049580574035645
-9.98665714263916
-9.968761444091797
-9.932217597961426
-9.914254188537598
-9.997108459472656
-9.9699125289917
-10.023781776428223
-10.00975513458252
-9.99586296081543
-10.051309585571289
-10.040665626525879
-10.040268898010254
-10.088150978088379
-10.068633079528809
-10.057966232299805
-10.048378944396973
-10.053022384643555
-10.04814338684082
-10.05254077911377
-10.058904647827148
-10.074532508850098
-10.068289756774902
-9.998250007629395
-10.142022132873535
-9.951495170593262
-10.095438003540039
-10.102389335632324
-9.935920715332031
-10.162660598754883
-9.957340240478516
-10.138314247131348
-10.037053108215332
-10.16091537475586
-10.251543045043945
-9.888755798339844
-9.51728343963623
-9.984023094177246
-9.097755432128906
-9.093719482421875
-10.220479011535645
-9.51439094543457
-10.176624298095703
-9.398588180541992
-9.50533390045166
-9.967320442199707
-9.724889755249023
-10.210352897644043
-9.808392524719238
-10.272477149963379
-9.924510955810547
-10.245854377746582
-10.016777038574219
-10.253714561462402
-10.045245170593262
-10.091720581054688
-10.109969139099121
-10.089803695678711
-10.168663024902344
-10.14384651184082
-10.216808319091797
-10.130367279052734
-10.237824440002441
-10.224122047424316
-10.267200469970703
-10.368430137634277
-10.281704902648926
-10.324089050292969
-10.358490943908691
-10.292227745056152
-10.37364673614502
-10.352574348449707
-10.358842849731445
-10.34975528717041
-10.30844783782959
-10.402722358703613
-10.280795097351074
-10.36899471282959
-10.380264282226562
-10.377161979675293
-10.315982818603516
-10.392763137817383
-10.430804252624512
-10.377644538879395
-10.412580490112305
-10.412132263183594
-10.459098815917969
-10.411797523498535
-10.368736267089844
-10.443115234375
-10.495246887207031
-10.446840286254883
-10.488121032714844
-10.395000457763672
-10.452692031860352
-10.45073127746582
-10.461695671081543
-10.401594161987305
-10.3999605178833
-10.451522827148438
-10.48830795288086
-10.513479232788086
-10.506028175354004
-10.52112865447998
-10.533218383789062
-10.479108810424805
-10.495467185974121
-10.465673446655273
-10.520438194274902
-10.50728702545166
-10.441032409667969
-10.401857376098633
-10.503058433532715
-10.554962158203125
-10.440303802490234
-10.491329193115234
-10.462124824523926
-10.577278137207031
-10.460919380187988
-10.427512168884277
-10.55880355834961
-10.563386917114258
-10.524447441101074
-10.508650779724121
-10.587103843688965
-10.538461685180664
-10.45797348022461
-10.631989479064941
-10.646783828735352
-10.479997634887695
-10.582294464111328
-10.611161231994629
-10.561406135559082
-10.630915641784668
-10.636246681213379
-10.661198616027832
-10.61398983001709
-10.62966251373291
-10.65114974975586
-10.63439655303955
-10.637219429016113
-10.611640930175781
-10.610889434814453
-10.589262008666992
-10.622133255004883
-10.700246810913086
-10.703691482543945
-10.673445701599121
-10.671459197998047
-10.60622501373291
-10.693778991699219
-10.67516040802002
-10.646318435668945
-10.594035148620605
-10.623316764831543
-10.70335578918457
-10.694156646728516
-10.688376426696777
-10.68851375579834
-10.696715354919434
-10.725151062011719
-10.622563362121582
-10.702030181884766
-10.707380294799805
-10.707123756408691
-10.686921119689941
-10.637391090393066
-10.684639930725098
-10.712973594665527
-10.620182037353516
-10.668461799621582
-10.657301902770996
-10.707292556762695
-10.671955108642578
-10.783530235290527
-10.725471496582031
-10.73676586151123
-10.727348327636719
-10.751832962036133
-10.725584030151367
-10.75046157836914
-10.695052146911621
-10.689513206481934
-10.776436805725098
-10.772138595581055
-10.796177864074707
-10.764183044433594
-10.781700134277344
-10.779387474060059
-10.723224639892578
-10.749258041381836
-10.765198707580566
-10.73009967803955
-10.753304481506348
-10.772626876831055
-10.74357795715332
-10.760729789733887
-10.809576034545898
-10.803522109985352
-10.820642471313477
-10.835086822509766
-10.78375244140625
-10.69168472290039
-10.641839981079102
-10.737787246704102
-10.760260581970215
-10.823673248291016
-10.786816596984863
-10.80456829071045
-10.734391212463379
-10.720873832702637
-10.816438674926758
-10.770185470581055
-10.812519073486328
-10.831039428710938
-10.81934642791748
-10.818440437316895
-10.801668167114258
-10.886054992675781
-10.801615715026855
-10.851323127746582
-10.784465789794922
-10.816719055175781
-10.749780654907227
-10.764951705932617
-10.803590774536133
-10.887588500976562
-10.816268920898438
-10.833028793334961
-10.880427360534668
-10.877041816711426
-10.827823638916016
-10.837078094482422
-10.82132339477539
-10.761820793151855
-10.714886665344238
-10.857540130615234
-10.866463661193848
-10.845766067504883
-10.847146034240723
-10.897844314575195
-10.89786148071289
-10.917717933654785
-10.84472370147705
-10.88473129272461
-10.845809936523438
-10.815868377685547
-10.829062461853027
-10.786925315856934
-10.84797477722168
-10.923895835876465
-10.882006645202637
-10.86965560913086
-10.855591773986816
-10.825870513916016
-10.87869930267334
-10.88088607788086
-10.865934371948242
-10.881346702575684
-10.888172149658203
-10.83572769165039
-10.887333869934082
-10.920971870422363
-10.941292762756348
-10.905135154724121
-10.893308639526367
-10.83988094329834
-10.869319915771484
-10.959543228149414
-10.903916358947754
-10.925765991210938
-10.849886894226074
-10.837624549865723
-10.872785568237305
-10.90278148651123
-10.950091361999512
-10.960592269897461
-10.875908851623535
-10.869749069213867
-10.79964828491211
-10.930797576904297
-10.961138725280762
-10.933623313903809
-10.913254737854004
-10.774388313293457
-10.878722190856934
-10.964706420898438
-10.968062400817871
-10.939665794372559
-10.899221420288086
-10.891481399536133
-10.982109069824219
-10.942339897155762
-10.950458526611328
-10.918761253356934
-10.860206604003906
-10.838263511657715
-10.875914573669434
-11.006526947021484
-10.930907249450684
-10.904979705810547
-10.907949447631836
-10.854169845581055
-10.94930362701416
-11.005399703979492
-10.911813735961914
-10.885202407836914
-10.882980346679688
-11.008491516113281
-10.935667991638184
-10.948922157287598
-10.893548965454102
-10.913484573364258
-10.953980445861816
-11.014753341674805
-10.987449645996094
-10.965536117553711
-10.962302207946777
-10.95676040649414
-10.989991188049316
-11.014520645141602
-10.981103897094727
-10.991277694702148
-11.000907897949219
-11.021340370178223
-11.016324996948242
-10.940146446228027
-10.951722145080566
-10.994027137756348
-10.960055351257324
-10.976499557495117
-10.997564315795898
-10.99436092376709
-10.993841171264648
-11.00850772857666
-10.960684776306152
-11.007658004760742
-11.002501487731934
-10.99372673034668
-11.038230895996094
-10.990217208862305
-10.958884239196777
-10.986034393310547
-11.013669967651367
-11.012415885925293
-11.039266586303711
-11.014823913574219
-11.022444725036621
-10.97840690612793
-10.965542793273926
-10.966032981872559
-10.957437515258789
-11.042552947998047
-11.000027656555176
-11.021454811096191
-11.012774467468262
-11.054376602172852
-11.043828010559082
-11.081205368041992
-11.042729377746582
-11.038931846618652
-11.033486366271973
-11.017240524291992
-10.936527252197266
-10.928300857543945
-11.03665828704834
-11.033300399780273
-11.062138557434082
-11.063145637512207
-10.988600730895996
-10.97812271118164
-11.011530876159668
-11.015756607055664
-11.07874870300293
-11.05562973022461
-11.045385360717773
-11.073784828186035
-11.050756454467773
-10.936881065368652
-11.020858764648438
-10.961363792419434
-11.026493072509766
-11.071675300598145
-11.06442642211914
-10.987781524658203
-11.00933837890625
-11.058034896850586
-11.038741111755371
-11.104387283325195
-11.057114601135254
-11.068503379821777
-11.041078567504883
-11.075246810913086
-11.034404754638672
-10.932854652404785
-10.933943748474121
-11.058027267456055
-11.06844711303711
-11.085457801818848
-11.082572937011719
-11.050283432006836
-10.985196113586426
-10.960172653198242
-11.058303833007812
-11.064011573791504
-11.078546524047852
-10.9653902053833
-10.946968078613281
-10.9606351852417
-11.101527214050293
-11.085437774658203
-10.992234230041504
-11.050232887268066
-11.081680297851562
-11.112787246704102
-11.062457084655762
-11.07715129852295
-11.071233749389648
-11.044909477233887
-10.98819637298584
-11.091897010803223
-11.060515403747559
-11.063332557678223
-11.06869888305664
-11.102896690368652
-11.07717227935791
-11.09791374206543
-11.107349395751953
-11.09826946258545
-11.060114860534668
-11.061652183532715
-11.09665584564209
-11.080516815185547
-11.017801284790039
-11.040389060974121
-11.085587501525879
-11.117417335510254
-10.989215850830078
-10.985193252563477
-11.033426284790039
-11.116557121276855
-11.112727165222168
-11.07637882232666
-11.039297103881836
-11.028324127197266
-11.105589866638184
-11.10593318939209
-11.117281913757324
-11.121285438537598
-11.096980094909668
-11.094047546386719
-11.095160484313965
-11.071380615234375
-11.129607200622559
-11.106212615966797
-11.112798690795898
-11.106986045837402
-11.112343788146973
-11.095483779907227
-11.108125686645508
-11.086836814880371
-11.140491485595703
-11.1165132522583
-11.089757919311523
-11.122941017150879
-11.139739990234375
-11.132118225097656
-11.10844898223877
-11.057768821716309
-11.032207489013672
-11.040440559387207
-11.130537033081055
-11.113553047180176
-11.149118423461914
-11.13440227508545
-11.119890213012695
-11.129618644714355
-11.108893394470215
-11.058738708496094
-11.056693077087402
-11.08556842803955
-11.1379976272583
-11.139178276062012
-11.129572868347168
-11.139375686645508
-11.13088607788086
-11.106880187988281
-11.099326133728027
-11.089049339294434
-11.06275749206543
-11.084179878234863
-11.149497985839844
-11.14781665802002
-11.138300895690918
-11.16544246673584
-11.157282829284668
-11.115106582641602
-11.147944450378418
-11.101798057556152
-11.161392211914062
-11.167723655700684
-11.143628120422363
-11.15256404876709
-11.14487361907959
-11.122725486755371
-11.13343620300293
-11.084473609924316
-11.047521591186523
-11.060567855834961
-11.116107940673828
-11.145658493041992
-11.149942398071289
-11.065864562988281
-11.018010139465332
-11.040521621704102
-11.07517147064209
-11.146505355834961
-11.171895980834961
-11.144779205322266
-11.14201545715332
-11.106658935546875
-11.055154800415039
-11.055004119873047
-11.125575065612793
-11.155643463134766
-11.14755916595459
-11.138282775878906
-11.086440086364746
-11.051101684570312
-11.097972869873047
-11.160371780395508
-11.166625022888184
-11.156810760498047
-11.109725952148438
-11.0753173828125
-11.096087455749512
-11.141688346862793
-11.148517608642578
-11.158041000366211
-11.141462326049805
-11.118821144104004
-11.123111724853516
-11.132832527160645
-11.147513389587402
-11.165096282958984
-11.161547660827637
-11.179250717163086
-11.164616584777832
-11.148253440856934
-11.144360542297363
-11.158775329589844
-11.186613082885742
-11.178736686706543
-11.130054473876953
-11.104430198669434
-11.111617088317871
-11.151457786560059
-11.148760795593262
-11.179537773132324
-11.180642127990723
-11.168113708496094
-11.142452239990234
-11.12291145324707
-11.134580612182617
-11.144926071166992
-11.158907890319824
-11.198314666748047
-11.18292236328125
-11.18521785736084
-11.137954711914062
-11.127541542053223
-11.102404594421387
-11.089282035827637
-11.120975494384766
-11.180529594421387
-11.208490371704102
-11.176431655883789
-11.125248908996582
-11.107903480529785
-11.117205619812012
-11.16826057434082
-11.182404518127441
-11.179367065429688
-11.193058967590332
-11.198370933532715
-11.191388130187988
-11.20313835144043
-11.1959810256958
-11.192972183227539
-11.220540046691895
-11.186097145080566
-11.193181037902832
-11.192049026489258
-11.205301284790039
-11.180581092834473
-11.158689498901367
-11.121561050415039
-11.113597869873047
-11.13390827178955
-11.169042587280273
-11.19388484954834
-11.189908027648926
-11.182480812072754
-11.183182716369629
-11.18682861328125
-11.165907859802246
-11.168927192687988
-11.157689094543457
-11.158546447753906
-11.189291954040527
-11.160831451416016
-11.200728416442871
-11.209291458129883
-11.189486503601074
-11.189149856567383
-11.172836303710938
-11.173752784729004
-11.169743537902832
-11.18198013305664
-11.194968223571777
-11.199458122253418
-11.207984924316406
-11.205766677856445
-11.19465160369873
-11.139791488647461
-11.09958553314209
-11.08029556274414
-11.166683197021484
-11.199433326721191
-11.181692123413086
-11.186786651611328
-11.170218467712402
-11.175710678100586
-11.199689865112305
-11.190714836120605
-11.212390899658203
-11.221680641174316
-11.22428035736084
-11.203043937683105
-11.205931663513184
-11.168731689453125
-11.116690635681152
-11.1478910446167
-11.166348457336426
-11.210264205932617
-11.223528861999512
-11.19486141204834
-11.135595321655273
-11.103657722473145
-11.136244773864746
-11.186163902282715
-11.21023941040039
-11.203680992126465
-11.206363677978516
-11.205982208251953
-11.16788101196289
-11.123254776000977
-11.15198802947998
-11.198142051696777
-11.215361595153809
-11.20218563079834
-11.131556510925293
-11.106061935424805
-11.146586418151855
-11.194823265075684
-11.216414451599121
-11.222705841064453
-11.200285911560059
-11.168235778808594
-11.160492897033691
-11.180928230285645
-11.218927383422852
-11.21181869506836
-11.176097869873047
-11.103654861450195
-11.077157020568848
-11.204848289489746
-11.20846939086914
-11.196599960327148
-11.137999534606934
-11.112358093261719
-11.182706832885742
-11.232626914978027
-11.21220588684082
-11.17943000793457
-11.140862464904785
-11.130178451538086
-11.16911506652832
-11.234840393066406
-11.213212966918945
-11.167929649353027
-11.119071006774902
-11.185504913330078
-11.230307579040527
-11.2272310256958
-11.20888614654541
-11.202859878540039
-11.199356079101562
-11.18102741241455
-11.184900283813477
-11.200604438781738
-11.222318649291992
-11.229427337646484
-11.221571922302246
-11.234862327575684
-11.225020408630371
-11.242012977600098
-11.235967636108398
-11.233546257019043
-11.236346244812012
-11.20131778717041
-11.208452224731445
-11.222740173339844
-11.235793113708496
-11.222634315490723
-11.239603996276855
-11.253082275390625
-11.24258804321289
-11.226319313049316
-11.215412139892578
-11.226129531860352
-11.232196807861328
-11.211457252502441
-11.240073204040527
-11.244500160217285
-11.237922668457031
-11.235148429870605
-11.22624683380127
-11.231258392333984
-11.227684020996094
-11.211261749267578
-11.20150089263916
-11.200945854187012
-11.218729019165039
-11.236075401306152
-11.247699737548828
-11.223308563232422
-11.19083309173584
-11.164079666137695
-11.190923690795898
-11.22384262084961
-11.254914283752441
-11.255365371704102
-11.247573852539062
-11.207901954650879
-11.21354866027832
-11.171299934387207
-11.2193603515625
-11.24528694152832
-11.257315635681152
-11.242116928100586
-11.1919584274292
-11.200772285461426
-11.232233047485352
-11.211434364318848
-11.20432186126709
-11.219770431518555
-11.242612838745117
-11.247621536254883
-11.26113510131836
-11.264864921569824
-11.244595527648926
-11.261987686157227
-11.257545471191406
-11.22817325592041
-11.220795631408691
-11.221101760864258
-11.229016304016113
-11.228878021240234
-11.24067497253418
-11.237310409545898
-11.237090110778809
-11.255316734313965
-11.259940147399902
-11.281161308288574
-11.260137557983398
-11.2716064453125
-11.254111289978027
-11.249154090881348
-11.269906997680664
-11.258135795593262
-11.246371269226074
-11.275403022766113
-11.273150444030762
-11.271260261535645
-11.257220268249512
-11.239470481872559
-11.248353004455566
-11.271017074584961
-11.259614944458008
-11.263076782226562
-11.264436721801758
-11.26142692565918
-11.266958236694336
-11.269752502441406
-11.271708488464355
-11.24427604675293
-11.21178150177002
-11.156710624694824
-11.169726371765137
-11.207198143005371
-11.234976768493652
-11.26693344116211
-11.275282859802246
-11.276836395263672
-11.272477149963379
-11.256641387939453
-11.23122787475586
-11.173742294311523
-11.160743713378906
-11.193160057067871
-11.240785598754883
-11.257353782653809
-11.26742172241211
-11.27066421508789
-11.244383811950684
-11.204021453857422
-11.183764457702637
-11.220858573913574
-11.265310287475586
-11.270882606506348
-11.271649360656738
-11.239941596984863
-11.214568138122559
-11.17086124420166
-11.198131561279297
-11.201436996459961
-11.195903778076172
-11.233537673950195
-11.274603843688965
-11.255772590637207
-11.269758224487305
-11.268095970153809
-11.2772855758667
-11.279695510864258
-11.278596878051758
-11.272520065307617
-11.271278381347656
-11.278820037841797
-11.282604217529297
-11.280486106872559
-11.288888931274414
-11.28445816040039
-11.290218353271484
-11.276986122131348
-11.281548500061035
-11.283466339111328
-11.280954360961914
-11.252387046813965
-11.2091646194458
-11.176605224609375
-11.18989372253418
-11.233699798583984
-11.254661560058594
-11.269386291503906
-11.286128044128418
-11.280506134033203
-11.278351783752441
-11.280969619750977
-11.282418251037598
-11.287014961242676
-11.28416633605957
-11.257661819458008
-11.228506088256836
-11.206951141357422
-11.192267417907715
-11.205482482910156
-11.240192413330078
-11.261685371398926
-11.272774696350098
-11.27823543548584
-11.266487121582031
-11.26155948638916
-11.21006965637207
-11.230762481689453
-11.238142967224121
-11.253220558166504
-11.251830101013184
-11.229092597961426
-11.20360279083252
-11.233171463012695
-11.25019645690918
-11.262384414672852
-11.271622657775879
-11.273747444152832
-11.282819747924805
-11.285273551940918
-11.297882080078125
-11.28748607635498
-11.292363166809082
-11.294098854064941
-11.285653114318848
-11.269362449645996
-11.24416446685791
-11.21500015258789
-11.215266227722168
-11.23985767364502
-11.250825881958008
-11.261711120605469
-11.248770713806152
-11.258281707763672
-11.27649211883545
-11.27682876586914
-11.282678604125977
-11.278264999389648
-11.270925521850586
-11.26727294921875
-11.254630088806152
-11.237409591674805
-11.25052547454834
-11.27606201171875
-11.28177261352539
-11.284647941589355
-11.291383743286133
-11.267556190490723
-11.231300354003906
-11.208717346191406
-11.21035099029541
-11.247513771057129
-11.271198272705078
-11.278671264648438
-11.299477577209473
-11.30239486694336
-11.298741340637207
-11.276586532592773
-11.266094207763672
-11.226297378540039
-11.25395393371582
-11.270002365112305
-11.285703659057617
-11.304740905761719
-11.290099143981934
-11.297192573547363
-11.298834800720215
-11.301122665405273
-11.292495727539062
-11.28001880645752
-11.272995948791504
-11.266345977783203
-11.238544464111328
-11.242504119873047
-11.247868537902832
-11.262896537780762
-11.285481452941895
-11.29069709777832
-11.29227066040039
-11.307084083557129
-11.309298515319824
-11.288773536682129
-11.27819538116455
-11.24956226348877
-11.216192245483398
-11.214607238769531
-11.250626564025879
-11.291815757751465
-11.299729347229004
-11.29894733428955
-11.272705078125
-11.221114158630371
-11.192516326904297
-11.211691856384277
-11.24681568145752
-11.276971817016602
-11.297297477722168
-11.301077842712402
-11.306246757507324
-11.303058624267578
-11.295257568359375
-11.27818775177002
-11.287752151489258
-11.293885231018066
-11.287572860717773
-11.271742820739746
-11.267822265625
-11.255576133728027
-11.266916275024414
-11.26842212677002
-11.270641326904297
-11.274645805358887
-11.272387504577637
-11.280142784118652
-11.25715446472168
-11.258606910705566
-11.262721061706543
-11.252156257629395
-11.255942344665527
-11.262564659118652
-11.283085823059082
-11.303629875183105
-11.309076309204102
-11.295934677124023
-11.286876678466797
-11.274476051330566
-11.26351261138916
-11.278813362121582
-11.29103946685791
-11.309381484985352
-11.30956745147705
-11.296384811401367
-11.26976203918457
-11.249484062194824
-11.243505477905273
-11.27324390411377
-11.31029224395752
-11.298192024230957
-11.277166366577148
-11.22862434387207
-11.219270706176758
-11.246500968933105
-11.2664794921875
-11.300963401794434
-11.315380096435547
-11.309235572814941
-11.288710594177246
-11.248842239379883
-11.244187355041504
-11.241124153137207
-11.295811653137207
-11.31800651550293
-11.298349380493164
-11.261682510375977
-11.227100372314453
-11.234224319458008
-11.269076347351074
-11.297892570495605
-11.304357528686523
-11.312932014465332
-11.309114456176758
-11.285614967346191
-11.261292457580566
-11.237789154052734
-11.256298065185547
-11.288445472717285
-11.307284355163574
-11.319095611572266
-11.310077667236328
-11.284849166870117
-11.274715423583984
-11.26596450805664
-11.251986503601074
-11.270039558410645
-11.297849655151367
-11.30762004852295
-11.31007194519043
-11.307090759277344
-11.292193412780762
-11.28250503540039
-11.287103652954102
-11.291626930236816
-11.292683601379395
-11.2801513671875
-11.280795097351074
-11.26565933227539
-11.250227928161621
-11.253630638122559
-11.278274536132812
-11.313530921936035
-11.321662902832031
-11.307914733886719
-11.293654441833496
-11.269866943359375
-11.244100570678711
-11.256916999816895
-11.28173542022705
-11.299375534057617
-11.30660629272461
-11.311307907104492
-11.29582405090332
-11.255264282226562
-11.221916198730469
-11.243913650512695
-11.284172058105469
-11.30785083770752
-11.32326889038086
-11.32642650604248
-11.308128356933594
-11.281913757324219
-11.255454063415527
-11.257548332214355
-11.267879486083984
-11.300394058227539
-11.32342529296875
-11.32619571685791
-11.315973281860352
-11.3046875
-11.264887809753418
-11.239594459533691
-11.2534761428833
-11.287066459655762
-11.307842254638672
-11.311811447143555
-11.272479057312012
-11.216667175292969
-11.235754013061523
-11.283517837524414
-11.313342094421387
-11.325380325317383
-11.302474021911621
-11.274384498596191
-11.258635520935059
-11.27611255645752
-11.304010391235352
-11.319306373596191
-11.327932357788086
-11.313760757446289
-11.291423797607422
-11.268267631530762
-11.255099296569824
-11.299067497253418
-11.320854187011719
-11.32119083404541
-11.31093692779541
-11.277196884155273
-11.25699520111084
-11.268060684204102
-11.300475120544434
-11.3165922164917
-11.318388938903809
-11.289800643920898
-11.227849006652832
-11.235527038574219
-11.279112815856934
-11.317337036132812
-11.325350761413574
-11.328577995300293
-11.317283630371094
-11.322267532348633
-11.325352668762207
-11.327239036560059
-11.332160949707031
-11.327285766601562
-11.316426277160645
-11.315972328186035
-11.30736255645752
-11.301830291748047
-11.296294212341309
-11.31145191192627
-11.305155754089355
-11.31170654296875
-11.311629295349121
-11.29737377166748
-11.289290428161621
-11.30312728881836
-11.314373970031738
-11.31969928741455
-11.329304695129395
-11.324520111083984
-11.335467338562012
-11.320696830749512
-11.31656265258789
-11.325165748596191
-11.321662902832031
-11.331372261047363
-11.32786750793457
-11.326820373535156
-11.327702522277832
-11.326555252075195
-11.328516006469727
-11.32536792755127
-11.311842918395996
-11.304483413696289
-11.288561820983887
-11.273945808410645
-11.271160125732422
-11.288045883178711
-11.301247596740723
-11.324586868286133
-11.317272186279297
-11.33212947845459
-11.327119827270508
-11.310111999511719
-11.292683601379395
-11.274176597595215
-11.28805923461914
-11.30330753326416
-11.318737983703613
-11.311604499816895
-11.308343887329102
-11.296320915222168
-11.295023918151855
-11.284109115600586
-11.281916618347168
-11.280441284179688
-11.289360046386719
-11.296239852905273
-11.316880226135254
-11.321558952331543
-11.332256317138672
-11.320727348327637
-11.31247615814209
-11.291299819946289
-11.283187866210938
-11.28654956817627
-11.304506301879883
-11.295628547668457
-11.302119255065918
-11.315458297729492
-11.324241638183594
-11.325565338134766
-11.330994606018066
-11.337897300720215
-11.333410263061523
-11.333518981933594
-11.33558464050293
-11.335555076599121
-11.330928802490234
-11.340292930603027
-11.328458786010742
-11.321946144104004
-11.308945655822754
-11.287744522094727
-11.27070426940918
-11.276199340820312
-11.305493354797363
-11.321491241455078
-11.32848072052002
-11.331791877746582
-11.329487800598145
-11.338200569152832
-11.328900337219238
-11.33403491973877
-11.331804275512695
-11.322896003723145
-11.312912940979004
-11.28699779510498
-11.284371376037598
-11.298538208007812
-11.307122230529785
-11.321772575378418
-11.327553749084473
-11.33586311340332
-11.330832481384277
-11.336637496948242
-11.339250564575195
-11.319677352905273
-11.298308372497559
-11.286466598510742
-11.274863243103027
-11.288442611694336
-11.311100959777832
-11.32809829711914
-11.337575912475586
-11.34142017364502
-11.333085060119629
-11.338081359863281
-11.339695930480957
-11.335657119750977
-11.334134101867676
-11.335795402526855
-11.339329719543457
-11.334795951843262
-11.324640274047852
-11.329812049865723
-11.324614524841309
-11.337449073791504
-11.335516929626465
-11.330744743347168
-11.33026123046875
-11.32738971710205
-11.31922721862793
-11.323728561401367
-11.3209810256958
-11.318724632263184
-11.308478355407715
-11.297796249389648
-11.28477954864502
-11.297195434570312
-11.30732536315918
-11.305869102478027
-11.317508697509766
-11.314738273620605
-11.327073097229004
-11.329120635986328
-11.328193664550781
-11.3140230178833
-11.282160758972168
-11.229968070983887
-11.255424499511719
-11.29594612121582
-11.327374458312988
-11.339227676391602
-11.346748352050781
-11.326026916503906
-11.29675579071045
-11.266541481018066
-11.223389625549316
-11.255623817443848
-11.302688598632812
-11.33862590789795
-11.33088493347168
-11.290816307067871
-11.247858047485352
-11.236087799072266
-11.27698802947998
-11.302958488464355
-11.330248832702637
-11.34066104888916
-11.337841033935547
-11.344958305358887
-11.340010643005371
-11.340963363647461
-11.337915420532227
-11.327256202697754
-11.327068328857422
-11.315211296081543
-11.2998628616333
-11.29526424407959
-11.30349063873291
-11.309727668762207
-11.308265686035156
-11.311101913452148
-11.32114028930664
-11.32884693145752
-11.322550773620605
-11.325084686279297
-11.30731201171875
-11.302059173583984
-11.29820728302002
-11.300158500671387
-11.32263469696045
-11.321867942810059
-11.313756942749023
-11.311517715454102
-11.32312297821045
-11.338980674743652
-11.33425235748291
-11.317527770996094
-11.29228687286377
-11.266281127929688
-11.271564483642578
-11.294812202453613
-11.318984031677246
-11.316672325134277
-11.32586669921875
-11.335257530212402
-11.33719253540039
-11.340575218200684
-11.342066764831543
-11.339006423950195
-11.341543197631836
-11.330000877380371
-11.331252098083496
-11.330606460571289
-11.325159072875977
-11.324678421020508
-11.32222843170166
-11.313006401062012
-11.285284042358398
-11.291525840759277
-11.300965309143066
-11.308843612670898
-11.317980766296387
-11.339187622070312
-11.340398788452148
-11.340255737304688
-11.337911605834961
-11.330608367919922
-11.318973541259766
-11.319679260253906
-11.322785377502441
-11.316675186157227
-11.289482116699219
-11.275164604187012
-11.272818565368652
-11.284393310546875
-11.304742813110352
-11.325883865356445
-11.33987808227539
-11.343242645263672
-11.32186508178711
-11.27238941192627
-11.249268531799316
-11.281562805175781
-11.331865310668945
-11.341773986816406
-11.324920654296875
-11.276036262512207
-11.231715202331543
-11.26700496673584
-11.309248924255371
-11.338247299194336
-11.336529731750488
-11.322714805603027
-11.275799751281738
-11.253425598144531
-11.277676582336426
-11.314918518066406
-11.33617115020752
-11.345293998718262
-11.3348388671875
-11.316144943237305
-11.29666805267334
-11.292076110839844
-11.292560577392578
-11.313032150268555
-11.330548286437988
-11.344842910766602
-11.348196983337402
-11.346176147460938
-11.332427024841309
-11.299973487854004
-11.270150184631348
-11.277885437011719
-11.315420150756836
-11.337470054626465
-11.34702205657959
-11.344261169433594
-11.33430004119873
-11.318527221679688
-11.30885124206543
-11.300921440124512
-11.308120727539062
-11.325819969177246
-11.343539237976074
-11.349189758300781
-11.349344253540039
-11.336956977844238
-11.329237937927246
-11.328731536865234
-11.332674980163574
-11.337386131286621
-11.341933250427246
-11.336357116699219
-11.335005760192871
-11.333986282348633
-11.321694374084473
-11.315282821655273
-11.324846267700195
-11.335394859313965
-11.344206809997559
-11.348310470581055
-11.349367141723633
-11.341204643249512
-11.340751647949219
-11.339194297790527
-11.330467224121094
-11.325414657592773
-11.324872970581055
-11.316705703735352
-11.318479537963867
-11.31356430053711
-11.313755989074707
-11.324814796447754
-11.332719802856445
-11.337237358093262
-11.336792945861816
-11.347249984741211
-11.347868919372559
-11.349637031555176
-11.33289909362793
-11.300305366516113
-11.261006355285645
-11.257771492004395
-11.2989501953125
-11.32805347442627
-11.338444709777832
-11.34768295288086
-11.35178279876709
-11.353775978088379
-11.348114013671875
-11.35383415222168
-11.353639602661133
-11.352673530578613
-11.356040000915527
-11.351797103881836
-11.344018936157227
-11.34135627746582
-11.32988166809082
-11.318901062011719
-11.304889678955078
-11.301553726196289
-11.308112144470215
-11.311101913452148
-11.320793151855469
-11.335428237915039
-11.338438987731934
-11.355021476745605
-11.356096267700195
-11.351598739624023
-11.355293273925781
-11.349372863769531
-11.337748527526855
-11.333342552185059
-11.3265380859375
-11.319969177246094
-11.320301055908203
-11.312237739562988
-11.307493209838867
-11.321808815002441
-11.335156440734863
-11.337940216064453
-11.345834732055664
-11.34292984008789
-11.340065956115723
-11.336366653442383
-11.33924388885498
-11.322796821594238
-11.320374488830566
-11.317892074584961
-11.32904052734375
-11.336057662963867
-11.346696853637695
-11.355484008789062
-11.352567672729492
-11.346467018127441
-11.354896545410156
-11.351537704467773
-11.349103927612305
-11.358120918273926
-11.354689598083496
-11.355672836303711
-11.354866027832031
-11.35273265838623
-11.346461296081543
-11.334427833557129
-11.323016166687012
-11.309348106384277
-11.295326232910156
-11.304549217224121
-11.302779197692871
-11.31035327911377
-11.305673599243164
-11.332001686096191
-11.339037895202637
-11.348487854003906
-11.353194236755371
-11.346614837646484
-11.35389518737793
-11.346501350402832
-11.333115577697754
-11.325155258178711
-11.310741424560547
-11.321810722351074
-11.326617240905762
-11.328046798706055
-11.317068099975586
-11.312308311462402
-11.317523956298828
-11.31739330291748
-11.325448036193848
-11.329404830932617
-11.318835258483887
-11.30777645111084
-11.292641639709473
-11.297346115112305
-11.309884071350098
-11.314146041870117
-11.331182479858398
-11.347003936767578
-11.35251522064209
-11.348933219909668
-11.336838722229004
-11.307450294494629
-11.287528991699219
-11.292279243469238
-11.315897941589355
-11.33902645111084
-11.34295654296875
-11.341472625732422
-11.339702606201172
-11.330387115478516
-11.316610336303711
-11.302489280700684
-11.291330337524414
-11.311863899230957
-11.331721305847168
-11.344941139221191
-11.350245475769043
-11.352604866027832
-11.333571434020996
-11.310208320617676
-11.291306495666504
-11.284767150878906
-11.307435035705566
-11.33885669708252
-11.34889030456543
-11.360895156860352
-11.356587409973145
-11.34005355834961
-11.335442543029785
-11.304579734802246
-11.285572052001953
-11.300668716430664
-11.321542739868164
-11.343733787536621
-11.358285903930664
-11.348301887512207
-11.320910453796387
-11.270716667175293
-11.256036758422852
-11.303600311279297
-11.341015815734863
-11.348204612731934
-11.327339172363281
-11.246673583984375
-11.213831901550293
-11.292081832885742
-11.347509384155273
-11.35500717163086
-11.328293800354004
-11.28347110748291
-11.268315315246582
-11.306648254394531
-11.342920303344727
-11.351284980773926
-11.330872535705566
-11.30947494506836
-11.29319953918457
-11.301414489746094
-11.324750900268555
-11.352998733520508
-11.354653358459473
-11.33659839630127
-11.303711891174316
-11.293079376220703
-11.305105209350586
-11.32048225402832
-11.347288131713867
-11.360191345214844
-11.353271484375
-11.323288917541504
-11.312785148620605
-11.31114673614502
-11.326628684997559
-11.346611022949219
-11.356806755065918
-11.354080200195312
-11.342724800109863
-11.340412139892578
-11.337977409362793
-11.346049308776855
-11.347977638244629
-11.351861953735352
-11.35641860961914
-11.357450485229492
-11.35677433013916
-11.362377166748047
-11.361993789672852
-11.35699462890625
-11.355379104614258
-11.354490280151367
-11.353708267211914
-11.3487548828125
-11.333037376403809
-11.309259414672852
-11.303364753723145
-11.314393997192383
-11.345281600952148
-11.35224437713623
-11.350739479064941
-11.347328186035156
-11.32949161529541
-11.31305980682373
-11.281573295593262
-11.28126049041748
-11.296708106994629
-11.331805229187012
-11.352917671203613
-11.34792709350586
-11.316859245300293
-11.279815673828125
-11.279001235961914
-11.31240463256836
-11.325206756591797
-11.326814651489258
-11.310917854309082
-11.312335014343262
-11.318599700927734
-11.32325267791748
-11.325194358825684
-11.322720527648926
-11.295146942138672
-11.264739990234375
-11.258864402770996
-11.309988975524902
-11.345602989196777
-11.323419570922852
-11.230531692504883
-11.216012954711914
-11.306408882141113
-11.341864585876465
-11.301299095153809
-11.21565055847168
-11.227615356445312
-11.322958946228027
-11.326356887817383
-11.242995262145996
-11.189208030700684
-11.25671672821045
-11.323524475097656
-11.344548225402832
-11.353772163391113
-11.356881141662598
-11.359066009521484
-11.350457191467285
-11.35422420501709
-11.358083724975586
-11.355785369873047
-11.36387825012207
-11.361611366271973
-11.361881256103516
-11.355870246887207
-11.354811668395996
-11.357686996459961
-11.357623100280762
-11.358194351196289
-11.357006072998047
-11.3604736328125
-11.360936164855957
-11.35980224609375
-11.361230850219727
-11.364809036254883
-11.35547161102295
-11.349991798400879
-11.350804328918457
-11.356865882873535
-11.363469123840332
-11.36303424835205
-11.365835189819336
-11.35987377166748
-11.360088348388672
-11.354291915893555
-11.351226806640625
-11.349922180175781
-11.3523588180542
-11.3519868850708
-11.356120109558105
-11.357542037963867
-11.355360984802246
-11.355425834655762
-11.353676795959473
-11.34778881072998
-11.346491813659668
-11.35279369354248
-11.363025665283203
-11.359630584716797
-11.361681938171387
-11.363815307617188
-11.364102363586426
-11.36106014251709
-11.359553337097168
-11.366971015930176
-11.365116119384766
-11.361834526062012
-11.365744590759277
-11.366000175476074
-11.366244316101074
-11.358916282653809
-11.363089561462402
-11.36628532409668
-11.358635902404785
-11.364723205566406
-11.344114303588867
-11.332744598388672
-11.316354751586914
-11.307099342346191
-11.313691139221191
-11.319740295410156
-11.346318244934082
-11.355081558227539
-11.361282348632812
-11.3635835647583
-11.362383842468262
-11.360265731811523
-11.367713928222656
-11.368858337402344
-11.367783546447754
-11.366277694702148
-11.34949016571045
-11.346258163452148
-11.32868480682373
-11.326379776000977
-11.333069801330566
-11.341510772705078
-11.33836841583252
-11.32613468170166
-11.312348365783691
-11.303417205810547
-11.319721221923828
-11.337566375732422
-11.361196517944336
-11.35606575012207
-11.338891983032227
-11.312060356140137
-11.283077239990234
-11.289230346679688
-11.332038879394531
-11.357495307922363
-11.339418411254883
-11.261397361755371
-11.232428550720215
-11.296399116516113
-11.351865768432617
-11.362338066101074
-11.328415870666504
-11.273639678955078
-11.269386291503906
-11.322681427001953
-11.35323715209961
-11.362757682800293
-11.362297058105469
-11.361849784851074
-11.360628128051758
-11.355795860290527
-11.343497276306152
-11.32254695892334
-11.304978370666504
-11.314684867858887
-11.341987609863281
-11.361459732055664
-11.364476203918457
-11.356054306030273
-11.329087257385254
-11.283745765686035
-11.278008460998535
-11.327052116394043
-11.360081672668457
-11.35849666595459
-11.31741714477539
-11.27868938446045
-11.303461074829102
-11.331130027770996
-11.350964546203613
-11.361969947814941
-11.35742473602295
-11.358207702636719
-11.351665496826172
-11.350884437561035
-11.353310585021973
-11.36472225189209
-11.366910934448242
-11.368266105651855
-11.3621244430542
-11.348307609558105
-11.329519271850586
-11.306222915649414
-11.295220375061035
-11.326788902282715
-11.353842735290527
-11.364518165588379
-11.35330867767334
-11.332908630371094
-11.318321228027344
-11.328400611877441
-11.350641250610352
-11.365008354187012
-11.36144733428955
-11.32580852508545
-11.304484367370605
-11.30596923828125
-11.311548233032227
-11.319705963134766
-11.346149444580078
-11.36133861541748
-11.358527183532715
-11.351764678955078
-11.336407661437988
-11.321572303771973
-11.313136100769043
-11.324686050415039
-11.352927207946777
-11.373248100280762
-11.36606502532959
-11.336999893188477
-11.309864044189453
-11.291969299316406
-11.319619178771973
-11.356205940246582
-11.364343643188477
-11.341028213500977
-11.306925773620605
-11.292963027954102
-11.317160606384277
-11.346353530883789
-11.364057540893555
-11.361185073852539
-11.322495460510254
-11.296918869018555
-11.316850662231445
-11.34299087524414
-11.360331535339355
-11.37000846862793
-11.36588191986084
-11.362227439880371
-11.363783836364746
-11.366053581237793
-11.366276741027832
-11.365784645080566
-11.361869812011719
-11.348383903503418
-11.33809757232666
-11.347748756408691
-11.360231399536133
-11.369134902954102
-11.367727279663086
-11.36289119720459
-11.346735954284668
-11.330976486206055
-11.32816219329834
-11.3355073928833
-11.348111152648926
-11.364263534545898
-11.37464427947998
-11.36490535736084
-11.343835830688477
-11.316128730773926
-11.299266815185547
-11.320450782775879
-11.353669166564941
-11.365592956542969
-11.370110511779785
-11.367369651794434
-11.341429710388184
-11.30859375
-11.2930908203125
-11.313337326049805
-11.333215713500977
-11.353961944580078
-11.36591625213623
-11.36730670928955
-11.367880821228027
-11.362971305847168
-11.35364818572998
-11.353069305419922
-11.346994400024414
-11.349138259887695
-11.348769187927246
-11.357720375061035
-11.36729621887207
-11.370746612548828
-11.368956565856934
-11.371426582336426
-11.370637893676758
-11.367523193359375
-11.368298530578613
-11.373659133911133
-11.371474266052246
-11.374473571777344
-11.370129585266113
-11.369378089904785
-11.374634742736816
-11.367155075073242
-11.37130355834961
-11.375520706176758
-11.374856948852539
-11.374107360839844
-11.37314224243164
-11.372333526611328
-11.37401294708252
-11.375120162963867
-11.372817039489746
-11.372533798217773
-11.368735313415527
-11.366120338439941
-11.364348411560059
-11.366130828857422
-11.363462448120117
-11.360749244689941
-11.362439155578613
-11.357173919677734
-11.35658073425293
-11.356948852539062
-11.357492446899414
-11.350591659545898
-11.344886779785156
-11.33091926574707
-11.336703300476074
-11.35124397277832
-11.36359691619873
-11.372998237609863
-11.372879981994629
-11.37747573852539
-11.37510871887207
-11.370877265930176
-11.36650562286377
-11.358270645141602
-11.361495971679688
-11.358505249023438
-11.349287986755371
-11.33722972869873
-11.324986457824707
-11.326745986938477
-11.337947845458984
-11.347278594970703
-11.362217903137207
-11.37470531463623
-11.374978065490723
-11.373620986938477
-11.377436637878418
-11.368815422058105
-11.354498863220215
-11.33905029296875
-11.317451477050781
-11.324103355407715
-11.342652320861816
-11.352752685546875
-11.365485191345215
-11.369288444519043
-11.37597942352295
-11.368517875671387
-11.357987403869629
-11.345147132873535
-11.335193634033203
-11.340283393859863
-11.349260330200195
-11.357050895690918
-11.355435371398926
-11.34721565246582
-11.335780143737793
-11.323363304138184
-11.333696365356445
-11.348578453063965
-11.360125541687012
-11.369203567504883
-11.376091003417969
-11.372076034545898
-11.358019828796387
-11.337448120117188
-11.333670616149902
-11.337931632995605
-11.35335636138916
-11.3551025390625
-11.356559753417969
-11.351329803466797
-11.352195739746094
-11.35445785522461
-11.363728523254395
-11.371590614318848
-11.373406410217285
-11.37596607208252
-11.375974655151367
-11.378204345703125
-11.366281509399414
-11.359903335571289
-11.343010902404785
-11.327839851379395
-11.324478149414062
-11.335662841796875
-11.363080024719238
-11.375850677490234
-11.376681327819824
-11.371102333068848
-11.356467247009277
-11.339868545532227
-11.330158233642578
-11.333023071289062
-11.350996017456055
-11.370245933532715
-11.380670547485352
-11.370285034179688
-11.348856925964355
-11.320704460144043
-11.296194076538086
-11.310877799987793
-11.336560249328613
-11.345943450927734
-11.34847640991211
-11.349611282348633
-11.347991943359375
-11.361968040466309
-11.370946884155273
-11.372333526611328
-11.369453430175781
-11.3566255569458
-11.345358848571777
-11.336041450500488
-11.335203170776367
-11.331878662109375
-11.335348129272461
-11.340574264526367
-11.336901664733887
-11.343411445617676
-11.359766006469727
-11.365740776062012
-11.371744155883789
-11.375791549682617
-11.374731063842773
-11.377362251281738
-11.374578475952148
-11.367310523986816
-11.368647575378418
-11.357067108154297
-11.344620704650879
-11.333416938781738
-11.326107025146484
-11.330574035644531
-11.347931861877441
-11.362421035766602
-11.372774124145508
-11.376616477966309
-11.384209632873535
-11.378528594970703
-11.38086986541748
-11.378951072692871
-11.370762825012207
-11.344679832458496
-11.3194580078125
-11.305910110473633
-11.310154914855957
-11.341522216796875
-11.364129066467285
-11.3777437210083
-11.377487182617188
-11.379959106445312
-11.372457504272461
-11.368558883666992
-11.362277030944824
-11.356245994567871
-11.343853950500488
-11.33236312866211
-11.335735321044922
-11.35324478149414
-11.367049217224121
-11.377145767211914
-11.373409271240234
-11.35317611694336
-11.30915355682373
-11.297078132629395
-11.325505256652832
-11.352930068969727
-11.375483512878418
-11.379034042358398
-11.376254081726074
-11.360785484313965
-11.360499382019043
-11.351542472839355
-11.360516548156738
-11.357467651367188
-11.351387977600098
-11.343470573425293
-11.342838287353516
-11.346979141235352
-11.353776931762695
-11.352678298950195
-11.362787246704102
-11.370019912719727
-11.373671531677246
-11.382085800170898
-11.382761001586914
-11.382943153381348
-11.379847526550293
-11.36688232421875
-11.356954574584961
-11.356780052185059
-11.35814094543457
-11.36902141571045
-11.371960639953613
-11.382231712341309
-11.382552146911621
-11.385680198669434
-11.382150650024414
-11.377973556518555
-11.3809232711792
-11.38291072845459
-11.386197090148926
-11.379570960998535
-11.3765230178833
-11.3778076171875
-11.365989685058594
-11.352470397949219
-11.34225082397461
-11.335600852966309
-11.3429536819458
-11.362363815307617
-11.369081497192383
-11.373682022094727
-11.379096031188965
-11.382421493530273
-11.382039070129395
-11.385396003723145
-11.375187873840332
-11.375567436218262
-11.368563652038574
-11.360706329345703
-11.356575965881348
-11.350234985351562
-11.354843139648438
-11.36235523223877
-11.364413261413574
-11.355775833129883
-11.359932899475098
-11.364885330200195
-11.367490768432617
-11.375812530517578
-11.387843132019043
-11.383343696594238
-11.385337829589844
-11.380719184875488
-11.380691528320312
-11.36534309387207
-11.349316596984863
-11.338327407836914
-11.338154792785645
-11.348763465881348
-11.36268424987793
-11.369842529296875
-11.364219665527344
-11.36043930053711
-11.355720520019531
-11.358390808105469
-11.351157188415527
-11.346736907958984
-11.350530624389648
-11.366006851196289
-11.371356010437012
-11.378144264221191
-11.3806791305542
-11.377967834472656
-11.374242782592773
-11.373830795288086
-11.372746467590332
-11.371432304382324
-11.360098838806152
-11.344686508178711
-11.35129165649414
-11.354116439819336
-11.360957145690918
-11.365072250366211
-11.371684074401855
-11.37392520904541
-11.379939079284668
-11.382076263427734
-11.384260177612305
-11.384410858154297
-11.385705947875977
-11.381545066833496
-11.383203506469727
-11.384552001953125
-11.3870210647583
-11.386341094970703
-11.383707046508789
-11.381603240966797
-11.360876083374023
-11.347017288208008
-11.320037841796875
-11.304526329040527
-11.309508323669434
-11.325896263122559
-11.342607498168945
-11.363554954528809
-11.375322341918945
-11.379621505737305
-11.374598503112793
-11.371416091918945
-11.364157676696777
-11.358787536621094
-11.34916877746582
-11.342448234558105
-11.334588050842285
-11.33334732055664
-11.348478317260742
-11.355575561523438
-11.36258316040039
-11.36495590209961
-11.363362312316895
-11.359939575195312
-11.358558654785156
-11.361660957336426
-11.373228073120117
-11.38797664642334
-11.368520736694336
-11.32275104522705
-11.297626495361328
-11.32114028930664
-11.337871551513672
-11.343111991882324
-11.351805686950684
-11.358116149902344
-11.362628936767578
-11.370162010192871
-11.368403434753418
-11.364808082580566
-11.356476783752441
-11.346722602844238
-11.341848373413086
-11.32828426361084
-11.307520866394043
-11.321667671203613
-11.331632614135742
-11.349474906921387
-11.342864990234375
-11.335227966308594
-11.346513748168945
-11.361349105834961
-11.368565559387207
-11.370567321777344
-11.367976188659668
-11.36711311340332
-11.36526870727539
-11.365911483764648
-11.35313892364502
-11.346100807189941
-11.33590030670166
-11.347681999206543
-11.35340690612793
-11.356537818908691
-11.355951309204102
-11.35119342803955
-11.366793632507324
-11.378186225891113
-11.384405136108398
-11.389025688171387
-11.386628150939941
-11.376568794250488
-11.375950813293457
-11.369826316833496
-11.362349510192871
-11.37133502960205
-11.370563507080078
-11.378924369812012
-11.377396583557129
-11.378408432006836
-11.371628761291504
-11.37562084197998
-11.378402709960938
-11.372099876403809
-11.352259635925293
-11.341018676757812
-11.344695091247559
-11.355199813842773
-11.37555980682373
-11.38227653503418
-11.38505744934082
-11.38343334197998
-11.372894287109375
-11.357749938964844
-11.339042663574219
-11.334031105041504
-11.353167533874512
-11.373590469360352
-11.385115623474121
-11.390095710754395
-11.387950897216797
-11.386152267456055
-11.388322830200195
-11.39207649230957
-11.390682220458984
-11.38604736328125
-11.384322166442871
-11.391324996948242
-11.387249946594238
-11.373576164245605
-11.342733383178711
-11.325362205505371
-11.339879035949707
-11.363129615783691
-11.379705429077148
-11.385848999023438
-11.385284423828125
-11.39018726348877
-11.391560554504395
-11.388404846191406
-11.384479522705078
-11.384071350097656
-11.37038516998291
-11.355436325073242
-11.336934089660645
-11.334604263305664
-11.346882820129395
-11.369966506958008
-11.384237289428711
-11.390106201171875
-11.38027286529541
-11.358948707580566
-11.338444709777832
-11.331778526306152
-11.341692924499512
-11.3580904006958
-11.367653846740723
-11.369758605957031
-11.37929630279541
-11.383684158325195
-11.38855266571045
-11.38737964630127
-11.379303932189941
-11.374753952026367
-11.375746726989746
-11.381765365600586
-11.38630485534668
-11.390861511230469
-11.387299537658691
-11.385088920593262
-11.386724472045898
-11.385220527648926
-11.389031410217285
-11.381372451782227
-11.38347053527832
-11.38068962097168
-11.388938903808594
-11.383670806884766
-11.386547088623047
-11.382720947265625
-11.37491512298584
-11.373870849609375
-11.371394157409668
-11.372015953063965
-11.376989364624023
-11.382862091064453
-11.385475158691406
-11.384451866149902
-11.391800880432129
-11.392434120178223
-11.387472152709961
-11.377578735351562
-11.361170768737793
-11.3529052734375
-11.344886779785156
-11.348272323608398
-11.355620384216309
-11.366161346435547
-11.37317180633545
-11.372203826904297
-11.371862411499023
-11.365846633911133
-11.363597869873047
-11.362881660461426
-11.371451377868652
-11.377227783203125
-11.383943557739258
-11.38607120513916
-11.384849548339844
-11.383882522583008
-11.382058143615723
-11.38525104522705
-11.388739585876465
-11.39149284362793
-11.39099407196045
-11.377669334411621
-11.353885650634766
-11.32769775390625
-11.30841064453125
-11.324411392211914
-11.351367950439453
-11.364044189453125
-11.370141983032227
-11.377786636352539
-11.385286331176758
-11.386707305908203
-11.390933990478516
-11.394110679626465
-11.390900611877441
-11.375349998474121
-11.359740257263184
-11.34264087677002
-11.322587966918945
-11.32520580291748
-11.3493070602417
-11.376713752746582
-11.386932373046875
-11.39071273803711
-11.385953903198242
-11.374204635620117
-11.355546951293945
-11.334087371826172
-11.313459396362305
-11.300496101379395
-11.31954574584961
-11.350529670715332
-11.361140251159668
-11.365800857543945
-11.367802619934082
-11.378860473632812
-11.380241394042969
-11.375945091247559
-11.387760162353516
-11.389039993286133
-11.39098834991455
-11.379216194152832
-11.369725227355957
-11.348104476928711
-11.351863861083984
-11.366386413574219
-11.38560962677002
-11.383679389953613
-11.343561172485352
-11.267614364624023
-11.268854141235352
-11.334943771362305
-11.377196311950684
-11.387956619262695
-11.38619327545166
-11.377113342285156
-11.374532699584961
-11.380549430847168
-11.381621360778809
-11.384208679199219
-11.384675979614258
-11.385082244873047
-11.38797664642334
-11.3880615234375
-11.397748947143555
-11.395474433898926
-11.392394065856934
-11.397401809692383
-11.396108627319336
-11.388970375061035
-11.386675834655762
-11.38625431060791
-11.388179779052734
-11.383561134338379
-11.370110511779785
-11.353055953979492
-11.338335990905762
-11.33600902557373
-11.343118667602539
-11.35873794555664
-11.374775886535645
-11.381267547607422
-11.389791488647461
-11.395149230957031
-11.393603324890137
-11.393306732177734
-11.389579772949219
-11.387555122375488
-11.377235412597656
-11.368433952331543
-11.367783546447754
-11.377612113952637
-11.381122589111328
-11.378636360168457
-11.369863510131836
-11.350200653076172
-11.334927558898926
-11.339851379394531
-11.361329078674316
-11.3831205368042
-11.391204833984375
-11.396422386169434
-11.391474723815918
-11.3953275680542
-11.394025802612305
-11.392891883850098
-11.389374732971191
-11.3846435546875
-11.381097793579102
-11.366674423217773
-11.354931831359863
-11.352791786193848
-11.353779792785645
-11.353612899780273
-11.34183406829834
-11.342726707458496
-11.351839065551758
-11.367606163024902
-11.38940143585205
-11.390700340270996
-11.394476890563965
-11.390979766845703
-11.387234687805176
-11.374894142150879
-11.352486610412598
-11.33750057220459
-11.33751106262207
-11.34743595123291
-11.36368179321289
-11.370708465576172
-11.380790710449219
-11.38986873626709
-11.39491081237793
-11.398672103881836
-11.394637107849121
-11.39236068725586
-11.392655372619629
-11.391976356506348
-11.38776969909668
-11.376402854919434
-11.362988471984863
-11.347772598266602
-11.334192276000977
-11.340137481689453
-11.36805248260498
-11.387491226196289
-11.392189025878906
-11.388626098632812
-11.3681640625
-11.34176254272461
-11.3173246383667
-11.312313079833984
-11.342527389526367
-11.372430801391602
-11.386085510253906
-11.391016960144043
-11.392929077148438
-11.393965721130371
-11.387640953063965
-11.380472183227539
-11.366689682006836
-11.355755805969238
-11.350446701049805
-11.357547760009766
-11.365598678588867
-11.376103401184082
-11.378196716308594
-11.374980926513672
-11.370776176452637
-11.374611854553223
-11.378170013427734
-11.383593559265137
-11.387914657592773
-11.389938354492188
-11.390395164489746
-11.394317626953125
-11.386621475219727
-11.35634708404541
-11.30026626586914
-11.281882286071777
-11.336159706115723
-11.383318901062012
-11.39582347869873
-11.392892837524414
-11.388574600219727
-11.381502151489258
-11.37321662902832
-11.370692253112793
-11.373551368713379
-11.389464378356934
-11.398987770080566
-11.396427154541016
-11.392070770263672
-11.382424354553223
-11.37702751159668
-11.369989395141602
-11.35659408569336
-11.337594032287598
-11.33873176574707
-11.360807418823242
-11.374055862426758
-11.380420684814453
-11.385862350463867
-11.391448020935059
-11.392204284667969
-11.39820671081543
-11.395286560058594
-11.399979591369629
-11.398138999938965
-11.395512580871582
-11.397171020507812
-11.396896362304688
-11.395200729370117
-11.395978927612305
-11.38632583618164
-11.374618530273438
-11.369998931884766
-11.36650276184082
-11.369739532470703
-11.370942115783691
-11.375351905822754
-11.38254165649414
-11.382089614868164
-11.380401611328125
-11.382796287536621
-11.382673263549805
-11.384099960327148
-11.38847827911377
-11.3867769241333
-11.384560585021973
-11.382675170898438
-11.377493858337402
-11.379308700561523
-11.38287353515625
-11.373526573181152
-11.367735862731934
-11.350040435791016
-11.336946487426758
-11.35106372833252
-11.374377250671387
-11.392702102661133
-11.396522521972656
-11.38973617553711
-11.379589080810547
-11.360931396484375
-11.35551643371582
-11.36146068572998
-11.370256423950195
-11.38282585144043
-11.394490242004395
-11.395781517028809
-11.382006645202637
-11.362821578979492
-11.352564811706543
-11.359211921691895
-11.36695671081543
-11.361651420593262
-11.360188484191895
-11.364190101623535
-11.373211860656738
-11.385597229003906
-11.395821571350098
-11.393828392028809
-11.388586044311523
-11.383504867553711
-11.370800971984863
-11.364509582519531
-11.357251167297363
-11.359317779541016
-11.369982719421387
-11.37564468383789
-11.37720775604248
-11.37681770324707
-11.377469062805176
-11.37367057800293
-11.365469932556152
-11.361740112304688
-11.356344223022461
-11.374138832092285
-11.385289192199707
-11.396430969238281
-11.397229194641113
-11.39810562133789
-11.398110389709473
-11.395792007446289
-11.39547348022461
-11.398886680603027
-11.397688865661621
-11.398588180541992
-11.396388053894043
-11.396821975708008
-11.397175788879395
-11.396912574768066
-11.396647453308105
-11.395262718200684
-11.388352394104004
-11.377910614013672
-11.373189926147461
-11.374022483825684
-11.378518104553223
-11.385416030883789
-11.378397941589355
-11.377995491027832
-11.366324424743652
-11.362308502197266
-11.362061500549316
-11.372271537780762
-11.384368896484375
-11.391054153442383
-11.389851570129395
-11.389812469482422
-11.389142990112305
-11.389573097229004
-11.37357234954834
-11.368824005126953
-11.364273071289062
-11.360733985900879
-11.360169410705566
-11.367420196533203
-11.384765625
-11.398885726928711
-11.39212417602539
-11.387996673583984
-11.38257122039795
-11.377410888671875
-11.374617576599121
-11.37789249420166
-11.382871627807617
-11.387883186340332
-11.394438743591309
-11.392333030700684
-11.395746231079102
-11.391278266906738
-11.37530517578125
-11.350346565246582
-11.345076560974121
-11.365525245666504
-11.383912086486816
-11.398682594299316
-11.40125560760498
-11.398816108703613
-11.389097213745117
-11.368510246276855
-11.35080623626709
-11.351690292358398
-11.368568420410156
-11.386204719543457
-11.397191047668457
-11.401941299438477
-11.403458595275879
-11.403181076049805
-11.391363143920898
-11.380889892578125
-11.370678901672363
-11.369720458984375
-11.376819610595703
-11.385405540466309
-11.393840789794922
-11.394210815429688
-11.396645545959473
-11.39837646484375
-11.39803409576416
-11.399407386779785
-11.387688636779785
-11.359139442443848
-11.324198722839355
-11.315546989440918
-11.339271545410156
-11.372414588928223
-11.390665054321289
-11.399788856506348
-11.405143737792969
-11.398810386657715
-11.401052474975586
