loss_h
-6.909213542938232
-6.958418369293213
-7.109718322753906
-7.074516773223877
-7.204198837280273
-6.931680679321289
-7.1992645263671875
-7.216432094573975
-7.16046142578125
-7.082571029663086
-7.163815498352051
-7.15116024017334
-7.254210948944092
-7.112130165100098
-7.0872721672058105
-7.170313358306885
-7.368645668029785
-7.158730506896973
-7.446120262145996
-7.2120795249938965
-7.2751145362854
-7.385937213897705
-7.307492256164551
-7.325773239135742
-7.295978546142578
-7.320505142211914
-7.254281997680664
-7.429592132568359
-7.2760844230651855
-7.30459451675415
-7.3043012619018555
-7.372619152069092
-7.29496955871582
-7.363822937011719
-7.5321550369262695
-7.313996315002441
-7.435854434967041
-7.367680072784424
-7.16814661026001
-7.43110466003418
-7.289289474487305
-7.38993501663208
-7.44606351852417
-7.345265865325928
-7.436387062072754
-7.353757858276367
-7.371676445007324
-7.399896144866943
-7.384837627410889
-7.401289939880371
-7.360236644744873
-7.243264198303223
-7.348535060882568
-7.483244895935059
-7.574159622192383
-7.465458393096924
-7.396541595458984
-7.377136707305908
-7.349531173706055
-7.400729179382324
-7.477697372436523
-7.452697277069092
-7.533024787902832
-7.400014877319336
-7.500826358795166
-7.352759838104248
-7.415635108947754
-7.402872085571289
-7.445797443389893
-7.356649398803711
-7.5251240730285645
-7.470314025878906
-7.4448933601379395
-7.398984432220459
-7.515020370483398
-7.5152740478515625
-7.5301690101623535
-7.444273471832275
-7.452607154846191
-7.4936604499816895
-7.512102127075195
-7.57196569442749
-7.492579936981201
-7.4094367027282715
-7.414902210235596
-7.450842380523682
-7.475274085998535
-7.509958267211914
-7.438112735748291
-7.52483606338501
-7.5253376960754395
-7.5707783699035645
-7.580542087554932
-7.452079772949219
-7.444295406341553
-7.464523792266846
-7.41878080368042
-7.364090442657471
-7.4465436935424805
-7.488897323608398
-7.433803558349609
-7.560245513916016
-7.568922996520996
-7.476950645446777
-7.527827739715576
-7.566376686096191
-7.403000831604004
-7.546142101287842
-7.52698278427124
-7.494341850280762
-7.541896343231201
-7.5472869873046875
-7.475670337677002
-7.593520164489746
-7.49886417388916
-7.554847240447998
-7.478438854217529
-7.475039958953857
-7.462399005889893
-7.672994136810303
-7.5524163246154785
-7.411876678466797
-7.544095993041992
-7.495759010314941
-7.452092170715332
-7.577712535858154
-7.567674160003662
-7.612117290496826
-7.537835597991943
-7.603243350982666
-7.54762601852417
-7.549946308135986
-7.482120037078857
-7.694336891174316
-7.674343109130859
-7.5190815925598145
-7.5898261070251465
-7.6248908042907715
-7.618811130523682
-7.520513534545898
-7.563016891479492
-7.531733512878418
-7.575809955596924
-7.532230854034424
-7.626410007476807
-7.49917459487915
-7.560916900634766
-7.665765762329102
-7.699591159820557
-7.508781433105469
-7.701760292053223
-7.555880546569824
-7.582949638366699
-7.641442775726318
-7.69899320602417
-7.679209232330322
-7.545834064483643
-7.6969313621521
-7.709272384643555
-7.649087905883789
-7.539777755737305
-7.676480293273926
-7.571809768676758
-7.697961807250977
-7.760209083557129
-7.7376604080200195
-7.6479172706604
-7.664315223693848
-7.796623706817627
-7.63567590713501
-7.679946422576904
-7.832753658294678
-7.798752784729004
-7.785386562347412
-7.792422771453857
-7.720333576202393
-7.812132358551025
-7.830129623413086
-7.879261016845703
-7.836190223693848
-7.831164360046387
-7.902167320251465
-7.966149806976318
-7.962074279785156
-8.082152366638184
-8.095667839050293
-8.112698554992676
-8.09202766418457
-8.217610359191895
-8.19245433807373
-8.178345680236816
-8.0720853805542
-8.317474365234375
-8.408278465270996
-8.524537086486816
-8.346385955810547
-8.40623664855957
-8.577266693115234
-8.360892295837402
-8.507673263549805
-8.28641414642334
-8.474116325378418
-8.446908950805664
-8.417739868164062
-8.703994750976562
-8.660021781921387
-8.513769149780273
-8.728948593139648
-8.73688793182373
-8.67104434967041
-8.579558372497559
-8.725899696350098
-8.887219429016113
-8.586263656616211
-8.763955116271973
-8.827296257019043
-8.85832405090332
-8.778739929199219
-8.803255081176758
-8.97220516204834
-8.97476863861084
-8.854012489318848
-8.867387771606445
-8.93289566040039
-8.756101608276367
-9.205349922180176
-8.807143211364746
-8.804975509643555
-8.81821346282959
-8.793194770812988
-8.914868354797363
-8.830389976501465
-8.88637638092041
-9.026094436645508
-9.040496826171875
-8.915657997131348
-8.920853614807129
-8.878264427185059
-9.104080200195312
-8.9038667678833
-9.122249603271484
-9.112329483032227
-9.006146430969238
-9.166264533996582
-8.902498245239258
-8.912500381469727
-9.064303398132324
-9.071561813354492
-8.876270294189453
-9.002498626708984
-8.792998313903809
-8.92414665222168
-9.150863647460938
-9.120089530944824
-9.153877258300781
-9.112820625305176
-9.139992713928223
-9.086488723754883
-8.949350357055664
-8.871339797973633
-8.98298168182373
-9.232583999633789
-9.380329132080078
-9.18929386138916
-9.10228157043457
-9.243853569030762
-9.186491012573242
-9.220660209655762
-9.193818092346191
-9.279720306396484
-9.339350700378418
-9.323707580566406
-9.342157363891602
-9.179022789001465
-9.3004732131958
-9.196884155273438
-9.277615547180176
-9.31743049621582
-9.263671875
-9.221364974975586
-9.3480806350708
-9.346771240234375
-9.382101058959961
-9.38928508758545
-9.39889907836914
-9.38098430633545
-9.330345153808594
-9.440720558166504
-9.553360939025879
-9.441229820251465
-9.449906349182129
-9.535167694091797
-9.30422306060791
-9.50600814819336
-9.571589469909668
-9.572613716125488
-9.524229049682617
-9.590120315551758
-9.601699829101562
-9.55031681060791
-9.528364181518555
-9.474254608154297
-9.557966232299805
-9.515682220458984
-9.507423400878906
-9.48773193359375
-9.448101997375488
-9.665116310119629
-9.516219139099121
-9.386941909790039
-9.54715347290039
-9.552014350891113
-9.61146354675293
-9.600991249084473
-9.641504287719727
-9.527810096740723
-9.742198944091797
-9.590639114379883
-9.622575759887695
-9.65831184387207
-9.555961608886719
-9.703963279724121
-9.619359970092773
-9.58370590209961
-9.715389251708984
-9.813789367675781
-9.94106674194336
-9.514062881469727
-9.601081848144531
-9.800863265991211
-9.795075416564941
-9.841414451599121
-9.718925476074219
-9.809295654296875
-9.797994613647461
-9.681641578674316
-9.86947250366211
-9.65679931640625
-9.910061836242676
-9.846903800964355
-9.749685287475586
-9.823260307312012
-9.842419624328613
-9.808892250061035
-9.841779708862305
-9.847430229187012
-9.934348106384277
-9.8292875289917
-9.934412956237793
-9.910322189331055
-9.83150577545166
-10.079179763793945
-9.693078994750977
-9.930049896240234
-9.87549114227295
-9.910687446594238
-10.02310848236084
-9.978352546691895
-10.036561965942383
-9.938986778259277
-9.895081520080566
-10.190438270568848
-9.927074432373047
-10.07021427154541
-10.031161308288574
-10.070226669311523
-10.12545108795166
-10.152164459228516
-10.118674278259277
-10.24986457824707
-10.011521339416504
-10.116518020629883
-10.077314376831055
-10.072959899902344
-10.208313941955566
-10.259833335876465
-10.265963554382324
-10.11943244934082
-10.190057754516602
-10.084407806396484
-10.194705963134766
-10.369340896606445
-10.144550323486328
-10.306458473205566
-10.195786476135254
-10.22518539428711
-10.197744369506836
-10.294052124023438
-10.247373580932617
-10.273072242736816
-10.252813339233398
-10.138477325439453
-10.339241027832031
-10.227192878723145
-10.301390647888184
-10.152341842651367
-10.250860214233398
-10.32987117767334
-10.264135360717773
-10.38965129852295
-10.277795791625977
-10.359518051147461
-10.426298141479492
-10.441725730895996
-10.257766723632812
-10.496694564819336
-10.429474830627441
-10.323156356811523
-10.314393997192383
-10.448905944824219
-10.338687896728516
-10.333457946777344
-10.510564804077148
-10.288990020751953
-10.383700370788574
-10.435383796691895
-10.407550811767578
-10.450867652893066
-10.461236000061035
-10.462825775146484
-10.570268630981445
-10.446880340576172
-10.424208641052246
-10.51449203491211
-10.485570907592773
-10.520391464233398
-10.383963584899902
-10.519697189331055
-10.513917922973633
-10.437548637390137
-10.427648544311523
-10.551982879638672
-10.542160034179688
-10.546485900878906
-10.510425567626953
-10.597944259643555
-10.512738227844238
-10.565373420715332
-10.490392684936523
-10.613813400268555
-10.525489807128906
-10.616047859191895
-10.503564834594727
-10.606559753417969
-10.563207626342773
-10.60890007019043
-10.536842346191406
-10.541552543640137
-10.570213317871094
-10.601367950439453
-10.571857452392578
-10.63398551940918
-10.632464408874512
-10.62240982055664
-10.608888626098633
-10.634377479553223
-10.570585250854492
-10.692971229553223
-10.683659553527832
-10.557870864868164
-10.71292781829834
-10.713275909423828
-10.684937477111816
-10.740070343017578
-10.696202278137207
-10.713607788085938
-10.743535995483398
-10.744894027709961
-10.722575187683105
-10.732529640197754
-10.696508407592773
-10.741653442382812
-10.748493194580078
-10.777132034301758
-10.708545684814453
-10.706157684326172
-10.74849796295166
-10.772377967834473
-10.802900314331055
-10.81402587890625
-10.772682189941406
-10.822998046875
-10.807244300842285
-10.760523796081543
-10.802311897277832
-10.81704044342041
-10.813422203063965
-10.81838607788086
-10.817598342895508
-10.815677642822266
-10.810494422912598
-10.790116310119629
-10.874513626098633
-10.805432319641113
-10.848567962646484
-10.884551048278809
-10.801247596740723
-10.858194351196289
-10.882270812988281
-10.843910217285156
-10.848810195922852
-10.867297172546387
-10.879261016845703
-10.855762481689453
-10.883519172668457
-10.844548225402832
-10.872718811035156
-10.891077041625977
-10.835293769836426
-10.890254020690918
-10.883118629455566
-10.871404647827148
-10.913369178771973
-10.876907348632812
-10.897668838500977
-10.901978492736816
-10.92086124420166
-10.87218189239502
-10.90328311920166
-10.908317565917969
-10.879222869873047
-10.949976921081543
-10.902563095092773
-10.934540748596191
-10.923080444335938
-10.921478271484375
-10.95394229888916
-10.930614471435547
-10.930211067199707
-10.961140632629395
-10.937248229980469
-10.94398021697998
-10.957584381103516
-10.956005096435547
-10.930411338806152
-10.954096794128418
-10.957452774047852
-10.970789909362793
-10.97410774230957
-10.964325904846191
-10.949353218078613
-10.982688903808594
-10.999577522277832
-10.950788497924805
-10.970414161682129
-10.979681968688965
-10.93541145324707
-10.977811813354492
-10.953203201293945
-10.9819974899292
-10.980703353881836
-10.98831844329834
-10.98463249206543
-10.970073699951172
-10.998223304748535
-10.996877670288086
-10.988457679748535
-10.990334510803223
-10.984217643737793
-10.98520565032959
-11.019241333007812
-11.007527351379395
-10.986856460571289
-11.017641067504883
-11.007528305053711
-11.002742767333984
-11.010085105895996
-10.996970176696777
-11.005402565002441
-11.029356002807617
-11.02222728729248
-11.0182466506958
-11.018259048461914
-11.015401840209961
-11.020232200622559
-11.009739875793457
-11.005940437316895
-11.008835792541504
-11.039494514465332
-11.026039123535156
-11.040128707885742
-11.020995140075684
-11.033817291259766
-11.016132354736328
-11.05971908569336
-11.038352012634277
-11.028495788574219
-11.056655883789062
-11.035394668579102
-11.02393627166748
-11.033645629882812
-11.03267765045166
-11.033273696899414
-11.032896041870117
-11.033769607543945
-11.054003715515137
-11.014286041259766
-11.050590515136719
-11.054141998291016
-11.03897476196289
-11.06207275390625
-11.03787612915039
-11.060072898864746
-11.053754806518555
-11.058239936828613
-11.059813499450684
-11.058446884155273
-11.066327095031738
-11.070511817932129
-11.069269180297852
-11.056519508361816
-11.067163467407227
-11.060704231262207
-11.055389404296875
-11.073659896850586
-11.07574462890625
-11.08407974243164
-11.052845001220703
-11.066865921020508
-11.086017608642578
-11.068822860717773
-11.08981990814209
-11.09281063079834
-11.081073760986328
-11.073644638061523
-11.084257125854492
-11.080647468566895
-11.091597557067871
-11.094794273376465
-11.09841251373291
-11.103372573852539
-11.07479190826416
-11.086527824401855
-11.107534408569336
-11.093283653259277
-11.1205415725708
-11.086037635803223
-11.10295295715332
-11.099248886108398
-11.111960411071777
-11.100969314575195
-11.092560768127441
-11.111523628234863
-11.112327575683594
-11.118367195129395
-11.098244667053223
-11.120564460754395
-11.13306999206543
-11.108457565307617
-11.100135803222656
-11.111917495727539
-11.107361793518066
-11.120104789733887
-11.12208080291748
-11.110877990722656
-11.116182327270508
-11.111736297607422
-11.116669654846191
-11.13049030303955
-11.13077163696289
-11.132401466369629
-11.122943878173828
-11.132959365844727
-11.142094612121582
-11.139525413513184
-11.128353118896484
-11.121133804321289
-11.128279685974121
-11.122806549072266
-11.130558013916016
-11.140989303588867
-11.12844467163086
-11.137863159179688
-11.132570266723633
-11.13027286529541
-11.14570140838623
-11.137432098388672
-11.124908447265625
-11.135865211486816
-11.14255428314209
-11.138382911682129
-11.125163078308105
-11.13186264038086
-11.156624794006348
-11.148993492126465
-11.113567352294922
-11.132540702819824
-11.135479927062988
-11.14006519317627
-11.14136791229248
-11.149850845336914
-11.143649101257324
-11.156807899475098
-11.138566017150879
-11.12598705291748
-11.147554397583008
-11.151073455810547
-11.149423599243164
-11.158199310302734
-11.135433197021484
-11.159141540527344
-11.168497085571289
-11.153352737426758
-11.149444580078125
-11.161715507507324
-11.159566879272461
-11.15389347076416
-11.154327392578125
-11.164944648742676
-11.160833358764648
-11.161096572875977
-11.163551330566406
-11.163276672363281
-11.15395450592041
-11.15440559387207
-11.146754264831543
-11.15424919128418
-11.166687965393066
-11.165712356567383
-11.157800674438477
-11.173076629638672
-11.166409492492676
-11.174098014831543
-11.172229766845703
-11.16478443145752
-11.135355949401855
-11.175673484802246
-11.150997161865234
-11.142402648925781
-11.172006607055664
-11.151307106018066
-11.174127578735352
-11.168310165405273
-11.172124862670898
-11.175371170043945
-11.166462898254395
-11.176133155822754
-11.162452697753906
-11.15851879119873
-11.17303466796875
-11.160619735717773
-11.17583179473877
-11.185949325561523
-11.171186447143555
-11.196200370788574
-11.170281410217285
-11.188979148864746
-11.192651748657227
-11.187782287597656
-11.188069343566895
-11.19215202331543
-11.181530952453613
-11.17099666595459
-11.185013771057129
-11.18375301361084
-11.195446014404297
-11.178585052490234
-11.18786334991455
-11.188926696777344
-11.198805809020996
-11.180816650390625
-11.190291404724121
-11.19813060760498
-11.187448501586914
-11.193558692932129
-11.202186584472656
-11.179795265197754
-11.198112487792969
-11.194877624511719
-11.192363739013672
-11.179129600524902
-11.173600196838379
-11.186619758605957
-11.201166152954102
-11.194430351257324
-11.19161319732666
-11.195487976074219
-11.203356742858887
-11.1886625289917
-11.207978248596191
-11.19304370880127
-11.203277587890625
-11.198905944824219
-11.199784278869629
-11.194456100463867
-11.205818176269531
-11.204647064208984
-11.175427436828613
-11.191454887390137
-11.198246002197266
-11.20676326751709
-11.208035469055176
-11.202290534973145
-11.19517993927002
-11.199605941772461
-11.199789047241211
-11.197001457214355
-11.190089225769043
-11.200626373291016
-11.188732147216797
-11.190752029418945
-11.205815315246582
-11.197733879089355
-11.195554733276367
-11.207590103149414
-11.19640064239502
-11.189167976379395
-11.202335357666016
-11.201990127563477
-11.214533805847168
-11.203609466552734
-11.210224151611328
-11.208617210388184
-11.209281921386719
-11.217146873474121
-11.195751190185547
-11.19914436340332
-11.208112716674805
-11.193214416503906
-11.219837188720703
-11.195505142211914
-11.188349723815918
-11.203474044799805
-11.154913902282715
-11.191502571105957
-11.173362731933594
-11.182701110839844
-11.220322608947754
-11.191160202026367
-11.224573135375977
-11.162160873413086
-11.218621253967285
-11.18572998046875
-11.194302558898926
-11.208239555358887
-11.161523818969727
-11.212601661682129
-11.175874710083008
-11.221025466918945
-11.167201042175293
-11.211799621582031
-11.215503692626953
-11.1785888671875
-11.209737777709961
-11.189986228942871
-11.22195816040039
-11.191510200500488
-11.231169700622559
-11.188968658447266
-11.201811790466309
-11.223621368408203
-11.202645301818848
-11.222254753112793
-11.211066246032715
-11.213339805603027
-11.209189414978027
-11.224836349487305
-11.22878646850586
-11.228200912475586
-11.224114418029785
-11.229763984680176
-11.232994079589844
-11.207354545593262
-11.221394538879395
-11.218831062316895
-11.239017486572266
-11.226099967956543
-11.224721908569336
-11.232645988464355
-11.23857593536377
-11.241281509399414
-11.22331714630127
-11.240422248840332
-11.218082427978516
-11.226676940917969
-11.240320205688477
-11.209486961364746
-11.234420776367188
-11.230390548706055
-11.21967887878418
-11.230728149414062
-11.2122220993042
-11.226584434509277
-11.230672836303711
-11.231682777404785
-11.227001190185547
-11.225629806518555
-11.236764907836914
-11.228666305541992
-11.210094451904297
-11.225550651550293
-11.234811782836914
-11.229310989379883
-11.234729766845703
-11.24401569366455
-11.226471900939941
-11.235553741455078
-11.23170280456543
-11.217337608337402
-11.235221862792969
-11.242724418640137
-11.224259376525879
-11.194293022155762
-11.228555679321289
-11.232867240905762
-11.233129501342773
-11.227866172790527
-11.222922325134277
-11.240602493286133
-11.230649948120117
-11.232915878295898
-11.23198127746582
-11.23052978515625
-11.227313995361328
-11.241990089416504
-11.247556686401367
-11.233391761779785
-11.233753204345703
-11.247387886047363
-11.232966423034668
-11.233508110046387
-11.232815742492676
-11.235017776489258
-11.230609893798828
-11.245943069458008
-11.230864524841309
-11.244341850280762
-11.240288734436035
-11.234792709350586
-11.221193313598633
-11.228564262390137
-11.23066234588623
-11.254860877990723
-11.226764678955078
-11.239313125610352
-11.235158920288086
-11.231510162353516
-11.239009857177734
-11.244561195373535
-11.246017456054688
-11.244766235351562
-11.240007400512695
-11.243463516235352
-11.243223190307617
-11.256404876708984
-11.22773265838623
-11.25621509552002
-11.2390775680542
-11.230376243591309
-11.23499584197998
-11.225884437561035
-11.213395118713379
-11.223116874694824
-11.229302406311035
-11.21110725402832
-11.238031387329102
-11.23725700378418
-11.231053352355957
-11.253266334533691
-11.234444618225098
-11.242351531982422
-11.24870491027832
-11.228551864624023
-11.23917007446289
-11.216779708862305
-11.231147766113281
-11.236469268798828
-11.203838348388672
-11.250631332397461
-11.20704460144043
-11.251184463500977
-11.190709114074707
-11.191675186157227
-11.221973419189453
-11.180526733398438
-11.252514839172363
-11.212501525878906
-11.255785942077637
-11.240336418151855
-11.251279830932617
-11.243078231811523
-11.251785278320312
-11.234301567077637
-11.25056266784668
-11.234127044677734
-11.24612045288086
-11.256889343261719
-11.253790855407715
-11.240119934082031
-11.2562255859375
-11.255553245544434
-11.2478609085083
-11.251301765441895
-11.254471778869629
-11.25251293182373
-11.247499465942383
-11.247925758361816
-11.247876167297363
-11.249811172485352
-11.249696731567383
-11.240452766418457
-11.254352569580078
-11.253327369689941
-11.241073608398438
-11.240562438964844
-11.251608848571777
-11.24197006225586
-11.244458198547363
-11.250155448913574
-11.239338874816895
-11.262040138244629
-11.251251220703125
-11.253212928771973
-11.260575294494629
-11.25114631652832
-11.253434181213379
-11.25748348236084
-11.267030715942383
-11.253927230834961
-11.244841575622559
-11.255245208740234
-11.244133949279785
-11.252056121826172
-11.253244400024414
-11.256134033203125
-11.255929946899414
-11.251917839050293
-11.2633695602417
-11.236817359924316
-11.25281047821045
-11.23009204864502
-11.219733238220215
-11.257925987243652
-11.220366477966309
-11.245956420898438
-11.245192527770996
-11.240560531616211
-11.25784969329834
-11.247761726379395
-11.250097274780273
-11.256028175354004
-11.237162590026855
-11.261297225952148
-11.258757591247559
-11.25974178314209
-11.236428260803223
-11.256556510925293
-11.244095802307129
-11.257588386535645
-11.262332916259766
-11.263992309570312
-11.273919105529785
-11.248430252075195
-11.26494026184082
-11.246213912963867
-11.230030059814453
-11.261396408081055
-11.266453742980957
-11.257164001464844
-11.258122444152832
-11.25122356414795
-11.256888389587402
-11.25516128540039
-11.25617504119873
-11.253565788269043
-11.252596855163574
-11.266182899475098
-11.256566047668457
-11.242134094238281
-11.242325782775879
-11.235529899597168
-11.246538162231445
-11.252057075500488
-11.245526313781738
-11.255666732788086
-11.249560356140137
-11.265397071838379
-11.253396987915039
-11.247793197631836
-11.2671480178833
-11.267489433288574
-11.255285263061523
-11.25931453704834
-11.261815071105957
-11.262604713439941
-11.266423225402832
-11.273845672607422
-11.251763343811035
-11.254881858825684
-11.263788223266602
-11.259204864501953
-11.253238677978516
-11.268385887145996
-11.269759178161621
-11.25904655456543
-11.260980606079102
-11.270170211791992
-11.273368835449219
-11.255763053894043
-11.268926620483398
-11.26601791381836
-11.257187843322754
-11.260353088378906
-11.250078201293945
-11.267301559448242
-11.26585865020752
-11.260797500610352
-11.267645835876465
-11.257631301879883
-11.272713661193848
-11.263103485107422
-11.273381233215332
-11.26777458190918
-11.264284133911133
-11.268341064453125
-11.269057273864746
-11.27689266204834
-11.266462326049805
-11.268485069274902
-11.268331527709961
-11.276137351989746
-11.267269134521484
-11.267075538635254
-11.265387535095215
-11.269659996032715
-11.248577117919922
-11.249618530273438
-11.267245292663574
-11.240738868713379
-11.262042045593262
-11.249612808227539
-11.259329795837402
-11.267193794250488
-11.239629745483398
-11.259892463684082
-11.250984191894531
-11.254810333251953
-11.281549453735352
-11.249724388122559
-11.259723663330078
-11.261494636535645
-11.264740943908691
-11.270322799682617
-11.276628494262695
-11.269247055053711
-11.273994445800781
-11.261935234069824
-11.268911361694336
-11.27381420135498
-11.25560188293457
-11.2584867477417
-11.265872955322266
-11.257023811340332
-11.278846740722656
-11.262258529663086
-11.269591331481934
-11.264608383178711
-11.263345718383789
-11.273202896118164
-11.253477096557617
-11.266772270202637
-11.2691011428833
-11.26838207244873
-11.271405220031738
-11.253307342529297
-11.277141571044922
-11.251350402832031
-11.262296676635742
-11.273427963256836
-11.253507614135742
-11.274271965026855
-11.263162612915039
-11.275084495544434
-11.26857852935791
-11.279862403869629
-11.259956359863281
-11.262861251831055
-11.275620460510254
-11.266993522644043
-11.267889022827148
-11.273528099060059
-11.286857604980469
-11.27740478515625
-11.264947891235352
-11.271551132202148
-11.274019241333008
-11.274174690246582
-11.259239196777344
-11.275073051452637
-11.271366119384766
-11.26945686340332
-11.283528327941895
-11.27711296081543
-11.28410530090332
-11.275010108947754
-11.27616024017334
-11.27423095703125
-11.275861740112305
-11.274133682250977
-11.271093368530273
-11.268343925476074
-11.279494285583496
-11.28213882446289
-11.265799522399902
-11.281379699707031
-11.266940116882324
-11.282768249511719
-11.277078628540039
-11.272668838500977
-11.279850959777832
-11.274277687072754
-11.261165618896484
-11.26660442352295
-11.252312660217285
-11.261756896972656
-11.26732349395752
-11.285746574401855
-11.27006721496582
-11.271147727966309
-11.277482986450195
-11.291169166564941
-11.268872261047363
-11.283039093017578
-11.277884483337402
-11.278233528137207
-11.287693977355957
-11.275238037109375
-11.264545440673828
-11.267149925231934
-11.278600692749023
-11.276415824890137
-11.28123664855957
-11.272661209106445
-11.273660659790039
-11.275031089782715
-11.273898124694824
-11.279386520385742
-11.277640342712402
-11.26987361907959
-11.28480339050293
-11.289016723632812
-11.266557693481445
-11.27999496459961
-11.28083324432373
-11.263943672180176
-11.282599449157715
-11.279069900512695
-11.262741088867188
-11.276053428649902
-11.279367446899414
-11.279740333557129
-11.270459175109863
-11.262866020202637
-11.277349472045898
-11.265312194824219
-11.280126571655273
-11.276073455810547
-11.268536567687988
-11.28409481048584
-11.282024383544922
-11.271356582641602
-11.281537055969238
-11.270516395568848
-11.273882865905762
-11.288114547729492
-11.280916213989258
-11.279256820678711
-11.278401374816895
-11.277074813842773
-11.28352165222168
-11.28535270690918
-11.279614448547363
-11.280525207519531
-11.282057762145996
-11.268699645996094
-11.273956298828125
-11.283947944641113
-11.275520324707031
-11.275689125061035
-11.259406089782715
-11.275217056274414
-11.275181770324707
-11.244922637939453
-11.279687881469727
-11.275534629821777
-11.276755332946777
-11.280121803283691
-11.278593063354492
-11.281320571899414
-11.2835693359375
-11.281336784362793
-11.28546142578125
-11.284673690795898
-11.280247688293457
-11.285500526428223
-11.292665481567383
-11.28187370300293
-11.281599998474121
-11.2869291305542
-11.28797435760498
-11.292238235473633
-11.286820411682129
-11.291784286499023
-11.279261589050293
-11.282170295715332
-11.275009155273438
-11.274670600891113
-11.268653869628906
-11.279605865478516
-11.2809476852417
-11.276691436767578
-11.282530784606934
-11.287494659423828
-11.287675857543945
-11.28314208984375
-11.288487434387207
-11.285985946655273
-11.287413597106934
-11.289325714111328
-11.286375999450684
-11.287443161010742
-11.288028717041016
-11.28877067565918
-11.278328895568848
-11.283260345458984
-11.287121772766113
-11.287439346313477
-11.29157543182373
-11.282003402709961
-11.276427268981934
-11.283084869384766
-11.29244327545166
-11.287555694580078
-11.281591415405273
-11.28658390045166
-11.29328727722168
-11.281932830810547
-11.295372009277344
-11.285189628601074
-11.270730972290039
-11.284043312072754
-11.293432235717773
-11.289522171020508
-11.291708946228027
-11.291481018066406
-11.289336204528809
-11.293684005737305
-11.280187606811523
-11.297204971313477
-11.287546157836914
-11.283994674682617
-11.289902687072754
-11.278480529785156
-11.272727966308594
-11.280179977416992
-11.28079605102539
-11.276175498962402
-11.275557518005371
-11.279412269592285
-11.277965545654297
-11.277891159057617
-11.29509449005127
-11.257640838623047
-11.275053024291992
-11.285836219787598
-11.267541885375977
-11.276871681213379
-11.299860000610352
-11.280694961547852
-11.277546882629395
-11.286087989807129
-11.282562255859375
-11.295214653015137
-11.283403396606445
-11.299439430236816
-11.288655281066895
-11.295302391052246
-11.293392181396484
-11.279058456420898
-11.278328895568848
-11.285026550292969
-11.291075706481934
-11.302074432373047
-11.278850555419922
-11.280303955078125
-11.287696838378906
-11.290253639221191
-11.284785270690918
-11.290992736816406
-11.276365280151367
-11.281689643859863
-11.297124862670898
-11.291341781616211
-11.282544136047363
-11.297228813171387
-11.30020523071289
-11.289917945861816
-11.283770561218262
-11.28866195678711
-11.289634704589844
-11.286240577697754
-11.285895347595215
-11.272135734558105
-11.276087760925293
-11.28413200378418
-11.266469955444336
-11.2832612991333
-11.255634307861328
-11.25583553314209
-11.292304039001465
-11.278064727783203
-11.289072036743164
-11.285210609436035
-11.272768020629883
-11.285511016845703
-11.285787582397461
-11.2890043258667
-11.29345703125
-11.287012100219727
-11.294609069824219
-11.28640079498291
-11.288788795471191
-11.282279968261719
-11.288442611694336
-11.29922866821289
-11.292167663574219
-11.283625602722168
-11.290029525756836
-11.293685913085938
-11.284829139709473
-11.288558006286621
-11.29311752319336
-11.284655570983887
-11.289155960083008
-11.276625633239746
-11.264528274536133
-11.293554306030273
-11.250360488891602
-11.27548885345459
-11.282988548278809
-11.266101837158203
-11.293301582336426
-11.26105785369873
-11.284270286560059
-11.290349006652832
-11.273370742797852
-11.29525375366211
-11.28425121307373
-11.272534370422363
-11.29136848449707
-11.26797866821289
-11.294212341308594
-11.279827117919922
-11.286404609680176
-11.284483909606934
-11.290742874145508
-11.296594619750977
-11.288516998291016
-11.283671379089355
-11.297598838806152
-11.280694007873535
-11.294109344482422
-11.281596183776855
-11.285909652709961
-11.2871732711792
-11.299930572509766
-11.297131538391113
-11.281497955322266
-11.294816970825195
-11.278475761413574
-11.286460876464844
-11.296475410461426
-11.286991119384766
-11.29379940032959
-11.262877464294434
-11.27104663848877
-11.293875694274902
-11.288217544555664
-11.300209999084473
-11.284651756286621
-11.29212474822998
-11.29529857635498
-11.293342590332031
-11.28714656829834
-11.284811973571777
-11.2940092086792
-11.291930198669434
-11.307806015014648
-11.29194164276123
-11.28670883178711
-11.301644325256348
-11.29369068145752
-11.291180610656738
-11.297597885131836
-11.300161361694336
-11.285563468933105
-11.290511131286621
-11.296005249023438
-11.276833534240723
-11.29430103302002
-11.306282043457031
-11.301375389099121
-11.300444602966309
-11.293477058410645
-11.301535606384277
-11.299306869506836
-11.298582077026367
-11.306065559387207
-11.289685249328613
-11.303306579589844
-11.300167083740234
-11.299125671386719
-11.29416275024414
-11.294655799865723
-11.264273643493652
-11.295452117919922
-11.295242309570312
-11.29308795928955
-11.294315338134766
-11.292314529418945
-11.303045272827148
-11.291581153869629
-11.295123100280762
-11.295283317565918
-11.294282913208008
-11.302916526794434
-11.298053741455078
-11.292052268981934
-11.292916297912598
-11.287534713745117
-11.303041458129883
-11.289570808410645
-11.273308753967285
-11.297174453735352
-11.287209510803223
-11.263197898864746
-11.294007301330566
-11.295341491699219
-11.299176216125488
-11.289753913879395
-11.294743537902832
-11.288909912109375
-11.29367733001709
-11.299806594848633
-11.290008544921875
-11.296493530273438
-11.285318374633789
-11.308394432067871
-11.288293838500977
-11.292587280273438
-11.290590286254883
-11.312661170959473
-11.296142578125
-11.283552169799805
-11.301352500915527
-11.275969505310059
-11.287638664245605
-11.294567108154297
-11.291561126708984
-11.29763412475586
-11.295747756958008
-11.301793098449707
-11.285670280456543
-11.286023139953613
-11.302865028381348
-11.275666236877441
-11.281874656677246
-11.302173614501953
-11.276305198669434
-11.2909517288208
-11.282833099365234
-11.293627738952637
-11.303751945495605
-11.276021003723145
-11.293758392333984
-11.302148818969727
-11.3060941696167
-11.305328369140625
-11.298608779907227
-11.296839714050293
-11.297857284545898
-11.306476593017578
-11.301521301269531
-11.30329418182373
-11.30147647857666
-11.305014610290527
-11.308917045593262
-11.29886531829834
-11.291437149047852
-11.289657592773438
-11.285327911376953
-11.29773235321045
-11.295266151428223
-11.296060562133789
-11.289627075195312
-11.304523468017578
-11.304163932800293
-11.293903350830078
-11.303388595581055
-11.282137870788574
-11.29551887512207
-11.303970336914062
-11.299028396606445
-11.300058364868164
-11.299192428588867
-11.299237251281738
-11.300484657287598
-11.295328140258789
-11.310060501098633
-11.301362037658691
-11.313270568847656
-11.30749225616455
-11.305492401123047
-11.301422119140625
-11.306456565856934
-11.293813705444336
-11.3006591796875
-11.304817199707031
-11.305305480957031
-11.29491901397705
-11.30134105682373
-11.290282249450684
-11.302077293395996
-11.29904842376709
-11.297381401062012
-11.309471130371094
-11.31340217590332
-11.30066967010498
-11.309285163879395
-11.305052757263184
-11.30129337310791
-11.302618980407715
-11.305797576904297
-11.31114673614502
-11.307182312011719
-11.302925109863281
-11.300982475280762
-11.30179214477539
-11.301299095153809
-11.304218292236328
-11.302485466003418
-11.303668975830078
-11.294527053833008
-11.295134544372559
-11.297287940979004
-11.29276180267334
-11.302604675292969
-11.309171676635742
-11.301552772521973
-11.314367294311523
-11.310791969299316
-11.309303283691406
-11.299306869506836
-11.301627159118652
-11.301485061645508
-11.297834396362305
-11.302350044250488
-11.307058334350586
-11.304712295532227
-11.306201934814453
-11.302421569824219
-11.300430297851562
-11.296330451965332
-11.286993026733398
-11.303351402282715
-11.304476737976074
-11.29541015625
-11.303019523620605
-11.302587509155273
-11.307879447937012
-11.302485466003418
-11.299555778503418
-11.29631519317627
-11.309428215026855
-11.299809455871582
-11.310994148254395
-11.301730155944824
-11.287405014038086
-11.289891242980957
-11.302361488342285
-11.304672241210938
-11.300493240356445
-11.309104919433594
-11.303457260131836
-11.284908294677734
-11.302437782287598
-11.281749725341797
-11.306816101074219
-11.287979125976562
-11.268102645874023
-11.302573204040527
-11.282879829406738
-11.285623550415039
-11.306503295898438
-11.28573226928711
-11.298224449157715
-11.267580032348633
-11.27247428894043
-11.290239334106445
-11.258816719055176
-11.307180404663086
-11.280628204345703
-11.292237281799316
-11.294663429260254
-11.300349235534668
-11.287044525146484
-11.264901161193848
-11.313102722167969
-11.252169609069824
-11.305344581604004
-11.275084495544434
-11.281635284423828
-11.28759765625
-11.280517578125
-11.312984466552734
-11.285974502563477
-11.306636810302734
-11.27525520324707
-11.283478736877441
-11.296480178833008
-11.284566879272461
-11.313103675842285
-11.282661437988281
-11.299088478088379
-11.294811248779297
-11.271212577819824
-11.31380558013916
-11.30042839050293
-11.302140235900879
-11.307709693908691
-11.29963493347168
-11.313493728637695
-11.304938316345215
-11.300298690795898
-11.307546615600586
-11.307214736938477
-11.302973747253418
-11.284531593322754
-11.305936813354492
-11.30079460144043
-11.300512313842773
-11.307024955749512
-11.299189567565918
-11.306870460510254
-11.306902885437012
-11.303474426269531
-11.309250831604004
-11.308835983276367
-11.291618347167969
-11.298762321472168
-11.302755355834961
-11.307306289672852
-11.30803108215332
-11.305336952209473
-11.290101051330566
-11.308357238769531
-11.296509742736816
-11.303071975708008
-11.309222221374512
-11.308300971984863
-11.306865692138672
-11.30484676361084
-11.30333137512207
-11.301351547241211
-11.305912017822266
-11.295133590698242
-11.297554969787598
-11.311814308166504
-11.276859283447266
-11.314358711242676
-11.298775672912598
-11.285404205322266
-11.31155776977539
-11.28563117980957
-11.301591873168945
-11.295016288757324
-11.297994613647461
-11.30837631225586
-11.303666114807129
-11.300408363342285
-11.314013481140137
-11.308675765991211
-11.303194046020508
-11.309322357177734
-11.314230918884277
-11.29792308807373
-11.304920196533203
-11.304180145263672
-11.308304786682129
-11.30629825592041
-11.306342124938965
-11.311527252197266
-11.31494426727295
-11.304319381713867
-11.305023193359375
-11.311799049377441
-11.31088924407959
-11.305663108825684
-11.310201644897461
-11.309138298034668
-11.311996459960938
-11.31421947479248
-11.31058120727539
-11.316411972045898
-11.316802024841309
-11.316893577575684
-11.305455207824707
-11.307198524475098
-11.307882308959961
-11.319310188293457
-11.315113067626953
-11.314526557922363
-11.309503555297852
-11.313368797302246
-11.312236785888672
-11.308470726013184
-11.306663513183594
-11.308874130249023
-11.30860710144043
-11.309937477111816
-11.31609058380127
-11.307143211364746
-11.307903289794922
-11.303619384765625
-11.303589820861816
-11.308233261108398
-11.295982360839844
-11.30727481842041
-11.293821334838867
-11.307836532592773
-11.31273365020752
-11.311749458312988
-11.303603172302246
-11.30706787109375
-11.305819511413574
-11.316007614135742
-11.31567096710205
-11.307732582092285
-11.305728912353516
-11.30998706817627
-11.31748104095459
-11.308834075927734
-11.307551383972168
-11.311206817626953
-11.310023307800293
-11.316795349121094
-11.313056945800781
-11.31497859954834
-11.305543899536133
-11.309995651245117
-11.299156188964844
-11.306634902954102
-11.308069229125977
-11.321452140808105
-11.308490753173828
-11.308921813964844
-11.295974731445312
-11.311031341552734
-11.313895225524902
-11.303177833557129
-11.315667152404785
-11.302497863769531
-11.305511474609375
-11.297769546508789
-11.287515640258789
-11.312549591064453
-11.299139022827148
-11.302638053894043
-11.313922882080078
-11.31661319732666
-11.317185401916504
-11.301801681518555
-11.312138557434082
-11.311395645141602
-11.312642097473145
-11.302043914794922
-11.300573348999023
-11.31452465057373
-11.302559852600098
-11.314617156982422
-11.304497718811035
-11.305176734924316
-11.31358528137207
-11.312240600585938
-11.310111999511719
-11.317122459411621
-11.30688762664795
-11.311054229736328
-11.307661056518555
-11.303818702697754
-11.301729202270508
-11.301944732666016
-11.307316780090332
-11.294842720031738
-11.310145378112793
-11.310175895690918
-11.31052303314209
-11.317978858947754
-11.30683422088623
-11.300552368164062
-11.289570808410645
-11.30971622467041
-11.313849449157715
-11.304056167602539
-11.313289642333984
-11.29376220703125
-11.299629211425781
-11.327531814575195
-11.314270973205566
-11.324097633361816
-11.319889068603516
-11.294183731079102
-11.3110933303833
-11.310779571533203
-11.310566902160645
-11.31436824798584
-11.312227249145508
-11.316357612609863
-11.31072998046875
-11.317416191101074
-11.318170547485352
-11.317898750305176
-11.322467803955078
-11.314614295959473
-11.318069458007812
-11.312910079956055
-11.311606407165527
-11.305804252624512
-11.307737350463867
-11.310225486755371
-11.315948486328125
-11.31352424621582
-11.320697784423828
-11.320119857788086
-11.311870574951172
-11.31460952758789
-11.304611206054688
-11.31393814086914
-11.305672645568848
-11.308323860168457
-11.31696605682373
-11.305892944335938
-11.311092376708984
-11.31052303314209
-11.308612823486328
-11.314852714538574
-11.307631492614746
-11.327609062194824
-11.312971115112305
-11.309372901916504
-11.318821907043457
-11.300165176391602
-11.318937301635742
-11.315389633178711
-11.318439483642578
-11.317169189453125
-11.31529426574707
-11.310359001159668
-11.3060941696167
-11.316100120544434
-11.304946899414062
-11.309304237365723
-11.312728881835938
-11.308576583862305
-11.309240341186523
-11.316944122314453
-11.309958457946777
-11.316061973571777
-11.311589241027832
-11.3132963180542
-11.312446594238281
-11.322395324707031
-11.317878723144531
-11.311355590820312
-11.316694259643555
-11.307784080505371
-11.316605567932129
-11.313030242919922
-11.313247680664062
-11.307391166687012
-11.304300308227539
-11.320415496826172
-11.30952262878418
-11.312233924865723
-11.3203763961792
-11.317405700683594
-11.310301780700684
-11.319256782531738
-11.312616348266602
-11.312601089477539
-11.322425842285156
-11.31939697265625
-11.31506633758545
-11.305720329284668
-11.311817169189453
-11.327324867248535
-11.30996322631836
-11.305224418640137
-11.313155174255371
-11.306248664855957
-11.31282901763916
-11.313955307006836
-11.307137489318848
-11.306221961975098
-11.31107234954834
-11.303768157958984
-11.30183219909668
-11.319093704223633
-11.314214706420898
-11.317758560180664
-11.321868896484375
-11.320560455322266
-11.30988597869873
-11.315207481384277
-11.313297271728516
-11.311945915222168
-11.304265975952148
-11.31359577178955
-11.316855430603027
-11.293152809143066
-11.301763534545898
-11.31746768951416
-11.303170204162598
-11.314618110656738
-11.317890167236328
-11.311970710754395
-11.31568717956543
-11.320290565490723
-11.31951904296875
-11.317586898803711
-11.314497947692871
-11.309568405151367
-11.320645332336426
-11.317291259765625
-11.305922508239746
-11.313007354736328
-11.315773963928223
-11.317394256591797
-11.3184814453125
-11.299149513244629
-11.306863784790039
-11.3196382522583
-11.31397533416748
-11.314067840576172
-11.314187049865723
-11.314434051513672
-11.312904357910156
-11.324369430541992
-11.309259414672852
-11.307013511657715
-11.315497398376465
-11.323442459106445
-11.321736335754395
-11.318140983581543
-11.319811820983887
-11.312421798706055
-11.316546440124512
-11.325992584228516
-11.318458557128906
-11.318065643310547
-11.296092987060547
-11.305109977722168
-11.317405700683594
-11.322465896606445
-11.312867164611816
-11.317766189575195
-11.325305938720703
-11.324493408203125
-11.324463844299316
-11.327729225158691
-11.318647384643555
-11.314230918884277
-11.321141242980957
-11.324326515197754
-11.326115608215332
-11.320682525634766
-11.317109107971191
-11.321106910705566
-11.321181297302246
-11.316842079162598
-11.313095092773438
-11.317466735839844
-11.311788558959961
-11.312399864196777
-11.317017555236816
-11.297298431396484
-11.30086612701416
-11.311349868774414
-11.291126251220703
-11.316965103149414
-11.317541122436523
-11.30410385131836
-11.31861400604248
-11.318565368652344
-11.315396308898926
-11.317841529846191
-11.318334579467773
-11.31986141204834
-11.318471908569336
-11.313498497009277
-11.320308685302734
-11.314371109008789
-11.311857223510742
-11.315213203430176
-11.321202278137207
-11.30863094329834
-11.31193733215332
-11.314061164855957
-11.314129829406738
-11.313091278076172
-11.326292991638184
-11.316522598266602
-11.319047927856445
-11.30980110168457
-11.317375183105469
-11.312889099121094
-11.31932258605957
-11.302316665649414
-11.301769256591797
-11.315831184387207
-11.322121620178223
-11.31112003326416
-11.320378303527832
-11.312670707702637
-11.311678886413574
-11.305183410644531
-11.32226848602295
-11.320188522338867
-11.31917953491211
-11.316951751708984
-11.326136589050293
-11.313705444335938
-11.320303916931152
-11.32947826385498
-11.32110595703125
-11.309828758239746
-11.307141304016113
-11.2948579788208
-11.324484825134277
-11.318764686584473
-11.306367874145508
-11.322371482849121
-11.323644638061523
-11.310775756835938
-11.319173812866211
-11.313183784484863
-11.324291229248047
-11.318424224853516
-11.321836471557617
-11.316826820373535
-11.318918228149414
-11.320816993713379
-11.310460090637207
-11.31509017944336
-11.3180570602417
-11.307104110717773
-11.321033477783203
-11.322381973266602
-11.321249008178711
-11.31363582611084
-11.30945110321045
-11.321004867553711
-11.315934181213379
-11.327862739562988
-11.321422576904297
-11.328619003295898
-11.317754745483398
-11.321078300476074
-11.31921100616455
-11.324607849121094
-11.32111930847168
-11.31635856628418
-11.322637557983398
-11.320813179016113
-11.317913055419922
-11.324613571166992
-11.310064315795898
-11.3290433883667
-11.31499195098877
-11.318838119506836
-11.319798469543457
-11.294997215270996
-11.311972618103027
-11.310089111328125
-11.281180381774902
-11.316732406616211
-11.255093574523926
-11.307074546813965
-11.266615867614746
-11.29604721069336
-11.3131103515625
-11.30127239227295
-11.30843734741211
-11.286847114562988
-11.31503677368164
-11.308284759521484
-11.31641674041748
-11.300447463989258
-11.31505012512207
-11.312518119812012
-11.31105899810791
-11.3142671585083
-11.300507545471191
-11.3201322555542
-11.266868591308594
-11.298171043395996
-11.298212051391602
-11.276230812072754
-11.321149826049805
-11.309249877929688
-11.31676959991455
-11.278550148010254
-11.315383911132812
-11.29999828338623
-11.30899715423584
-11.310078620910645
-11.305420875549316
-11.320508003234863
-11.300505638122559
-11.324066162109375
-11.295888900756836
-11.32149600982666
-11.31291389465332
-11.313090324401855
-11.315463066101074
-11.31631088256836
-11.32602596282959
-11.306490898132324
-11.322061538696289
-11.315226554870605
-11.32176685333252
-11.318477630615234
-11.31804370880127
-11.311176300048828
-11.32259464263916
-11.323750495910645
-11.316669464111328
-11.320853233337402
-11.317850112915039
-11.312408447265625
-11.319074630737305
-11.30468463897705
-11.311490058898926
-11.319341659545898
-11.316317558288574
-11.322962760925293
-11.330513000488281
-11.31736946105957
-11.313092231750488
-11.32634162902832
-11.321089744567871
-11.317374229431152
-11.303096771240234
-11.316292762756348
-11.310253143310547
-11.32109260559082
-11.32490348815918
-11.321255683898926
-11.329833984375
-11.327484130859375
-11.324759483337402
-11.322259902954102
-11.324930191040039
-11.316505432128906
-11.307583808898926
-11.328353881835938
-11.315398216247559
-11.321988105773926
-11.324265480041504
-11.315049171447754
-11.323356628417969
-11.31383991241455
-11.313095092773438
-11.326435089111328
-11.317811012268066
-11.319512367248535
-11.30514144897461
-11.314291000366211
-11.312734603881836
-11.319917678833008
-11.326935768127441
-11.322866439819336
-11.32664966583252
-11.315665245056152
-11.320980072021484
-11.319973945617676
-11.322896003723145
-11.326626777648926
-11.317872047424316
-11.329032897949219
-11.304871559143066
-11.327620506286621
-11.312427520751953
-11.318418502807617
-11.313437461853027
-11.32291030883789
-11.29556941986084
-11.271044731140137
-11.325338363647461
-11.287866592407227
-11.323223114013672
-11.30245590209961
-11.31525707244873
-11.315804481506348
-11.300128936767578
-11.31742000579834
-11.309789657592773
-11.318907737731934
-11.304448127746582
-11.327400207519531
-11.29837703704834
-11.312681198120117
-11.299467086791992
-11.295560836791992
-11.308063507080078
-11.26826000213623
-11.324716567993164
-11.30699634552002
-11.321861267089844
-11.320621490478516
-11.323424339294434
-11.311893463134766
-11.322474479675293
-11.305195808410645
-11.308565139770508
-11.323325157165527
-11.322491645812988
-11.326159477233887
-11.316457748413086
-11.319962501525879
-11.316761016845703
-11.32050609588623
-11.323205947875977
-11.3274564743042
-11.321371078491211
-11.334039688110352
-11.32695198059082
-11.319601058959961
-11.316187858581543
-11.319806098937988
-11.325488090515137
-11.309781074523926
-11.318242073059082
-11.332520484924316
-11.319252014160156
-11.321000099182129
-11.332141876220703
-11.31757640838623
-11.326915740966797
-11.298236846923828
-11.323151588439941
-11.305803298950195
-11.311985969543457
-11.313589096069336
-11.296106338500977
-11.318355560302734
-11.28746223449707
-11.324973106384277
-11.29057788848877
-11.319786071777344
-11.3029146194458
-11.33275032043457
-11.31116008758545
-11.321763038635254
-11.318129539489746
-11.325648307800293
-11.32641887664795
-11.31714153289795
-11.330371856689453
-11.316668510437012
-11.329948425292969
-11.322815895080566
-11.326783180236816
-11.322643280029297
-11.331106185913086
-11.327973365783691
-11.326057434082031
-11.326925277709961
-11.32246208190918
-11.33104133605957
-11.32501220703125
-11.324458122253418
-11.328453063964844
-11.326597213745117
-11.317073822021484
-11.324715614318848
-11.323759078979492
-11.320910453796387
-11.328049659729004
-11.322450637817383
-11.32342529296875
-11.328941345214844
-11.307356834411621
-11.331718444824219
-11.330249786376953
-11.328387260437012
-11.320013046264648
-11.321596145629883
-11.325777053833008
-11.323524475097656
-11.330010414123535
-11.323251724243164
-11.325760841369629
-11.324469566345215
-11.331542015075684
-11.327288627624512
-11.323710441589355
-11.326883316040039
-11.326652526855469
-11.330303192138672
-11.327460289001465
-11.32367992401123
-11.325200080871582
-11.329182624816895
-11.316306114196777
-11.325613975524902
-11.327665328979492
-11.329167366027832
-11.319098472595215
-11.32314395904541
-11.322762489318848
-11.33183479309082
-11.336220741271973
-11.32624626159668
-11.322135925292969
-11.330878257751465
-11.329937934875488
-11.328178405761719
-11.318855285644531
-11.325571060180664
-11.325821876525879
-11.31595230102539
-11.339215278625488
-11.322676658630371
-11.31801700592041
-11.328413009643555
-11.3206205368042
-11.324021339416504
-11.328482627868652
-11.328886032104492
-11.330826759338379
-11.330300331115723
-11.326336860656738
-11.324731826782227
-11.330936431884766
-11.33006763458252
-11.328397750854492
-11.324443817138672
-11.319201469421387
-11.32666301727295
-11.324236869812012
-11.322552680969238
-11.328783988952637
-11.329097747802734
-11.324638366699219
-11.32522201538086
-11.328730583190918
-11.32170295715332
-11.324713706970215
-11.323491096496582
-11.326370239257812
-11.332988739013672
-11.323992729187012
-11.323646545410156
-11.32805347442627
-11.328628540039062
-11.330239295959473
-11.3328275680542
-11.329843521118164
-11.324935913085938
-11.335188865661621
-11.322872161865234
-11.325267791748047
-11.328849792480469
-11.323384284973145
-11.323402404785156
-11.329174041748047
-11.322240829467773
-11.334760665893555
-11.319141387939453
-11.320745468139648
-11.32703971862793
-11.321166038513184
-11.327468872070312
-11.327980995178223
-11.324216842651367
-11.329400062561035
-11.328840255737305
-11.332076072692871
-11.319782257080078
-11.329874992370605
-11.317899703979492
-11.329971313476562
-11.32814884185791
-11.329754829406738
-11.324270248413086
-11.327144622802734
-11.324172973632812
-11.317577362060547
-11.332222938537598
-11.319741249084473
-11.303808212280273
-11.329072952270508
-11.312458038330078
-11.291463851928711
-11.329122543334961
-11.295469284057617
-11.31309700012207
-11.321917533874512
-11.322964668273926
-11.327067375183105
-11.30853271484375
-11.33344841003418
-11.307500839233398
-11.32296371459961
-11.324714660644531
-11.322954177856445
-11.325129508972168
-11.327664375305176
-11.340164184570312
-11.322896957397461
-11.329896926879883
-11.32282543182373
-11.322875022888184
-11.32136058807373
-11.32203197479248
-11.32752513885498
-11.330119132995605
-11.327995300292969
-11.328410148620605
-11.326712608337402
-11.328644752502441
-11.324983596801758
-11.330208778381348
-11.328824996948242
-11.332767486572266
-11.324546813964844
-11.330912590026855
-11.327394485473633
-11.319019317626953
-11.329497337341309
-11.31662368774414
-11.332353591918945
-11.320608139038086
-11.326485633850098
-11.323077201843262
-11.316555976867676
-11.331710815429688
-11.320777893066406
-11.329461097717285
-11.311212539672852
-11.321211814880371
-11.33218002319336
-11.322432518005371
-11.332100868225098
-11.327693939208984
-11.329412460327148
-11.325364112854004
-11.33509349822998
-11.321512222290039
-11.33383560180664
-11.331116676330566
-11.329463005065918
-11.3305025100708
-11.319904327392578
-11.32536792755127
-11.334880828857422
-11.33471965789795
-11.32056999206543
-11.335469245910645
-11.328446388244629
-11.327881813049316
-11.326709747314453
-11.31887149810791
-11.333712577819824
-11.3051118850708
-11.335871696472168
-11.321322441101074
-11.31425952911377
-11.328337669372559
-11.29135799407959
-11.311680793762207
-11.314748764038086
-11.302765846252441
-11.334309577941895
-11.320029258728027
-11.331646919250488
-11.32075309753418
-11.31668758392334
-11.320831298828125
-11.309625625610352
-11.334778785705566
-11.322785377502441
-11.327113151550293
-11.330048561096191
-11.33623218536377
-11.322087287902832
-11.328712463378906
-11.313414573669434
-11.334063529968262
-11.305465698242188
-11.32568645477295
-11.31883716583252
-11.325910568237305
-11.332474708557129
-11.31954288482666
-11.3359375
-11.322314262390137
-11.331867218017578
-11.320321083068848
-11.330693244934082
-11.326103210449219
-11.328842163085938
-11.33175277709961
-11.310260772705078
-11.328527450561523
-11.329821586608887
-11.332889556884766
-11.330520629882812
-11.314144134521484
-11.327849388122559
-11.325142860412598
-11.318775177001953
-11.336886405944824
-11.327361106872559
-11.330121994018555
-11.326812744140625
-11.329872131347656
-11.32571792602539
-11.334457397460938
-11.324664115905762
-11.334123611450195
-11.317370414733887
-11.31894302368164
-11.331816673278809
-11.327759742736816
-11.332118034362793
-11.331523895263672
-11.325887680053711
-11.332353591918945
-11.322505950927734
-11.338064193725586
-11.329913139343262
-11.330459594726562
-11.323182106018066
-11.317220687866211
-11.340643882751465
-11.31174087524414
-11.326034545898438
-11.331719398498535
-11.319098472595215
-11.32830810546875
-11.325546264648438
-11.33031177520752
-11.326080322265625
-11.340827941894531
-11.318941116333008
-11.319066047668457
-11.329667091369629
-11.319783210754395
-11.335287094116211
-11.333613395690918
-11.3314847946167
-11.337834358215332
-11.332820892333984
-11.330082893371582
-11.329971313476562
-11.333232879638672
-11.324639320373535
-11.334192276000977
-11.317468643188477
-11.332128524780273
-11.312559127807617
-11.327071189880371
-11.306122779846191
-11.298320770263672
-11.3296537399292
-11.313892364501953
-11.335394859313965
-11.323099136352539
-11.324265480041504
-11.336845397949219
-11.3247709274292
-11.33094310760498
-11.321436882019043
-11.334141731262207
-11.327005386352539
-11.328182220458984
-11.330381393432617
-11.331273078918457
-11.328529357910156
-11.332184791564941
-11.33521842956543
-11.320906639099121
-11.335201263427734
-11.326444625854492
-11.324525833129883
-11.337715148925781
-11.326276779174805
-11.328805923461914
-11.315476417541504
-11.331914901733398
-11.313499450683594
-11.320891380310059
-11.332637786865234
-11.335977554321289
-11.335827827453613
-11.33484935760498
-11.327970504760742
-11.31542682647705
-11.32431411743164
-11.321538925170898
-11.31531810760498
-11.327471733093262
-11.331430435180664
-11.325955390930176
-11.333187103271484
-11.323870658874512
-11.31844711303711
-11.326003074645996
-11.318188667297363
-11.315227508544922
-11.333311080932617
-11.334168434143066
-11.3367280960083
-11.327775001525879
-11.327556610107422
-11.321871757507324
-11.332207679748535
-11.331672668457031
-11.332202911376953
-11.330336570739746
-11.334909439086914
-11.328471183776855
-11.327594757080078
-11.332192420959473
-11.325862884521484
-11.331021308898926
-11.312225341796875
-11.324203491210938
-11.331902503967285
-11.326827049255371
-11.334944725036621
-11.33492374420166
-11.332507133483887
-11.332157135009766
-11.327363967895508
-11.339213371276855
-11.31815242767334
-11.328700065612793
-11.33337116241455
-11.337530136108398
-11.332640647888184
-11.33381175994873
-11.338383674621582
-11.3370361328125
-11.329545021057129
-11.334141731262207
-11.333992004394531
-11.329737663269043
-11.329065322875977
-11.338088989257812
-11.331661224365234
-11.324246406555176
-11.33249568939209
-11.329788208007812
-11.336079597473145
-11.338607788085938
-11.337226867675781
-11.33951473236084
-11.329771041870117
-11.337995529174805
-11.334778785705566
-11.336027145385742
-11.34443187713623
-11.335657119750977
-11.33248519897461
-11.336487770080566
-11.338591575622559
-11.330830574035645
-11.332756042480469
-11.332999229431152
-11.331747055053711
-11.316028594970703
-11.335516929626465
-11.323652267456055
-11.323637008666992
-11.328866004943848
-11.305676460266113
-11.318228721618652
-11.329949378967285
-11.319018363952637
-11.331656455993652
-11.332779884338379
-11.336709022521973
-11.329455375671387
-11.329784393310547
-11.328125
-11.338142395019531
-11.332443237304688
-11.33405590057373
-11.332524299621582
-11.340991020202637
-11.330791473388672
-11.329733848571777
-11.333464622497559
-11.337705612182617
-11.332954406738281
-11.315611839294434
-11.337165832519531
-11.315912246704102
-11.32844066619873
-11.330612182617188
-11.313857078552246
-11.329325675964355
-11.318442344665527
-11.327672958374023
-11.32600212097168
-11.334543228149414
-11.31363582611084
-11.30586051940918
-11.323383331298828
-11.289833068847656
-11.333830833435059
-11.299264907836914
-11.331680297851562
-11.307247161865234
-11.3362455368042
-11.308634757995605
-11.338885307312012
-11.316520690917969
-11.32958984375
-11.328319549560547
-11.324265480041504
-11.29698371887207
-11.335741996765137
-11.298773765563965
-11.333573341369629
-11.290312767028809
-11.313019752502441
-11.316091537475586
-11.312758445739746
-11.3248872756958
-11.30908489227295
-11.319252967834473
-11.287022590637207
-11.335744857788086
-11.298144340515137
-11.325051307678223
-11.298786163330078
-11.332201957702637
-11.281743049621582
-11.33467960357666
-11.309308052062988
-11.328747749328613
-11.301535606384277
-11.324764251708984
-11.31934642791748
-11.334085464477539
-11.317740440368652
-11.344521522521973
-11.321741104125977
-11.333049774169922
-11.334146499633789
-11.339488983154297
-11.314878463745117
-11.324376106262207
-11.330888748168945
-11.31653118133545
-11.334686279296875
-11.33299732208252
-11.341483116149902
-11.323505401611328
-11.336448669433594
-11.324421882629395
-11.324311256408691
-11.334376335144043
-11.318513870239258
-11.328727722167969
-11.33500862121582
-11.33605670928955
-11.332056045532227
-11.34243106842041
-11.332079887390137
-11.340021133422852
-11.334820747375488
-11.33344841003418
-11.329564094543457
-11.3193998336792
-11.339360237121582
-11.324997901916504
-11.334187507629395
-11.326281547546387
-11.334843635559082
-11.339286804199219
-11.331151962280273
-11.326330184936523
-11.332860946655273
-11.342921257019043
-11.331751823425293
-11.317362785339355
-11.342754364013672
-11.327377319335938
-11.326568603515625
-11.341524124145508
-11.337946891784668
-11.332235336303711
-11.341195106506348
-11.338809967041016
-11.338943481445312
-11.339670181274414
-11.341151237487793
-11.336323738098145
-11.333823204040527
-11.337045669555664
-11.33089542388916
-11.337818145751953
-11.341679573059082
-11.337947845458984
-11.338199615478516
-11.334150314331055
-11.331127166748047
-11.342753410339355
-11.33569049835205
-11.333076477050781
-11.327447891235352
-11.330434799194336
-11.338305473327637
-11.338218688964844
-11.333629608154297
-11.33659839630127
-11.335186004638672
-11.331381797790527
-11.343605995178223
-11.332409858703613
-11.338934898376465
-11.340507507324219
-11.33596134185791
-11.340359687805176
-11.320284843444824
-11.33054256439209
-11.332237243652344
-11.3246431350708
-11.334978103637695
-11.32162094116211
-11.33890151977539
-11.334795951843262
-11.342329025268555
-11.327839851379395
-11.337394714355469
-11.331724166870117
-11.330184936523438
-11.336158752441406
-11.335986137390137
-11.3278226852417
-11.321109771728516
-11.335450172424316
-11.3371000289917
-11.332383155822754
-11.32800579071045
-11.332491874694824
-11.305076599121094
-11.333126068115234
-11.333011627197266
-11.335399627685547
-11.323726654052734
-11.33438491821289
-11.324468612670898
-11.337119102478027
-11.321929931640625
-11.334470748901367
-11.316349983215332
-11.326850891113281
-11.32884407043457
-11.329529762268066
-11.323116302490234
-11.333934783935547
-11.322234153747559
-11.326029777526855
-11.333130836486816
-11.333345413208008
-11.326516151428223
-11.326746940612793
-11.33355712890625
-11.31059741973877
-11.336573600769043
-11.330192565917969
-11.331093788146973
-11.3349027633667
-11.335895538330078
-11.335583686828613
-11.338397026062012
-11.335752487182617
-11.33784294128418
-11.33984375
-11.331216812133789
-11.339163780212402
-11.33119010925293
-11.33835220336914
-11.338695526123047
