loss_s
-2.6774840354919434
-2.7061593532562256
-2.73282527923584
-2.70341420173645
-2.7189369201660156
-2.748399257659912
-2.754223346710205
-2.7844223976135254
-2.84255313873291
-2.8325557708740234
-2.8787450790405273
-2.8766469955444336
-2.8810994625091553
-2.934852361679077
-2.9828622341156006
-2.97176194190979
-2.9979052543640137
-3.048626661300659
-3.1030783653259277
-3.11380672454834
-3.2058162689208984
-3.211325168609619
-3.3080525398254395
-3.3143086433410645
-3.373673439025879
-3.4780685901641846
-3.510468006134033
-3.5491182804107666
-3.639843463897705
-3.790412664413452
-3.916933298110962
-4.061172008514404
-4.166557788848877
-4.287802219390869
-4.521460056304932
-4.687221050262451
-4.948227405548096
-5.1660261154174805
-5.224932670593262
-5.428332328796387
-5.38983154296875
-5.296567916870117
-5.204993724822998
-5.135608196258545
-5.130423069000244
-5.100616931915283
-5.249782085418701
-5.342507839202881
-5.3773980140686035
-5.4257402420043945
-5.458920001983643
-5.465985298156738
-5.499774932861328
-5.424566268920898
-5.39773416519165
-5.386523246765137
-5.307036876678467
-5.405733585357666
-5.377267837524414
-5.4302263259887695
-5.501125812530518
-5.530786037445068
-5.537686347961426
-5.585079669952393
-5.530020713806152
-5.530111312866211
-5.52403450012207
-5.543850421905518
-5.531120300292969
-5.577476978302002
-5.587647914886475
-5.590518474578857
-5.648991584777832
-5.643930435180664
-5.633177757263184
-5.626412391662598
-5.62033224105835
-5.661569118499756
-5.633884906768799
-5.650232315063477
-5.667333602905273
-5.701319694519043
-5.675870418548584
-5.7016191482543945
-5.7072062492370605
-5.683051109313965
-5.732954978942871
-5.725133419036865
-5.719421863555908
-5.734390735626221
-5.74835205078125
-5.783382892608643
-5.785977363586426
-5.773528099060059
-5.760651111602783
-5.812042713165283
-5.816768646240234
-5.864954948425293
-5.804689407348633
-5.843511581420898
-5.797542095184326
-5.81532621383667
-5.874921798706055
-5.85273551940918
-5.870302677154541
-5.905933380126953
-5.890963554382324
-5.8952741622924805
-5.906774044036865
-5.861866474151611
-5.933501720428467
-5.920772552490234
-5.964730262756348
-5.96495246887207
-6.009316921234131
-5.964613914489746
-5.996758460998535
-6.009011268615723
-6.058957576751709
-6.007923126220703
-6.045745849609375
-6.087564945220947
-6.0957159996032715
-6.092280864715576
-6.062562942504883
-6.084883213043213
-6.0973100662231445
-6.115818977355957
-6.1444091796875
-6.187326908111572
-6.159632682800293
-6.184043884277344
-6.19256591796875
-6.217850685119629
-6.251150131225586
-6.237521648406982
-6.276367664337158
-6.285641670227051
-6.273816108703613
-6.296489238739014
-6.3075947761535645
-6.32904577255249
-6.359858989715576
-6.3683905601501465
-6.407957077026367
-6.4004364013671875
-6.46055269241333
-6.458353042602539
-6.469624042510986
-6.527412414550781
-6.503464221954346
-6.539745807647705
-6.570056438446045
-6.579914093017578
-6.613638401031494
-6.638454914093018
-6.649862289428711
-6.713332653045654
-6.774880409240723
-6.811460494995117
-6.784713268280029
-6.789402961730957
-6.860089302062988
-6.864129543304443
-6.8896636962890625
-6.968545436859131
-6.972105979919434
-6.982049942016602
-7.081218719482422
-7.089392185211182
-7.120698928833008
-7.183316707611084
-7.219076156616211
-7.26149845123291
-7.301522254943848
-7.299357891082764
-7.376528263092041
-7.42453670501709
-7.441248893737793
-7.4754414558410645
-7.497476100921631
-7.547547817230225
-7.589669704437256
-7.600058078765869
-7.621964931488037
-7.668427467346191
-7.684720993041992
-7.712698936462402
-7.68238639831543
-7.6931657791137695
-7.689778804779053
-7.637916088104248
-7.6867451667785645
-7.7083539962768555
-7.757231712341309
-7.522592067718506
-7.6544389724731445
-7.584103107452393
-7.646538734436035
-7.7652363777160645
-7.466515064239502
-7.7105255126953125
-7.6867570877075195
-7.577067852020264
-7.645388126373291
-7.617717742919922
-7.672787189483643
-7.730072021484375
-7.665513038635254
-7.644834995269775
-7.723085880279541
-7.6718363761901855
-7.722958087921143
-7.707073211669922
-7.7428178787231445
-7.697391510009766
-7.723104953765869
-7.72387170791626
-7.741571426391602
-7.7418670654296875
-7.760133266448975
-7.724009990692139
-7.715330123901367
-7.711030960083008
-7.713268280029297
-7.735317707061768
-7.757694721221924
-7.751155853271484
-7.714234352111816
-7.725532531738281
-7.715004920959473
-7.741337299346924
-7.743385314941406
-7.710236549377441
-7.767934322357178
-7.752376079559326
-7.7334370613098145
-7.72747278213501
-7.756709098815918
-7.764708042144775
-7.735335826873779
-7.791109561920166
-7.7432332038879395
-7.765294551849365
-7.7711567878723145
-7.763408660888672
-7.809031009674072
-7.70330810546875
-7.781854152679443
-7.773133754730225
-7.754766941070557
-7.806138038635254
-7.744923114776611
-7.746677398681641
-7.755529403686523
-7.7285990715026855
-7.777601718902588
-7.733185768127441
-7.7914886474609375
-7.747888088226318
-7.782110214233398
-7.761412620544434
-7.76904821395874
-7.759637355804443
-7.749177932739258
-7.791364669799805
-7.731006622314453
-7.776177883148193
-7.761019229888916
-7.778934478759766
-7.809344291687012
-7.810849666595459
-7.771154403686523
-7.7766594886779785
-7.7367448806762695
-7.801524639129639
-7.7722086906433105
-7.780240535736084
-7.803130626678467
-7.765989303588867
-7.806344032287598
-7.840330600738525
-7.762738227844238
-7.787663459777832
-7.803972244262695
-7.78589391708374
-7.7996439933776855
-7.8237528800964355
-7.7398200035095215
-7.791409969329834
-7.827979564666748
-7.802305221557617
-7.764052391052246
-7.788851737976074
-7.700066089630127
-7.823643684387207
-7.7896575927734375
-7.808483123779297
-7.795502185821533
-7.834095001220703
-7.791871070861816
-7.770928382873535
-7.838892459869385
-7.797233581542969
-7.770712852478027
-7.8203229904174805
-7.760530471801758
-7.79007625579834
-7.8231425285339355
-7.787989616394043
-7.809258460998535
-7.800652980804443
-7.804035663604736
-7.821159362792969
-7.77761697769165
-7.816777229309082
-7.823056221008301
-7.826185703277588
-7.791650772094727
-7.84213924407959
-7.846777439117432
-7.793482303619385
-7.866329193115234
-7.837695598602295
-7.82258415222168
-7.829066753387451
-7.798206329345703
-7.831878185272217
-7.843024730682373
-7.850440502166748
-7.819643497467041
-7.820069789886475
-7.849305152893066
-7.82698392868042
-7.820699691772461
-7.8446784019470215
-7.82241153717041
-7.849246978759766
-7.847482681274414
-7.853468894958496
-7.825252532958984
-7.833760738372803
-7.798866271972656
-7.787206649780273
-7.838859558105469
-7.807318687438965
-7.843120098114014
-7.869668960571289
-7.839624881744385
-7.836328983306885
-7.8397536277771
-7.840480327606201
-7.839946746826172
-7.809864044189453
-7.857043266296387
-7.799124717712402
-7.846719741821289
-7.853028297424316
-7.862145900726318
-7.856389999389648
-7.836615085601807
-7.797748565673828
-7.8665032386779785
-7.791748523712158
-7.842833995819092
-7.862171173095703
-7.815116882324219
-7.849218845367432
-7.840511798858643
-7.858693599700928
-7.857927322387695
-7.825981616973877
-7.809381008148193
-7.864654541015625
-7.848449230194092
-7.838174819946289
-7.84562873840332
-7.853843688964844
-7.826512813568115
-7.847232818603516
-7.8861799240112305
-7.83700704574585
-7.80949592590332
-7.830706596374512
-7.825469017028809
-7.755767822265625
-7.863842010498047
-7.806003570556641
-7.814239978790283
-7.8656511306762695
-7.814260482788086
-7.846724987030029
-7.866303443908691
-7.824490070343018
-7.831275463104248
-7.886845111846924
-7.851787090301514
-7.853611946105957
-7.848807334899902
-7.822710990905762
-7.878286838531494
-7.850111484527588
-7.844186782836914
-7.877249240875244
-7.842026233673096
-7.908886432647705
-7.859523773193359
-7.878593444824219
-7.855260848999023
-7.858078956604004
-7.852084636688232
-7.839661598205566
-7.839089870452881
-7.866239070892334
-7.876976013183594
-7.888868808746338
-7.897385597229004
-7.889775276184082
-7.83301305770874
-7.863557815551758
-7.888947010040283
-7.845337390899658
-7.8376946449279785
-7.845740795135498
-7.876059055328369
-7.816617012023926
-7.843273162841797
-7.754255294799805
-7.83107328414917
-7.836890697479248
-7.749471187591553
-7.84808349609375
-7.864147663116455
-7.785768508911133
-7.859713077545166
-7.8850297927856445
-7.891377925872803
-7.8238019943237305
-7.863132953643799
-7.8575615882873535
-7.82826566696167
-7.867040157318115
-7.8645100593566895
-7.870109558105469
-7.845154762268066
-7.875860214233398
-7.84954309463501
-7.8457112312316895
-7.853708744049072
-7.911560535430908
-7.815941333770752
-7.830066204071045
-7.854133605957031
-7.807144641876221
-7.844167232513428
-7.886505603790283
-7.809937477111816
-7.804678916931152
-7.866066932678223
-7.829343318939209
-7.838404178619385
-7.854516983032227
-7.85111141204834
-7.7840166091918945
-7.872628688812256
-7.874766826629639
-7.842416286468506
-7.8441338539123535
-7.86762809753418
-7.861330032348633
-7.85209846496582
-7.915550708770752
-7.8692946434021
-7.868436336517334
-7.843656539916992
-7.892337322235107
-7.871926784515381
-7.886340618133545
-7.870985507965088
-7.899449825286865
-7.878050327301025
-7.8706488609313965
-7.886205673217773
-7.872921943664551
-7.890981674194336
-7.883434772491455
-7.880916118621826
-7.88107442855835
-7.890143871307373
-7.88621187210083
-7.884838581085205
-7.847959041595459
-7.8731279373168945
-7.888514995574951
-7.876854419708252
-7.881772041320801
-7.895848751068115
-7.879667282104492
-7.890942096710205
-7.843212127685547
-7.888310432434082
-7.8788251876831055
-7.866540431976318
-7.872262954711914
-7.887657165527344
-7.822056293487549
-7.895848751068115
-7.86145544052124
-7.807557106018066
-7.874457359313965
-7.8472185134887695
-7.8552727699279785
-7.894543647766113
-7.8891777992248535
-7.837347030639648
-7.874361038208008
-7.908731937408447
-7.837602615356445
-7.844196796417236
-7.871853828430176
-7.8686347007751465
-7.870218753814697
-7.938068866729736
-7.819478511810303
-7.798110008239746
-7.9034199714660645
-7.859314918518066
-7.811307430267334
-7.874781131744385
-7.823355197906494
-7.877298831939697
-7.843037128448486
-7.862392425537109
-7.78195333480835
-7.8641357421875
-7.895584583282471
-7.8777618408203125
-7.82803201675415
-7.896945953369141
-7.767623424530029
-7.811705589294434
-7.890346527099609
-7.76576566696167
-7.69849157333374
-7.881864547729492
-7.884164810180664
-7.766665935516357
-7.8522820472717285
-7.895789623260498
-7.807292938232422
-7.763586044311523
-7.894214153289795
-7.844621181488037
-7.833593845367432
-7.890629768371582
-7.844572067260742
-7.82567024230957
-7.8641357421875
-7.861605167388916
-7.867698669433594
-7.8915557861328125
-7.870123386383057
-7.890911102294922
-7.894287109375
-7.884700775146484
-7.848397731781006
-7.908301830291748
-7.9008660316467285
-7.895822048187256
-7.910749435424805
-7.926607131958008
-7.913815021514893
-7.887057304382324
-7.918124198913574
-7.899764537811279
-7.87961483001709
-7.894608974456787
-7.902097702026367
-7.911805629730225
-7.920407772064209
-7.91746187210083
-7.898576259613037
-7.880062580108643
-7.893434524536133
-7.912802696228027
-7.915592670440674
-7.900153636932373
-7.885051250457764
-7.8864264488220215
-7.843538284301758
-7.88947868347168
-7.893922328948975
-7.884781837463379
-7.903335094451904
-7.868027210235596
-7.910635948181152
-7.905765533447266
-7.890605449676514
-7.908219337463379
-7.9115376472473145
-7.912480354309082
-7.876506328582764
-7.890603542327881
-7.894503593444824
-7.876319885253906
-7.908162593841553
-7.91623067855835
-7.900604248046875
-7.871530532836914
-7.909661293029785
-7.91084098815918
-7.8450164794921875
-7.874617099761963
-7.907402038574219
-7.843822956085205
-7.864041328430176
-7.8901472091674805
-7.883917331695557
-7.90552282333374
-7.8877153396606445
-7.845400333404541
-7.883506774902344
-7.925227165222168
-7.8322224617004395
-7.867489337921143
-7.913813591003418
-7.810313701629639
-7.872644424438477
-7.917055130004883
-7.900247573852539
-7.898910045623779
-7.838373184204102
-7.888824462890625
-7.881735324859619
-7.858386516571045
-7.894938945770264
-7.901171684265137
-7.919512748718262
-7.872841835021973
-7.9120378494262695
-7.924313545227051
-7.88422155380249
-7.870109558105469
-7.949909210205078
-7.915842056274414
-7.9134392738342285
-7.893725872039795
-7.914558410644531
-7.894589900970459
-7.919888019561768
-7.919495105743408
-7.895469665527344
-7.8922953605651855
-7.904973030090332
-7.9094648361206055
-7.917855739593506
-7.921173095703125
-7.907476425170898
-7.9357781410217285
-7.910494804382324
-7.936912536621094
-7.942112922668457
-7.911319255828857
-7.8956122398376465
-7.917162895202637
-7.911910533905029
-7.914450645446777
-7.926886558532715
-7.922658920288086
-7.923957824707031
-7.889430046081543
-7.92545747756958
-7.903629302978516
-7.910356521606445
-7.9036335945129395
-7.889810085296631
-7.922224998474121
-7.861381530761719
-7.912256717681885
-7.9230217933654785
-7.986618995666504
-7.852014064788818
-7.922396183013916
-7.921585559844971
-7.891591548919678
-7.923472881317139
-7.9158244132995605
-7.925954818725586
-7.942092418670654
-7.86133337020874
-7.911730766296387
-7.900424003601074
-7.909790992736816
-7.8778977394104
-7.934256076812744
-7.914175987243652
-7.921384334564209
-7.898970127105713
-7.909610748291016
-7.886813640594482
-7.9076385498046875
-7.918392181396484
-7.930682182312012
-7.927579879760742
-7.90118932723999
-7.92623233795166
-7.921971321105957
-7.914454936981201
-7.890896320343018
-7.902833938598633
-7.914526462554932
-7.9296464920043945
-7.925182342529297
-7.949899196624756
-7.9015326499938965
-7.9116291999816895
-7.889676094055176
-7.890556335449219
-7.934018611907959
-7.9224934577941895
-7.877988815307617
-7.920435905456543
-7.9183759689331055
-7.907503604888916
-7.9108710289001465
-7.921767234802246
-7.914491653442383
-7.906283378601074
-7.916601657867432
-7.900535583496094
-7.886308193206787
-7.9011969566345215
-7.928673267364502
-7.898035526275635
-7.903756618499756
-7.911727428436279
-7.917488098144531
-7.91411828994751
-7.873377323150635
-7.9355340003967285
-7.842932224273682
-7.907246112823486
-7.913755893707275
-7.877703666687012
-7.897029876708984
-7.934406757354736
-7.879329681396484
-7.875074863433838
-7.928530216217041
-7.912774562835693
-7.904215335845947
-7.928237438201904
-7.921133518218994
-7.873716831207275
-7.914720058441162
-7.893983364105225
-7.886972904205322
-7.914716720581055
-7.94658088684082
-7.845981597900391
-7.8427348136901855
-7.920662879943848
-7.845536231994629
-7.920502662658691
-7.92057991027832
-7.921987056732178
-7.852546691894531
-7.93324613571167
-7.923783779144287
-7.9132208824157715
-7.930004119873047
-7.910644054412842
-7.931939601898193
-7.915275573730469
-7.915624141693115
-7.925445079803467
-7.931271076202393
-7.883122444152832
-7.896976947784424
-7.908780574798584
-7.899053573608398
-7.8937273025512695
-7.940767288208008
-7.911463260650635
-7.899997711181641
-7.924093723297119
-7.931851863861084
-7.915515899658203
-7.929314613342285
-7.903325080871582
-7.905755996704102
-7.897093296051025
-7.887566566467285
-7.916088104248047
-7.8809285163879395
-7.93004035949707
-7.925541400909424
-7.933533668518066
-7.922165870666504
-7.930493354797363
-7.936832904815674
-7.922727108001709
-7.932476043701172
-7.934851169586182
-7.914077281951904
-7.937761306762695
-7.936934947967529
-7.940780162811279
-7.915124416351318
-7.939340591430664
-7.928288459777832
-7.9477009773254395
-7.875078201293945
-7.905709266662598
-7.955602169036865
-7.917773723602295
-7.926063537597656
-7.910668849945068
-7.922318935394287
-7.880260467529297
-7.907450199127197
-7.921389102935791
-7.92995023727417
-7.919504165649414
-7.940081596374512
-7.919618129730225
-7.909092426300049
-7.939675331115723
-7.930516242980957
-7.942005634307861
-7.876863956451416
-7.886046409606934
-7.926512241363525
-7.931833267211914
-7.951244354248047
-7.911088943481445
-7.921616077423096
-7.913658618927002
-7.914186477661133
-7.870375633239746
-7.9052934646606445
-7.95969820022583
-7.9096150398254395
-7.817814826965332
-7.914483070373535
-7.8860697746276855
-7.783712387084961
-7.882925510406494
-7.9119768142700195
-7.87808895111084
-7.894289970397949
-7.924018859863281
-7.8642048835754395
-7.87991189956665
-7.935251712799072
-7.935802936553955
-7.938818454742432
-7.880372524261475
-7.917518138885498
-7.921576023101807
-7.940013885498047
-7.932108402252197
-7.921958923339844
-7.937574863433838
-7.938099384307861
-7.94950532913208
-7.930300712585449
-7.934966087341309
-7.950226306915283
-7.925312519073486
-7.938780307769775
-7.907937526702881
-7.94219970703125
-7.928798198699951
-7.927952766418457
-7.92897367477417
-7.94301700592041
-7.947628021240234
-7.941591262817383
-7.923423767089844
-7.940975189208984
-7.932751655578613
-7.937475681304932
-7.938205242156982
-7.957879543304443
-7.949524402618408
-7.867119312286377
-7.930220127105713
-7.883284568786621
-7.877170085906982
-7.9482293128967285
-7.91609001159668
-7.870643138885498
-7.951464653015137
-7.936081409454346
-7.891238689422607
-7.88527250289917
-7.950005054473877
-7.945688247680664
-7.91627836227417
-7.95001220703125
-7.904839992523193
-7.922297477722168
-7.904911041259766
-7.942770481109619
-7.937982082366943
-7.906639575958252
-7.914179801940918
-7.921415328979492
-7.92634391784668
-7.950994968414307
-7.923292636871338
-7.941876411437988
-7.9187397956848145
-7.937795162200928
-7.933536052703857
-7.921314716339111
-7.911742687225342
-7.937746524810791
-7.9370880126953125
-7.9278082847595215
-7.929337501525879
-7.943984508514404
-7.892062664031982
-7.87890100479126
-7.955968856811523
-7.872776985168457
-7.898364067077637
-7.946609973907471
-7.917945861816406
-7.876263618469238
-7.938342094421387
-7.895481586456299
-7.889391899108887
-7.928861618041992
-7.932770729064941
-7.923698425292969
-7.952269077301025
-7.93507719039917
-7.887199878692627
-7.921324729919434
-7.881568431854248
-7.914694786071777
-7.960325717926025
-7.9317216873168945
-7.803740978240967
-7.943576812744141
-7.8809967041015625
-7.871903419494629
-7.93787145614624
-7.96007776260376
-7.818701267242432
-7.973659038543701
-7.932609558105469
-7.9403605461120605
-7.929842472076416
-7.934123992919922
-7.94285774230957
-7.942652702331543
-7.923333644866943
-7.940278053283691
-7.928420543670654
-7.910392761230469
-7.848702430725098
-7.92595911026001
-7.916243076324463
-7.924154281616211
-7.932163715362549
-7.947474956512451
-7.920680522918701
-7.94101095199585
-7.946524620056152
-7.942166328430176
-7.945416450500488
-7.945160388946533
-7.935425758361816
-7.925872325897217
-7.926965236663818
-7.93891716003418
-7.917522430419922
-7.965193748474121
-7.970872402191162
-7.915596008300781
-7.950257778167725
-7.854901313781738
-7.918968677520752
-7.936347961425781
-7.930593013763428
-7.916928768157959
-7.933605670928955
-7.91339111328125
-7.869462013244629
-7.936411380767822
-7.961056232452393
-7.801152229309082
-7.929116249084473
-7.94714879989624
-7.897157192230225
-7.909414768218994
-7.934103488922119
-7.953803062438965
-7.961788177490234
-7.945505619049072
-7.957241058349609
-7.938294887542725
-7.947981834411621
-7.993875503540039
-7.86090612411499
-7.912425518035889
-7.9303154945373535
-7.9238972663879395
-7.947887420654297
-7.952746868133545
-7.933521270751953
-7.9339728355407715
-7.962518215179443
-7.936482906341553
-7.932119846343994
-7.948638916015625
-7.9460320472717285
-7.9580206871032715
-7.9198527336120605
-7.963900089263916
-7.9089674949646
-7.941188335418701
-7.928502559661865
-7.9311113357543945
-7.931633472442627
-7.929103374481201
-7.946709156036377
-7.932617664337158
-7.91830587387085
-7.949862957000732
-7.9031476974487305
-7.932510852813721
-7.959400177001953
-7.94267463684082
-7.956831455230713
-7.942843437194824
-7.952512741088867
-7.961061000823975
-7.940025329589844
-7.9488911628723145
-7.943383693695068
-7.950600624084473
-7.942235946655273
-7.9335036277771
-7.964232444763184
-7.965717792510986
-7.95298433303833
-7.946946620941162
-7.930750370025635
-7.942925453186035
-7.922252178192139
-7.880741119384766
-7.914732933044434
-7.926527976989746
-7.870398044586182
-7.938939571380615
-7.951236724853516
-7.948429584503174
-7.970196723937988
-7.929312705993652
-7.923010349273682
-7.949085235595703
-7.930234909057617
-7.9685750007629395
-7.8870038986206055
-7.883762836456299
-7.947201728820801
-7.843614101409912
-7.911282062530518
-7.946509838104248
-7.932063102722168
-7.92996072769165
-7.913422584533691
-7.935678958892822
-7.935423851013184
-7.946630954742432
-7.947707653045654
-7.94733190536499
-7.936172962188721
-7.943045139312744
-7.931292533874512
-7.9420270919799805
-7.949036598205566
-7.938011646270752
-7.914122581481934
-7.9705352783203125
-7.946511745452881
-7.951503276824951
-7.923156261444092
-7.9506354331970215
-7.939130783081055
-7.929177284240723
-7.916098594665527
-7.9455766677856445
-7.946978569030762
-7.8955583572387695
-7.9354143142700195
-7.925590991973877
-7.912409782409668
-7.918034553527832
-7.953868865966797
-7.930564880371094
-7.897863864898682
-7.953243732452393
-7.903609275817871
-7.882607460021973
-7.927218914031982
-7.924578666687012
-7.913593292236328
-7.933889865875244
-7.935881614685059
-7.97291374206543
-7.871612071990967
-7.954716205596924
-7.935263633728027
-7.923447132110596
-7.945960998535156
-7.94237756729126
-7.969796180725098
-7.921259880065918
-7.9543304443359375
-7.934169769287109
-7.974844932556152
-7.941452980041504
-7.893245220184326
-7.967286109924316
-7.9616475105285645
-7.95560359954834
-7.952080726623535
-7.94550085067749
-7.9527907371521
-7.950865268707275
-7.953304290771484
-7.966582775115967
-7.892843723297119
-7.938206195831299
-7.939101219177246
-7.906072616577148
-7.950162887573242
-7.964489936828613
-7.943126678466797
-7.883707046508789
-7.932357311248779
-7.9454569816589355
-7.883978366851807
-7.913299560546875
-7.938680648803711
-7.9437665939331055
-7.940803050994873
-7.932224750518799
-7.94462776184082
-7.876929759979248
-7.9536027908325195
-7.925004959106445
-7.943358898162842
-7.93212890625
-7.954981327056885
-7.9486775398254395
-7.912027835845947
-7.95947265625
-7.949127674102783
-7.9110236167907715
-7.929479598999023
-7.920072555541992
-7.925333023071289
-7.947071075439453
-7.96422004699707
-7.928912162780762
-7.9556427001953125
-7.951333522796631
-7.947290897369385
-7.952471733093262
-7.9517621994018555
-7.957139015197754
-7.9603681564331055
-7.95743989944458
-7.939441204071045
-7.960672378540039
-7.962930202484131
-7.942243576049805
-7.9864501953125
-7.963529109954834
-7.964194297790527
-7.940707683563232
-7.951369762420654
-7.944611072540283
-7.909104347229004
-7.9509077072143555
-7.94520378112793
-7.857490062713623
-7.919756889343262
-7.924982070922852
-7.884881496429443
-7.907617568969727
-7.9572858810424805
-7.922306537628174
-7.90434455871582
-7.942368030548096
-7.931001663208008
-7.943817615509033
-7.9511494636535645
-7.942565441131592
-7.958614826202393
-7.954016208648682
-7.96553897857666
-7.931713104248047
-7.950228691101074
-7.943157196044922
-7.948596000671387
-7.970437049865723
-7.964915752410889
-7.957242488861084
-7.916981220245361
-7.963202476501465
-7.96567440032959
-7.941213607788086
-7.956549644470215
-7.961422920227051
-7.956293106079102
-7.975917339324951
-7.918063163757324
-7.956170082092285
-7.957339286804199
-7.9604902267456055
-7.9661126136779785
-7.97169303894043
-7.9579644203186035
-7.9521403312683105
-7.955983638763428
-7.9482574462890625
-7.923273086547852
-7.957355499267578
-7.907199859619141
-7.92380952835083
-7.964697360992432
-7.933931827545166
-7.938012599945068
-7.951691627502441
-7.933967590332031
-7.967751979827881
-7.974501609802246
-7.977391242980957
-7.953341484069824
-7.952691078186035
-7.950655937194824
-7.951269626617432
-7.939293384552002
-7.966142654418945
-7.943695545196533
-7.946979522705078
-7.959428787231445
-7.9603400230407715
-7.983728408813477
-7.931240081787109
-7.924944877624512
-7.9502034187316895
-7.882388591766357
-7.936304092407227
-7.961971282958984
-7.924560546875
-7.940443992614746
-7.966517925262451
-7.947302341461182
-7.948204040527344
-7.950801849365234
-7.9418158531188965
-7.944608688354492
-7.942102432250977
-7.9303107261657715
-7.923376083374023
-7.966436386108398
-7.94660758972168
-7.943081378936768
-7.892149925231934
-7.949378490447998
-7.927849769592285
-7.8904218673706055
-7.961916923522949
-7.96336030960083
-7.940864562988281
-7.976667404174805
-7.950498580932617
-7.9503889083862305
-7.924528121948242
-7.907451629638672
-7.964746475219727
-7.9018378257751465
-7.91707181930542
-7.93424654006958
-7.952922344207764
-7.882272720336914
-7.922702789306641
-7.958221912384033
-7.933363914489746
-7.926548957824707
-7.973017692565918
-7.939901828765869
-7.951548099517822
-7.958180904388428
-7.941431522369385
-7.964560508728027
-7.969299793243408
-7.95066499710083
-7.9281840324401855
-7.969797134399414
-7.962723731994629
-7.965858459472656
-7.933640480041504
-7.963634490966797
-7.916591167449951
-7.967935562133789
-7.958577632904053
-7.956966876983643
-7.958337783813477
-7.956427574157715
-7.956276893615723
-7.965240478515625
-7.962555408477783
-7.9684529304504395
-7.969568252563477
-8.000117301940918
-7.925637722015381
-7.947354316711426
-7.9525017738342285
-7.935583591461182
-7.954952239990234
-7.9511590003967285
-7.96588134765625
-7.917146682739258
-7.965632438659668
-7.894168853759766
-7.9340620040893555
-7.971473693847656
-7.961541652679443
-7.951906204223633
-7.956291198730469
-7.968190670013428
-7.898203372955322
-7.973794937133789
-7.968776702880859
-7.907161712646484
-7.924564838409424
-7.9518632888793945
-7.881069660186768
-7.961157321929932
-7.962048530578613
-7.970029830932617
-7.9516282081604
-7.9340901374816895
-7.958927631378174
-7.958578109741211
-7.9389495849609375
-7.97413444519043
-7.938436985015869
-7.983932018280029
-7.87457799911499
-7.970164775848389
-7.956136703491211
-7.937992572784424
-7.953598976135254
-7.921806335449219
-7.918357849121094
-7.961990833282471
-7.883272171020508
-7.958344459533691
-7.966309070587158
-7.921507835388184
-7.950750827789307
-7.955627918243408
-7.9181647300720215
-7.948057174682617
-7.965455532073975
-7.974197864532471
-7.944188594818115
-7.996323108673096
-7.9466986656188965
-7.961635589599609
-7.9589338302612305
-7.948143005371094
-7.922068119049072
-7.934225559234619
-7.947170734405518
-7.977405071258545
-7.963973045349121
-7.96150541305542
-7.960172653198242
-7.9695844650268555
-7.962770462036133
-7.9616594314575195
-7.968430042266846
-7.955751895904541
-7.942577838897705
-7.965958595275879
-7.965487957000732
-7.956873893737793
-7.948742389678955
-7.9600725173950195
-7.942468643188477
-7.926114559173584
-7.965689182281494
-7.916653633117676
-7.941331386566162
-7.977100849151611
-7.882584571838379
-7.9668097496032715
-7.972746849060059
-7.970972537994385
-7.959078788757324
-7.968737602233887
-7.962751865386963
-7.965614318847656
-7.958542346954346
-7.972680568695068
-7.987035274505615
-7.983241081237793
-7.976519584655762
-7.924006462097168
-7.968545913696289
-7.929464817047119
-7.941071510314941
-7.966324806213379
-7.914945602416992
-7.988543510437012
-7.96401834487915
-7.978689670562744
-7.982555389404297
-7.954433441162109
-7.946052074432373
-7.971816539764404
-7.964191436767578
-7.970003128051758
-7.984576225280762
-7.968320369720459
-7.923016548156738
-7.974347114562988
-7.959423065185547
-7.968150615692139
-7.961618423461914
-7.966352462768555
-7.973703861236572
-7.964465141296387
-7.955148220062256
-7.975740432739258
-7.951904773712158
-7.950162887573242
-7.977390289306641
-7.920598030090332
-7.979684352874756
-7.960447788238525
-7.971592426300049
-7.970367431640625
-7.915787696838379
-7.958851337432861
-7.953110218048096
-7.941321849822998
-7.983055591583252
-7.963171005249023
-7.953940391540527
-7.967662334442139
-7.955757141113281
-7.972262859344482
-7.938815116882324
-7.933627128601074
-7.941503524780273
-7.954273700714111
-7.94388484954834
-7.985692977905273
-7.946399211883545
-7.967924118041992
-7.940378665924072
-7.979738235473633
-7.941298961639404
-7.956543922424316
-7.968369960784912
-7.973356246948242
-7.95941162109375
-7.9697489738464355
-7.961928367614746
-7.949709892272949
-7.9519829750061035
-7.961418151855469
-7.962986946105957
-7.9580397605896
-7.9738359451293945
-7.969379901885986
-7.966569900512695
-7.968382835388184
-7.9742937088012695
-7.979761123657227
-7.9411187171936035
-7.97194766998291
-7.944633483886719
-7.953544616699219
-7.951099395751953
-7.960113048553467
-7.974544048309326
-7.909773349761963
-7.970174789428711
-7.918365001678467
-7.926456451416016
-7.961511611938477
-7.958978176116943
-7.961733341217041
-7.968227386474609
-7.965859889984131
-7.965599060058594
-7.984800338745117
-7.947322845458984
-7.980050086975098
-7.9632720947265625
-7.9664387702941895
-7.973344326019287
-7.974920272827148
-7.982335090637207
-7.965625762939453
-8.007288932800293
-7.930339813232422
-7.963907718658447
-7.951693534851074
-7.958896636962891
-7.972259998321533
-7.9606499671936035
-7.9682230949401855
-7.963599681854248
-7.963187217712402
-7.967967987060547
-7.973982810974121
-7.95742654800415
-7.867126941680908
-7.970515251159668
-7.914697647094727
-7.939621448516846
-7.953732490539551
-7.958150863647461
-7.95067834854126
-7.907527446746826
-7.9624457359313965
-7.900576114654541
-7.958155632019043
-7.959637641906738
-7.9640631675720215
-7.955860614776611
-7.935297966003418
-7.972456932067871
-7.871206283569336
-7.928391456604004
-7.977381706237793
-7.930731296539307
-7.895403861999512
-7.991739273071289
-7.981058120727539
-7.935856819152832
-7.92210578918457
-7.976068019866943
-7.96508264541626
-7.9618682861328125
-7.9660444259643555
-7.9612932205200195
-7.9696173667907715
-7.97493839263916
-7.965744972229004
-7.9771246910095215
-7.977883815765381
-7.9712748527526855
-7.9654974937438965
-7.977291107177734
-7.966515064239502
-7.995815277099609
-7.991122245788574
-7.927707672119141
-7.975766181945801
-7.902990818023682
-7.957281589508057
-7.979982852935791
-7.948583126068115
-7.956256866455078
-7.977196216583252
-7.97589635848999
-7.949287414550781
-7.97197151184082
-7.966433525085449
-7.948922634124756
-7.980332374572754
-7.961392879486084
-7.964001178741455
-7.950228691101074
-7.957277774810791
-7.954420566558838
-7.96205472946167
-7.93073844909668
-7.923186779022217
-7.930549144744873
-7.8807477951049805
-7.967241287231445
-7.913431644439697
-7.960851192474365
-7.9703545570373535
-7.939193248748779
-7.987609386444092
-7.920951843261719
-7.961933135986328
-7.974615097045898
-7.966562747955322
-7.949050426483154
-7.954369068145752
-7.962156295776367
-7.989480972290039
-7.942845821380615
-7.93571138381958
-7.924494743347168
-7.961270332336426
-7.9667487144470215
-7.985232830047607
-7.970090866088867
-7.913995742797852
-7.9794697761535645
-7.958741664886475
-7.942953109741211
-7.969115734100342
-7.981132507324219
-7.953329563140869
-7.9343109130859375
-7.973386764526367
-7.915040493011475
-7.950801372528076
-7.970199108123779
-7.887478828430176
-7.918445587158203
-7.958825588226318
-7.956279754638672
-7.928808689117432
-7.973634243011475
-7.933633327484131
-7.9812421798706055
-7.985586643218994
-7.9798383712768555
-7.995753288269043
-7.971311569213867
-7.956346035003662
-7.970307350158691
-7.966765403747559
-7.974521160125732
-7.942403793334961
-7.949098110198975
-7.984894752502441
-7.948276042938232
-7.978048801422119
-7.919205665588379
-7.96869421005249
-7.876579761505127
-7.920370578765869
-7.955440521240234
-7.905118942260742
-7.961312294006348
-7.97023344039917
-7.914799213409424
-7.959378719329834
-7.968935966491699
-7.932662010192871
-7.926615238189697
-7.954361915588379
-7.96434211730957
-7.904053688049316
-7.904073238372803
-7.974228858947754
-7.946856498718262
-7.867489337921143
-7.977107048034668
-7.961575031280518
-7.842428207397461
-8.009206771850586
-7.980637073516846
-7.961066246032715
-7.95279598236084
-7.975040435791016
-7.984672546386719
-7.946378231048584
-7.940421104431152
-7.973528861999512
-7.9540791511535645
-7.9656291007995605
-7.962486743927002
-7.946471214294434
-7.960020065307617
-7.984872817993164
-7.96250057220459
-7.96697998046875
-7.968916416168213
-7.978328704833984
-8.004929542541504
-7.9692511558532715
-7.936023712158203
-7.97502326965332
-7.952296257019043
-7.909091949462891
-7.964846611022949
-7.989052772521973
-7.908437728881836
-7.873488903045654
-7.9754486083984375
-7.949965476989746
-7.889840126037598
-7.947640419006348
-7.973538875579834
-7.845340728759766
-7.891866207122803
-7.967221260070801
-7.8516340255737305
-7.878001689910889
-7.9548115730285645
-7.980875492095947
-7.906961917877197
-7.968650817871094
-7.9737420082092285
-7.964102745056152
-7.907358646392822
-7.977076530456543
-7.952218532562256
-7.912449836730957
-7.972768783569336
-7.980292320251465
-7.9391632080078125
-7.955286026000977
-7.937870025634766
-7.913425445556641
-7.973711013793945
-7.94148063659668
-7.959103584289551
-7.948783874511719
-7.892244338989258
-7.979168891906738
-7.976876258850098
-7.84033727645874
-7.926145076751709
-7.971102714538574
-7.969270706176758
-7.853896141052246
-7.899105548858643
-7.95341682434082
-7.866148471832275
-7.852424144744873
-7.924157619476318
-7.9706034660339355
-7.88826847076416
-7.898984432220459
-7.961158275604248
-7.975050449371338
-7.832743167877197
-7.838015556335449
-7.970666408538818
-7.766561031341553
-7.84589147567749
-7.998508930206299
-7.978445053100586
-7.926992416381836
-8.012590408325195
-7.995395183563232
-7.9720258712768555
-7.961237907409668
-7.978973865509033
-7.973703861236572
-7.985666275024414
-7.968639373779297
-7.995582580566406
-7.9792680740356445
-7.973769664764404
-7.982241153717041
-7.988881587982178
-7.971683979034424
-7.970969200134277
-7.98391056060791
-7.972332000732422
-7.9615678787231445
-7.975025177001953
-7.978007793426514
-7.97076416015625
-7.974794864654541
-7.962616920471191
-7.983803749084473
-7.981741905212402
-7.976961612701416
-7.98151969909668
-7.95822286605835
-7.990608215332031
-7.931252956390381
-7.9601850509643555
-7.976522922515869
-7.968925476074219
-7.948957920074463
-7.972952365875244
-7.970896244049072
-7.957601070404053
-7.97723913192749
-7.982613563537598
-7.966828346252441
-7.975935459136963
-7.983303546905518
-7.983348846435547
-7.973401069641113
-7.951765060424805
-7.987078666687012
-7.973564147949219
-7.9541239738464355
-7.969446659088135
-7.983068466186523
-7.896549224853516
-7.992959499359131
-7.988555431365967
-7.967184066772461
-7.97966194152832
-7.968884468078613
-7.965137958526611
-7.984480381011963
-7.955864906311035
-7.953550815582275
-7.939815521240234
-8.003233909606934
-7.9531683921813965
-7.933225631713867
-7.9878644943237305
-7.984659194946289
-7.952210426330566
-7.980220317840576
-7.964171886444092
-7.984352111816406
-7.987866401672363
-7.978904724121094
-7.851008892059326
-7.982337951660156
-7.9472761154174805
-7.980163097381592
-7.962172031402588
-7.96730375289917
-7.975911617279053
-7.987043380737305
-7.995893478393555
-7.984181880950928
-7.962338924407959
-7.965890407562256
-7.97960090637207
-7.986344814300537
-7.9700188636779785
-7.978014945983887
-7.980381488800049
-7.9882659912109375
-7.975731372833252
-7.965907573699951
-7.966904163360596
-7.98014497756958
-7.986937522888184
-7.968906879425049
-7.965982437133789
-7.971146583557129
-7.994334697723389
-7.967629432678223
-7.9832305908203125
-7.968191146850586
-7.981428146362305
-7.9781575202941895
-7.948375225067139
-7.968684673309326
-7.981543064117432
-7.9185028076171875
-7.943629741668701
-7.972754001617432
-7.974308490753174
-7.9332733154296875
-7.95622444152832
-7.9727702140808105
-7.961767196655273
-8.01698112487793
-7.925064563751221
-7.976960182189941
-7.9694037437438965
-7.866125106811523
-7.977707386016846
-7.988640308380127
-7.97083044052124
-7.926546573638916
-7.974245548248291
-7.978201389312744
-7.913102149963379
-7.941802024841309
-7.949996471405029
-7.914443492889404
-7.941346645355225
-7.957631587982178
-7.929225921630859
-7.919065475463867
-7.9614105224609375
-7.985119819641113
-7.92503547668457
-7.968265533447266
-7.982500076293945
-7.9781599044799805
-7.975188255310059
-7.9522929191589355
-7.973454475402832
-7.992928981781006
-7.996553897857666
-7.89991569519043
-7.999521732330322
-7.9696269035339355
-7.960217475891113
-7.94035530090332
-7.9676432609558105
-7.970005512237549
-7.931528091430664
-7.939361572265625
-7.975360870361328
-7.943203926086426
-7.961089611053467
-7.975793361663818
-7.9886794090271
-7.926604747772217
-7.971141815185547
-7.981476306915283
-7.965437889099121
-7.9677958488464355
-7.9730305671691895
-7.952920913696289
-7.936367988586426
-7.975858688354492
-8.002724647521973
-7.7956953048706055
-7.924153804779053
-7.956495761871338
-7.995324611663818
-7.880935192108154
-7.963931560516357
-7.9498372077941895
-7.962037086486816
-7.969083786010742
-7.985156059265137
-7.903897762298584
-7.966959476470947
-7.920102119445801
-7.936941146850586
-7.958500862121582
-7.979279518127441
-7.863515377044678
-7.959791660308838
-7.980905055999756
-7.95917272567749
-7.919093132019043
-7.971645832061768
-7.959702491760254
-7.983160495758057
-7.970489501953125
-7.9701008796691895
-7.9595842361450195
-7.940707683563232
-7.9751434326171875
-7.980082988739014
-7.901329517364502
-7.9300360679626465
-7.965368747711182
-7.905838966369629
-7.9118733406066895
-7.977542877197266
-7.9509077072143555
-7.994321346282959
-7.9248528480529785
-7.9846954345703125
-7.960803031921387
-7.925106048583984
-7.986044406890869
-7.967073440551758
-7.999936103820801
-8.003561019897461
-7.980831623077393
-8.000982284545898
-7.986547470092773
-7.973820209503174
-7.993130207061768
-7.982717990875244
-7.972400188446045
-7.988977909088135
-7.983021259307861
-7.974771022796631
-7.992502689361572
-7.964462757110596
-7.971971035003662
-7.989957809448242
-7.940486431121826
-7.994030952453613
-7.965961456298828
-7.967719554901123
-7.952521800994873
-7.9761552810668945
-7.970740795135498
-8.001955032348633
-7.975540637969971
-7.962352275848389
-7.968660831451416
-7.9545440673828125
-7.955780029296875
-7.989825248718262
-7.934848308563232
-8.003827095031738
-7.950035572052002
-7.9925031661987305
-7.952464580535889
-7.976573944091797
-7.974064350128174
-7.993124961853027
-7.953187465667725
-7.9938459396362305
-7.952005863189697
-7.9763994216918945
-7.937325954437256
-7.898209571838379
-7.988149642944336
-7.9694037437438965
-7.955403804779053
-7.94388484954834
-7.969127655029297
-7.857314109802246
-7.966201305389404
-8.000178337097168
-7.962347984313965
-7.933969497680664
-7.958781719207764
-7.979249477386475
-7.958803653717041
-7.93071174621582
-7.986288547515869
-7.984004497528076
-7.969010353088379
-8.000215530395508
-7.988049030303955
-7.971521854400635
-7.977829933166504
-7.951994895935059
-7.999439239501953
-8.012681007385254
-7.97720193862915
-7.9362287521362305
-7.974593639373779
-7.976819038391113
-7.937285900115967
-7.957334041595459
-7.971097469329834
-7.948916912078857
-7.951393127441406
-7.943328857421875
-7.974387168884277
-7.922845363616943
-7.9750518798828125
-7.973464012145996
-8.003349304199219
-7.936896800994873
-7.9418840408325195
-7.990818500518799
-7.965634346008301
-7.979593753814697
-7.97851037979126
-7.973302841186523
-7.983636379241943
-7.976680278778076
-7.9773688316345215
-8.012681007385254
-7.978199481964111
-7.921135902404785
-7.996273994445801
-7.986179351806641
-7.961167335510254
-7.934127330780029
-7.979921340942383
-7.957475662231445
-7.962522506713867
-7.96241569519043
-7.981129169464111
-7.963279724121094
-7.978438854217529
-7.984334468841553
-7.996844291687012
-7.971486568450928
-7.951529502868652
-7.991334915161133
-7.986978530883789
-7.987632751464844
-7.983015060424805
-7.972139835357666
-7.981955051422119
-7.9584431648254395
-7.959306240081787
-7.983190059661865
-7.992345809936523
-7.994016170501709
-7.983570098876953
-7.997901916503906
-7.994147777557373
-7.971303462982178
-7.954275131225586
-7.990440368652344
-8.00172233581543
-7.977393627166748
-7.973718166351318
-7.9609575271606445
-7.987180233001709
-7.929117679595947
-7.979608058929443
-7.981722831726074
-7.9735331535339355
-7.98659086227417
-7.984003067016602
-7.990570545196533
-7.9730424880981445
-7.996068954467773
-7.979579925537109
-7.992629051208496
-7.993343353271484
-7.969358444213867
-7.980030059814453
-7.987617015838623
-7.987756729125977
-7.988915920257568
-7.975126266479492
-7.979856014251709
-7.981751918792725
-8.001300811767578
-7.982034206390381
-7.970511436462402
-7.967123031616211
-7.940074443817139
-8.003754615783691
-7.964416027069092
-7.96826696395874
-7.954565525054932
-7.977041244506836
-7.96508264541626
-7.918885707855225
-7.973392963409424
-7.97434139251709
-7.932751655578613
-8.031747817993164
-7.980867385864258
-7.983255386352539
-7.987288475036621
-7.954186916351318
-7.959052562713623
-7.996817588806152
-7.90341854095459
-7.976149082183838
-7.99031925201416
-7.943938732147217
-8.003256797790527
-7.990677356719971
-7.9942474365234375
-7.972629070281982
-7.980077266693115
-7.9961323738098145
-7.964588165283203
-7.974788665771484
-7.987460136413574
-7.981548309326172
-7.978178024291992
-7.971271991729736
-7.965361595153809
-7.989916801452637
-7.964371204376221
-7.9601216316223145
-7.9620771408081055
-7.981053352355957
-7.968090057373047
-7.960823059082031
-7.957422256469727
-7.9599690437316895
-7.9430694580078125
-7.979959011077881
-7.996969223022461
-7.959414482116699
-7.958913803100586
-7.993149757385254
-7.99770450592041
-7.990333080291748
-7.982677459716797
-7.983051300048828
-7.990172863006592
-7.987288475036621
-7.940040588378906
-7.9799885749816895
-7.999176502227783
-7.9604363441467285
-7.966574668884277
-7.969018936157227
-7.976700782775879
-7.992210388183594
-7.990133285522461
-7.99074125289917
-7.976162910461426
-7.959921360015869
-7.9346842765808105
-7.98314905166626
-7.956082344055176
-7.9385600090026855
-7.980367183685303
-7.943136692047119
-7.956667900085449
-7.98386812210083
-8.000236511230469
-7.985461711883545
-7.924135208129883
-7.950527667999268
-7.929797172546387
-7.954342842102051
-7.999973297119141
-7.980356693267822
-8.016962051391602
-7.996804714202881
-7.995442867279053
-7.94903564453125
-7.9938063621521
-7.918742656707764
-7.979035377502441
-7.9850873947143555
-8.019186019897461
-8.021376609802246
-7.8863372802734375
-7.99616813659668
-7.985883712768555
-7.943419456481934
-7.970810413360596
-7.988404273986816
-7.9942121505737305
-7.926173686981201
-7.954827308654785
-7.993503570556641
-7.937406063079834
-7.943000793457031
-7.986576557159424
-7.9709930419921875
-7.949277877807617
-7.987259864807129
-7.999869346618652
-7.968237400054932
-7.980618000030518
-7.997920513153076
-7.949910640716553
-8.001346588134766
-7.9848856925964355
-7.974406719207764
-7.969482898712158
-7.970148086547852
-7.994809627532959
-7.9938249588012695
-7.970383644104004
-7.959402561187744
-7.988997459411621
-7.948173999786377
-7.97538423538208
-7.969748497009277
-7.984281063079834
-7.984976291656494
-7.997281551361084
-7.9742207527160645
-7.991234302520752
-7.971574306488037
-7.930445194244385
-8.013981819152832
-7.975606441497803
-7.998555660247803
-7.933686256408691
-7.9797868728637695
-7.995952606201172
-7.964258193969727
-7.972533702850342
-7.9628496170043945
-7.991391181945801
-7.968481063842773
-7.908819675445557
-7.994797706604004
-7.962593078613281
-7.950641632080078
-7.970737457275391
-8.002756118774414
-7.987285137176514
-7.985223293304443
-8.002304077148438
-7.988980293273926
-7.991653919219971
-7.976229667663574
-7.997901916503906
-7.982657432556152
-7.980572700500488
-7.982585906982422
-7.983083724975586
-7.987893104553223
-7.989273548126221
-7.984458923339844
-7.953280925750732
-7.982334136962891
-7.9792351722717285
-7.951711654663086
-7.975067138671875
-7.947310924530029
-7.930118083953857
-7.974703788757324
-7.961458206176758
-7.916458606719971
-7.98472785949707
-7.971988201141357
-8.008960723876953
-8.024633407592773
-7.9371161460876465
-7.974733352661133
-7.949039936065674
-7.9710001945495605
-7.987784385681152
-7.966092586517334
-7.959457874298096
-7.970712184906006
-7.9874467849731445
-7.9923505783081055
-7.9819817543029785
-7.9732160568237305
-7.978119850158691
-7.978959560394287
-7.9641289710998535
-7.9964280128479
-7.996417999267578
-7.999691009521484
-7.97108793258667
-7.977227210998535
-7.973169803619385
-7.930474758148193
-7.9891839027404785
-7.9881415367126465
-7.993692874908447
-7.99045467376709
-7.993645191192627
-7.979681015014648
-7.991665840148926
-7.970231533050537
-8.007100105285645
-7.981592178344727
-7.999730587005615
-7.98603630065918
-7.976008415222168
-7.971374034881592
-7.989017009735107
-7.993203639984131
-7.93026876449585
-7.985465049743652
-7.978312969207764
-7.976156711578369
-7.97669792175293
-7.991215705871582
-7.995764255523682
-7.9802751541137695
-8.001279830932617
-7.987844467163086
-7.996189117431641
-7.964711666107178
-7.979484558105469
-7.97238826751709
-8.003398895263672
-7.952480792999268
-7.951542377471924
-7.993729114532471
-7.943587779998779
-7.985012054443359
-7.9902143478393555
-7.957442283630371
-7.9884843826293945
-7.997968673706055
-7.982980251312256
-7.9581475257873535
-7.991140365600586
-7.942751407623291
-7.980091571807861
-7.988832473754883
-7.939957141876221
-7.963938236236572
-7.994200229644775
-8.003496170043945
-7.901352882385254
-7.990422248840332
-7.987412452697754
-7.979994297027588
-7.968380451202393
-7.988412380218506
-7.945703983306885
-7.933856964111328
-7.98135232925415
-7.926174640655518
-7.950002193450928
-7.987365245819092
-8.007766723632812
-7.934245586395264
-7.9456000328063965
-7.989419937133789
-7.986576557159424
-7.890243053436279
-7.980517387390137
-7.985736846923828
-7.985656261444092
-7.92978572845459
-7.976156711578369
-7.968542098999023
-7.959188938140869
-7.9891791343688965
-7.9809346199035645
-7.987390518188477
-8.01473617553711
-7.94236946105957
-7.935628890991211
-7.989577770233154
-7.937499046325684
-7.975638389587402
-7.979050159454346
-7.968868732452393
-7.929481506347656
-8.001143455505371
-7.976187229156494
-7.973099231719971
-7.951413154602051
-7.983174800872803
-7.979900360107422
-8.000855445861816
-7.9656147956848145
-7.9937744140625
-7.987889289855957
-7.9888386726379395
-7.994513988494873
-7.991742134094238
-8.020743370056152
-7.980911731719971
-7.930141448974609
-7.980836391448975
-7.957493782043457
-7.96265172958374
-7.973488807678223
-7.990800857543945
-7.951660633087158
-7.955629825592041
-7.991031646728516
-7.982240676879883
-7.9793548583984375
-7.9767560958862305
-7.984176158905029
-7.94088077545166
-7.979236602783203
-7.983365535736084
-7.929803371429443
-7.944681644439697
-7.990621566772461
-7.988226413726807
-7.986931324005127
-7.948190689086914
-7.989344120025635
-7.977906227111816
-7.966928482055664
-7.991450309753418
-7.968033790588379
-7.9821858406066895
-7.97758674621582
-7.970263957977295
-7.981915473937988
-7.990979194641113
-7.997835159301758
-7.972879886627197
-7.988605976104736
-8.03028678894043
-7.939872741699219
-7.9566240310668945
-7.991062641143799
-7.972502708435059
-7.943958282470703
-7.944355010986328
-7.9682745933532715
-7.997641563415527
-7.851813793182373
-7.974346160888672
-7.9593281745910645
-7.857122421264648
-7.936712265014648
-7.985517501831055
-7.919284343719482
-7.999337673187256
-7.961828231811523
-7.984977722167969
-7.930683135986328
-7.92988395690918
-7.981153964996338
-7.962507247924805
-7.961475849151611
-7.972978591918945
-8.003823280334473
-8.004758834838867
-7.992990493774414
-7.986264705657959
-7.983786582946777
-7.987577438354492
-7.973867416381836
-7.999053955078125
-7.9999308586120605
-7.9861040115356445
-7.982278823852539
-8.001205444335938
-7.9810895919799805
-7.991609573364258
-7.984572410583496
-7.981394290924072
-7.985445976257324
-7.9892401695251465
-7.993342876434326
-7.979378700256348
-7.9991455078125
-7.993820667266846
-7.981936931610107
-7.976953029632568
-7.97714900970459
-7.97157621383667
-7.987828254699707
-7.9742045402526855
-7.99263334274292
-7.979985237121582
-7.985503196716309
-7.995014667510986
-7.994530200958252
-7.990102767944336
-7.9605326652526855
-7.988860607147217
-7.990179061889648
-7.958655834197998
-7.9838032722473145
-7.991265773773193
-7.980621814727783
-7.975040435791016
-7.996669769287109
-7.9868550300598145
-7.9936113357543945
-7.994117259979248
-7.991706848144531
-7.987734794616699
-7.964752674102783
-7.994774341583252
-7.9874091148376465
-7.960587024688721
-7.989347457885742
-8.002081871032715
-7.959083080291748
-7.97906494140625
-7.989236354827881
-7.96369743347168
-7.995120048522949
-7.959874629974365
-7.974743843078613
-7.996510982513428
-7.987888813018799
-7.980279922485352
-7.991559028625488
-7.987055778503418
-7.9669189453125
-7.998736381530762
-7.981197357177734
-7.967232704162598
-7.974519729614258
-7.976298809051514
-7.994804382324219
-7.96960973739624
-7.992643356323242
-7.981341361999512
-7.992313861846924
-7.959293842315674
-7.97786808013916
-7.958186626434326
-7.9740471839904785
-7.9798383712768555
-8.004716873168945
-7.972573757171631
-7.997320175170898
-7.967240333557129
-7.98075008392334
-7.9551591873168945
-7.989017963409424
-7.990570068359375
-7.999628067016602
-7.956488132476807
-7.981062412261963
-7.9806389808654785
-7.9766645431518555
-7.971292018890381
-7.966110706329346
-7.93784761428833
-7.987396717071533
-7.9488396644592285
-7.992257595062256
-7.976233005523682
-7.9708404541015625
-7.996640205383301
-7.98618221282959
-7.92648983001709
-7.984600067138672
-7.948310375213623
-7.9674882888793945
-7.968928813934326
-7.984915256500244
-7.977187156677246
-7.963705539703369
-7.976251602172852
-7.961897373199463
-7.951526641845703
-7.972798824310303
-7.9864821434021
-8.00495433807373
-7.9687113761901855
-7.972321033477783
-7.98555850982666
-7.973936557769775
-7.957729339599609
-7.986027240753174
-7.956259250640869
-7.887561321258545
-7.993371486663818
-7.940795421600342
-7.854371070861816
-7.97135591506958
-7.990867614746094
-7.93492317199707
-7.928216934204102
-7.99371862411499
-7.988220691680908
-7.915473937988281
-7.953941345214844
-7.9877543449401855
-7.983212947845459
-7.940881252288818
-8.022378921508789
-7.979107856750488
-7.957976341247559
-7.970122337341309
-7.9874653816223145
-7.982829570770264
-8.004310607910156
-7.911899566650391
-8.004151344299316
-7.96218204498291
-7.9724907875061035
-7.993699550628662
-7.994073867797852
-7.956191539764404
-7.966948509216309
-7.99296236038208
-7.935958385467529
-7.969396591186523
-7.996521472930908
-7.9338226318359375
-7.967454433441162
-7.992735385894775
-7.987116813659668
-7.973710536956787
-7.989929676055908
-7.989126682281494
-7.942018508911133
-7.9602460861206055
-7.9807891845703125
-7.96530294418335
-7.970585346221924
-7.990378379821777
-7.988131999969482
-7.950263023376465
-7.959745407104492
-7.999701499938965
-7.979362487792969
-7.983830451965332
-7.980718612670898
-7.996018409729004
-8.020891189575195
-7.986579895019531
-7.964534282684326
-7.986138343811035
-7.93643045425415
-7.987625598907471
-7.984068393707275
-8.002793312072754
-7.968498229980469
-7.974889755249023
-7.976307392120361
-7.937064170837402
-7.96692419052124
-7.967134952545166
-8.01649284362793
-7.868102550506592
-7.943933010101318
-7.981487274169922
-7.966269016265869
-7.918057441711426
-7.940732955932617
-7.999476909637451
-7.894554138183594
-7.989010810852051
-7.9925856590271
-7.9873809814453125
-7.958104133605957
-7.986600875854492
-7.990540981292725
-7.976256847381592
-7.9751434326171875
-7.956549167633057
-7.993104457855225
-7.995377540588379
-7.996404647827148
-7.992002010345459
-7.996728420257568
-8.016857147216797
-7.961541652679443
-7.977837562561035
-7.985447883605957
-7.9737467765808105
-7.972815036773682
-7.987611770629883
-7.988691329956055
-7.989703178405762
-7.981720447540283
-7.986813068389893
-7.983799934387207
-7.993530750274658
-8.005849838256836
-7.986540794372559
-7.976473331451416
-7.972431182861328
-7.981368064880371
-7.9863739013671875
-7.98053503036499
-7.983623504638672
-8.001317977905273
-7.966371059417725
-7.980623722076416
-7.995885372161865
-7.971600532531738
-8.004997253417969
-7.9874701499938965
-8.006305694580078
-7.998470783233643
-7.959635257720947
-8.01077651977539
-7.986988067626953
-7.991973876953125
-7.99727201461792
-8.002460479736328
-7.971105098724365
-8.001492500305176
-7.979875564575195
-7.994421482086182
-7.984485149383545
-7.974441051483154
-7.983811855316162
-7.999104976654053
-7.990774154663086
-7.965761661529541
-7.984829902648926
-7.973581790924072
-7.980391502380371
-7.967793941497803
-7.961795806884766
-7.990583896636963
-7.99021053314209
-7.9810791015625
-7.998497009277344
-8.005620002746582
-8.004440307617188
-7.999465465545654
-8.006078720092773
-7.981010913848877
-7.977114677429199
-7.980368614196777
-7.976505756378174
-7.994893550872803
-8.00374984741211
-8.002104759216309
-7.951051712036133
-7.973006248474121
-7.985480308532715
-7.940576553344727
-7.9978814125061035
-7.996751308441162
-8.027318000793457
-7.968647480010986
-7.931794166564941
-8.021891593933105
-8.0022554397583
-7.994797229766846
-8.000977516174316
-8.005637168884277
-7.980386257171631
-7.941173076629639
-8.004315376281738
-7.975879669189453
-7.995820999145508
-7.943950653076172
-7.9885077476501465
-8.006184577941895
-7.966599464416504
-7.919529438018799
-7.987025737762451
-7.980621814727783
-7.92736291885376
-7.955104351043701
-7.990866661071777
-7.917140007019043
-7.976799011230469
-7.96198034286499
-7.996405124664307
-7.88463830947876
-7.930698871612549
-7.982298374176025
-7.953449726104736
-7.94740629196167
-7.966518402099609
-7.991825580596924
-7.953556537628174
-7.96398401260376
-7.996448040008545
-7.993555068969727
-7.8808183670043945
-7.964581489562988
-7.999301433563232
-7.916223049163818
-7.896307945251465
-7.982787132263184
-7.863616466522217
-7.974877834320068
-7.927396297454834
-7.989264965057373
-7.9274725914001465
-7.8817243576049805
-7.995943546295166
-8.01742935180664
-7.924271583557129
-7.984361171722412
-7.967367649078369
-7.939801216125488
-7.948484420776367
-7.982633113861084
-7.957590103149414
-7.9704813957214355
-7.9811577796936035
-7.991063594818115
-7.977105140686035
-7.977032661437988
-7.978440284729004
-8.003260612487793
-7.984111309051514
-7.986281394958496
-7.973921775817871
-7.992928504943848
-7.99735689163208
-7.978593349456787
-7.996768474578857
-7.991687774658203
-8.010030746459961
-7.99619722366333
-7.992543697357178
-7.986081600189209
-7.979067802429199
-7.957602500915527
-7.967594146728516
-8.025981903076172
-7.992340087890625
-7.874860763549805
-8.0111722946167
-7.990978717803955
-7.967987060546875
-7.96135139465332
-7.960364818572998
-7.995355606079102
-7.9818572998046875
-7.934313774108887
-7.9774909019470215
-7.989036560058594
-7.978616237640381
-8.001504898071289
-7.9979376792907715
-7.9061808586120605
-7.986687183380127
-7.989230632781982
-7.916416645050049
-7.947810173034668
-7.979502201080322
-7.953010559082031
-7.9854912757873535
-7.987011909484863
-7.99936580657959
-7.995075225830078
-7.992081642150879
-7.993597030639648
-7.992570877075195
-7.994920253753662
-7.985292434692383
-7.997436046600342
-7.995791912078857
-7.989677906036377
-7.976198196411133
-7.9844255447387695
-7.977398872375488
-7.985088348388672
-7.966444969177246
-7.984858989715576
-7.982861518859863
-8.000804901123047
-8.000682830810547
-7.970676422119141
-8.003028869628906
-7.989830017089844
-8.003584861755371
-8.013917922973633
-7.996921539306641
-7.970279216766357
-7.998302459716797
-7.987091064453125
-7.99998140335083
-8.000687599182129
-8.00719928741455
-7.9829277992248535
-7.989121913909912
-7.995397090911865
-7.984959602355957
-8.012072563171387
-7.9665937423706055
-7.98625373840332
-7.991373062133789
-8.010665893554688
-7.939620018005371
-7.992223739624023
-7.987788677215576
-7.969013214111328
-7.977283477783203
-7.992672443389893
-7.969336986541748
-7.960237503051758
-7.9961652755737305
-7.975454330444336
-7.998917579650879
-7.986635684967041
-8.010412216186523
-7.9917988777160645
-7.982564449310303
-7.967645645141602
-7.980052947998047
-7.946673393249512
-7.9907917976379395
-7.981170177459717
-8.029402732849121
-7.990455150604248
-7.940908908843994
-7.984029293060303
-7.967170238494873
-7.914400100708008
-8.006731033325195
-7.963458061218262
-7.959499835968018
-7.988080024719238
-8.001230239868164
-7.962710857391357
-7.98185396194458
-7.992863178253174
-8.00925064086914
-7.9710164070129395
-7.983273983001709
-7.997803688049316
-7.988329887390137
-7.9860944747924805
-7.986310005187988
-7.992364406585693
-7.988797187805176
-8.000161170959473
-7.973692893981934
-7.985342025756836
-7.995225429534912
-8.009366989135742
-7.964760780334473
-7.961240291595459
-8.002530097961426
-7.984585762023926
-7.9660186767578125
-7.985909461975098
-7.9857048988342285
-7.996657371520996
-7.9195990562438965
-7.994477272033691
-8.00183391571045
-7.988102912902832
-7.975956916809082
-7.9937872886657715
-7.962493896484375
-8.002853393554688
-8.011740684509277
-8.001385688781738
-7.987374782562256
-7.996734619140625
-8.00103759765625
-7.959527969360352
-7.986766338348389
-7.976219654083252
