loss_v
-5.79706335067749
-5.755204200744629
-5.871269226074219
-5.844237804412842
-5.774559020996094
-5.846107482910156
-5.988736629486084
-5.9013895988464355
-6.053944110870361
-5.952681064605713
-5.965108394622803
-6.01115608215332
-6.16282320022583
-6.347197532653809
-6.3675923347473145
-6.360471248626709
-6.43092679977417
-6.4293999671936035
-6.644437789916992
-6.527373790740967
-6.449493408203125
-6.5516676902771
-6.47158670425415
-6.567860126495361
-6.6332831382751465
-6.562135219573975
-6.632620811462402
-6.523886680603027
-6.554606914520264
-6.516644477844238
-6.601212978363037
-6.586877822875977
-6.531012058258057
-6.571072101593018
-6.687222957611084
-6.515241622924805
-6.652587413787842
-6.606394290924072
-6.55098819732666
-6.629979133605957
-6.5387492179870605
-6.650470733642578
-6.601715087890625
-6.585029602050781
-6.629113674163818
-6.6355791091918945
-6.7183837890625
-6.645352840423584
-6.683731555938721
-6.653501510620117
-6.712334632873535
-6.716573238372803
-6.7484660148620605
-6.700998306274414
-6.7052788734436035
-6.748129844665527
-6.726576805114746
-6.758447647094727
-6.702593803405762
-6.767698287963867
-6.7345662117004395
-6.757596492767334
-6.851633548736572
-6.699982643127441
-6.789130210876465
-6.774144649505615
-6.779287815093994
-6.801743984222412
-6.810431957244873
-6.802528381347656
-6.832688808441162
-6.862043380737305
-6.845998764038086
-6.834566116333008
-6.892419338226318
-6.893341064453125
-6.906538963317871
-6.885743618011475
-6.882644176483154
-6.9445271492004395
-6.929236888885498
-6.950963497161865
-7.016927719116211
-7.01183557510376
-7.0145583152771
-7.060346603393555
-7.04896354675293
-7.105597496032715
-7.138291358947754
-7.124896049499512
-7.135716438293457
-7.172481060028076
-7.197819709777832
-7.233162879943848
-7.232315540313721
-7.2753472328186035
-7.2836456298828125
-7.326330661773682
-7.387600898742676
-7.390921592712402
-7.448357582092285
-7.478199481964111
-7.56566047668457
-7.593416690826416
-7.654827117919922
-7.695104122161865
-7.76462459564209
-7.843012809753418
-7.917144775390625
-7.9942307472229
-8.06260871887207
-8.149199485778809
-8.241268157958984
-8.43718147277832
-8.499859809875488
-8.588232040405273
-8.622936248779297
-8.772872924804688
-8.907544136047363
-8.923869132995605
-8.96623420715332
-9.005542755126953
-9.106484413146973
-9.020234107971191
-9.117900848388672
-9.098432540893555
-9.128466606140137
-9.10669994354248
-9.190011024475098
-9.216078758239746
-9.32596206665039
-9.288378715515137
-9.215811729431152
-9.251826286315918
-9.287383079528809
-9.434459686279297
-9.481858253479004
-9.519434928894043
-9.424215316772461
-9.536653518676758
-9.508886337280273
-9.507946968078613
-9.567398071289062
-9.637063980102539
-9.610074043273926
-9.665966033935547
-9.717330932617188
-9.701393127441406
-9.797785758972168
-9.6240873336792
-9.75535774230957
-9.737700462341309
-9.715432167053223
-9.738350868225098
-9.73875904083252
-9.750001907348633
-9.858526229858398
-9.81490421295166
-9.951157569885254
-9.80181884765625
-9.957719802856445
-9.844282150268555
-9.864870071411133
-9.86695384979248
-9.849003791809082
-9.934054374694824
-9.929831504821777
-9.884331703186035
-9.868053436279297
-9.938082695007324
-9.870363235473633
-9.91296100616455
-10.01469898223877
-9.987239837646484
-10.016769409179688
-9.970571517944336
-9.926331520080566
-9.975090026855469
-10.005279541015625
-10.116340637207031
-9.951773643493652
-10.169278144836426
-9.97353744506836
-10.110893249511719
-10.085700035095215
-10.011051177978516
-10.100454330444336
-10.010519027709961
-10.127548217773438
-10.120584487915039
-10.074953079223633
-10.12382698059082
-10.073819160461426
-10.193442344665527
-10.103519439697266
-10.174713134765625
-10.076875686645508
-10.09778118133545
-10.066707611083984
-10.176513671875
-10.151496887207031
-10.315210342407227
-10.262054443359375
-10.186210632324219
-10.121007919311523
-10.102968215942383
-10.234899520874023
-10.227764129638672
-10.229435920715332
-10.255361557006836
-10.294599533081055
-10.256098747253418
-10.32007122039795
-10.227558135986328
-10.171168327331543
-10.250931739807129
-10.271964073181152
-10.331072807312012
-10.319905281066895
-10.311378479003906
-10.332327842712402
-10.292454719543457
-10.338394165039062
-10.33362102508545
-10.277873992919922
-10.276034355163574
-10.403219223022461
-10.24490737915039
-10.295140266418457
-10.415233612060547
-10.397706031799316
-10.414806365966797
-10.355472564697266
-10.410536766052246
-10.409655570983887
-10.314982414245605
-10.442729949951172
-10.359831809997559
-10.43269157409668
-10.403014183044434
-10.45646858215332
-10.45196533203125
-10.453574180603027
-10.44202709197998
-10.512426376342773
-10.392559051513672
-10.545066833496094
-10.432154655456543
-10.55245590209961
-10.425108909606934
-10.52759838104248
-10.56039047241211
-10.482855796813965
-10.434030532836914
-10.516471862792969
-10.558077812194824
-10.469916343688965
-10.51212215423584
-10.42859172821045
-10.482061386108398
-10.562973976135254
-10.50283432006836
-10.600380897521973
-10.519665718078613
-10.533233642578125
-10.61177921295166
-10.543628692626953
-10.525552749633789
-10.637224197387695
-10.601341247558594
-10.598160743713379
-10.551998138427734
-10.62053394317627
-10.632299423217773
-10.47701358795166
-10.675067901611328
-10.611069679260254
-10.648885726928711
-10.733074188232422
-10.577834129333496
-10.594148635864258
-10.617746353149414
-10.636338233947754
-10.587636947631836
-10.685422897338867
-10.63826847076416
-10.642154693603516
-10.681500434875488
-10.536527633666992
-10.71563720703125
-10.609546661376953
-10.662822723388672
-10.795513153076172
-10.695436477661133
-10.633386611938477
-10.77790355682373
-10.801698684692383
-10.752874374389648
-10.666646957397461
-10.681989669799805
-10.624818801879883
-10.738040924072266
-10.690360069274902
-10.737186431884766
-10.750970840454102
-10.758157730102539
-10.668730735778809
-10.751486778259277
-10.736082077026367
-10.773425102233887
-10.686098098754883
-10.735945701599121
-10.859347343444824
-10.758918762207031
-10.77173900604248
-10.72620677947998
-10.73176383972168
-10.797657012939453
-10.723182678222656
-10.751540184020996
-10.81753921508789
-10.734281539916992
-10.800614356994629
-10.83349609375
-10.795897483825684
-10.815247535705566
-10.828417778015137
-10.797829627990723
-10.90279483795166
-10.83452320098877
-10.858287811279297
-10.82915210723877
-10.770904541015625
-10.815971374511719
-10.838733673095703
-10.804160118103027
-10.78510856628418
-10.87491512298584
-10.857793807983398
-10.862360954284668
-10.827115058898926
-10.894939422607422
-10.89432144165039
-10.83860969543457
-10.918394088745117
-10.85140323638916
-10.844218254089355
-10.953944206237793
-10.885137557983398
-10.832733154296875
-10.842089653015137
-10.907641410827637
-10.855779647827148
-10.85700511932373
-10.900928497314453
-10.866872787475586
-10.84295654296875
-10.818957328796387
-10.838144302368164
-10.92483901977539
-10.852692604064941
-10.819265365600586
-10.881509780883789
-10.9380464553833
-10.934349060058594
-10.930990219116211
-10.946650505065918
-10.858460426330566
-10.886460304260254
-10.823862075805664
-10.878305435180664
-10.831140518188477
-10.987480163574219
-10.882386207580566
-10.867600440979004
-10.907278060913086
-10.992554664611816
-10.873414993286133
-10.873863220214844
-10.964265823364258
-10.980460166931152
-10.983548164367676
-10.93559455871582
-10.91838550567627
-10.870153427124023
-10.876798629760742
-10.959322929382324
-10.946273803710938
-10.939876556396484
-11.00761604309082
-11.0154390335083
-10.933565139770508
-10.98442268371582
-10.95059871673584
-10.929722785949707
-10.938798904418945
-10.999470710754395
-11.020310401916504
-10.96342945098877
-10.981598854064941
-10.953296661376953
-10.940481185913086
-10.975385665893555
-11.04477310180664
-10.945199012756348
-10.969497680664062
-11.006196022033691
-10.96220874786377
-10.942482948303223
-11.011242866516113
-11.004251480102539
-10.941984176635742
-10.937331199645996
-10.995415687561035
-10.99765682220459
-11.009803771972656
-10.985213279724121
-11.05543041229248
-10.997808456420898
-10.938484191894531
-10.943526268005371
-10.99715518951416
-10.988088607788086
-11.035775184631348
-11.055421829223633
-10.949186325073242
-10.996855735778809
-10.989931106567383
-10.931060791015625
-10.967972755432129
-11.04105281829834
-11.033109664916992
-11.011625289916992
-10.982776641845703
-10.968880653381348
-11.012951850891113
-11.011823654174805
-11.009552001953125
-10.989296913146973
-10.97201156616211
-11.031926155090332
-10.989643096923828
-11.028997421264648
-10.982414245605469
-10.97962760925293
-10.980534553527832
-10.965426445007324
-11.02003288269043
-10.988391876220703
-10.919370651245117
-10.991267204284668
-11.009832382202148
-10.957212448120117
-10.95292854309082
-11.000333786010742
-11.044721603393555
-10.969111442565918
-11.004679679870605
-11.038935661315918
-11.058897018432617
-11.043580055236816
-11.020240783691406
-11.038084030151367
-11.02041244506836
-11.022940635681152
-11.016276359558105
-10.990656852722168
-11.043725967407227
-11.041996955871582
-11.050216674804688
-10.99541187286377
-11.050427436828613
-11.10487174987793
-11.077377319335938
-11.05942153930664
-11.048747062683105
-11.06675910949707
-11.046608924865723
-11.06218147277832
-11.051426887512207
-11.064085006713867
-11.050169944763184
-11.013518333435059
-11.083064079284668
-11.04780387878418
-11.069507598876953
-11.076977729797363
-11.069870948791504
-11.06865406036377
-11.084197044372559
-11.104989051818848
-11.061599731445312
-11.077320098876953
-11.093924522399902
-11.071442604064941
-11.06618881225586
-11.036520004272461
-11.08485221862793
-11.096315383911133
-11.112942695617676
-11.082402229309082
-11.101969718933105
-11.093626022338867
-11.130576133728027
-11.085055351257324
-11.114226341247559
-11.051993370056152
-11.058431625366211
-11.049396514892578
-11.058363914489746
-11.00323486328125
-11.067580223083496
-11.103782653808594
-11.079505920410156
-11.064894676208496
-11.020209312438965
-11.03502082824707
-11.08607292175293
-11.10790729522705
-11.062358856201172
-11.11302661895752
-11.101229667663574
-11.001373291015625
-11.088563919067383
-11.099571228027344
-11.107261657714844
-11.09951400756836
-11.093392372131348
-11.042261123657227
-11.113259315490723
-11.133135795593262
-11.103020668029785
-11.121317863464355
-11.074305534362793
-11.078904151916504
-11.080735206604004
-11.082857131958008
-11.10998249053955
-11.121258735656738
-11.085345268249512
-11.051179885864258
-11.089232444763184
-11.093153953552246
-11.136707305908203
-11.076356887817383
-11.078187942504883
-11.132537841796875
-11.07465648651123
-11.124523162841797
-11.1076021194458
-11.063817024230957
-11.145745277404785
-11.080869674682617
-11.122540473937988
-11.09337043762207
-11.106199264526367
-11.104232788085938
-11.139678001403809
-11.114755630493164
-11.081653594970703
-11.108211517333984
-11.118772506713867
-11.137660026550293
-11.125035285949707
-11.088287353515625
-11.130074501037598
-11.135461807250977
-11.128443717956543
-11.129127502441406
-11.145132064819336
-11.097687721252441
-11.139420509338379
-11.09121322631836
-11.136982917785645
-11.104962348937988
-11.142990112304688
-11.117029190063477
-11.124112129211426
-11.111125946044922
-11.142720222473145
-11.136117935180664
-11.107098579406738
-11.156383514404297
-11.121353149414062
-11.132075309753418
-11.146293640136719
-11.142658233642578
-11.15491771697998
-11.160568237304688
-11.139324188232422
-11.15892219543457
-11.18649673461914
-11.158945083618164
-11.156488418579102
-11.134869575500488
-11.134027481079102
-11.106541633605957
-11.176125526428223
-11.188078880310059
-11.154804229736328
-11.112197875976562
-11.128433227539062
-11.11057186126709
-11.1343355178833
-11.124509811401367
-11.151122093200684
-11.144670486450195
-11.14226245880127
-11.16797924041748
-11.155792236328125
-11.140386581420898
-11.178175926208496
-11.17109203338623
-11.17556381225586
-11.17866039276123
-11.153817176818848
-11.135223388671875
-11.163002967834473
-11.171564102172852
-11.170875549316406
-11.171817779541016
-11.169635772705078
-11.153670310974121
-11.149731636047363
-11.192000389099121
-11.173973083496094
-11.120879173278809
-11.1701021194458
-11.186073303222656
-11.192817687988281
-11.13986873626709
-11.183154106140137
-11.151959419250488
-11.181395530700684
-11.184160232543945
-11.176572799682617
-11.137451171875
-11.156078338623047
-11.172457695007324
-11.138153076171875
-11.173150062561035
-11.134160041809082
-11.159403800964355
-11.202982902526855
-11.186880111694336
-11.150505065917969
-11.159198760986328
-11.167956352233887
-11.185748100280762
-11.165261268615723
-11.19694709777832
-11.142339706420898
-11.14635181427002
-11.175792694091797
-11.139225959777832
-11.118204116821289
-11.111141204833984
-11.15828800201416
-11.169194221496582
-11.188446998596191
-11.197504997253418
-11.135876655578613
-11.16113567352295
-11.204361915588379
-11.175400733947754
-11.186464309692383
-11.136828422546387
-11.103117942810059
-11.138257026672363
-11.158748626708984
-11.211642265319824
-11.213727951049805
-11.176111221313477
-11.177495002746582
-11.203639030456543
-11.167354583740234
-11.202896118164062
-11.149382591247559
-11.157498359680176
-11.184124946594238
-11.177352905273438
-11.172423362731934
-11.159870147705078
-11.147298812866211
-11.187919616699219
-11.200425148010254
-11.166346549987793
-11.175875663757324
-11.161123275756836
-11.192766189575195
-11.161280632019043
-11.185345649719238
-11.193227767944336
-11.184853553771973
-11.195699691772461
-11.191544532775879
-11.159810066223145
-11.174559593200684
-11.156498908996582
-11.189839363098145
-11.168293952941895
-11.165395736694336
-11.18178653717041
-11.179853439331055
-11.18714427947998
-11.15115737915039
-11.176377296447754
-11.179245948791504
-11.195019721984863
-11.185261726379395
-11.195235252380371
-11.162798881530762
-11.192413330078125
-11.181900024414062
-11.173439979553223
-11.193207740783691
-11.204608917236328
-11.173733711242676
-11.219019889831543
-11.194918632507324
-11.213424682617188
-11.220263481140137
-11.234631538391113
-11.185514450073242
-11.21585750579834
-11.206154823303223
-11.217005729675293
-11.191128730773926
-11.198187828063965
-11.156684875488281
-11.20179557800293
-11.192492485046387
-11.168191909790039
-11.223062515258789
-11.211404800415039
-11.195940971374512
-11.216058731079102
-11.198400497436523
-11.226177215576172
-11.200602531433105
-11.205869674682617
-11.188654899597168
-11.217547416687012
-11.193609237670898
-11.203132629394531
-11.220966339111328
-11.224038124084473
-11.248786926269531
-11.193013191223145
-11.231694221496582
-11.218552589416504
-11.219804763793945
-11.207097053527832
-11.222198486328125
-11.22722339630127
-11.214309692382812
-11.24226188659668
-11.222749710083008
-11.21493911743164
-11.194884300231934
-11.179285049438477
-11.213398933410645
-11.190638542175293
-11.199529647827148
-11.222480773925781
-11.20384693145752
-11.259976387023926
-11.233773231506348
-11.21026611328125
-11.204707145690918
-11.2083740234375
-11.22877311706543
-11.205782890319824
-11.208653450012207
-11.189993858337402
-11.220035552978516
-11.17047119140625
-11.193601608276367
-11.197766304016113
-11.240821838378906
-11.224019050598145
-11.224800109863281
-11.211511611938477
-11.252368927001953
-11.224973678588867
-11.225296020507812
-11.215946197509766
-11.186809539794922
-11.16416072845459
-11.187519073486328
-11.206023216247559
-11.225640296936035
-11.231103897094727
-11.231829643249512
-11.190790176391602
-11.162549018859863
-11.182662010192871
-11.223592758178711
-11.2139892578125
-11.211372375488281
-11.234170913696289
-11.230086326599121
-11.191183090209961
-11.174507141113281
-11.181238174438477
-11.213934898376465
-11.228370666503906
-11.223312377929688
-11.2019681930542
-11.208459854125977
-11.234554290771484
-11.218742370605469
-11.235504150390625
-11.256463050842285
-11.25888729095459
-11.248090744018555
-11.2315673828125
-11.247779846191406
-11.260777473449707
-11.230626106262207
-11.259774208068848
-11.241437911987305
-11.244924545288086
-11.230169296264648
-11.220276832580566
-11.241166114807129
-11.252546310424805
-11.257135391235352
-11.22619915008545
-11.202057838439941
-11.22530746459961
-11.243284225463867
-11.236776351928711
-11.248005867004395
-11.215496063232422
-11.190479278564453
-11.202437400817871
-11.18525505065918
-11.212823867797852
-11.259392738342285
-11.261661529541016
-11.257224082946777
-11.249459266662598
-11.2434720993042
-11.237895011901855
-11.251835823059082
-11.253037452697754
-11.262967109680176
-11.244482040405273
-11.254443168640137
-11.228456497192383
-11.236384391784668
-11.244674682617188
-11.232394218444824
-11.247265815734863
-11.277902603149414
-11.26571273803711
-11.259885787963867
-11.25662899017334
-11.26140022277832
-11.249673843383789
-11.273017883300781
-11.255914688110352
-11.256020545959473
-11.231551170349121
-11.190271377563477
-11.220602035522461
-11.245922088623047
-11.257229804992676
-11.256924629211426
-11.259230613708496
-11.228409767150879
-11.234931945800781
-11.222968101501465
-11.261222839355469
-11.286877632141113
-11.252180099487305
-11.259688377380371
-11.25633430480957
-11.24240779876709
-11.2705659866333
-11.27701473236084
-11.28200912475586
-11.261075019836426
-11.255415916442871
-11.251874923706055
-11.263920783996582
-11.25562572479248
-11.2739896774292
-11.27190113067627
-11.275398254394531
-11.262190818786621
-11.264577865600586
-11.281167030334473
-11.271890640258789
-11.271178245544434
-11.25129222869873
-11.239776611328125
-11.230574607849121
-11.259100914001465
-11.251969337463379
-11.276985168457031
-11.279744148254395
-11.273573875427246
-11.281079292297363
-11.268633842468262
-11.254926681518555
-11.256117820739746
-11.280460357666016
-11.277923583984375
-11.276670455932617
-11.28736400604248
-11.252286911010742
-11.27637004852295
-11.260149002075195
-11.249602317810059
-11.25724983215332
-11.28133487701416
-11.293213844299316
-11.27657413482666
-11.260787010192871
-11.283053398132324
-11.29323673248291
-11.274808883666992
-11.274147033691406
-11.272796630859375
-11.272256851196289
-11.299816131591797
-11.264068603515625
-11.240802764892578
-11.237265586853027
-11.233016014099121
-11.27080249786377
-11.273443222045898
-11.238865852355957
-11.176569938659668
-11.202942848205566
-11.27104663848877
-11.283102035522461
-11.250792503356934
-11.249151229858398
-11.23409366607666
-11.278965950012207
-11.279253005981445
-11.271571159362793
-11.253663063049316
-11.246498107910156
-11.239441871643066
-11.246722221374512
-11.268850326538086
-11.286885261535645
-11.279680252075195
-11.278613090515137
-11.285575866699219
-11.29692554473877
-11.284643173217773
-11.293058395385742
-11.301331520080566
-11.253955841064453
-11.279565811157227
-11.283028602600098
-11.283334732055664
-11.280291557312012
-11.271051406860352
-11.279187202453613
-11.300451278686523
-11.279117584228516
-11.28626537322998
-11.292588233947754
-11.275931358337402
-11.274497985839844
-11.294654846191406
-11.279815673828125
-11.293785095214844
-11.299765586853027
-11.286662101745605
-11.2764253616333
-11.2758207321167
-11.278495788574219
-11.280805587768555
-11.295528411865234
-11.283459663391113
-11.288124084472656
-11.282147407531738
-11.282401084899902
-11.286803245544434
-11.289937019348145
-11.29146957397461
-11.291987419128418
-11.289435386657715
-11.27527141571045
-11.301664352416992
-11.286800384521484
-11.288735389709473
-11.293599128723145
-11.278491973876953
-11.296051979064941
-11.297694206237793
-11.295022010803223
-11.296247482299805
-11.277832984924316
-11.300289154052734
-11.287075996398926
-11.280990600585938
-11.28968334197998
-11.282811164855957
-11.306381225585938
-11.289340019226074
-11.278935432434082
-11.28574275970459
-11.288264274597168
-11.267168045043945
-11.265645027160645
-11.27281665802002
-11.273919105529785
-11.27366828918457
-11.29209041595459
-11.305181503295898
-11.296012878417969
-11.301444053649902
-11.295524597167969
-11.280159950256348
-11.251293182373047
-11.269015312194824
-11.284655570983887
-11.291725158691406
-11.300406455993652
-11.297616958618164
-11.298516273498535
-11.29592514038086
-11.313976287841797
-11.31045913696289
-11.3109712600708
-11.308883666992188
-11.290285110473633
-11.297201156616211
-11.283673286437988
-11.29102897644043
-11.30903148651123
-11.306355476379395
-11.310685157775879
-11.28201961517334
-11.306867599487305
-11.312313079833984
-11.299825668334961
-11.302640914916992
-11.30709171295166
-11.299478530883789
-11.2982759475708
-11.279916763305664
-11.273972511291504
-11.28689956665039
-11.27968692779541
-11.268760681152344
-11.308819770812988
-11.31740665435791
-11.310516357421875
-11.305861473083496
-11.28437614440918
-11.302618980407715
-11.302361488342285
-11.293617248535156
-11.304842948913574
-11.300029754638672
-11.293456077575684
-11.27214527130127
-11.25981616973877
-11.277111053466797
-11.300551414489746
-11.31003475189209
-11.295835494995117
-11.30971622467041
-11.317461967468262
-11.300996780395508
-11.295461654663086
-11.29705810546875
-11.291000366210938
-11.283528327941895
-11.302268028259277
-11.30733585357666
-11.309698104858398
-11.318466186523438
-11.314512252807617
-11.305937767028809
-11.316788673400879
-11.30433464050293
-11.3160982131958
-11.312950134277344
-11.312472343444824
-11.311511039733887
-11.318842887878418
-11.318986892700195
-11.317233085632324
-11.320571899414062
-11.316145896911621
-11.313888549804688
-11.310709953308105
-11.313043594360352
-11.301559448242188
-11.306283950805664
-11.310151100158691
-11.315053939819336
-11.31601619720459
-11.30431842803955
-11.301976203918457
-11.293920516967773
-11.307826042175293
-11.287686347961426
-11.287781715393066
-11.313027381896973
-11.30490779876709
-11.319300651550293
-11.320549011230469
-11.300457000732422
-11.26503849029541
-11.235478401184082
-11.233611106872559
-11.284199714660645
-11.305281639099121
-11.323991775512695
-11.315995216369629
-11.315248489379883
-11.319196701049805
-11.31224250793457
-11.294452667236328
-11.297161102294922
-11.312786102294922
-11.319583892822266
-11.3162202835083
-11.315185546875
-11.313604354858398
-11.317472457885742
-11.315464973449707
-11.31164836883545
-11.306364059448242
-11.299025535583496
-11.290663719177246
-11.292144775390625
-11.307417869567871
-11.314131736755371
-11.307242393493652
-11.31006908416748
-11.290461540222168
-11.324546813964844
-11.310940742492676
-11.322416305541992
-11.322171211242676
-11.285813331604004
-11.277709007263184
-11.293233871459961
-11.309364318847656
-11.332145690917969
-11.319463729858398
-11.302328109741211
-11.299556732177734
-11.289154052734375
-11.289807319641113
-11.291211128234863
-11.296424865722656
-11.31502914428711
-11.325896263122559
-11.299466133117676
-11.250347137451172
-11.212432861328125
-11.250534057617188
-11.30284595489502
-11.331053733825684
-11.283522605895996
-11.252832412719727
-11.25380802154541
-11.29528522491455
-11.321697235107422
-11.327503204345703
-11.279598236083984
-11.250003814697266
-11.269758224487305
-11.29858112335205
-11.319451332092285
-11.326757431030273
-11.307890892028809
-11.309557914733887
-11.311912536621094
-11.324928283691406
-11.313916206359863
-11.30236530303955
-11.294974327087402
-11.289350509643555
-11.297154426574707
-11.316555976867676
-11.323639869689941
-11.321776390075684
-11.329202651977539
-11.31591796875
-11.317587852478027
-11.328907012939453
-11.315940856933594
-11.313455581665039
-11.317097663879395
-11.292440414428711
-11.28821086883545
-11.289032936096191
-11.309856414794922
-11.321996688842773
-11.33098316192627
-11.309670448303223
-11.318258285522461
-11.302290916442871
-11.284260749816895
-11.320164680480957
-11.320779800415039
-11.325600624084473
-11.300787925720215
-11.26821231842041
-11.286181449890137
-11.319498062133789
-11.335906028747559
-11.330628395080566
-11.318976402282715
-11.309764862060547
-11.311347007751465
-11.314635276794434
-11.321304321289062
-11.331430435180664
-11.327770233154297
-11.329992294311523
-11.32822036743164
-11.324372291564941
-11.321466445922852
-11.322792053222656
-11.332523345947266
-11.32479190826416
-11.32473087310791
-11.338798522949219
-11.325840950012207
-11.32871150970459
-11.331366539001465
-11.337480545043945
-11.339655876159668
-11.3370943069458
-11.332242012023926
-11.32055950164795
-11.332513809204102
-11.32909107208252
-11.328895568847656
-11.33358097076416
-11.34262752532959
-11.325475692749023
-11.33171558380127
-11.327818870544434
-11.324301719665527
-11.32172679901123
-11.330936431884766
-11.330692291259766
-11.338227272033691
-11.339855194091797
-11.329610824584961
-11.339482307434082
-11.339616775512695
-11.330598831176758
-11.323125839233398
-11.316387176513672
-11.319709777832031
-11.328903198242188
-11.309632301330566
-11.318269729614258
-11.322283744812012
-11.325872421264648
-11.327001571655273
-11.341756820678711
-11.340609550476074
-11.327702522277832
-11.3269681930542
-11.322224617004395
-11.338335037231445
-11.341020584106445
-11.334404945373535
-11.331270217895508
-11.339034080505371
-11.332399368286133
-11.327523231506348
-11.336777687072754
-11.331098556518555
-11.340832710266113
-11.33752155303955
-11.337482452392578
-11.330403327941895
-11.325904846191406
-11.311481475830078
-11.304228782653809
-11.298449516296387
-11.311186790466309
-11.318020820617676
-11.322092056274414
-11.329575538635254
-11.347307205200195
-11.335091590881348
-11.321060180664062
-11.311975479125977
-11.280678749084473
-11.289259910583496
-11.30564022064209
-11.327601432800293
-11.345109939575195
-11.34311294555664
-11.343851089477539
-11.342881202697754
-11.346271514892578
-11.332196235656738
-11.335440635681152
-11.341288566589355
-11.344444274902344
-11.336130142211914
-11.329007148742676
-11.312118530273438
-11.295112609863281
-11.283153533935547
-11.294940948486328
-11.309072494506836
-11.326415061950684
-11.339248657226562
-11.343268394470215
-11.352255821228027
-11.334268569946289
-11.323307991027832
-11.316864013671875
-11.312443733215332
-11.301679611206055
-11.307110786437988
-11.324522018432617
-11.346010208129883
-11.337991714477539
-11.321755409240723
-11.282567977905273
-11.268226623535156
-11.2967529296875
-11.32778549194336
-11.335583686828613
-11.315072059631348
-11.290181159973145
-11.273395538330078
-11.290055274963379
-11.317037582397461
-11.335890769958496
-11.335881233215332
-11.330678939819336
-11.339105606079102
-11.335733413696289
-11.34826946258545
-11.33896541595459
-11.305610656738281
-11.296121597290039
-11.303793907165527
-11.321611404418945
-11.341246604919434
-11.336478233337402
-11.323225975036621
-11.313276290893555
-11.318772315979004
-11.328118324279785
-11.339447975158691
-11.336038589477539
-11.333331108093262
-11.310338973999023
-11.303831100463867
-11.309500694274902
-11.306251525878906
-11.344637870788574
-11.342761993408203
-11.324369430541992
-11.299604415893555
-11.302088737487793
-11.325429916381836
-11.341029167175293
-11.35364818572998
-11.348462104797363
-11.332266807556152
-11.319067001342773
-11.324148178100586
-11.333889961242676
-11.341814041137695
-11.346000671386719
-11.339489936828613
-11.319844245910645
-11.31823444366455
-11.317169189453125
-11.320464134216309
-11.335490226745605
-11.342048645019531
-11.346933364868164
-11.350273132324219
-11.349505424499512
-11.34934139251709
-11.349998474121094
-11.352052688598633
-11.346967697143555
-11.355369567871094
-11.349913597106934
-11.348745346069336
-11.338171005249023
-11.345483779907227
-11.347219467163086
-11.349067687988281
-11.34756088256836
-11.355056762695312
-11.349099159240723
-11.347500801086426
-11.33912467956543
-11.34556770324707
-11.344833374023438
-11.356822967529297
-11.343204498291016
-11.343948364257812
-11.3285551071167
-11.346700668334961
-11.341999053955078
-11.349855422973633
-11.346988677978516
-11.328798294067383
-11.324904441833496
-11.328022956848145
-11.33554744720459
-11.34957218170166
-11.34207820892334
-11.347821235656738
-11.354440689086914
-11.355241775512695
-11.356903076171875
-11.35483455657959
-11.356855392456055
-11.354133605957031
-11.360048294067383
-11.353677749633789
-11.351762771606445
-11.353507041931152
-11.362150192260742
-11.351298332214355
-11.358657836914062
-11.357754707336426
-11.355209350585938
-11.352461814880371
-11.355114936828613
-11.36313247680664
-11.364389419555664
-11.355439186096191
-11.344938278198242
-11.359733581542969
-11.35523796081543
-11.353928565979004
-11.362845420837402
-11.353104591369629
-11.353057861328125
-11.35846996307373
-11.357669830322266
-11.357658386230469
-11.35802936553955
-11.358622550964355
-11.358414649963379
-11.359575271606445
-11.362875938415527
-11.358856201171875
-11.35623550415039
-11.350482940673828
-11.345209121704102
-11.340707778930664
-11.351993560791016
-11.348226547241211
-11.35277271270752
-11.355525016784668
-11.368563652038574
-11.36363410949707
-11.358922958374023
-11.359062194824219
-11.351295471191406
-11.359527587890625
-11.356181144714355
-11.348004341125488
-11.335538864135742
-11.33891773223877
-11.35007095336914
-11.34553337097168
-11.333146095275879
-11.334156036376953
-11.324135780334473
-11.321260452270508
-11.316034317016602
-11.335357666015625
-11.348134994506836
-11.358586311340332
-11.342278480529785
-11.301554679870605
-11.272913932800293
-11.296624183654785
-11.338591575622559
-11.358635902404785
-11.349784851074219
-11.335139274597168
-11.310345649719238
-11.299379348754883
-11.322853088378906
-11.357548713684082
-11.369654655456543
-11.359456062316895
-11.334162712097168
-11.330002784729004
-11.332448959350586
-11.336594581604004
-11.355978012084961
-11.359868049621582
-11.343929290771484
-11.303211212158203
-11.282039642333984
-11.307831764221191
-11.343329429626465
-11.362384796142578
-11.351347923278809
-11.325839042663574
-11.307380676269531
-11.316597938537598
-11.356644630432129
-11.358640670776367
-11.365763664245605
-11.36958122253418
-11.355422973632812
-11.359682083129883
-11.35888957977295
-11.362833023071289
-11.360791206359863
-11.35802173614502
-11.363465309143066
-11.35679817199707
-11.372841835021973
-11.359171867370605
-11.35630989074707
-11.345658302307129
-11.3436861038208
-11.34267520904541
-11.35304069519043
-11.35873031616211
-11.372350692749023
-11.364972114562988
-11.368280410766602
-11.361045837402344
-11.368758201599121
-11.363797187805176
-11.366955757141113
-11.360295295715332
-11.361663818359375
-11.366703033447266
-11.37028694152832
-11.368574142456055
-11.363072395324707
-11.35671615600586
-11.356317520141602
-11.355088233947754
-11.360298156738281
-11.366632461547852
-11.364974975585938
-11.376628875732422
-11.364517211914062
-11.365931510925293
-11.367115020751953
-11.364500999450684
-11.373004913330078
-11.36844539642334
-11.370646476745605
-11.364529609680176
-11.3641357421875
-11.3709135055542
-11.37303638458252
-11.361318588256836
-11.368556022644043
-11.364665985107422
-11.369799613952637
-11.363651275634766
-11.3662748336792
-11.366050720214844
-11.374373435974121
-11.3700532913208
-11.37258243560791
-11.370613098144531
-11.377567291259766
-11.375479698181152
-11.367195129394531
-11.365480422973633
-11.373605728149414
-11.370107650756836
-11.364821434020996
-11.366901397705078
-11.371977806091309
-11.363455772399902
-11.367410659790039
-11.368313789367676
-11.365927696228027
-11.365684509277344
-11.373695373535156
-11.375709533691406
-11.372726440429688
-11.384485244750977
-11.376133918762207
-11.368823051452637
-11.374431610107422
-11.371021270751953
-11.373830795288086
-11.36645221710205
-11.368337631225586
-11.360809326171875
-11.343507766723633
-11.33605670928955
-11.330718040466309
-11.345856666564941
-11.35509967803955
-11.366279602050781
-11.376164436340332
-11.37259292602539
-11.376246452331543
-11.348074913024902
-11.340270042419434
-11.327775955200195
-11.321795463562012
-11.341205596923828
-11.369247436523438
-11.374054908752441
-11.368965148925781
-11.336546897888184
-11.30766773223877
-11.30601692199707
-11.335833549499512
-11.359248161315918
-11.370992660522461
-11.365849494934082
-11.330086708068848
-11.291742324829102
-11.309928894042969
-11.345623016357422
-11.377429962158203
-11.37183666229248
-11.341819763183594
-11.339241981506348
-11.361063957214355
-11.382308006286621
-11.384038925170898
-11.377701759338379
-11.360358238220215
-11.362730979919434
-11.375490188598633
-11.378693580627441
-11.369952201843262
-11.37689208984375
-11.375140190124512
-11.375618934631348
-11.374542236328125
-11.365001678466797
-11.35588264465332
-11.354780197143555
-11.365720748901367
-11.366547584533691
-11.373555183410645
-11.381885528564453
-11.371280670166016
-11.36705207824707
-11.359936714172363
-11.357815742492676
-11.36241626739502
-11.375286102294922
-11.386724472045898
-11.370715141296387
-11.362197875976562
-11.345905303955078
-11.344545364379883
-11.355499267578125
-11.37486457824707
-11.38428020477295
-11.375767707824707
-11.374441146850586
-11.367066383361816
-11.354913711547852
-11.34864330291748
-11.346575736999512
-11.356842041015625
-11.363426208496094
-11.37778377532959
-11.381763458251953
-11.383984565734863
-11.369482040405273
-11.372329711914062
-11.372387886047363
-11.380203247070312
-11.375296592712402
-11.383302688598633
-11.381388664245605
-11.37912654876709
-11.357135772705078
-11.354990005493164
-11.355393409729004
-11.364792823791504
-11.375446319580078
-11.386890411376953
-11.380807876586914
-11.361227989196777
-11.344233512878418
-11.34164810180664
-11.357562065124512
-11.375420570373535
-11.382445335388184
-11.380074501037598
-11.376275062561035
-11.37458610534668
-11.352296829223633
-11.328099250793457
-11.335467338562012
-11.351534843444824
-11.379415512084961
-11.380898475646973
-11.37874698638916
-11.354601860046387
-11.351753234863281
-11.359549522399902
-11.3613920211792
-11.37964916229248
-11.38016128540039
-11.371843338012695
-11.338347434997559
-11.329071044921875
-11.347541809082031
-11.376164436340332
-11.373441696166992
-11.361397743225098
-11.311422348022461
-11.319372177124023
-11.369118690490723
-11.383320808410645
-11.367877006530762
-11.324646949768066
-11.304720878601074
-11.337777137756348
-11.381452560424805
-11.380535125732422
-11.383951187133789
-11.370908737182617
-11.368450164794922
-11.38387680053711
-11.38672924041748
-11.385488510131836
-11.369056701660156
-11.360956192016602
-11.36271858215332
-11.385900497436523
-11.388182640075684
-11.384119987487793
-11.376078605651855
-11.373393058776855
-11.377638816833496
-11.390568733215332
-11.388031959533691
-11.381266593933105
-11.375783920288086
-11.369380950927734
-11.37291145324707
-11.375800132751465
-11.383899688720703
-11.38412857055664
-11.391222953796387
-11.384520530700684
-11.380763053894043
-11.38524055480957
-11.385193824768066
-11.386704444885254
-11.388172149658203
-11.390008926391602
-11.38784122467041
-11.394132614135742
-11.3853759765625
-11.382223129272461
-11.385643005371094
-11.389412879943848
-11.38365650177002
-11.389394760131836
-11.381840705871582
-11.37889289855957
-11.365468978881836
-11.36052131652832
-11.361438751220703
-11.367701530456543
-11.377524375915527
-11.388644218444824
-11.392504692077637
-11.37999439239502
-11.38391399383545
-11.375757217407227
-11.383159637451172
-11.388619422912598
-11.387207984924316
-11.392254829406738
-11.386133193969727
-11.390212059020996
-11.382625579833984
-11.390890121459961
-11.388059616088867
-11.387446403503418
-11.380295753479004
-11.389435768127441
-11.396563529968262
-11.386940956115723
-11.386012077331543
-11.389854431152344
-11.38960075378418
-11.396858215332031
-11.397805213928223
-11.386758804321289
-11.393630027770996
-11.392044067382812
-11.386981964111328
-11.38073444366455
-11.391205787658691
-11.383769989013672
-11.391267776489258
-11.388943672180176
-11.392912864685059
-11.388288497924805
-11.390677452087402
-11.391617774963379
-11.394819259643555
-11.3935546875
-11.39545726776123
-11.38879680633545
-11.387070655822754
-11.387316703796387
-11.386404037475586
-11.383490562438965
-11.390121459960938
-11.385634422302246
-11.396470069885254
-11.388116836547852
-11.39462947845459
-11.38820743560791
-11.389948844909668
-11.384783744812012
-11.386380195617676
-11.385319709777832
-11.387250900268555
-11.38951587677002
-11.384369850158691
-11.392001152038574
-11.395389556884766
-11.392191886901855
-11.391976356506348
-11.396547317504883
-11.393671989440918
-11.38471508026123
-11.395925521850586
-11.397716522216797
-11.392266273498535
-11.388200759887695
-11.39624309539795
-11.393564224243164
-11.38830852508545
-11.39322280883789
-11.38991928100586
-11.387113571166992
-11.390910148620605
-11.381762504577637
-11.384795188903809
-11.375982284545898
-11.385372161865234
-11.39266586303711
-11.394472122192383
-11.388275146484375
-11.390728950500488
-11.384405136108398
-11.37326431274414
-11.379798889160156
-11.369303703308105
-11.372636795043945
-11.37762451171875
-11.38536262512207
-11.37946605682373
-11.393326759338379
-11.4002685546875
-11.391996383666992
-11.397296905517578
-11.38881778717041
-11.382089614868164
-11.37532901763916
-11.369830131530762
-11.353507995605469
-11.343300819396973
-11.361773490905762
-11.386327743530273
-11.389701843261719
-11.397908210754395
-11.394824981689453
-11.373061180114746
-11.350918769836426
-11.350196838378906
-11.348227500915527
-11.363683700561523
-11.372293472290039
-11.375004768371582
-11.385613441467285
-11.396608352661133
-11.396771430969238
-11.397046089172363
-11.385645866394043
-11.36811637878418
-11.347712516784668
-11.340117454528809
-11.351768493652344
-11.378743171691895
-11.391091346740723
-11.398211479187012
-11.3782320022583
-11.344703674316406
-11.335813522338867
-11.368690490722656
-11.386914253234863
-11.394463539123535
-11.400054931640625
-11.394639015197754
-11.393064498901367
-11.399637222290039
-11.40082836151123
-11.398868560791016
-11.397220611572266
-11.390517234802246
-11.388762474060059
-11.38676643371582
-11.388011932373047
-11.394458770751953
-11.391511917114258
-11.397869110107422
-11.404847145080566
-11.398041725158691
-11.39188003540039
-11.385189056396484
-11.373880386352539
-11.365751266479492
-11.374835014343262
-11.384203910827637
-11.393890380859375
-11.39980697631836
-11.395188331604004
-11.399383544921875
-11.395983695983887
-11.39730167388916
-11.395081520080566
-11.390717506408691
-11.389102935791016
-11.394241333007812
-11.397626876831055
-11.397686004638672
-11.39500617980957
-11.389141082763672
-11.398459434509277
-11.398709297180176
-11.402946472167969
-11.404800415039062
-11.396720886230469
-11.399699211120605
-11.389948844909668
-11.385544776916504
-11.379048347473145
-11.369763374328613
-11.374922752380371
-11.382403373718262
-11.390801429748535
-11.39024829864502
-11.401971817016602
-11.40045166015625
-11.399654388427734
-11.40203857421875
-11.402240753173828
-11.403458595275879
-11.401505470275879
-11.40234088897705
-11.394856452941895
-11.408768653869629
-11.40060043334961
-11.405045509338379
-11.402952194213867
-11.402113914489746
-11.401226043701172
-11.40434455871582
-11.39962387084961
-11.407159805297852
-11.404690742492676
-11.404118537902832
-11.404168128967285
-11.401543617248535
-11.398773193359375
-11.400115966796875
-11.392854690551758
-11.389303207397461
-11.392374038696289
-11.389175415039062
-11.380024909973145
-11.384739875793457
-11.383770942687988
-11.378698348999023
-11.377907752990723
-11.377862930297852
-11.385550498962402
-11.396944046020508
-11.39587116241455
-11.394145965576172
-11.40267276763916
-11.393932342529297
-11.37573528289795
-11.36655330657959
-11.358566284179688
-11.364164352416992
-11.384783744812012
-11.396431922912598
-11.396600723266602
-11.389771461486816
-11.356969833374023
-11.319890975952148
-11.333568572998047
-11.369426727294922
-11.395344734191895
-11.400078773498535
-11.390186309814453
-11.360355377197266
-11.347941398620605
-11.345038414001465
-11.367688179016113
-11.394438743591309
-11.39854621887207
-11.368453025817871
-11.3179349899292
-11.321245193481445
-11.366408348083496
-11.40018081665039
-11.40158748626709
-11.383222579956055
-11.378297805786133
-11.379433631896973
-11.387964248657227
-11.388917922973633
-11.387585639953613
-11.383340835571289
-11.396627426147461
-11.399808883666992
-11.40064525604248
-11.397945404052734
-11.39249324798584
-11.397422790527344
-11.396379470825195
-11.398719787597656
-11.399979591369629
-11.400800704956055
-11.39962100982666
-11.40190601348877
-11.403082847595215
-11.399778366088867
-11.403531074523926
-11.404388427734375
-11.40112590789795
-11.402487754821777
-11.404557228088379
-11.399826049804688
-11.402119636535645
-11.403427124023438
-11.400350570678711
-11.404603958129883
-11.402228355407715
-11.409072875976562
-11.40244197845459
-11.40108871459961
-11.398600578308105
-11.398994445800781
-11.406316757202148
-11.404672622680664
-11.40921401977539
-11.404948234558105
-11.401430130004883
-11.403040885925293
-11.40511417388916
-11.403962135314941
-11.401742935180664
-11.400420188903809
-11.396743774414062
-11.400418281555176
-11.402727127075195
-11.405194282531738
-11.400545120239258
-11.3941011428833
-11.390291213989258
-11.39001178741455
-11.386100769042969
-11.394282341003418
-11.396747589111328
-11.403690338134766
-11.4105224609375
-11.406074523925781
-11.410334587097168
-11.405834197998047
-11.408414840698242
-11.40166187286377
-11.40046501159668
-11.396824836730957
-11.396501541137695
-11.399045944213867
-11.397509574890137
-11.392537117004395
-11.394712448120117
-11.388175964355469
-11.391128540039062
-11.39955997467041
-11.400474548339844
-11.407042503356934
-11.407604217529297
-11.404851913452148
-11.408398628234863
-11.407288551330566
-11.40962028503418
-11.408406257629395
-11.408710479736328
-11.4063081741333
-11.407353401184082
-11.411172866821289
-11.407451629638672
-11.405217170715332
-11.40214729309082
-11.400209426879883
-11.400070190429688
-11.401725769042969
-11.39928913116455
-11.3973388671875
-11.399863243103027
-11.39601993560791
-11.407366752624512
-11.402902603149414
-11.403942108154297
-11.40578842163086
-11.401494979858398
-11.400676727294922
-11.401838302612305
-11.399141311645508
-11.400925636291504
-11.395565032958984
-11.393081665039062
-11.383686065673828
-11.384663581848145
-11.371824264526367
-11.36289119720459
-11.367406845092773
-11.379680633544922
-11.391587257385254
-11.398266792297363
-11.407135963439941
-11.410957336425781
-11.412504196166992
-11.411789894104004
-11.407931327819824
-11.404990196228027
-11.405808448791504
-11.414997100830078
-11.408249855041504
-11.410140037536621
-11.407362937927246
-11.404606819152832
-11.405170440673828
-11.403848648071289
-11.397132873535156
-11.401122093200684
-11.400455474853516
-11.403143882751465
-11.406306266784668
-11.409650802612305
-11.411581993103027
-11.41087532043457
-11.407441139221191
-11.401097297668457
-11.393342018127441
-11.384727478027344
-11.382332801818848
-11.37509822845459
-11.377973556518555
-11.387624740600586
-11.398369789123535
-11.39697551727295
-11.397284507751465
-11.401056289672852
-11.404557228088379
-11.406599998474121
-11.405560493469238
-11.405843734741211
-11.40064811706543
-11.400211334228516
-11.398162841796875
-11.390859603881836
-11.38129997253418
-11.372971534729004
-11.362817764282227
-11.365038871765137
-11.375672340393066
-11.389915466308594
-11.402542114257812
-11.407637596130371
-11.408363342285156
-11.385163307189941
-11.3675537109375
-11.346294403076172
-11.35595989227295
-11.391236305236816
-11.403054237365723
-11.406970024108887
-11.407061576843262
-11.403051376342773
-11.400802612304688
-11.393184661865234
-11.401142120361328
-11.40305233001709
-11.400152206420898
-11.406000137329102
-11.381338119506836
-11.332215309143066
-11.31513786315918
-11.360992431640625
-11.401633262634277
-11.40256404876709
-11.330398559570312
-11.270647048950195
-11.33935260772705
-11.40469741821289
-11.405438423156738
-11.37851619720459
-11.33709716796875
-11.338404655456543
-11.379520416259766
-11.40571117401123
-11.410126686096191
-11.40902042388916
-11.391128540039062
-11.385774612426758
-11.394627571105957
-11.407477378845215
-11.408121109008789
-11.413483619689941
-11.411710739135742
-11.398167610168457
-11.386536598205566
-11.379884719848633
-11.385518074035645
-11.399041175842285
-11.408957481384277
-11.41252613067627
-11.412176132202148
-11.402447700500488
-11.40842056274414
-11.408656120300293
-11.409307479858398
-11.413124084472656
-11.415852546691895
-11.412215232849121
-11.407896041870117
-11.400320053100586
-11.398036003112793
-11.408087730407715
-11.411894798278809
-11.411466598510742
-11.407100677490234
-11.401867866516113
-11.395663261413574
-11.396082878112793
-11.4021635055542
-11.408863067626953
-11.41594409942627
-11.413713455200195
-11.411396980285645
-11.412428855895996
-11.41102123260498
-11.411971092224121
-11.413324356079102
-11.413562774658203
-11.415778160095215
-11.412203788757324
-11.411436080932617
-11.410239219665527
-11.409443855285645
-11.406929969787598
-11.402656555175781
-11.41184139251709
-11.409350395202637
-11.41415023803711
-11.413348197937012
-11.412518501281738
-11.416359901428223
-11.41616439819336
-11.412887573242188
-11.415318489074707
-11.414406776428223
-11.416237831115723
-11.415096282958984
-11.411438941955566
-11.415837287902832
-11.420019149780273
-11.415994644165039
-11.416775703430176
-11.413483619689941
-11.41771125793457
-11.412715911865234
-11.417098999023438
-11.413385391235352
-11.415236473083496
-11.414077758789062
-11.414298057556152
-11.41141128540039
-11.413065910339355
-11.414816856384277
-11.414873123168945
-11.412559509277344
-11.415943145751953
-11.415621757507324
-11.414501190185547
-11.41247272491455
-11.41257381439209
-11.404741287231445
-11.398347854614258
-11.391473770141602
-11.393133163452148
-11.397442817687988
-11.399992942810059
-11.412565231323242
-11.41746711730957
-11.420802116394043
-11.415825843811035
-11.410097122192383
-11.411934852600098
-11.414288520812988
-11.412320137023926
-11.400837898254395
-11.410111427307129
-11.411665916442871
-11.402850151062012
-11.403715133666992
-11.399147033691406
-11.399389266967773
-11.402588844299316
-11.397139549255371
-11.385839462280273
-11.388474464416504
-11.39055347442627
-11.401148796081543
-11.41053295135498
-11.416913032531738
-11.38193416595459
-11.34245777130127
-11.312307357788086
-11.342519760131836
-11.395999908447266
-11.413350105285645
-11.375726699829102
-11.310622215270996
-11.316049575805664
-11.386747360229492
-11.410171508789062
-11.362305641174316
-11.297222137451172
-11.32951545715332
-11.393977165222168
-11.36506175994873
-11.267071723937988
-11.289907455444336
-11.384961128234863
-11.398957252502441
-11.351265907287598
-11.335076332092285
-11.377493858337402
-11.410492897033691
-11.405440330505371
-11.386775970458984
-11.35280704498291
-11.375802993774414
-11.403037071228027
-11.360367774963379
-11.310752868652344
-11.370932579040527
-11.415104866027832
-11.382349014282227
-11.345062255859375
-11.368062973022461
-11.403993606567383
-11.41443157196045
-11.401609420776367
-11.38692569732666
-11.400006294250488
-11.418182373046875
-11.413593292236328
-11.400172233581543
-11.39665699005127
-11.40931224822998
-11.413243293762207
-11.415284156799316
-11.416781425476074
-11.418729782104492
-11.417561531066895
-11.419412612915039
-11.416335105895996
-11.41788387298584
-11.417481422424316
-11.416919708251953
-11.421041488647461
-11.421515464782715
-11.415149688720703
-11.416048049926758
-11.410286903381348
-11.417062759399414
-11.414233207702637
-11.41637897491455
-11.421704292297363
-11.41549015045166
-11.414612770080566
-11.419642448425293
-11.419210433959961
-11.419971466064453
-11.419621467590332
-11.422369956970215
-11.419595718383789
-11.418292045593262
-11.41534423828125
-11.422944068908691
-11.416110038757324
-11.42132568359375
-11.41783618927002
-11.414324760437012
-11.418943405151367
-11.417745590209961
-11.417655944824219
-11.415750503540039
-11.416475296020508
-11.41916275024414
-11.42061996459961
-11.419779777526855
-11.420382499694824
-11.421134948730469
-11.41847038269043
-11.423745155334473
-11.42167854309082
-11.416991233825684
-11.417277336120605
-11.417028427124023
-11.418254852294922
-11.41602897644043
-11.417793273925781
-11.415072441101074
-11.417041778564453
-11.424007415771484
-11.418978691101074
-11.422429084777832
-11.423538208007812
-11.41828727722168
-11.420331001281738
-11.418242454528809
-11.419354438781738
-11.422113418579102
-11.418107032775879
-11.41765308380127
-11.420248031616211
-11.419450759887695
-11.418267250061035
-11.419981002807617
-11.423089981079102
-11.42220401763916
-11.420631408691406
-11.419341087341309
-11.417194366455078
-11.4193115234375
-11.424304008483887
-11.422322273254395
-11.416948318481445
-11.42185115814209
-11.418457984924316
-11.421518325805664
-11.417969703674316
-11.417040824890137
-11.416193008422852
-11.421001434326172
-11.419137001037598
-11.42303466796875
-11.420989036560059
-11.421388626098633
-11.415214538574219
-11.419395446777344
-11.418213844299316
-11.42042350769043
-11.423530578613281
-11.413908004760742
-11.416529655456543
-11.419526100158691
-11.419646263122559
-11.419520378112793
-11.415857315063477
-11.420491218566895
-11.418396949768066
-11.418379783630371
-11.415909767150879
-11.418400764465332
-11.421526908874512
-11.418678283691406
-11.417781829833984
-11.414996147155762
-11.406286239624023
-11.40180778503418
-11.387178421020508
-11.386662483215332
-11.395857810974121
-11.40516471862793
-11.411301612854004
-11.41925048828125
-11.420248031616211
-11.404290199279785
-11.387126922607422
-11.364728927612305
-11.362695693969727
-11.386950492858887
-11.404292106628418
-11.4163818359375
-11.423517227172852
-11.423657417297363
-11.421147346496582
-11.41663646697998
-11.409634590148926
-11.406393051147461
-11.404513359069824
-11.411781311035156
-11.414685249328613
-11.416608810424805
-11.420191764831543
-11.42554759979248
-11.423944473266602
-11.415032386779785
-11.41271686553955
-11.411211013793945
-11.412248611450195
-11.411038398742676
-11.41524600982666
-11.41148853302002
-11.41057300567627
-11.408958435058594
-11.414273262023926
-11.417251586914062
-11.421338081359863
-11.423173904418945
-11.418665885925293
-11.422430992126465
-11.417699813842773
-11.41220474243164
-11.404132843017578
-11.403205871582031
-11.406672477722168
-11.411426544189453
-11.414345741271973
-11.408143043518066
-11.408937454223633
-11.409811019897461
-11.415146827697754
-11.417021751403809
-11.418429374694824
-11.421894073486328
-11.420827865600586
-11.424311637878418
-11.425337791442871
-11.421590805053711
-11.408988952636719
-11.405106544494629
-11.394161224365234
-11.389512062072754
-11.390372276306152
-11.403019905090332
-11.418177604675293
-11.417974472045898
-11.417509078979492
-11.401349067687988
-11.378283500671387
-11.368014335632324
-11.374101638793945
-11.396641731262207
-11.412418365478516
-11.425132751464844
-11.42436695098877
-11.41662883758545
-11.411711692810059
-11.403889656066895
-11.401237487792969
-11.401633262634277
-11.406622886657715
-11.414363861083984
-11.417695045471191
-11.42380428314209
-11.42464828491211
-11.421785354614258
-11.423529624938965
-11.422957420349121
-11.420435905456543
-11.41560173034668
-11.412702560424805
-11.412440299987793
-11.409737586975098
-11.413175582885742
-11.416239738464355
-11.423293113708496
-11.422572135925293
-11.423140525817871
-11.422334671020508
-11.401336669921875
-11.394535064697266
-11.385586738586426
-11.391902923583984
-11.40222454071045
-11.408881187438965
-11.419547080993652
-11.425003051757812
-11.421348571777344
-11.421770095825195
-11.422032356262207
-11.423828125
-11.42542839050293
-11.424330711364746
-11.421701431274414
-11.420402526855469
-11.42303466796875
-11.421871185302734
-11.420392036437988
-11.419989585876465
-11.411158561706543
-11.386703491210938
-11.3922700881958
-11.409520149230957
-11.420703887939453
-11.415858268737793
-11.406020164489746
-11.393192291259766
-11.380682945251465
-11.381990432739258
-11.401594161987305
-11.423615455627441
-11.423994064331055
-11.4118070602417
-11.406803131103516
-11.404692649841309
-11.41072940826416
-11.411017417907715
-11.422431945800781
-11.420992851257324
-11.420243263244629
-11.421725273132324
-11.415878295898438
-11.411678314208984
-11.397632598876953
-11.389853477478027
-11.402310371398926
-11.416895866394043
-11.419852256774902
-11.414341926574707
-11.408023834228516
-11.384490966796875
-11.362358093261719
-11.365330696105957
-11.393757820129395
-11.413068771362305
-11.420309066772461
-11.416081428527832
-11.404796600341797
-11.402192115783691
-11.409092903137207
-11.416291236877441
-11.419961929321289
-11.413934707641602
-11.398262023925781
-11.404336929321289
-11.408967971801758
-11.419570922851562
-11.421210289001465
-11.429020881652832
-11.422796249389648
-11.420511245727539
-11.417694091796875
-11.416353225708008
-11.415298461914062
-11.424272537231445
-11.42337417602539
-11.42172908782959
-11.419651985168457
-11.419941902160645
-11.409821510314941
-11.400993347167969
-11.39769458770752
-11.404058456420898
-11.415580749511719
-11.424237251281738
-11.421483993530273
-11.402844429016113
-11.372702598571777
-11.360250473022461
-11.366816520690918
-11.398393630981445
-11.420343399047852
-11.417096138000488
-11.389097213745117
-11.360359191894531
-11.3635835647583
-11.393230438232422
-11.413630485534668
-11.424128532409668
-11.424121856689453
-11.413146018981934
-11.408971786499023
-11.412735939025879
-11.413694381713867
-11.423298835754395
-11.425553321838379
-11.429312705993652
-11.421506881713867
-11.422406196594238
-11.420790672302246
-11.423882484436035
-11.419279098510742
-11.415962219238281
-11.415560722351074
-11.416015625
-11.421399116516113
-11.427327156066895
-11.42665958404541
-11.42668628692627
-11.4313325881958
-11.422342300415039
-11.423649787902832
-11.422465324401855
-11.422064781188965
-11.421930313110352
-11.423185348510742
-11.421530723571777
-11.419154167175293
-11.419315338134766
-11.423029899597168
-11.425431251525879
-11.427366256713867
-11.423357009887695
-11.423016548156738
-11.425854682922363
-11.429008483886719
-11.424266815185547
-11.425625801086426
-11.418760299682617
-11.415725708007812
-11.416869163513184
-11.419239044189453
-11.41483211517334
-11.41408634185791
-11.411287307739258
-11.416552543640137
-11.42062759399414
-11.425219535827637
-11.427826881408691
-11.420465469360352
-11.416570663452148
-11.416329383850098
-11.40727710723877
-11.415319442749023
-11.420775413513184
-11.421778678894043
-11.424349784851074
-11.427165031433105
-11.424859046936035
-11.421797752380371
-11.423343658447266
-11.422053337097168
-11.429085731506348
-11.427763938903809
-11.422245025634766
-11.422927856445312
-11.41893482208252
-11.414144515991211
-11.413869857788086
-11.417805671691895
-11.422085762023926
-11.424692153930664
-11.420183181762695
-11.43067741394043
-11.424880027770996
-11.428414344787598
-11.42721176147461
-11.424431800842285
-11.422907829284668
-11.415986061096191
-11.409533500671387
-11.41605281829834
-11.422135353088379
-11.421961784362793
-11.424065589904785
-11.424293518066406
-11.4154634475708
-11.419203758239746
-11.423697471618652
-11.42112922668457
-11.420172691345215
-11.422457695007324
-11.421014785766602
-11.41490364074707
-11.415568351745605
-11.404745101928711
-11.395116806030273
-11.394960403442383
-11.404576301574707
-11.421971321105957
-11.429167747497559
-11.41952133178711
-11.395491600036621
-11.369980812072754
-11.366888046264648
-11.390580177307129
-11.416584968566895
-11.420354843139648
-11.409675598144531
-11.397951126098633
-11.396088600158691
-11.412579536437988
-11.417684555053711
-11.423419952392578
-11.418418884277344
-11.418614387512207
-11.419455528259277
-11.420331001281738
-11.428267478942871
-11.428624153137207
-11.430412292480469
-11.420632362365723
-11.410529136657715
-11.395159721374512
-11.384763717651367
-11.391770362854004
-11.410868644714355
-11.418167114257812
-11.423398971557617
-11.426060676574707
-11.424444198608398
-11.427101135253906
-11.427967071533203
-11.425668716430664
-11.428522109985352
-11.42821979522705
-11.428903579711914
-11.429746627807617
-11.426198959350586
-11.43002700805664
-11.424934387207031
-11.42197322845459
-11.408500671386719
-11.41429328918457
-11.416296005249023
-11.415449142456055
-11.418732643127441
-11.421608924865723
-11.426287651062012
-11.425546646118164
-11.407051086425781
-11.399898529052734
-11.400446891784668
-11.40974235534668
-11.411062240600586
-11.428020477294922
-11.428459167480469
-11.42764949798584
-11.421446800231934
-11.415511131286621
-11.41264533996582
-11.41138744354248
-11.410696983337402
-11.41465950012207
-11.418570518493652
-11.423341751098633
-11.42956256866455
-11.426838874816895
-11.426336288452148
-11.425554275512695
-11.423473358154297
-11.420950889587402
-11.425634384155273
-11.4303617477417
-11.428518295288086
-11.430258750915527
-11.43066692352295
-11.430702209472656
-11.431069374084473
-11.427538871765137
-11.431831359863281
-11.429666519165039
-11.429226875305176
-11.430670738220215
-11.428130149841309
-11.429070472717285
-11.428640365600586
-11.42319393157959
-11.419137954711914
-11.416139602661133
-11.415712356567383
-11.41049575805664
-11.413494110107422
-11.416259765625
-11.42061996459961
-11.427783012390137
-11.430935859680176
-11.423821449279785
-11.42599105834961
-11.428450584411621
-11.433581352233887
-11.431763648986816
-11.432275772094727
-11.433687210083008
-11.426837921142578
-11.429512977600098
-11.430611610412598
-11.429348945617676
-11.428839683532715
-11.429878234863281
-11.430009841918945
-11.430390357971191
-11.422693252563477
-11.424779891967773
-11.426815032958984
-11.420367240905762
-11.419828414916992
-11.415295600891113
-11.41185474395752
-11.41554069519043
-11.42043685913086
-11.423447608947754
-11.428340911865234
-11.42853832244873
-11.421823501586914
-11.411306381225586
-11.406975746154785
-11.403074264526367
-11.402688026428223
-11.387784957885742
-11.378310203552246
-11.379980087280273
-11.408254623413086
-11.42181396484375
-11.41589641571045
-11.351883888244629
-11.27485179901123
-11.309250831604004
-11.396495819091797
-11.429398536682129
-11.402667999267578
-11.335902214050293
-11.330900192260742
-11.39102840423584
-11.421344757080078
-11.416197776794434
-11.385342597961426
-11.366019248962402
-11.366389274597168
-11.401013374328613
-11.412565231323242
-11.385851860046387
-11.37271785736084
-11.392783164978027
-11.412176132202148
-11.42689037322998
-11.429476737976074
-11.418403625488281
-11.41311264038086
-11.41100788116455
-11.417383193969727
-11.426192283630371
-11.431214332580566
-11.426379203796387
-11.41736125946045
-11.415986061096191
-11.409492492675781
-11.4205961227417
-11.426175117492676
-11.432111740112305
-11.427925109863281
-11.424643516540527
-11.419724464416504
-11.4179048538208
-11.420302391052246
-11.430721282958984
-11.429614067077637
-11.427840232849121
-11.41084098815918
-11.406230926513672
-11.404711723327637
-11.414487838745117
-11.420772552490234
-11.42843246459961
-11.422764778137207
-11.406512260437012
-11.378938674926758
-11.394761085510254
-11.421198844909668
-11.399978637695312
-11.336981773376465
-11.338692665100098
-11.41151237487793
-11.416393280029297
