loss_total
-30.890056610107422
-30.956832885742188
-31.25425910949707
-31.13728904724121
-31.31841278076172
-31.64495086669922
-31.76010513305664
-31.744609832763672
-31.9923152923584
-31.988178253173828
-31.9205322265625
-31.95244789123535
-32.239749908447266
-32.51655197143555
-32.56703186035156
-32.4498291015625
-32.60305404663086
-32.70549392700195
-33.07176208496094
-32.84637451171875
-32.76460647583008
-33.04098892211914
-33.101985931396484
-33.009361267089844
-33.196022033691406
-33.13417434692383
-33.245079040527344
-33.05475616455078
-33.13920593261719
-33.13112258911133
-33.35546875
-33.342533111572266
-33.36027908325195
-33.43714904785156
-33.604862213134766
-33.5770263671875
-33.65814971923828
-33.60667419433594
-33.64369583129883
-33.83395767211914
-33.644718170166016
-34.03614044189453
-33.94786834716797
-33.9516716003418
-34.1883659362793
-34.169227600097656
-34.441890716552734
-34.29193878173828
-34.47848892211914
-34.41417694091797
-34.724609375
-34.74791717529297
-34.90512466430664
-34.836952209472656
-34.980796813964844
-35.14894104003906
-34.831993103027344
-34.879127502441406
-34.98200988769531
-35.105777740478516
-35.07426834106445
-35.27742004394531
-35.3000602722168
-35.060951232910156
-35.28285598754883
-35.28020477294922
-35.33578872680664
-35.47957229614258
-35.50145721435547
-35.47463607788086
-35.68902587890625
-35.743873596191406
-35.69001007080078
-35.71660614013672
-35.935142517089844
-35.844215393066406
-36.05331039428711
-36.002113342285156
-35.911808013916016
-36.130157470703125
-36.150596618652344
-36.14208984375
-36.49028396606445
-36.418128967285156
-36.429901123046875
-36.62785339355469
-36.712074279785156
-36.74057388305664
-36.993019104003906
-36.96885299682617
-37.17071533203125
-37.26930618286133
-37.68809509277344
-37.62429428100586
-37.65326690673828
-37.731346130371094
-37.782814025878906
-37.89690399169922
-38.32069396972656
-38.057918548583984
-38.12779235839844
-38.304290771484375
-38.45997619628906
-38.813507080078125
-38.84880828857422
-38.859413146972656
-39.09568786621094
-39.391876220703125
-39.38218307495117
-39.69146728515625
-39.66148376464844
-39.65838623046875
-39.948509216308594
-40.34298324584961
-40.4682731628418
-40.59490966796875
-40.92906951904297
-40.97149658203125
-41.28837966918945
-41.365333557128906
-41.44291305541992
-41.932918548583984
-41.53811264038086
-41.616310119628906
-41.513763427734375
-41.72248840332031
-41.972110748291016
-42.046974182128906
-41.97465133666992
-42.15095138549805
-42.20188522338867
-42.245670318603516
-42.37541198730469
-42.718544006347656
-42.79320526123047
-42.767433166503906
-42.45573806762695
-42.966773986816406
-42.63097381591797
-43.1576042175293
-43.07048797607422
-43.49062728881836
-43.470237731933594
-43.50006866455078
-43.74791717529297
-43.13422393798828
-43.53032684326172
-43.39617919921875
-43.88161087036133
-44.01704406738281
-43.85160446166992
-44.21556854248047
-43.96661376953125
-44.130340576171875
-43.98698425292969
-44.07041931152344
-44.300201416015625
-44.340152740478516
-44.4625129699707
-44.89141845703125
-45.45151138305664
-44.688201904296875
-44.92845916748047
-44.28285217285156
-44.91047668457031
-44.832401275634766
-45.017181396484375
-44.914737701416016
-44.85173034667969
-44.561744689941406
-44.55487060546875
-44.97002410888672
-45.34187698364258
-45.12990188598633
-45.36366653442383
-45.32798767089844
-45.13335418701172
-44.88466262817383
-45.626861572265625
-45.20686721801758
-45.59584045410156
-45.804771423339844
-45.70813751220703
-45.99281311035156
-45.58668899536133
-45.63029098510742
-46.04597091674805
-46.16236877441406
-46.045799255371094
-45.8896484375
-46.14910888671875
-46.180763244628906
-46.041961669921875
-46.1983642578125
-46.346500396728516
-46.32257080078125
-46.555625915527344
-46.553951263427734
-46.04243469238281
-46.87317657470703
-46.45242691040039
-46.8249626159668
-46.74074172973633
-46.870025634765625
-46.89657974243164
-46.967708587646484
-47.17963790893555
-47.1956901550293
-47.19378662109375
-47.17113494873047
-47.2213134765625
-47.65546798706055
-47.25556182861328
-46.845458984375
-47.05650329589844
-47.49306106567383
-47.508087158203125
-47.75169372558594
-47.327354431152344
-47.778499603271484
-47.70289611816406
-47.54689025878906
-47.681434631347656
-47.85770797729492
-47.92597198486328
-47.54063415527344
-48.14896774291992
-47.615516662597656
-47.9310188293457
-48.468292236328125
-48.0922737121582
-48.508113861083984
-48.073143005371094
-48.44209289550781
-48.216590881347656
-48.35938262939453
-48.32988739013672
-48.368736267089844
-48.644649505615234
-48.353843688964844
-48.70040512084961
-48.80569839477539
-48.71384811401367
-48.7872314453125
-49.179237365722656
-48.65334701538086
-49.38432312011719
-49.05754852294922
-49.35734558105469
-49.111045837402344
-49.458980560302734
-49.5191764831543
-49.20259094238281
-49.24386215209961
-49.61986541748047
-49.611854553222656
-49.48466873168945
-49.4644775390625
-49.41035461425781
-49.56702423095703
-49.88623809814453
-49.744384765625
-49.98093032836914
-49.8997688293457
-49.91233444213867
-49.93769454956055
-50.02755355834961
-49.89405059814453
-50.01702880859375
-50.21437072753906
-50.12671661376953
-50.309410095214844
-50.33546447753906
-50.22903060913086
-50.1865119934082
-50.52906036376953
-50.38875961303711
-50.5394172668457
-50.663726806640625
-50.298553466796875
-50.49550247192383
-50.534019470214844
-50.6845588684082
-50.615047454833984
-50.76763153076172
-50.806297302246094
-50.79479217529297
-50.91248321533203
-50.96168518066406
-51.075782775878906
-50.75885772705078
-51.24796676635742
-51.193687438964844
-51.199180603027344
-51.20463562011719
-51.39945983886719
-51.49680709838867
-51.58935546875
-51.51891326904297
-51.315765380859375
-51.32026672363281
-51.76836013793945
-51.472110748291016
-51.363365173339844
-51.90643310546875
-51.83208084106445
-51.614261627197266
-51.90937423706055
-51.874977111816406
-51.91151428222656
-51.86262512207031
-52.08235168457031
-52.10334396362305
-52.220699310302734
-52.04716873168945
-52.03106689453125
-52.05484390258789
-52.103633880615234
-52.08045959472656
-51.694480895996094
-52.291221618652344
-52.1515998840332
-52.34470748901367
-52.43821334838867
-52.22968292236328
-52.40570068359375
-52.341285705566406
-52.297447204589844
-52.42500686645508
-52.43727111816406
-52.13847732543945
-52.52981185913086
-52.32151412963867
-52.32861328125
-52.320865631103516
-52.340782165527344
-52.46125793457031
-52.476409912109375
-52.26444625854492
-52.5762825012207
-52.34087371826172
-52.74736785888672
-52.583518981933594
-52.60015106201172
-52.61338806152344
-52.597373962402344
-52.50978469848633
-52.83961868286133
-52.75928497314453
-52.342655181884766
-52.711151123046875
-52.69752502441406
-52.47894287109375
-52.739654541015625
-52.52388000488281
-52.60581970214844
-52.65132522583008
-52.65160369873047
-52.672706604003906
-52.92266845703125
-52.52555847167969
-52.56334686279297
-52.79064178466797
-52.86597442626953
-52.898040771484375
-52.91960906982422
-52.80295181274414
-52.818939208984375
-52.852294921875
-52.78982925415039
-52.89103317260742
-52.76118087768555
-52.995887756347656
-52.87562561035156
-52.75949478149414
-52.9444580078125
-53.08892059326172
-52.777076721191406
-52.777076721191406
-53.13243103027344
-53.087615966796875
-53.104148864746094
-53.04242706298828
-52.92939376831055
-52.8484992980957
-52.80457305908203
-53.05000686645508
-53.04541015625
-52.979183197021484
-53.13203430175781
-53.11670684814453
-52.927310943603516
-53.04856491088867
-53.07311248779297
-52.976985931396484
-53.101783752441406
-53.098838806152344
-53.08880615234375
-53.13263702392578
-53.11147689819336
-53.15015411376953
-53.038028717041016
-53.160850524902344
-53.24456024169922
-53.02147674560547
-53.119789123535156
-53.225406646728516
-53.09807586669922
-52.98366165161133
-53.295345306396484
-53.119041442871094
-53.17083740234375
-53.072975158691406
-53.1490592956543
-53.17170333862305
-53.16814422607422
-53.096797943115234
-53.209774017333984
-53.0756721496582
-53.052894592285156
-53.06393814086914
-53.174800872802734
-53.03769302368164
-53.082374572753906
-53.26433181762695
-53.039642333984375
-53.21266174316406
-53.20559310913086
-53.15641403198242
-53.20830535888672
-53.27146911621094
-53.357688903808594
-53.30059814453125
-53.20762252807617
-53.22383499145508
-53.156761169433594
-53.299781799316406
-53.219818115234375
-53.26026916503906
-53.26728439331055
-53.39810562133789
-53.228050231933594
-53.35033416748047
-53.18841552734375
-53.28962707519531
-53.243804931640625
-53.156280517578125
-53.29237365722656
-53.361968994140625
-53.258628845214844
-53.22430419921875
-53.334815979003906
-53.28876495361328
-53.20378494262695
-53.27617645263672
-53.24538040161133
-53.29262924194336
-53.25733947753906
-53.42002868652344
-53.32814407348633
-53.337982177734375
-53.30441665649414
-53.170169830322266
-53.24821090698242
-53.239070892333984
-53.4795036315918
-53.299217224121094
-53.45810317993164
-53.35225296020508
-53.32908248901367
-53.378108978271484
-53.4284782409668
-53.446617126464844
-53.4668083190918
-53.4008903503418
-53.4635009765625
-53.3409423828125
-53.554481506347656
-53.474853515625
-53.40704345703125
-53.52500915527344
-53.571327209472656
-53.350196838378906
-53.51764678955078
-53.403724670410156
-53.451904296875
-53.56471252441406
-53.52546310424805
-53.51137161254883
-53.528419494628906
-53.553314208984375
-53.456878662109375
-53.387054443359375
-53.539337158203125
-53.53140640258789
-53.460594177246094
-53.490577697753906
-53.52138900756836
-53.60586929321289
-53.56643295288086
-53.602413177490234
-53.62199783325195
-53.54625701904297
-53.59318542480469
-53.46892547607422
-53.56779861450195
-53.5113525390625
-53.490867614746094
-53.465301513671875
-53.55949783325195
-53.53300094604492
-53.50748062133789
-53.52592849731445
-53.516761779785156
-53.60451126098633
-53.49724578857422
-53.569759368896484
-53.63628005981445
-53.56059265136719
-53.486507415771484
-53.54730224609375
-53.648094177246094
-53.51644515991211
-53.64476776123047
-53.57478332519531
-53.591941833496094
-53.62723922729492
-53.64384460449219
-53.55317687988281
-53.62403106689453
-53.746700286865234
-53.60199737548828
-53.798213958740234
-53.568321228027344
-53.69674301147461
-53.63280487060547
-53.67094802856445
-53.72393798828125
-53.686458587646484
-53.67620849609375
-53.57256317138672
-53.682403564453125
-53.55496597290039
-53.697547912597656
-53.647396087646484
-53.640384674072266
-53.68505096435547
-53.625389099121094
-53.66047286987305
-53.7545051574707
-53.70381164550781
-53.77055740356445
-53.69829559326172
-53.72528839111328
-53.747581481933594
-53.641136169433594
-53.77289962768555
-53.54088592529297
-53.608238220214844
-53.707130432128906
-53.58848190307617
-53.6793098449707
-53.73371124267578
-53.68296432495117
-53.70430374145508
-53.60029602050781
-53.780521392822266
-53.75326156616211
-53.7708740234375
-53.772117614746094
-53.62556457519531
-53.81608581542969
-53.46813201904297
-53.61969757080078
-53.7382698059082
-53.78359603881836
-53.82977294921875
-53.752716064453125
-53.72106170654297
-53.80826187133789
-53.76821517944336
-53.66427993774414
-53.785282135009766
-53.71805953979492
-53.81122589111328
-53.85066223144531
-53.87901306152344
-53.85801696777344
-53.76630401611328
-53.79385757446289
-53.80679702758789
-53.88322830200195
-53.77659606933594
-53.80830383300781
-53.79326629638672
-53.75057601928711
-53.71443176269531
-53.85896301269531
-53.80302810668945
-53.8160285949707
-53.62616729736328
-53.78203201293945
-53.75471878051758
-53.69906234741211
-53.858341217041016
-53.857017517089844
-53.76994323730469
-53.89335250854492
-53.8580207824707
-53.722476959228516
-53.74861526489258
-53.83648681640625
-53.87062454223633
-53.930152893066406
-53.95374298095703
-53.87786865234375
-53.85429763793945
-53.9688720703125
-53.94066619873047
-53.964237213134766
-53.95598602294922
-53.87599182128906
-53.803829193115234
-53.82941436767578
-54.00361633300781
-53.90958786010742
-53.8925666809082
-53.87375259399414
-53.83791732788086
-53.953125
-53.785282135009766
-53.919525146484375
-53.93769073486328
-54.0002555847168
-53.973182678222656
-53.927513122558594
-53.89757537841797
-53.895111083984375
-53.902061462402344
-53.82421875
-53.9434928894043
-53.95881652832031
-54.01319122314453
-54.090267181396484
-54.084869384765625
-53.96343231201172
-54.01081085205078
-54.01667022705078
-53.99479675292969
-53.959808349609375
-54.081390380859375
-53.96002197265625
-53.97635269165039
-53.901893615722656
-53.981990814208984
-53.88164138793945
-53.98047637939453
-54.05635452270508
-54.02849578857422
-54.11977767944336
-54.08076477050781
-54.01542663574219
-53.97332763671875
-53.94364547729492
-53.863441467285156
-53.945831298828125
-53.84989547729492
-53.709068298339844
-54.01567077636719
-53.98635482788086
-54.08808898925781
-54.044891357421875
-53.96353530883789
-53.96063995361328
-53.96892166137695
-54.01380157470703
-54.09026336669922
-53.81262969970703
-53.939353942871094
-53.9531364440918
-54.035797119140625
-54.02631378173828
-54.0183219909668
-53.949119567871094
-53.96699142456055
-54.113426208496094
-53.99616241455078
-54.1369514465332
-54.05738067626953
-54.156005859375
-54.14486312866211
-54.050148010253906
-53.93383026123047
-54.03947067260742
-54.075443267822266
-54.08001708984375
-54.02503967285156
-54.11210632324219
-54.09494400024414
-54.038414001464844
-54.11083221435547
-53.954532623291016
-54.035308837890625
-54.159881591796875
-53.98495101928711
-53.955326080322266
-54.086151123046875
-54.148902893066406
-54.11116027832031
-54.14485168457031
-54.01949691772461
-53.90047836303711
-54.101680755615234
-54.148223876953125
-54.049705505371094
-54.02690124511719
-54.04279327392578
-54.05538558959961
-54.201271057128906
-54.00654602050781
-54.08628845214844
-54.048675537109375
-54.260719299316406
-54.13129425048828
-54.26226043701172
-54.27509689331055
-54.22807693481445
-54.089508056640625
-54.222164154052734
-54.03583526611328
-54.067195892333984
-54.170257568359375
-54.08003616333008
-54.20579147338867
-54.114986419677734
-54.018402099609375
-54.233985900878906
-54.13314437866211
-54.136444091796875
-54.1231803894043
-54.084686279296875
-54.16349411010742
-54.266944885253906
-54.123538970947266
-54.19845962524414
-54.16159439086914
-54.28294372558594
-54.27379608154297
-54.217620849609375
-54.25855255126953
-54.23187255859375
-54.27825164794922
-54.239601135253906
-54.26616287231445
-54.28670120239258
-54.16693878173828
-54.15446090698242
-54.24720001220703
-54.18406677246094
-54.18245315551758
-54.24617004394531
-54.221923828125
-54.210426330566406
-54.12650680541992
-54.22923278808594
-54.2415885925293
-54.36500549316406
-54.29656219482422
-54.31987762451172
-54.21438980102539
-54.18566131591797
-54.26190948486328
-54.14931869506836
-54.175628662109375
-54.305908203125
-54.327392578125
-54.19928741455078
-54.2661018371582
-54.09291076660156
-54.27772521972656
-54.254127502441406
-54.18933868408203
-54.24958801269531
-54.27734375
-54.32205581665039
-54.259883880615234
-54.16123962402344
-54.226871490478516
-54.18023681640625
-54.28066635131836
-54.26641845703125
-54.3468132019043
-54.37697219848633
-54.365272521972656
-54.290130615234375
-54.28291320800781
-54.37346649169922
-54.34442138671875
-54.27419662475586
-54.337791442871094
-54.37141799926758
-54.338409423828125
-54.21488571166992
-54.226318359375
-54.219268798828125
-54.33888626098633
-54.25246047973633
-54.322792053222656
-54.34369659423828
-54.29561233520508
-54.33457946777344
-54.31221008300781
-54.34813690185547
-54.38481140136719
-54.36388397216797
-54.344139099121094
-54.256500244140625
-54.340030670166016
-54.39121627807617
-54.2979850769043
-54.470943450927734
-54.413394927978516
-54.38835906982422
-54.31201171875
-54.28855895996094
-54.345741271972656
-54.379520416259766
-54.324462890625
-54.416717529296875
-54.3018913269043
-54.3634033203125
-54.43658447265625
-54.33399963378906
-54.252403259277344
-54.28965759277344
-54.35120391845703
-54.37992477416992
-54.30706787109375
-54.44024658203125
-54.42535400390625
-54.474430084228516
-54.367366790771484
-54.465274810791016
-54.444091796875
-54.460689544677734
-54.39918899536133
-54.46024703979492
-54.40843200683594
-54.371917724609375
-54.385658264160156
-54.3370475769043
-54.4545783996582
-54.449337005615234
-54.46213150024414
-54.42204284667969
-54.52086639404297
-54.468204498291016
-54.463218688964844
-54.46198272705078
-54.365726470947266
-54.401336669921875
-54.445838928222656
-54.4620361328125
-54.52076721191406
-54.5045051574707
-54.32547378540039
-54.380348205566406
-54.33927917480469
-54.38875961303711
-54.44076919555664
-54.434383392333984
-54.36761474609375
-54.43998718261719
-54.27111053466797
-54.54405212402344
-54.43000411987305
-54.47679138183594
-54.43973922729492
-54.50313949584961
-54.43535614013672
-54.526641845703125
-54.52531814575195
-54.4189567565918
-54.38282775878906
-54.531471252441406
-54.38004684448242
-54.45408630371094
-54.40351867675781
-54.42115020751953
-54.46715545654297
-54.463348388671875
-54.46319580078125
-54.49985122680664
-54.46552276611328
-54.51903533935547
-54.445526123046875
-54.48428726196289
-54.46095657348633
-54.491031646728516
-54.602508544921875
-54.565643310546875
-54.64414978027344
-54.50279235839844
-54.44961929321289
-54.50522232055664
-54.43756866455078
-54.439910888671875
-54.480384826660156
-54.5667724609375
-54.56999588012695
-54.45076370239258
-54.54963684082031
-54.43846130371094
-54.530792236328125
-54.51680374145508
-54.535850524902344
-54.55642318725586
-54.56248474121094
-54.60528564453125
-54.51932144165039
-54.57512664794922
-54.54756164550781
-54.496253967285156
-54.55003356933594
-54.43711853027344
-54.62450408935547
-54.50050354003906
-54.650238037109375
-54.49350357055664
-54.420536041259766
-54.43098449707031
-54.51409149169922
-54.625
-54.584320068359375
-54.432456970214844
-54.31929016113281
-54.52623748779297
-54.603721618652344
-54.61791229248047
-54.493980407714844
-54.54170227050781
-54.50297546386719
-54.639129638671875
-54.60948944091797
-54.62216567993164
-54.576568603515625
-54.640071868896484
-54.61156463623047
-54.556663513183594
-54.54553985595703
-54.56102752685547
-54.438228607177734
-54.47834014892578
-54.5641975402832
-54.54966735839844
-54.56776428222656
-54.49155807495117
-54.61726760864258
-54.51142120361328
-54.66168212890625
-54.599388122558594
-54.607704162597656
-54.578521728515625
-54.53792190551758
-54.602272033691406
-54.6627197265625
-54.6178092956543
-54.65703582763672
-54.65366744995117
-54.65391540527344
-54.582122802734375
-54.72361755371094
-54.705474853515625
-54.635921478271484
-54.66434097290039
-54.67226028442383
-54.59513473510742
-54.649322509765625
-54.591854095458984
-54.597564697265625
-54.66122055053711
-54.6409797668457
-54.64482498168945
-54.623687744140625
-54.64146423339844
-54.59062194824219
-54.7607307434082
-54.662994384765625
-54.73749923706055
-54.656856536865234
-54.68643569946289
-54.730926513671875
-54.73827362060547
-54.69962692260742
-54.66888427734375
-54.68933868408203
-54.61732482910156
-54.633750915527344
-54.58758544921875
-54.686317443847656
-54.68632507324219
-54.7332763671875
-54.76146697998047
-54.747703552246094
-54.755943298339844
-54.70278549194336
-54.69105529785156
-54.62639236450195
-54.68693542480469
-54.66313934326172
-54.697147369384766
-54.67561721801758
-54.69263458251953
-54.62994384765625
-54.70681381225586
-54.61048126220703
-54.590843200683594
-54.67306137084961
-54.666358947753906
-54.64456558227539
-54.66771697998047
-54.68970489501953
-54.63783645629883
-54.67704391479492
-54.65086364746094
-54.56657028198242
-54.64723587036133
-54.73269271850586
-54.72145080566406
-54.70549392700195
-54.715675354003906
-54.814453125
-54.74702453613281
-54.57051086425781
-54.64972686767578
-54.46262741088867
-54.54179382324219
-54.68169021606445
-54.64094543457031
-54.79851150512695
-54.726463317871094
-54.64814758300781
-54.67772674560547
-54.667728424072266
-54.62163162231445
-54.6329345703125
-54.68189239501953
-54.80708694458008
-54.765663146972656
-54.558502197265625
-54.55070495605469
-54.65413284301758
-54.65167236328125
-54.699119567871094
-54.64067077636719
-54.68052291870117
-54.59819412231445
-54.76243591308594
-54.592498779296875
-54.662132263183594
-54.588626861572266
-54.7119026184082
-54.54595184326172
-54.49810791015625
-54.49864959716797
-54.719573974609375
-54.526458740234375
-54.66942596435547
-54.534297943115234
-54.71460723876953
-54.477298736572266
-54.69572448730469
-54.689544677734375
-54.788543701171875
-54.567596435546875
-54.6662712097168
-54.67158508300781
-54.7663459777832
-54.62789535522461
-54.606685638427734
-54.557891845703125
-54.83498764038086
-54.662906646728516
-54.67132568359375
-54.553977966308594
-54.73395538330078
-54.757957458496094
-54.70785903930664
-54.615623474121094
-54.75734329223633
-54.79444885253906
-54.82084274291992
-54.7376594543457
-54.661006927490234
-54.764774322509766
-54.79724884033203
-54.83876419067383
-54.83945083618164
-54.76849365234375
-54.736061096191406
-54.81722640991211
-54.82550811767578
-54.89293670654297
-54.81769561767578
-54.85538101196289
-54.82658386230469
-54.7489128112793
-54.81391906738281
-54.74516677856445
-54.82988739013672
-54.85078811645508
-54.841182708740234
-54.779571533203125
-54.7769775390625
-54.742130279541016
-54.72585678100586
-54.74522399902344
-54.80963134765625
-54.77110290527344
-54.80900573730469
-54.80244064331055
-54.74932861328125
-54.77219009399414
-54.837005615234375
-54.816436767578125
-54.798736572265625
-54.731361389160156
-54.73162841796875
-54.818077087402344
-54.75304412841797
-54.86815643310547
-54.80303955078125
-54.81405258178711
-54.7753791809082
-54.82179260253906
-54.82842254638672
-54.810951232910156
-54.81169891357422
-54.905879974365234
-54.78664779663086
-54.72475814819336
-54.78704071044922
-54.78181076049805
-54.874019622802734
-54.82592010498047
-54.88634490966797
-54.80936050415039
-54.82591247558594
-54.802555084228516
-54.80235290527344
-54.834468841552734
-54.842735290527344
-54.79732131958008
-54.80658721923828
-54.81391525268555
-54.84071731567383
-54.79623031616211
-54.79169464111328
-54.83799743652344
-54.64990234375
-54.88939666748047
-54.650455474853516
-54.78232955932617
-54.69470977783203
-54.74036407470703
-54.865936279296875
-54.751731872558594
-54.75678253173828
-54.752708435058594
-54.76815414428711
-54.838111877441406
-54.82709503173828
-54.906463623046875
-54.861854553222656
-54.631046295166016
-54.76763153076172
-54.84315872192383
-54.806549072265625
-54.87626266479492
-54.88031005859375
-54.85850524902344
-54.894500732421875
-54.82371520996094
-54.92994689941406
-54.80512237548828
-54.80990982055664
-54.80501937866211
-54.865264892578125
-54.89381790161133
-54.968963623046875
-54.78789138793945
-54.92523956298828
-54.733009338378906
-54.75007629394531
-54.81654357910156
-54.76559066772461
-54.98503112792969
-54.839229583740234
-54.929954528808594
-54.839111328125
-54.9017333984375
-54.89646530151367
-54.944820404052734
-54.94157791137695
-54.95441436767578
-54.90788650512695
-54.93132019042969
-54.76313781738281
-54.792877197265625
-54.794715881347656
-54.89936065673828
-54.85456085205078
-54.84062576293945
-54.70531463623047
-54.83650207519531
-54.87839126586914
-54.921714782714844
-54.89089584350586
-54.88408279418945
-54.89793395996094
-54.87089920043945
-54.93010711669922
-54.923545837402344
-54.99092483520508
-54.99134826660156
-54.99642562866211
-54.87063980102539
-54.828704833984375
-54.88749694824219
-54.87582778930664
-54.96364974975586
-54.98637390136719
-54.99200439453125
-54.98933029174805
-54.96521759033203
-54.99859619140625
-55.05647277832031
-54.96242141723633
-54.97240447998047
-54.878448486328125
-54.881649017333984
-54.89702224731445
-54.90928649902344
-54.93034362792969
-54.96437072753906
-54.99650192260742
-54.98898696899414
-55.01014709472656
-54.970252990722656
-55.0497932434082
-54.96482849121094
-55.00800323486328
-54.96329879760742
-54.97000503540039
-54.982582092285156
-54.98548889160156
-54.984989166259766
-55.02967834472656
-55.00286865234375
-54.96117401123047
-54.97307586669922
-54.9203987121582
-54.94696807861328
-54.97459411621094
-54.936309814453125
-54.961605072021484
-54.919410705566406
-54.930458068847656
-54.91868591308594
-54.866851806640625
-54.95804977416992
-54.93247985839844
-54.97343444824219
-54.97984313964844
-54.94032669067383
-54.99623489379883
-55.001338958740234
-55.01502227783203
-54.993221282958984
-54.9058723449707
-54.94203567504883
-54.95494079589844
-54.963233947753906
-55.003875732421875
-54.954994201660156
-54.976383209228516
-55.008941650390625
-54.91008758544922
-54.92973709106445
-54.876220703125
-54.949398040771484
-54.988853454589844
-54.93687057495117
-55.02146530151367
-54.984161376953125
-54.99680709838867
-54.96206283569336
-55.00284194946289
-54.943084716796875
-54.900917053222656
-54.918190002441406
-54.94566345214844
-55.04202651977539
-55.047115325927734
-55.053810119628906
-55.05168151855469
-54.995113372802734
-54.997501373291016
-54.99000930786133
-54.97361755371094
-54.99867630004883
-54.97948455810547
-55.02747344970703
-55.02120590209961
-54.9947624206543
-54.94255065917969
-54.979496002197266
-54.99420166015625
-54.9729118347168
-54.97017288208008
-55.00668716430664
-55.03584289550781
-55.02321243286133
-55.04145812988281
-55.0449104309082
-55.013580322265625
-55.0572509765625
-55.03431701660156
-55.032554626464844
-55.02263259887695
-54.94117736816406
-54.9221305847168
-54.96702575683594
-54.98882293701172
-54.887596130371094
-54.781620025634766
-54.926605224609375
-55.030426025390625
-54.91948318481445
-54.81237030029297
-54.77044677734375
-54.88499450683594
-55.06264877319336
-54.89335632324219
-54.87499237060547
-54.90764617919922
-54.85375213623047
-55.09288024902344
-54.98782730102539
-55.023590087890625
-55.04541015625
-54.906246185302734
-54.94222640991211
-54.94855499267578
-54.89393615722656
-55.01469039916992
-54.95440673828125
-55.029361724853516
-55.01996612548828
-54.96320343017578
-55.0006103515625
-54.812522888183594
-54.98554611206055
-55.02306365966797
-54.96255111694336
-55.00240707397461
-54.964263916015625
-54.9512939453125
-54.980525970458984
-54.90983963012695
-55.0030403137207
-55.0628547668457
-55.081214904785156
-55.09497833251953
-55.013885498046875
-54.99535369873047
-54.98046112060547
-55.03052520751953
-55.0529670715332
-55.08736038208008
-55.08174133300781
-55.071895599365234
-55.0401496887207
-55.001243591308594
-54.945152282714844
-55.027549743652344
-55.06553649902344
-55.083892822265625
-55.105445861816406
-55.08918380737305
-55.0725212097168
-55.105010986328125
-55.11774444580078
-55.14164352416992
-55.122802734375
-55.16421890258789
-55.04633712768555
-55.07912826538086
-55.07097625732422
-55.0532341003418
-55.0654296875
-55.104583740234375
-55.06841278076172
-55.07916259765625
-55.098941802978516
-55.043460845947266
-55.130332946777344
-55.12641906738281
-55.081607818603516
-55.13133239746094
-55.08506774902344
-55.08652877807617
-55.0841178894043
-55.064048767089844
-55.10932159423828
-55.10145568847656
-55.09128189086914
-55.10116195678711
-55.06247329711914
-55.08622741699219
-55.07205581665039
-55.02836608886719
-55.12248992919922
-55.05453872680664
-55.06509017944336
-55.0589485168457
-55.12563705444336
-55.14267349243164
-55.133758544921875
-55.152374267578125
-55.05760955810547
-55.09136962890625
-55.09550857543945
-55.11737060546875
-55.0869026184082
-55.1014289855957
-55.112945556640625
-55.06605529785156
-55.09312438964844
-55.067073822021484
-55.0880241394043
-55.030948638916016
-55.11928176879883
-55.14440155029297
-55.1002082824707
-55.10540771484375
-55.04441833496094
-55.072021484375
-55.10635757446289
-55.08976745605469
-55.13300323486328
-55.11811447143555
-55.1064453125
-55.12036895751953
-55.030494689941406
-55.08639144897461
-55.05189895629883
-55.11492156982422
-55.0828857421875
-55.066650390625
-55.14577865600586
-55.027164459228516
-55.05617904663086
-55.062835693359375
-55.131595611572266
-55.09994888305664
-55.059783935546875
-55.08573913574219
-55.01752853393555
-55.16253662109375
-55.17617416381836
-55.12452697753906
-55.0947265625
-55.1190185546875
-55.094482421875
-55.05012130737305
-55.1483154296875
-55.114585876464844
-55.14830780029297
-55.10613250732422
-55.11383819580078
-55.093204498291016
-55.13998794555664
-55.09434127807617
-55.051944732666016
-55.121742248535156
-55.06496047973633
-55.141448974609375
-55.119449615478516
-55.12503433227539
-55.069984436035156
-55.10908508300781
-55.17353057861328
-55.19917297363281
-55.18897247314453
-55.16558837890625
-55.041648864746094
-55.114715576171875
-55.11366271972656
-55.11175537109375
-55.10709762573242
-54.945838928222656
-55.11849594116211
-54.93964385986328
-55.09645462036133
-55.054203033447266
-55.06053924560547
-55.09636306762695
-55.02561950683594
-54.97599792480469
-55.038490295410156
-54.9384880065918
-55.166465759277344
-54.818153381347656
-54.91587448120117
-54.92860412597656
-54.848995208740234
-54.96556091308594
-54.974754333496094
-54.99853515625
-55.10234832763672
-55.014732360839844
-55.10517120361328
-55.135414123535156
-54.9077262878418
-55.129817962646484
-55.12381362915039
-55.07475662231445
-55.11760330200195
-55.060813903808594
-55.12637710571289
-55.19508743286133
-55.1513671875
-55.15424346923828
-55.053077697753906
-55.02128601074219
-55.117733001708984
-55.17387390136719
-55.18028259277344
-55.140777587890625
-55.03341293334961
-55.057777404785156
-55.18462371826172
-55.19997024536133
-55.16943359375
-55.063602447509766
-55.093605041503906
-55.15062713623047
-55.15327835083008
-55.24393081665039
-55.157474517822266
-55.183082580566406
-55.121360778808594
-55.075225830078125
-55.14425277709961
-55.17717361450195
-55.23628616333008
-55.217681884765625
-55.20349884033203
-55.1799201965332
-55.116695404052734
-55.11679458618164
-55.1245002746582
-55.10575866699219
-55.126922607421875
-55.2438850402832
-55.1166877746582
-55.14933776855469
-55.0872688293457
-55.02943801879883
-55.15456008911133
-55.1199951171875
-55.10517120361328
-55.21685028076172
-55.10932922363281
-55.184165954589844
-55.19667434692383
-54.92436218261719
-55.10956954956055
-55.16332244873047
-55.16274642944336
-55.194427490234375
-55.13663101196289
-55.0794792175293
-55.1889533996582
-55.095252990722656
-55.15815734863281
-55.2176513671875
-55.219486236572266
-55.24763107299805
-55.223175048828125
-55.222434997558594
-55.18377685546875
-55.17527770996094
-55.17163848876953
-55.131526947021484
-55.212806701660156
-55.14711380004883
-55.209625244140625
-55.23746109008789
-55.24713134765625
-55.166229248046875
-55.196407318115234
-55.1499137878418
-55.18037796020508
-55.21300506591797
-55.14978790283203
-55.156986236572266
-55.15024185180664
-55.175804138183594
-55.22898483276367
-55.240509033203125
-55.203514099121094
-55.18410110473633
-55.1615104675293
-55.13444137573242
-55.060150146484375
-55.100772857666016
-55.06663513183594
-55.15055847167969
-55.20307159423828
-55.13555145263672
-55.180763244628906
-55.067623138427734
-55.117225646972656
-55.12018585205078
-55.221622467041016
-55.21796417236328
-55.23297882080078
-55.15393829345703
-55.157691955566406
-55.109134674072266
-55.054534912109375
-55.18321990966797
-55.22321319580078
-55.201934814453125
-55.240562438964844
-55.244754791259766
-55.093162536621094
-55.132896423339844
-55.224464416503906
-55.20773696899414
-55.23506164550781
-55.173606872558594
-55.18837356567383
-55.20234680175781
-55.14052200317383
-55.25386047363281
-55.20878601074219
-55.155738830566406
-55.23881530761719
-55.092247009277344
-55.11806106567383
-55.20838165283203
-55.038475036621094
-55.160247802734375
-55.20132827758789
-55.12982940673828
-55.17116165161133
-55.18006134033203
-55.022674560546875
-55.17758560180664
-55.05904769897461
-55.1364631652832
-55.24503707885742
-55.1411018371582
-55.23576354980469
-55.18977355957031
-55.0941276550293
-55.273258209228516
-55.15386199951172
-55.222023010253906
-55.29883575439453
-55.21767044067383
-55.24906539916992
-55.20697784423828
-55.23514175415039
-55.240478515625
-55.23753356933594
-55.225547790527344
-55.23743438720703
-55.167991638183594
-55.188175201416016
-55.26496887207031
-55.19036865234375
-55.24496078491211
-55.231666564941406
-55.2204704284668
-55.1346435546875
-55.09048843383789
-55.10786437988281
-55.14326095581055
-55.13536834716797
-55.13246536254883
-55.136932373046875
-55.18634033203125
-55.21110534667969
-55.15791320800781
-55.145599365234375
-55.185630798339844
-55.12910842895508
-55.154624938964844
-55.0814208984375
-55.21685028076172
-55.119163513183594
-55.19767379760742
-55.17920684814453
-55.18902587890625
-55.23244094848633
-55.21563720703125
-55.218177795410156
-55.20961380004883
-55.227577209472656
-55.187828063964844
-55.24309539794922
-55.235557556152344
-55.29098892211914
-55.30804443359375
-55.210731506347656
-55.26774597167969
-55.18635940551758
-55.165000915527344
-55.1934814453125
-55.189605712890625
-55.294532775878906
-55.24073791503906
-55.177574157714844
-55.04208755493164
-55.1441764831543
-55.2795524597168
-55.28314208984375
-55.2510871887207
-55.175052642822266
-55.114158630371094
-55.12489700317383
-55.26038360595703
-55.28788757324219
-55.27599334716797
-55.251304626464844
-55.213138580322266
-55.27474594116211
-55.220436096191406
-55.17509460449219
-55.19915008544922
-55.14915466308594
-55.279258728027344
-55.30123519897461
-55.284156799316406
-55.25001525878906
-55.23260498046875
-55.25068283081055
-55.1474609375
-55.25299835205078
-55.17613220214844
-55.244441986083984
-55.31597900390625
-55.21278381347656
-55.25434112548828
-55.208038330078125
-55.22034454345703
-55.257286071777344
-55.192596435546875
-55.212890625
-55.305118560791016
-55.229129791259766
-55.26994323730469
-55.32326126098633
-55.27647018432617
-55.283531188964844
-55.23981475830078
-55.220130920410156
-55.21665954589844
-55.239051818847656
-55.222450256347656
-55.23078918457031
-55.23066329956055
-55.30824661254883
-55.3005256652832
-55.323219299316406
-55.299076080322266
-55.26982498168945
-55.26704406738281
-55.24156951904297
-55.23661422729492
-55.24745178222656
-55.256256103515625
-55.302364349365234
-55.24407958984375
-55.270233154296875
-55.23658752441406
-55.23341751098633
-55.271141052246094
-55.254241943359375
-55.207942962646484
-55.21082305908203
-55.27154541015625
-55.280914306640625
-55.27924346923828
-55.32396697998047
-55.20464324951172
-55.22369384765625
-55.202030181884766
-55.2352294921875
-55.31934356689453
-55.28132629394531
-55.314659118652344
-55.307926177978516
-55.306575775146484
-55.299705505371094
-55.295345306396484
-55.27402114868164
-55.26142883300781
-55.28709030151367
-55.261444091796875
-55.33512496948242
-55.26954650878906
-55.356380462646484
-55.18609619140625
-55.31525421142578
-55.20439147949219
-55.29987716674805
-55.305877685546875
-55.266357421875
-55.24103546142578
-55.29545974731445
-55.332244873046875
-55.322906494140625
-55.33330154418945
-55.29029846191406
-55.32148742675781
-55.32756423950195
-55.30660629272461
-55.27279281616211
-55.26122283935547
-55.310142517089844
-55.34153747558594
-55.302703857421875
-55.26418685913086
-55.2083854675293
-55.204017639160156
-55.30098342895508
-55.338287353515625
-55.31476593017578
-55.31669616699219
-55.307769775390625
-55.3243293762207
-55.29634475708008
-55.25790786743164
-55.28207015991211
-55.303672790527344
-55.31611633300781
-55.25292205810547
-55.19068145751953
-55.149417877197266
-55.16672134399414
-55.32482147216797
-55.235748291015625
-55.2917366027832
-55.13124084472656
-55.2285041809082
-55.117034912109375
-55.286415100097656
-55.311241149902344
-55.277366638183594
-55.28902816772461
-55.217681884765625
-55.211483001708984
-55.32286834716797
-55.29478073120117
-55.26436996459961
-55.30148696899414
-55.24398422241211
-55.15664291381836
-55.26640701293945
-55.24134826660156
-55.30611038208008
-55.36778259277344
-55.33473205566406
-55.32460403442383
-55.315330505371094
-55.326107025146484
-55.331520080566406
-55.30425262451172
-55.29553985595703
-55.304344177246094
-55.20709991455078
-55.28498077392578
-55.33030319213867
-55.30143737792969
-55.34342575073242
-55.3240966796875
-55.28845977783203
-55.25083923339844
-55.244293212890625
-55.23062515258789
-55.27642822265625
-55.28843688964844
-55.318519592285156
-55.33280563354492
-55.364078521728516
-55.377052307128906
-55.29979705810547
-55.33650207519531
-55.330055236816406
-55.27111053466797
-55.316551208496094
-55.222286224365234
-55.259742736816406
-55.27351379394531
-55.204986572265625
-55.317039489746094
-55.24128723144531
-55.27976989746094
-55.22657012939453
-55.195106506347656
-55.220699310302734
-55.25140380859375
-55.35249710083008
-55.2878303527832
-55.292152404785156
-55.22068405151367
-55.266944885253906
-55.30583190917969
-55.27352523803711
-55.252540588378906
-55.29444122314453
-55.224185943603516
-55.382816314697266
-55.27904510498047
-55.37099075317383
-55.32733917236328
-55.374629974365234
-55.315128326416016
-55.30879592895508
-55.14609909057617
-55.26724624633789
-55.28862762451172
-55.27782440185547
-55.345767974853516
-55.33405685424805
-55.35038757324219
-55.33628463745117
-55.32649230957031
-55.298797607421875
-55.301971435546875
-55.284095764160156
-55.33787155151367
-55.33979797363281
-55.398658752441406
-55.379966735839844
-55.370113372802734
-55.30739212036133
-55.24164581298828
-55.245933532714844
-55.33538055419922
-55.19416809082031
-55.35676956176758
-55.294342041015625
-55.37591552734375
-55.25695037841797
-55.286766052246094
-55.154632568359375
-55.32802963256836
-55.276973724365234
-55.38960266113281
-55.25510787963867
-55.400108337402344
-55.17118453979492
-55.28896713256836
-55.14728927612305
-55.273719787597656
-55.25812911987305
-55.32588577270508
-55.338470458984375
-55.329872131347656
-55.200496673583984
-55.33687210083008
-55.25168228149414
-55.3121337890625
-55.25176239013672
-55.308780670166016
-55.324642181396484
-55.31474685668945
-55.411067962646484
-55.411529541015625
-55.405029296875
-55.399227142333984
-55.391937255859375
-55.37092590332031
-55.3388786315918
-55.33119583129883
-55.3125
-55.361351013183594
-55.403953552246094
-55.31914138793945
-55.35133743286133
-55.292057037353516
-55.21263885498047
-55.32575988769531
-55.28578186035156
-55.31671142578125
-55.40177917480469
-55.39760971069336
-55.38954162597656
-55.420108795166016
-55.31072998046875
-55.34857940673828
-55.26877975463867
-55.23529815673828
-55.327735900878906
-55.29265213012695
-55.34257507324219
-55.37953186035156
-55.33934020996094
-55.381595611572266
-55.285850524902344
-55.32587814331055
-55.398372650146484
-55.394405364990234
-55.4431266784668
-55.387821197509766
-55.36723327636719
-55.35699462890625
-55.32890319824219
-55.37741470336914
-55.37132263183594
-55.31135559082031
-55.32713317871094
-55.25645446777344
-55.23846435546875
-55.37949752807617
-55.38990020751953
-55.3986701965332
-55.388710021972656
-55.34565734863281
-55.38380432128906
-55.313594818115234
-55.32383728027344
-55.28028869628906
-55.26450729370117
-55.3762092590332
-55.27847671508789
-55.34516525268555
-55.364620208740234
-55.23065185546875
-55.39461135864258
-55.28608322143555
-55.35881805419922
-55.32447052001953
-55.281028747558594
-55.25666809082031
-55.27938461303711
-55.32915496826172
-55.28681945800781
-55.38667678833008
-55.343833923339844
-55.354164123535156
-55.3915901184082
-55.261070251464844
-55.297096252441406
-55.34568786621094
-55.32066345214844
-55.42091369628906
-55.39796447753906
-55.40251922607422
-55.440673828125
-55.38639450073242
-55.417152404785156
-55.398868560791016
-55.33656311035156
-55.342567443847656
-55.28551483154297
-55.37792205810547
-55.40851593017578
-55.4035530090332
-55.39733123779297
-55.317359924316406
-55.28500747680664
-55.37841796875
-55.42648696899414
-55.40583801269531
-55.360748291015625
-55.31230926513672
-55.33052444458008
-55.36286544799805
-55.425262451171875
-55.43465042114258
-55.451786041259766
-55.426673889160156
-55.364768981933594
-55.37146759033203
-55.35306930541992
-55.429439544677734
-55.43555450439453
-55.44096755981445
-55.40369415283203
-55.384376525878906
-55.41533660888672
-55.41675567626953
-55.29913330078125
-55.26390838623047
-55.36076354980469
-55.382911682128906
-55.45014190673828
-55.337135314941406
-55.341060638427734
-55.378257751464844
-55.303436279296875
-55.34220886230469
-55.3692512512207
-55.377655029296875
-55.4107666015625
-55.395118713378906
-55.413368225097656
-55.44451141357422
-55.46893310546875
-55.40391540527344
-55.38933181762695
-55.43703842163086
-55.3377571105957
-55.32632064819336
-55.39874267578125
-55.369022369384766
-55.40900802612305
-55.46739196777344
-55.449058532714844
-55.23198699951172
-55.253173828125
-55.31572723388672
-55.289939880371094
-55.43938446044922
-55.320892333984375
-55.31828689575195
-55.39856719970703
-55.36552429199219
-55.39517593383789
-55.44001770019531
-55.406856536865234
-55.42743682861328
-55.3939323425293
-55.43992614746094
-55.40070343017578
-55.36442947387695
-55.348121643066406
-55.358154296875
-55.34986114501953
-55.3477897644043
-55.39562225341797
-55.339317321777344
-55.387779235839844
-55.40027618408203
-55.321083068847656
-55.43275833129883
-55.41946029663086
-55.414878845214844
-55.421756744384766
-55.43980026245117
-55.4451904296875
-55.45344924926758
-55.45917510986328
-55.455657958984375
-55.470458984375
-55.453887939453125
-55.42072677612305
-55.4454460144043
-55.436607360839844
-55.4676628112793
-55.42694091796875
-55.44420623779297
-55.4781379699707
-55.45014190673828
-55.44709777832031
-55.41265106201172
-55.3778190612793
-55.37808609008789
-55.36693572998047
-55.39931106567383
-55.411659240722656
-55.392906188964844
-55.452003479003906
-55.42157745361328
-55.41016387939453
-55.46100616455078
-55.369781494140625
-55.440757751464844
-55.4450569152832
-55.37742614746094
-55.44161605834961
-55.392208099365234
-55.35959243774414
-55.418785095214844
-55.40162658691406
-55.32807922363281
-55.34870529174805
-55.332611083984375
-55.375850677490234
-55.41457748413086
-55.41770935058594
-55.49057388305664
-55.462432861328125
-55.47492980957031
-55.41827392578125
-55.43091583251953
-55.42913818359375
-55.411582946777344
-55.393497467041016
-55.39023971557617
-55.420204162597656
-55.388973236083984
-55.41944122314453
-55.42316436767578
-55.456356048583984
-55.44941711425781
-55.40099334716797
-55.42902374267578
-55.390777587890625
-55.33808135986328
-55.30811309814453
-55.38145446777344
-55.44192886352539
-55.42835998535156
-55.38240051269531
-55.32371520996094
-55.378318786621094
-55.42288589477539
-55.40087890625
-55.421974182128906
-55.353973388671875
-55.341617584228516
-55.45762634277344
-55.417579650878906
-55.380592346191406
-55.395225524902344
-55.34588623046875
-55.343505859375
-55.33009719848633
-55.338890075683594
-55.46957015991211
-55.311790466308594
-55.424049377441406
-55.44824981689453
-55.3075065612793
-55.37432098388672
-55.29137420654297
-55.315940856933594
-55.45775604248047
-55.398963928222656
-55.391456604003906
-55.45085144042969
-55.336666107177734
-55.349449157714844
-55.41203308105469
-55.276451110839844
-55.449913024902344
-55.418052673339844
-55.3492546081543
-55.454402923583984
-55.434486389160156
-55.37757873535156
-55.4577751159668
-55.37550354003906
-55.4483642578125
-55.38703536987305
-55.4370002746582
-55.356163024902344
-55.34679412841797
-55.3824577331543
-55.287872314453125
-55.396636962890625
-55.39607620239258
-55.357452392578125
-55.468421936035156
-55.368446350097656
-55.42108154296875
-55.46632385253906
-55.450069427490234
-55.46058654785156
-55.3743896484375
-55.38715362548828
-55.378631591796875
-55.42242431640625
-55.44445037841797
-55.439144134521484
-55.463287353515625
-55.38541793823242
-55.43085479736328
-55.45591735839844
-55.31035614013672
-55.39056396484375
-55.40712356567383
-55.380577087402344
-55.45366287231445
-55.45280456542969
-55.411590576171875
-55.424156188964844
-55.41255187988281
-55.427066802978516
-55.4375
-55.44904708862305
-55.33677673339844
-55.43708801269531
-55.28986358642578
-55.27772903442383
-55.33073806762695
-55.27802276611328
-55.42124938964844
-55.287017822265625
-55.48169708251953
-55.343597412109375
-55.42251205444336
-55.375885009765625
-55.40007781982422
-55.484718322753906
-55.45744323730469
-55.390953063964844
-55.360877990722656
-55.37404251098633
-55.420623779296875
-55.471004486083984
-55.461570739746094
-55.45461654663086
-55.435508728027344
-55.409610748291016
-55.38768005371094
-55.48060607910156
-55.457942962646484
-55.509517669677734
-55.517303466796875
-55.42930603027344
-55.45922088623047
-55.43483352661133
-55.378543853759766
-55.44938659667969
-55.44618225097656
-55.425907135009766
-55.472618103027344
-55.42809295654297
-55.408538818359375
-55.413177490234375
-55.39615249633789
-55.4388427734375
-55.38774490356445
-55.442543029785156
-55.49822235107422
-55.457740783691406
-55.45872116088867
-55.357826232910156
-55.371482849121094
-55.33232879638672
-55.39765930175781
-55.471309661865234
-55.50730895996094
-55.47294998168945
-55.4019660949707
-55.399078369140625
-55.455657958984375
-55.45481872558594
-55.43418884277344
-55.31106185913086
-55.38654327392578
-55.490936279296875
-55.371421813964844
-55.32957458496094
-55.31156921386719
-55.352962493896484
-55.385337829589844
-55.31439971923828
-55.36149978637695
-55.42094421386719
-55.44762420654297
-55.50300598144531
-55.40940475463867
-55.369956970214844
-55.40685272216797
-55.43616485595703
-55.38490295410156
-55.292755126953125
-55.35356903076172
-55.469390869140625
-55.38412857055664
-55.383018493652344
-55.39450454711914
-55.38577651977539
-55.449745178222656
-55.29193115234375
-55.41257095336914
-55.351539611816406
-55.398277282714844
-55.44639205932617
-55.42404556274414
-55.454132080078125
-55.40081024169922
-55.445777893066406
-55.366939544677734
-55.4304084777832
-55.388755798339844
-55.385353088378906
-55.4742431640625
-55.411521911621094
-55.485435485839844
-55.42645263671875
-55.40911865234375
-55.46752166748047
-55.45294952392578
-55.34168243408203
-55.363426208496094
-55.43448257446289
-55.398719787597656
-55.480430603027344
-55.423736572265625
-55.52003860473633
-55.51274490356445
-55.39314651489258
-55.50452423095703
-55.48597717285156
-55.459564208984375
-55.432716369628906
-55.34501647949219
-55.419227600097656
-55.463531494140625
-55.44753646850586
-55.52728271484375
-55.47603988647461
-55.533164978027344
-55.49134063720703
-55.486595153808594
-55.47429656982422
-55.399784088134766
-55.41014862060547
-55.467613220214844
-55.36897659301758
-55.46079635620117
-55.47370147705078
-55.44377899169922
-55.508338928222656
-55.492034912109375
-55.43891906738281
-55.51997375488281
-55.48882293701172
-55.453460693359375
-55.39707565307617
-55.427738189697266
-55.47285079956055
-55.49156951904297
-55.53300476074219
-55.4998779296875
-55.444190979003906
-55.369258880615234
-55.39539337158203
-55.470703125
-55.52354431152344
-55.50129699707031
-55.48619079589844
-55.44209289550781
-55.461082458496094
-55.45746612548828
-55.41676330566406
-55.43616485595703
-55.45649719238281
-55.43620681762695
-55.53361511230469
-55.447906494140625
-55.44926452636719
-55.446533203125
-55.385894775390625
-55.469810485839844
-55.46531677246094
-55.41337585449219
-55.536834716796875
-55.47813415527344
-55.501136779785156
-55.53303527832031
-55.492435455322266
-55.50518798828125
-55.38752365112305
-55.27150344848633
-55.435089111328125
-55.33827209472656
-55.428993225097656
-55.428375244140625
-55.29563522338867
-55.40676498413086
-55.2671012878418
-55.47566223144531
-55.42207717895508
-55.47550582885742
-55.494712829589844
-55.469627380371094
-55.510345458984375
-55.51331329345703
-55.40313720703125
-55.42256546020508
-55.39264678955078
-55.326927185058594
-55.50047302246094
-55.306026458740234
-55.5120849609375
-55.380165100097656
-55.44232177734375
-55.49269104003906
-55.45612716674805
-55.464515686035156
-55.38966369628906
-55.398353576660156
-55.36032485961914
-55.415218353271484
-55.45640182495117
-55.472320556640625
-55.49144744873047
-55.48988723754883
-55.4346809387207
-55.39488983154297
-55.42934799194336
-55.40343475341797
-55.44107437133789
-55.51287078857422
-55.50226974487305
-55.49724578857422
-55.48118591308594
-55.41654968261719
-55.45207214355469
-55.49761199951172
-55.51376724243164
-55.515235900878906
-55.50996017456055
-55.481895446777344
-55.52727127075195
-55.53781509399414
-55.49845886230469
-55.52484893798828
-55.44561767578125
-55.467308044433594
-55.48735427856445
-55.47405242919922
-55.42695617675781
-55.46747589111328
-55.4140510559082
-55.50380325317383
-55.42258071899414
-55.49674987792969
-55.53369903564453
-55.50128936767578
-55.516658782958984
-55.53105163574219
-55.51368713378906
-55.53002166748047
-55.500831604003906
-55.48701858520508
-55.444557189941406
-55.451576232910156
-55.47222137451172
-55.46247100830078
-55.52152633666992
-55.506492614746094
-55.50614929199219
-55.46397399902344
-55.43397903442383
-55.47137451171875
-55.450130462646484
-55.493534088134766
-55.53253936767578
-55.51079177856445
-55.53092575073242
-55.51407241821289
-55.516212463378906
-55.47134017944336
-55.45588684082031
-55.453834533691406
-55.43385314941406
-55.46526336669922
-55.471923828125
-55.5223274230957
-55.52642059326172
-55.46405792236328
-55.468658447265625
-55.467918395996094
-55.48260498046875
-55.51636505126953
-55.49726104736328
-55.47753143310547
-55.43244171142578
-55.45758056640625
-55.371551513671875
-55.46188735961914
-55.47554016113281
-55.503265380859375
-55.489234924316406
-55.50941848754883
-55.484230041503906
-55.43878173828125
-55.535560607910156
-55.42376708984375
-55.43311309814453
-55.408775329589844
-55.44585418701172
-55.515987396240234
-55.42070770263672
-55.3645133972168
-55.49517059326172
-55.379852294921875
-55.39405822753906
-55.43464660644531
-55.382469177246094
-55.41667175292969
-55.49709701538086
-55.34413528442383
-55.470008850097656
-55.480751037597656
-55.441043853759766
-55.49837112426758
-55.44428253173828
-55.461883544921875
-55.46493911743164
-55.47494888305664
-55.488075256347656
-55.50972366333008
-55.53499984741211
-55.49092483520508
-55.48946762084961
-55.451927185058594
-55.44418716430664
-55.49114227294922
-55.531097412109375
-55.56473922729492
-55.53954315185547
-55.4174919128418
-55.388214111328125
-55.409332275390625
-55.500892639160156
-55.50505828857422
-55.427059173583984
-55.394447326660156
-55.463768005371094
-55.403587341308594
-55.46253967285156
-55.48796463012695
-55.472476959228516
-55.441165924072266
-55.395606994628906
-55.44233703613281
-55.43726348876953
-55.51427459716797
-55.490760803222656
-55.471885681152344
-55.55373764038086
-55.475059509277344
-55.456119537353516
-55.368690490722656
-55.47338104248047
-55.506561279296875
-55.407752990722656
-55.460784912109375
-55.364261627197266
-55.488731384277344
-55.493064880371094
-55.52652359008789
-55.429649353027344
-55.40005111694336
-55.37485122680664
-55.43101119995117
-55.52738952636719
-55.49618148803711
-55.53427505493164
-55.44001007080078
-55.42555236816406
-55.45526123046875
-55.48033142089844
-55.527732849121094
-55.52564239501953
-55.52370071411133
-55.498619079589844
-55.49494171142578
-55.45032501220703
-55.520164489746094
-55.51029968261719
-55.400909423828125
-55.50682830810547
-55.39739990234375
-55.49065399169922
-55.49128341674805
-55.49890899658203
-55.541229248046875
-55.41925048828125
-55.433013916015625
-55.464534759521484
-55.467498779296875
-55.49667739868164
-55.49406433105469
-55.53314971923828
-55.55338668823242
-55.55132293701172
-55.53984832763672
-55.52006530761719
-55.4195556640625
-55.40874481201172
-55.326419830322266
-55.39978790283203
-55.53623962402344
-55.46912384033203
-55.48268127441406
-55.47600555419922
-55.38032913208008
-55.408447265625
-55.40629196166992
-55.39784622192383
-55.51982879638672
-55.463890075683594
-55.52690124511719
-55.523338317871094
-55.532135009765625
-55.53864288330078
-55.54376220703125
-55.5505256652832
-55.49368667602539
-55.549468994140625
-55.48471450805664
-55.57421875
-55.49106979370117
-55.43012237548828
-55.47682189941406
-55.40073013305664
-55.482215881347656
-55.482330322265625
-55.51889419555664
-55.50895309448242
-55.57380676269531
-55.478492736816406
-55.52351379394531
-55.54391860961914
-55.55950164794922
-55.489959716796875
-55.55933380126953
-55.460670471191406
-55.487770080566406
-55.54694366455078
-55.390907287597656
-55.54249572753906
-55.454978942871094
-55.45669174194336
-55.50197219848633
-55.48246765136719
-55.44525909423828
-55.48225402832031
-55.39739990234375
-55.4063720703125
-55.45935821533203
-55.42481231689453
-55.46612548828125
-55.47568893432617
-55.39352035522461
-55.47853088378906
-55.50171661376953
-55.48299789428711
-55.55531692504883
-55.54546356201172
-55.51766586303711
-55.57363510131836
-55.51067352294922
-55.5420036315918
-55.543880462646484
-55.53307342529297
-55.54426193237305
-55.566165924072266
-55.52241516113281
-55.54887771606445
-55.5515022277832
-55.469146728515625
-55.526058197021484
-55.56935119628906
-55.54433059692383
-55.480010986328125
-55.443660736083984
-55.48389434814453
-55.4744987487793
-55.488365173339844
-55.5426139831543
-55.558197021484375
-55.569801330566406
-55.55230712890625
-55.54726028442383
-55.541839599609375
-55.55548858642578
-55.53861999511719
-55.53142166137695
-55.50843811035156
-55.48490905761719
-55.44313049316406
-55.46147537231445
-55.552734375
-55.537391662597656
-55.54637145996094
-55.567142486572266
-55.528541564941406
-55.539703369140625
-55.500301361083984
-55.465049743652344
-55.501399993896484
-55.50282287597656
-55.512718200683594
-55.53401184082031
-55.53778076171875
-55.523582458496094
-55.539337158203125
-55.51596450805664
-55.52419662475586
-55.58494567871094
-55.573970794677734
-55.55122756958008
-55.520145416259766
-55.41236877441406
-55.43526840209961
-55.44171905517578
-55.50215148925781
-55.561702728271484
-55.5314826965332
-55.54875183105469
-55.52238464355469
-55.543418884277344
-55.50227737426758
-55.48682403564453
-55.44937515258789
-55.49675750732422
-55.4952507019043
-55.51221466064453
-55.534523010253906
-55.50041198730469
-55.55431365966797
-55.45232009887695
-55.587928771972656
-55.46832275390625
-55.533695220947266
-55.47710418701172
-55.50275802612305
-55.54453659057617
-55.47344207763672
-55.490989685058594
-55.405059814453125
-55.48439025878906
-55.47178649902344
-55.45680236816406
-55.58695602416992
-55.50695037841797
-55.56842803955078
-55.549983978271484
-55.526981353759766
-55.535457611083984
-55.464759826660156
-55.55409240722656
-55.46909713745117
-55.51123046875
-55.47198486328125
-55.42893981933594
-55.556121826171875
-55.558902740478516
-55.562217712402344
-55.54108810424805
-55.550392150878906
-55.429290771484375
-55.43183517456055
-55.4625244140625
-55.48067092895508
-55.585418701171875
-55.57442092895508
-55.56768035888672
-55.52747344970703
-55.446739196777344
-55.4464225769043
-55.508949279785156
-55.51390075683594
-55.43690872192383
-55.57927703857422
-55.48814392089844
-55.499961853027344
-55.5260009765625
-55.50545120239258
-55.50731658935547
-55.51227569580078
-55.51872253417969
-55.49525451660156
-55.529850006103516
-55.53215026855469
-55.5571403503418
-55.57667922973633
-55.542686462402344
-55.504669189453125
-55.489845275878906
-55.49485778808594
-55.53809356689453
-55.51331329345703
-55.532379150390625
-55.53269958496094
-55.52265930175781
-55.499000549316406
-55.57237243652344
-55.48619079589844
-55.526851654052734
-55.473350524902344
-55.379241943359375
-55.45526123046875
-55.39747619628906
-55.52463150024414
-55.57552719116211
-55.31183624267578
-55.53263473510742
-55.36996841430664
-55.373146057128906
-55.39640426635742
-55.416839599609375
-55.340110778808594
-55.524391174316406
-55.40586471557617
-55.42266845703125
-55.576515197753906
-55.37152099609375
-55.589805603027344
-55.4759635925293
-55.464969635009766
-55.4824104309082
-55.43299102783203
-55.496498107910156
-55.571014404296875
-55.476776123046875
-55.52532958984375
-55.47697067260742
-55.37432098388672
-55.434017181396484
-55.43345642089844
-55.466888427734375
-55.49292755126953
-55.501243591308594
-55.56276321411133
-55.544158935546875
-55.544708251953125
-55.520530700683594
-55.57189178466797
-55.47333908081055
-55.47956466674805
-55.489479064941406
-55.5275764465332
-55.50714874267578
-55.4760627746582
-55.49504852294922
-55.20636749267578
-55.340023040771484
-55.45146560668945
-55.381752014160156
-55.462886810302734
-55.371829986572266
-55.36698913574219
-55.506649017333984
-55.49372100830078
-55.51464080810547
-55.45329284667969
-55.48175048828125
-55.487056732177734
-55.5246467590332
-55.554832458496094
-55.481849670410156
-55.434818267822266
-55.41218948364258
-55.37913513183594
-55.5367546081543
-55.55723571777344
-55.52546691894531
-55.53631591796875
-55.37730407714844
-55.44525909423828
-55.489559173583984
-55.57669448852539
-55.5706672668457
-55.562774658203125
-55.54063034057617
-55.514190673828125
-55.52067947387695
-55.52635955810547
-55.483055114746094
-55.545257568359375
-55.56063461303711
-55.55223083496094
-55.54798126220703
-55.54072570800781
-55.58104705810547
-55.554351806640625
-55.57358932495117
-55.55488586425781
-55.56275939941406
-55.55013656616211
-55.48949432373047
-55.55569076538086
-55.552486419677734
-55.504947662353516
-55.50567626953125
-55.50983428955078
-55.532291412353516
-55.5334358215332
-55.51783752441406
-55.49203872680664
-55.46433639526367
-55.557533264160156
-55.525657653808594
