loss_v
-6.283932685852051
-6.2961578369140625
-6.388862609863281
-6.233642578125
-6.3614606857299805
-6.297809600830078
-6.327428817749023
-6.491860866546631
-6.411023139953613
-6.514100074768066
-6.360085964202881
-6.431228160858154
-6.434985637664795
-6.366029262542725
-6.3653130531311035
-6.420704364776611
-6.5494842529296875
-6.564002513885498
-6.636880397796631
-6.518256187438965
-6.354194641113281
-6.492398738861084
-6.7588911056518555
-6.5956926345825195
-6.509808540344238
-6.510377883911133
-6.57233190536499
-6.688692569732666
-6.496480941772461
-6.824222564697266
-6.631965160369873
-6.470101833343506
-6.488662242889404
-6.676105976104736
-6.7174296379089355
-6.668664455413818
-6.520119667053223
-6.585144996643066
-6.541086673736572
-6.5051798820495605
-6.793581962585449
-6.677660942077637
-6.63429069519043
-6.620543479919434
-6.671224594116211
-6.766788005828857
-6.636229515075684
-6.749579906463623
-6.7372636795043945
-6.6886796951293945
-6.68403959274292
-6.663311958312988
-6.658755302429199
-6.7552361488342285
-6.756859302520752
-6.807891368865967
-6.807699203491211
-6.69128942489624
-6.821880340576172
-6.767242908477783
-6.792319297790527
-6.756516456604004
-6.742650985717773
-6.867798805236816
-6.709793567657471
-6.69734001159668
-6.839702606201172
-6.803974151611328
-6.896378040313721
-6.883635520935059
-6.86789608001709
-6.829261779785156
-6.913833141326904
-6.884839057922363
-6.950827121734619
-6.869513988494873
-6.918649196624756
-6.8955817222595215
-6.900310516357422
-6.909006595611572
-6.832165241241455
-6.961002826690674
-6.926774501800537
-6.926287651062012
-6.903397083282471
-6.973798751831055
-6.995029926300049
-6.958390235900879
-6.869685173034668
-6.922795295715332
-6.851508617401123
-6.990455150604248
-7.006727695465088
-6.9353251457214355
-6.95256233215332
-6.9897356033325195
-7.031816005706787
-7.024674415588379
-7.032098770141602
-7.018110275268555
-6.955557346343994
-7.1054768562316895
-6.955285549163818
-7.0358500480651855
-7.08651065826416
-7.0363006591796875
-7.159931182861328
-7.023836612701416
-7.064128875732422
-7.013734817504883
-6.974878311157227
-7.048137187957764
-7.1557135581970215
-7.068945407867432
-7.122095584869385
-7.07711124420166
-7.135255813598633
-7.166833400726318
-7.114946365356445
-7.147511005401611
-7.163656711578369
-7.1712646484375
-7.129444599151611
-7.208313465118408
-7.156137943267822
-7.123937129974365
-7.157866954803467
-7.2504801750183105
-7.208249092102051
-7.189551830291748
-7.193531036376953
-7.192918300628662
-7.231943607330322
-7.185911178588867
-7.1919779777526855
-7.2152323722839355
-7.210136890411377
-7.169132709503174
-7.211845397949219
-7.222057819366455
-7.239966869354248
-7.21428108215332
-7.229307174682617
-7.244800090789795
-7.268267631530762
-7.243582725524902
-7.262352466583252
-7.272611141204834
-7.279411315917969
-7.289466381072998
-7.288934707641602
-7.302237510681152
-7.272080898284912
-7.2660112380981445
-7.3232293128967285
-7.323426246643066
-7.319128513336182
-7.289928913116455
-7.315605640411377
-7.32542610168457
-7.314657211303711
-7.323227405548096
-7.322779178619385
-7.331027507781982
-7.339616298675537
-7.340404510498047
-7.3256001472473145
-7.322117805480957
-7.3512372970581055
-7.336771488189697
-7.351043224334717
-7.3591132164001465
-7.35189962387085
-7.340023994445801
-7.355072498321533
-7.332193374633789
-7.3527679443359375
-7.344760894775391
-7.3580641746521
-7.357664108276367
-7.359742164611816
-7.363224983215332
-7.340140342712402
-7.354465484619141
-7.370308876037598
-7.3603973388671875
-7.3649187088012695
-7.380728244781494
-7.369714260101318
-7.376849174499512
-7.375213146209717
-7.376626968383789
-7.37520170211792
-7.39547061920166
-7.381402015686035
-7.393266677856445
-7.39437198638916
-7.3932623863220215
-7.399449825286865
-7.404291152954102
-7.409529209136963
-7.412405014038086
-7.414844512939453
-7.4218831062316895
-7.409010410308838
-7.42358922958374
-7.44343900680542
-7.434485912322998
-7.451351642608643
-7.453211307525635
-7.455376625061035
-7.463674545288086
-7.472084045410156
-7.481046199798584
-7.4769768714904785
-7.498646259307861
-7.503879547119141
-7.516796588897705
-7.512641906738281
-7.552189826965332
-7.549352169036865
-7.55718994140625
-7.584327697753906
-7.574690341949463
-7.595390796661377
-7.629077911376953
-7.6426496505737305
-7.65103816986084
-7.674578666687012
-7.689752101898193
-7.731310844421387
-7.748908519744873
-7.7820725440979
-7.800987243652344
-7.838139533996582
-7.8852386474609375
-7.913398265838623
-7.948112964630127
-7.981143474578857
-8.052906036376953
-8.08544635772705
-8.166423797607422
-8.18225383758545
-8.178121566772461
-8.280654907226562
-8.37118148803711
-8.402667045593262
-8.424026489257812
-8.537704467773438
-8.661934852600098
-8.694575309753418
-8.796747207641602
-8.889557838439941
-9.070710182189941
-9.148102760314941
-9.13945484161377
-9.127840042114258
-9.268851280212402
-9.531778335571289
-9.400445938110352
-9.53203296661377
-9.447449684143066
-9.487470626831055
-9.630254745483398
-9.5147705078125
-9.361807823181152
-9.580361366271973
-9.17138671875
-9.641221046447754
-9.266477584838867
-9.677860260009766
-9.061274528503418
-9.248661994934082
-9.417308807373047
-9.229499816894531
-9.714899063110352
-9.197257995605469
-9.422757148742676
-9.666336059570312
-9.429051399230957
-9.680322647094727
-9.607486724853516
-9.544293403625488
-9.584558486938477
-9.507448196411133
-9.718934059143066
-9.625898361206055
-9.591774940490723
-9.795169830322266
-9.625886917114258
-9.707316398620605
-9.896233558654785
-9.668827056884766
-9.846480369567871
-9.678255081176758
-9.699137687683105
-9.865438461303711
-9.752593040466309
-9.778322219848633
-9.824926376342773
-9.778382301330566
-9.933771133422852
-9.8027925491333
-9.91540241241455
-9.977293014526367
-9.913931846618652
-9.988574981689453
-9.804821968078613
-9.841660499572754
-9.882081031799316
-9.887160301208496
-9.979216575622559
-9.944967269897461
-9.925237655639648
-9.945645332336426
-9.851231575012207
-9.893195152282715
-9.964714050292969
-9.959368705749512
-9.968074798583984
-9.934220314025879
-10.078215599060059
-9.883076667785645
-9.978178024291992
-9.906563758850098
-10.03409481048584
-9.980203628540039
-9.95384693145752
-10.079042434692383
-10.159696578979492
-10.060011863708496
-10.028684616088867
-10.081583976745605
-10.052962303161621
-10.135601997375488
-10.0164794921875
-10.035652160644531
-10.19404411315918
-10.012892723083496
-10.014054298400879
-10.161223411560059
-9.948137283325195
-10.053611755371094
-10.011656761169434
-10.027215957641602
-10.107087135314941
-10.101618766784668
-10.082938194274902
-10.065892219543457
-10.177966117858887
-10.127199172973633
-10.160253524780273
-10.074322700500488
-10.097746849060059
-10.161561965942383
-10.241162300109863
-10.126712799072266
-10.159013748168945
-10.138781547546387
-10.176236152648926
-10.277433395385742
-10.132468223571777
-10.185370445251465
-10.158907890319824
-10.144987106323242
-10.233689308166504
-10.164783477783203
-10.213211059570312
-10.201741218566895
-10.263055801391602
-10.239030838012695
-10.259894371032715
-10.210088729858398
-10.178756713867188
-10.201088905334473
-10.17636775970459
-10.214200973510742
-10.21809196472168
-10.208232879638672
-10.207772254943848
-10.197770118713379
-10.277850151062012
-10.271222114562988
-10.219684600830078
-10.262870788574219
-10.345026969909668
-10.303829193115234
-10.208291053771973
-10.277770042419434
-10.231158256530762
-10.297985076904297
-10.269007682800293
-10.275453567504883
-10.298126220703125
-10.32348918914795
-10.334757804870605
-10.302717208862305
-10.379122734069824
-10.346602439880371
-10.281973838806152
-10.347729682922363
-10.300052642822266
-10.339677810668945
-10.339268684387207
-10.346331596374512
-10.198975563049316
-10.311288833618164
-10.33031940460205
-10.278463363647461
-10.336687088012695
-10.261184692382812
-10.354997634887695
-10.463265419006348
-10.311306953430176
-10.352721214294434
-10.330875396728516
-10.341779708862305
-10.348891258239746
-10.358983039855957
-10.370956420898438
-10.40822982788086
-10.458479881286621
-10.4324369430542
-10.373637199401855
-10.37170124053955
-10.427794456481934
-10.373629570007324
-10.435797691345215
-10.44933795928955
-10.393192291259766
-10.449405670166016
-10.456747055053711
-10.427019119262695
-10.512572288513184
-10.48137378692627
-10.527989387512207
-10.494865417480469
-10.466818809509277
-10.430375099182129
-10.437867164611816
-10.485355377197266
-10.542703628540039
-10.49331283569336
-10.485633850097656
-10.459076881408691
-10.492250442504883
-10.503331184387207
-10.503320693969727
-10.521788597106934
-10.504277229309082
-10.456298828125
-10.487163543701172
-10.535296440124512
-10.54365348815918
-10.58858871459961
-10.504572868347168
-10.572000503540039
-10.556266784667969
-10.558099746704102
-10.554587364196777
-10.568626403808594
-10.592535018920898
-10.55467700958252
-10.564605712890625
-10.54546070098877
-10.55932331085205
-10.542769432067871
-10.494990348815918
-10.506138801574707
-10.559182167053223
-10.591163635253906
-10.592318534851074
-10.618849754333496
-10.585352897644043
-10.551384925842285
-10.531332015991211
-10.640899658203125
-10.627739906311035
-10.584238052368164
-10.628974914550781
-10.648932456970215
-10.616918563842773
-10.618104934692383
-10.611303329467773
-10.5905179977417
-10.624553680419922
-10.600320816040039
-10.673985481262207
-10.609230041503906
-10.648473739624023
-10.568207740783691
-10.428572654724121
-10.495837211608887
-10.666820526123047
-10.548959732055664
-10.563350677490234
-10.674386024475098
-10.632622718811035
-10.585362434387207
-10.60161304473877
-10.679810523986816
-10.64992904663086
-10.595270156860352
-10.635262489318848
-10.654115676879883
-10.593706130981445
-10.65555191040039
-10.666146278381348
-10.646955490112305
-10.675274848937988
-10.689214706420898
-10.697175025939941
-10.69731330871582
-10.710203170776367
-10.636155128479004
-10.694750785827637
-10.703425407409668
-10.694087028503418
-10.67503833770752
-10.70983600616455
-10.694320678710938
-10.714020729064941
-10.693910598754883
-10.69448471069336
-10.720036506652832
-10.724123001098633
-10.698957443237305
-10.734058380126953
-10.716659545898438
-10.724308013916016
-10.698578834533691
-10.700664520263672
-10.757173538208008
-10.68431282043457
-10.659650802612305
-10.708328247070312
-10.736897468566895
-10.733916282653809
-10.69827651977539
-10.789284706115723
-10.734463691711426
-10.731145858764648
-10.732660293579102
-10.73185920715332
-10.761543273925781
-10.72503662109375
-10.76584529876709
-10.737364768981934
-10.77880859375
-10.71979808807373
-10.71505355834961
-10.69847297668457
-10.783827781677246
-10.772229194641113
-10.722915649414062
-10.694798469543457
-10.743513107299805
-10.780171394348145
-10.736088752746582
-10.694042205810547
-10.70600700378418
-10.788512229919434
-10.788315773010254
-10.753708839416504
-10.737632751464844
-10.730090141296387
-10.780051231384277
-10.788125991821289
-10.714208602905273
-10.724700927734375
-10.747815132141113
-10.76027774810791
-10.80526351928711
-10.804553985595703
-10.743880271911621
-10.722664833068848
-10.790912628173828
-10.814791679382324
-10.761043548583984
-10.758068084716797
-10.76216983795166
-10.802717208862305
-10.779460906982422
-10.777661323547363
-10.75554084777832
-10.801467895507812
-10.823429107666016
-10.788196563720703
-10.770467758178711
-10.75558090209961
-10.788230895996094
-10.818743705749512
-10.762449264526367
-10.765183448791504
-10.8089017868042
-10.859307289123535
-10.807737350463867
-10.772615432739258
-10.768625259399414
-10.836752891540527
-10.844822883605957
-10.775251388549805
-10.81365966796875
-10.82658863067627
-10.827324867248535
-10.876699447631836
-10.823503494262695
-10.833909034729004
-10.851676940917969
-10.836472511291504
-10.826828956604004
-10.846867561340332
-10.84891414642334
-10.879950523376465
-10.861218452453613
-10.856034278869629
-10.84264850616455
-10.851449012756348
-10.845415115356445
-10.83575439453125
-10.879260063171387
-10.881239891052246
-10.872113227844238
-10.864916801452637
-10.882902145385742
-10.86832046508789
-10.832419395446777
-10.871818542480469
-10.864724159240723
-10.900373458862305
-10.897056579589844
-10.8956298828125
-10.872742652893066
-10.872478485107422
-10.888651847839355
-10.892097473144531
-10.874493598937988
-10.86591625213623
-10.891222953796387
-10.859146118164062
-10.862761497497559
-10.909456253051758
-10.907743453979492
-10.885324478149414
-10.9057035446167
-10.9170503616333
-10.86559772491455
-10.894989967346191
-10.90229320526123
-10.870221138000488
-10.876317024230957
-10.908413887023926
-10.878969192504883
-10.890429496765137
-10.921966552734375
-10.90214729309082
-10.906983375549316
-10.912470817565918
-10.907316207885742
-10.88650131225586
-10.888370513916016
-10.865407943725586
-10.81999683380127
-10.860390663146973
-10.869379043579102
-10.888032913208008
-10.913490295410156
-10.911199569702148
-10.898869514465332
-10.931246757507324
-10.892234802246094
-10.810649871826172
-10.821310043334961
-10.895255088806152
-10.926700592041016
-10.921591758728027
-10.900003433227539
-10.872632026672363
-10.878844261169434
-10.906705856323242
-10.921616554260254
-10.949752807617188
-10.942944526672363
-10.917098999023438
-10.901803970336914
-10.868077278137207
-10.918725967407227
-10.94804573059082
-10.95007038116455
-10.91789722442627
-10.902388572692871
-10.87087345123291
-10.965229034423828
-10.969125747680664
-10.929366111755371
-10.883844375610352
-10.884061813354492
-10.92579460144043
-10.958538055419922
-10.978250503540039
-10.951488494873047
-10.964723587036133
-10.96934986114502
-10.959016799926758
-10.969088554382324
-10.971266746520996
-10.993599891662598
-10.957084655761719
-10.954910278320312
-10.968918800354004
-10.949633598327637
-10.968779563903809
-10.965686798095703
-10.931711196899414
-10.974803924560547
-10.971770286560059
-10.984827041625977
-10.96474838256836
-10.931102752685547
-10.907943725585938
-10.937281608581543
-10.950180053710938
-10.999211311340332
-10.968649864196777
-11.00583267211914
-10.99193286895752
-10.966836929321289
-10.953941345214844
-10.984956741333008
-10.973437309265137
-10.957489013671875
-10.93118667602539
-10.907369613647461
-10.951204299926758
-10.973989486694336
-11.001994132995605
-10.981629371643066
-10.907857894897461
-10.913447380065918
-10.926115036010742
-10.976612091064453
-11.01016616821289
-10.997105598449707
-10.915160179138184
-10.890023231506348
-10.94307804107666
-11.005895614624023
-10.96347713470459
-10.91369915008545
-10.925530433654785
-11.011484146118164
-10.989623069763184
-10.956414222717285
-10.93028736114502
-10.984737396240234
-11.022275924682617
-10.985148429870605
-10.927064895629883
-10.883527755737305
-10.964252471923828
-10.99733829498291
-10.915334701538086
-10.955519676208496
-11.019735336303711
-11.007819175720215
-11.02377700805664
-10.990744590759277
-10.952280044555664
-11.041874885559082
-11.005674362182617
-10.970932006835938
-10.952702522277832
-11.019462585449219
-10.990876197814941
-10.894698143005371
-10.936332702636719
-11.009037971496582
-11.000465393066406
-10.900979042053223
-10.958032608032227
-11.022537231445312
-11.030627250671387
-10.958001136779785
-11.009580612182617
-11.035955429077148
-11.026108741760254
-11.028651237487793
-10.983718872070312
-11.03913688659668
-11.033376693725586
-11.032219886779785
-11.018974304199219
-11.036893844604492
-11.031827926635742
-11.063336372375488
-11.070854187011719
-11.0228910446167
-11.017844200134277
-11.047563552856445
-11.094253540039062
-11.044427871704102
-11.0399808883667
-11.04315185546875
-11.04908275604248
-11.030983924865723
-11.07172679901123
-11.048133850097656
-11.027875900268555
-11.05649471282959
-11.02627182006836
-11.057676315307617
-11.084263801574707
-11.079264640808105
-11.064438819885254
-11.073077201843262
-11.081022262573242
-11.080657958984375
-11.079561233520508
-11.064008712768555
-11.070171356201172
-11.070143699645996
-11.05041217803955
-11.067097663879395
-11.060239791870117
-11.071413040161133
-11.062834739685059
-11.067885398864746
-11.072748184204102
-11.078289031982422
-11.081021308898926
-11.087662696838379
-11.087924003601074
-11.05329418182373
-11.076991081237793
-11.07863998413086
-11.063828468322754
-11.060800552368164
-11.07515811920166
-11.074769973754883
-11.099929809570312
-11.040533065795898
-11.049803733825684
-11.080760955810547
-11.090485572814941
-11.080676078796387
-11.06852912902832
-11.088444709777832
-11.070572853088379
-11.083891868591309
-11.068275451660156
-11.079263687133789
-11.073715209960938
-11.06879997253418
-11.077836036682129
-11.103466033935547
-11.094317436218262
-11.08193302154541
-11.099494934082031
-11.064007759094238
-11.07764720916748
-11.077803611755371
-11.054178237915039
-11.052321434020996
-11.041796684265137
-11.092735290527344
-11.089661598205566
-11.090435028076172
-11.0573091506958
-11.102204322814941
-11.08387565612793
-11.075167655944824
-11.10260009765625
-11.078822135925293
-11.037341117858887
-11.0503511428833
-11.035521507263184
-11.055156707763672
-11.098357200622559
-11.096346855163574
-11.093515396118164
-11.107539176940918
-11.088292121887207
-11.094320297241211
-11.075185775756836
-11.076651573181152
-11.091500282287598
-11.094280242919922
-11.071630477905273
-11.087754249572754
-11.08381175994873
-11.09610652923584
-11.114283561706543
-11.098227500915527
-11.101539611816406
-11.086393356323242
-11.101522445678711
-11.072800636291504
-11.098727226257324
-11.085777282714844
-11.06706714630127
-11.07690715789795
-11.052927017211914
-11.036054611206055
-11.021859169006348
-11.100081443786621
-11.10572624206543
-11.11082935333252
-11.119563102722168
-11.11426830291748
-11.106717109680176
-11.109478950500488
-11.09151840209961
-11.086677551269531
-11.10934066772461
-11.113283157348633
-11.113362312316895
-11.129258155822754
-11.120803833007812
-11.118270874023438
-11.122220993041992
-11.114962577819824
-11.109955787658691
-11.134981155395508
-11.10841178894043
-11.119933128356934
-11.136857986450195
-11.082056999206543
-11.12255573272705
-11.090094566345215
-11.0860595703125
-11.074923515319824
-11.103483200073242
-11.09691047668457
-11.132315635681152
-11.118680953979492
-11.108372688293457
-11.073176383972168
-11.081182479858398
-11.087803840637207
-11.123291015625
-11.105694770812988
-11.128253936767578
-11.107037544250488
-11.15205192565918
-11.122081756591797
-11.088728904724121
-11.088717460632324
-11.095439910888672
-11.084295272827148
-11.097512245178223
-11.12283992767334
-11.127464294433594
-11.110130310058594
-11.128807067871094
-11.146075248718262
-11.115921020507812
-11.141634941101074
-11.11870288848877
-11.126729965209961
-11.150489807128906
-11.141124725341797
-11.106816291809082
-11.101373672485352
-11.108807563781738
-11.109617233276367
-11.12863826751709
-11.084714889526367
-11.084617614746094
-11.06665325164795
-11.115750312805176
-11.149742126464844
-11.145307540893555
-11.12989616394043
-11.113158226013184
-11.07076358795166
-11.089478492736816
-11.096207618713379
-11.118132591247559
-11.137285232543945
-11.135100364685059
-11.155089378356934
-11.124374389648438
-11.135761260986328
-11.139286041259766
-11.133625984191895
-11.132373809814453
-11.148197174072266
-11.155824661254883
-11.144622802734375
-11.125166893005371
-11.105324745178223
-11.103449821472168
-11.113007545471191
-11.133997917175293
-11.154206275939941
-11.13392448425293
-11.13114070892334
-11.10851764678955
-11.13101577758789
-11.112191200256348
-11.09320068359375
-11.097708702087402
-11.13493537902832
-11.142027854919434
-11.1556978225708
-11.161192893981934
-11.165184020996094
-11.150129318237305
-11.145170211791992
-11.161133766174316
-11.144237518310547
-11.105695724487305
-11.0657377243042
-11.091216087341309
-11.132034301757812
-11.131962776184082
-11.138169288635254
-11.132356643676758
-11.16323184967041
-11.151530265808105
-11.149697303771973
-11.15407943725586
-11.13489818572998
-11.15185832977295
-11.145625114440918
-11.1338529586792
-11.134136199951172
-11.135554313659668
-11.150575637817383
-11.157225608825684
-11.165595054626465
-11.150400161743164
-11.162530899047852
-11.15728759765625
-11.120985984802246
-11.111275672912598
-11.080829620361328
-11.107537269592285
-11.146428108215332
-11.17984390258789
-11.15163803100586
-11.13214111328125
-11.09519100189209
-11.142897605895996
-11.149602890014648
-11.151485443115234
-11.157646179199219
-11.150936126708984
-11.117329597473145
-11.040136337280273
-11.081268310546875
-11.120254516601562
-11.169568061828613
-11.146692276000977
-11.123211860656738
-11.057012557983398
-11.085443496704102
-11.143991470336914
-11.159280776977539
-11.111801147460938
-11.0707368850708
-11.079061508178711
-11.165514945983887
-11.14172649383545
-11.112768173217773
-11.100164413452148
-11.141866683959961
-11.165492057800293
-11.160843849182129
-11.150344848632812
-11.164762496948242
-11.177824974060059
-11.143585205078125
-11.170554161071777
-11.161393165588379
-11.197158813476562
-11.157964706420898
-11.174174308776855
-11.162235260009766
-11.162129402160645
-11.181634902954102
-11.181320190429688
-11.187052726745605
-11.17236042022705
-11.184674263000488
-11.194269180297852
-11.186370849609375
-11.178130149841309
-11.164278030395508
-11.185946464538574
-11.175493240356445
-11.195202827453613
-11.16019344329834
-11.162723541259766
-11.176609992980957
-11.147848129272461
-11.156684875488281
-11.17210578918457
-11.183838844299316
-11.20046329498291
-11.199905395507812
-11.174272537231445
-11.169692993164062
-11.167665481567383
-11.181644439697266
-11.189713478088379
-11.179343223571777
-11.171769142150879
-11.182148933410645
-11.17399787902832
-11.17603588104248
-11.180915832519531
-11.187602996826172
-11.163689613342285
-11.166980743408203
-11.166512489318848
-11.188563346862793
-11.173319816589355
-11.192631721496582
-11.183599472045898
-11.178115844726562
-11.204655647277832
-11.185471534729004
-11.173831939697266
-11.206759452819824
-11.190741539001465
-11.198917388916016
-11.18409538269043
-11.186137199401855
-11.177434921264648
-11.187719345092773
-11.19941234588623
-11.185676574707031
-11.19839859008789
-11.18058967590332
-11.199015617370605
-11.182464599609375
-11.193689346313477
-11.194491386413574
-11.208451271057129
-11.20911979675293
-11.199868202209473
-11.175402641296387
-11.186941146850586
-11.208802223205566
-11.171801567077637
-11.167820930480957
-11.15324592590332
-11.12773323059082
-11.167282104492188
-11.172316551208496
-11.160003662109375
-11.197295188903809
-11.203007698059082
-11.212178230285645
-11.191936492919922
-11.164080619812012
-11.192086219787598
-11.19459342956543
-11.204572677612305
-11.183018684387207
-11.185749053955078
-11.194589614868164
-11.202496528625488
-11.185059547424316
-11.195673942565918
-11.189438819885254
-11.18636703491211
-11.165825843811035
-11.167280197143555
-11.169123649597168
-11.214354515075684
-11.192553520202637
-11.1764554977417
-11.161367416381836
-11.170920372009277
-11.16871452331543
-11.188961029052734
-11.181509017944336
-11.185812950134277
-11.18643856048584
-11.196789741516113
-11.184074401855469
-11.189181327819824
-11.186702728271484
-11.212065696716309
-11.217520713806152
-11.20236873626709
-11.201614379882812
-11.159263610839844
-11.154909133911133
-11.157370567321777
-11.181320190429688
-11.195176124572754
-11.194893836975098
-11.216264724731445
-11.195450782775879
-11.176883697509766
-11.148390769958496
-11.174140930175781
-11.178033828735352
-11.192541122436523
-11.22603702545166
-11.213629722595215
-11.210949897766113
-11.224433898925781
-11.194652557373047
-11.185060501098633
-11.193428993225098
-11.162626266479492
-11.1651029586792
-11.185941696166992
-11.196643829345703
-11.201918601989746
-11.220937728881836
-11.210047721862793
-11.215826988220215
-11.23847484588623
-11.212172508239746
-11.223688125610352
-11.215632438659668
-11.212034225463867
-11.196011543273926
-11.205362319946289
-11.217421531677246
-11.201643943786621
-11.196309089660645
-11.172118186950684
-11.187149047851562
-11.2061185836792
-11.212691307067871
-11.220328330993652
-11.222432136535645
-11.205406188964844
-11.182056427001953
-11.132404327392578
-11.165122985839844
-11.190513610839844
-11.190281867980957
-11.225801467895508
-11.22871208190918
-11.188897132873535
-11.150946617126465
-11.144417762756348
-11.162806510925293
-11.204268455505371
-11.208003044128418
-11.214765548706055
-11.212625503540039
-11.228036880493164
-11.222701072692871
-11.209076881408691
-11.212098121643066
-11.215118408203125
-11.218537330627441
-11.210992813110352
-11.22717571258545
-11.20870304107666
-11.224469184875488
-11.215123176574707
-11.22443675994873
-11.220317840576172
-11.215755462646484
-11.224638938903809
-11.2359619140625
-11.235212326049805
-11.214835166931152
-11.231681823730469
-11.213345527648926
-11.228328704833984
-11.227263450622559
-11.205751419067383
-11.218616485595703
-11.209081649780273
-11.195069313049316
-11.219101905822754
-11.202838897705078
-11.20235824584961
-11.21090316772461
-11.213823318481445
-11.215848922729492
-11.223844528198242
-11.225767135620117
-11.236615180969238
-11.236615180969238
-11.213265419006348
-11.201489448547363
-11.202098846435547
-11.23058795928955
-11.233258247375488
-11.237332344055176
-11.23112964630127
-11.237032890319824
-11.237348556518555
-11.209432601928711
-11.23430347442627
-11.223409652709961
-11.252731323242188
-11.235939025878906
-11.218624114990234
-11.208789825439453
-11.170727729797363
-11.200146675109863
-11.241172790527344
-11.235071182250977
-11.232425689697266
-11.239392280578613
-11.215653419494629
-11.20547866821289
-11.180066108703613
-11.180987358093262
-11.165958404541016
-11.200835227966309
-11.217305183410645
-11.24099063873291
-11.242779731750488
-11.225777626037598
-11.212859153747559
-11.204933166503906
-11.17669677734375
-11.197611808776855
-11.22898006439209
-11.244892120361328
-11.225690841674805
-11.179739952087402
-11.152759552001953
-11.19699478149414
-11.225773811340332
-11.232049942016602
-11.225722312927246
-11.19015884399414
-11.201519966125488
-11.210746765136719
-11.216959953308105
-11.238471984863281
-11.23590087890625
-11.234993934631348
-11.234210014343262
-11.23878288269043
-11.227710723876953
-11.240930557250977
-11.241119384765625
-11.249029159545898
-11.235566139221191
-11.23793888092041
-11.22070598602295
-11.229230880737305
-11.227747917175293
-11.229743003845215
-11.224080085754395
-11.241568565368652
-11.239137649536133
-11.245762825012207
-11.236645698547363
-11.25278377532959
-11.255655288696289
-11.248857498168945
-11.251934051513672
-11.246417045593262
-11.248749732971191
-11.243278503417969
-11.22828483581543
-11.23861312866211
-11.25101375579834
-11.258586883544922
-11.239799499511719
-11.242844581604004
-11.2532958984375
-11.249777793884277
-11.254602432250977
-11.252328872680664
-11.259160995483398
-11.262243270874023
-11.267476081848145
-11.260156631469727
-11.247161865234375
-11.249004364013672
-11.258480072021484
-11.254876136779785
-11.254420280456543
-11.255229949951172
-11.243017196655273
-11.236481666564941
-11.235847473144531
-11.224987983703613
-11.222432136535645
-11.229955673217773
-11.241125106811523
-11.249552726745605
-11.26933479309082
-11.261748313903809
-11.252107620239258
-11.256721496582031
-11.265236854553223
-11.247808456420898
-11.2583646774292
-11.2511568069458
-11.253072738647461
-11.251460075378418
-11.256353378295898
-11.259675025939941
-11.253801345825195
-11.247186660766602
-11.241212844848633
-11.239400863647461
-11.22208023071289
-11.223725318908691
-11.210491180419922
-11.227948188781738
-11.220651626586914
-11.242465019226074
-11.251816749572754
-11.250839233398438
-11.273270606994629
-11.266058921813965
-11.237239837646484
-11.198675155639648
-11.154900550842285
-11.175265312194824
-11.235355377197266
-11.255305290222168
-11.230608940124512
-11.149794578552246
-11.125822067260742
-11.2235689163208
-11.255288124084473
-11.257445335388184
-11.192046165466309
-11.143877983093262
-11.182561874389648
-11.263737678527832
-11.25149154663086
-11.179189682006836
-11.138803482055664
-11.224194526672363
-11.26741886138916
-11.233296394348145
-11.216960906982422
-11.218230247497559
-11.242904663085938
-11.242977142333984
-11.26424789428711
-11.275079727172852
-11.250974655151367
-11.2588529586792
-11.259525299072266
-11.250215530395508
-11.274203300476074
-11.260180473327637
-11.252436637878418
-11.25164794921875
-11.267280578613281
-11.276642799377441
-11.26602840423584
-11.261817932128906
-11.276187896728516
-11.253748893737793
-11.235956192016602
-11.231549263000488
-11.241254806518555
-11.243066787719727
-11.251962661743164
-11.25320816040039
-11.271634101867676
-11.260645866394043
-11.25264835357666
-11.252738952636719
-11.262042999267578
-11.251492500305176
-11.268845558166504
-11.2546968460083
-11.267521858215332
-11.275266647338867
-11.261290550231934
-11.267648696899414
-11.274948120117188
-11.26313304901123
-11.26803970336914
-11.268268585205078
-11.249557495117188
-11.254422187805176
-11.242637634277344
-11.245718955993652
-11.268135070800781
-11.268380165100098
-11.262179374694824
-11.231666564941406
-11.232658386230469
-11.24412727355957
-11.259562492370605
-11.275533676147461
-11.279330253601074
-11.281396865844727
-11.26146125793457
-11.255844116210938
-11.244481086730957
-11.263472557067871
-11.25617504119873
-11.271026611328125
-11.273715019226074
-11.267558097839355
-11.259013175964355
-11.264376640319824
-11.237574577331543
-11.23794174194336
-11.258376121520996
-11.270524024963379
-11.261519432067871
-11.2784423828125
-11.263920783996582
-11.242694854736328
-11.237456321716309
-11.240857124328613
-11.262076377868652
-11.276576042175293
-11.277461051940918
-11.258597373962402
-11.263421058654785
-11.257420539855957
-11.235950469970703
-11.256993293762207
-11.263662338256836
-11.270496368408203
-11.277192115783691
-11.271821975708008
-11.2797212600708
-11.266983985900879
-11.269755363464355
-11.278059005737305
-11.260608673095703
-11.290474891662598
-11.280107498168945
-11.290112495422363
-11.277288436889648
-11.274547576904297
-11.279043197631836
-11.274580001831055
-11.263396263122559
-11.265522003173828
-11.2625732421875
-11.268315315246582
-11.283735275268555
-11.286209106445312
-11.281961441040039
-11.282597541809082
-11.283321380615234
-11.270084381103516
-11.286311149597168
-11.295441627502441
-11.282050132751465
-11.284345626831055
-11.275979042053223
-11.285847663879395
-11.269765853881836
-11.273548126220703
-11.27629566192627
-11.270282745361328
-11.273508071899414
-11.27982234954834
-11.287208557128906
-11.288390159606934
-11.281293869018555
-11.28927993774414
-11.282453536987305
-11.296324729919434
-11.29849910736084
-11.284181594848633
-11.289986610412598
-11.290828704833984
-11.287827491760254
-11.28160285949707
-11.283641815185547
-11.282777786254883
-11.288702011108398
-11.281158447265625
-11.288300514221191
-11.286391258239746
-11.300736427307129
-11.290922164916992
-11.28330135345459
-11.290026664733887
-11.28972339630127
-11.27159309387207
-11.26294231414795
-11.280135154724121
-11.270612716674805
-11.271181106567383
-11.279844284057617
-11.26989459991455
-11.26822280883789
-11.254490852355957
-11.269660949707031
-11.293676376342773
-11.280220031738281
-11.288771629333496
-11.290730476379395
-11.282770156860352
-11.300169944763184
-11.292341232299805
-11.288922309875488
-11.291864395141602
-11.289973258972168
-11.294833183288574
-11.294147491455078
-11.286643028259277
-11.296298027038574
-11.286423683166504
-11.2876615524292
-11.29311466217041
-11.263849258422852
-11.25212287902832
-11.245840072631836
-11.242913246154785
-11.255866050720215
-11.254261016845703
-11.257346153259277
-11.272356986999512
-11.271185874938965
-11.283526420593262
-11.292109489440918
-11.290141105651855
-11.283646583557129
-11.279516220092773
-11.26668930053711
-11.259121894836426
-11.260762214660645
-11.249823570251465
-11.254170417785645
-11.268988609313965
-11.260643005371094
-11.276280403137207
-11.291481971740723
-11.29234790802002
-11.29100227355957
-11.28634262084961
-11.28909683227539
-11.299200057983398
-11.285139083862305
-11.298587799072266
-11.293457984924316
-11.278263092041016
-11.265096664428711
-11.244769096374512
-11.257711410522461
-11.252643585205078
-11.266583442687988
-11.294293403625488
-11.295011520385742
-11.300930976867676
-11.304485321044922
-11.290562629699707
-11.27721118927002
-11.281580924987793
-11.294827461242676
-11.290107727050781
-11.29654312133789
-11.304780960083008
-11.29287338256836
-11.280271530151367
-11.27659797668457
-11.264267921447754
-11.250871658325195
-11.27078914642334
-11.283001899719238
-11.274785041809082
-11.273921012878418
-11.248047828674316
-11.268073081970215
-11.26649284362793
-11.276803016662598
-11.278027534484863
-11.292840957641602
-11.287715911865234
-11.27980899810791
-11.265274047851562
-11.259718894958496
-11.274476051330566
-11.269634246826172
-11.283369064331055
-11.299276351928711
-11.286409378051758
-11.28217887878418
-11.284903526306152
-11.261500358581543
-11.286864280700684
-11.280682563781738
-11.289573669433594
-11.294649124145508
-11.296088218688965
-11.306195259094238
-11.290994644165039
-11.294722557067871
-11.301454544067383
-11.28845500946045
-11.286857604980469
-11.27542781829834
-11.285099983215332
-11.291802406311035
-11.291853904724121
-11.29055118560791
-11.263572692871094
-11.28293514251709
-11.277083396911621
-11.298771858215332
-11.292860984802246
-11.300163269042969
-11.297021865844727
-11.308465003967285
-11.302347183227539
-11.305685043334961
-11.30172348022461
-11.30708122253418
-11.304579734802246
-11.29823112487793
-11.295357704162598
-11.307050704956055
-11.306221008300781
-11.31052017211914
-11.312658309936523
-11.300861358642578
-11.294028282165527
-11.299782752990723
-11.28795051574707
-11.293008804321289
-11.306368827819824
-11.286216735839844
-11.307270050048828
-11.314309120178223
-11.298051834106445
-11.305545806884766
-11.301858901977539
-11.31800651550293
-11.316549301147461
-11.309610366821289
-11.306879043579102
-11.302850723266602
-11.310293197631836
-11.3148775100708
-11.302373886108398
-11.29519271850586
-11.304712295532227
-11.279008865356445
-11.294157981872559
-11.271557807922363
-11.265289306640625
-11.278009414672852
-11.286703109741211
-11.285258293151855
-11.29281234741211
-11.30118465423584
-11.317902565002441
-11.311015129089355
-11.31556510925293
-11.31531047821045
-11.308236122131348
-11.3008394241333
-11.275446891784668
-11.276113510131836
-11.268815994262695
-11.273384094238281
-11.284689903259277
-11.302887916564941
-11.297537803649902
-11.2915678024292
-11.272994041442871
-11.279038429260254
-11.28288745880127
-11.293808937072754
-11.297045707702637
-11.316514015197754
-11.315404891967773
-11.323149681091309
-11.301921844482422
-11.265678405761719
-11.251370429992676
-11.27743911743164
-11.30125617980957
-11.313756942749023
-11.306638717651367
-11.311408042907715
-11.300215721130371
-11.291172981262207
-11.27448558807373
-11.26667308807373
-11.269492149353027
-11.288728713989258
-11.307835578918457
-11.310844421386719
-11.316749572753906
-11.307258605957031
-11.282163619995117
-11.255062103271484
-11.261577606201172
-11.280665397644043
-11.30901050567627
-11.289868354797363
-11.247819900512695
-11.260239601135254
-11.2965726852417
-11.322288513183594
-11.322304725646973
-11.293275833129883
-11.289338111877441
-11.265130043029785
-11.278388977050781
-11.277103424072266
-11.283069610595703
-11.310301780700684
-11.311294555664062
-11.320087432861328
-11.31364631652832
-11.305667877197266
-11.312735557556152
-11.31521224975586
-11.318458557128906
-11.310944557189941
-11.308390617370605
-11.324084281921387
-11.306623458862305
-11.316559791564941
-11.312710762023926
-11.32351016998291
-11.320265769958496
-11.320047378540039
-11.307289123535156
-11.297932624816895
-11.290153503417969
-11.29054069519043
-11.286327362060547
-11.285609245300293
-11.298447608947754
-11.305245399475098
-11.313568115234375
-11.326950073242188
-11.317221641540527
-11.319682121276855
-11.32031536102295
-11.314359664916992
-11.311755180358887
-11.307799339294434
-11.31411075592041
-11.32448959350586
-11.309422492980957
-11.321846008300781
-11.317724227905273
-11.325335502624512
-11.32213020324707
-11.328370094299316
-11.314291000366211
-11.319192886352539
-11.301770210266113
-11.321287155151367
-11.316007614135742
-11.320752143859863
-11.310997009277344
-11.316230773925781
-11.3223876953125
-11.325069427490234
-11.318211555480957
-11.310750007629395
-11.32767391204834
-11.327425956726074
-11.330684661865234
-11.322434425354004
-11.318339347839355
-11.320244789123535
-11.310997009277344
-11.300434112548828
-11.297578811645508
-11.289053916931152
-11.29617977142334
-11.301634788513184
-11.312185287475586
-11.312323570251465
-11.311327934265137
-11.322181701660156
-11.314752578735352
-11.320236206054688
-11.308046340942383
-11.30215835571289
-11.29594898223877
-11.294905662536621
-11.293087005615234
-11.290743827819824
-11.290413856506348
-11.311243057250977
-11.32315731048584
-11.317612648010254
-11.290553092956543
-11.274615287780762
-11.281757354736328
-11.3004150390625
-11.313728332519531
-11.327759742736816
-11.316158294677734
-11.309247016906738
-11.276101112365723
-11.251285552978516
-11.26992416381836
-11.317107200622559
-11.315314292907715
-11.307415962219238
-11.292162895202637
-11.263175010681152
-11.273881912231445
-11.300924301147461
-11.314099311828613
-11.319725036621094
-11.320673942565918
-11.311850547790527
-11.312002182006836
-11.31264591217041
-11.310676574707031
-11.321083068847656
-11.32235336303711
-11.31737995147705
-11.32049560546875
-11.296184539794922
-11.30266284942627
-11.29525089263916
-11.31867504119873
-11.316230773925781
-11.326284408569336
-11.329689979553223
-11.332913398742676
-11.327313423156738
-11.30681037902832
-11.29532241821289
-11.291690826416016
-11.303793907165527
-11.319538116455078
-11.332908630371094
-11.334297180175781
-11.321229934692383
-11.311362266540527
-11.30121898651123
-11.294426918029785
-11.296127319335938
-11.286012649536133
-11.29177474975586
-11.304128646850586
-11.312617301940918
-11.324006080627441
-11.310761451721191
-11.301597595214844
-11.30860710144043
-11.297785758972168
-11.298580169677734
-11.31220817565918
-11.333139419555664
-11.33741283416748
-11.32974624633789
-11.321337699890137
-11.333345413208008
-11.319287300109863
-11.313253402709961
-11.304330825805664
-11.319080352783203
-11.332597732543945
-11.325210571289062
-11.326370239257812
-11.306711196899414
-11.28433609008789
-11.271126747131348
-11.280160903930664
-11.299684524536133
-11.304875373840332
-11.320513725280762
-11.318700790405273
-11.308331489562988
-11.318876266479492
-11.29997730255127
-11.299236297607422
-11.322904586791992
-11.322952270507812
-11.323017120361328
-11.330024719238281
-11.335796356201172
-11.328094482421875
-11.323902130126953
-11.300127029418945
-11.297733306884766
-11.3070707321167
-11.328909873962402
-11.328283309936523
-11.323808670043945
-11.318103790283203
-11.309383392333984
-11.293940544128418
-11.308242797851562
-11.32226276397705
-11.326912879943848
-11.327077865600586
-11.331061363220215
-11.332286834716797
-11.327213287353516
-11.333788871765137
-11.32603645324707
-11.292030334472656
-11.260968208312988
-11.269624710083008
-11.303523063659668
-11.331646919250488
-11.319254875183105
-11.305489540100098
-11.288545608520508
-11.283441543579102
-11.314022064208984
-11.328639030456543
-11.312674522399902
-11.272247314453125
-11.254097938537598
-11.282041549682617
-11.323530197143555
-11.336898803710938
-11.32314395904541
-11.318042755126953
-11.330992698669434
-11.338736534118652
-11.335540771484375
-11.31871223449707
-11.30461311340332
-11.304021835327148
-11.317000389099121
-11.322056770324707
-11.327558517456055
-11.334798812866211
-11.32607364654541
-11.313977241516113
-11.283256530761719
-11.280660629272461
-11.2954683303833
-11.320265769958496
-11.326085090637207
-11.330963134765625
-11.330684661865234
-11.31550407409668
-11.311151504516602
-11.309547424316406
-11.311965942382812
-11.322949409484863
-11.335017204284668
-11.323558807373047
-11.319979667663574
-11.314924240112305
-11.315628051757812
-11.324848175048828
-11.328161239624023
-11.341307640075684
-11.326939582824707
-11.31470775604248
-11.313300132751465
-11.336607933044434
-11.342556953430176
-11.33353328704834
-11.330438613891602
-11.320157051086426
-11.31932544708252
-11.321656227111816
-11.331388473510742
-11.340076446533203
-11.33622932434082
-11.337318420410156
-11.336099624633789
-11.338705062866211
-11.338703155517578
-11.339164733886719
-11.332962036132812
-11.334497451782227
-11.325299263000488
-11.329328536987305
-11.329035758972168
-11.330558776855469
-11.334345817565918
-11.327993392944336
-11.334814071655273
-11.338969230651855
-11.335697174072266
-11.342203140258789
-11.342172622680664
-11.338340759277344
-11.339789390563965
-11.338757514953613
-11.338218688964844
-11.339568138122559
-11.340547561645508
-11.34172248840332
-11.338708877563477
-11.335489273071289
-11.340046882629395
-11.328302383422852
-11.345355033874512
-11.337088584899902
-11.336718559265137
-11.327245712280273
-11.341752052307129
-11.34114933013916
-11.341561317443848
-11.33935546875
-11.342199325561523
-11.33855152130127
-11.34500503540039
-11.343267440795898
-11.339207649230957
-11.346949577331543
-11.335616111755371
-11.341431617736816
-11.340353965759277
-11.33676528930664
-11.334036827087402
-11.334144592285156
-11.33071231842041
-11.329980850219727
-11.328904151916504
-11.322957038879395
-11.336613655090332
-11.329964637756348
-11.335619926452637
-11.326973915100098
-11.32706069946289
-11.328715324401855
-11.338191986083984
-11.336835861206055
-11.342630386352539
-11.335610389709473
-11.328797340393066
-11.33450984954834
-11.333873748779297
-11.337560653686523
-11.34089183807373
-11.338827133178711
-11.339356422424316
-11.339812278747559
-11.318379402160645
-11.312020301818848
-11.29587459564209
-11.2942476272583
-11.300105094909668
-11.33169937133789
-11.34002685546875
-11.319668769836426
-11.279760360717773
-11.242637634277344
-11.26268482208252
-11.32048511505127
-11.343367576599121
-11.320062637329102
-11.240789413452148
-11.215426445007324
-11.299784660339355
-11.341795921325684
-11.314237594604492
-11.230569839477539
-11.221294403076172
-11.30536937713623
-11.342233657836914
-11.311985969543457
-11.273488998413086
-11.2861328125
-11.335643768310547
-11.325261116027832
-11.27553653717041
-11.242613792419434
-11.292136192321777
-11.341456413269043
-11.314291954040527
-11.241296768188477
-11.261190414428711
-11.32812213897705
-11.341686248779297
-11.299513816833496
-11.259571075439453
-11.274646759033203
-11.329498291015625
-11.346357345581055
-11.309148788452148
-11.291238784790039
-11.316086769104004
-11.335378646850586
-11.331043243408203
-11.306659698486328
-11.32170295715332
-11.333735466003418
-11.347047805786133
-11.320038795471191
-11.292724609375
-11.298042297363281
-11.334010124206543
-11.34726333618164
-11.333531379699707
-11.314456939697266
-11.301177978515625
-11.310125350952148
-11.338337898254395
-11.334712982177734
-11.28281307220459
-11.283843040466309
-11.325074195861816
-11.33642292022705
-11.324499130249023
-11.305571556091309
-11.31666374206543
-11.327563285827637
-11.348475456237793
-11.349078178405762
-11.335835456848145
-11.327668190002441
-11.335685729980469
-11.325212478637695
-11.336085319519043
-11.3423490524292
-11.343615531921387
-11.334308624267578
-11.330183982849121
-11.336919784545898
-11.336857795715332
-11.344725608825684
-11.347389221191406
-11.333868026733398
-11.330440521240234
-11.330804824829102
-11.333213806152344
-11.34466552734375
-11.354697227478027
-11.347052574157715
-11.351227760314941
-11.355568885803223
-11.353443145751953
-11.348474502563477
-11.351353645324707
-11.351598739624023
-11.347466468811035
-11.3486328125
-11.340351104736328
-11.345911026000977
-11.340846061706543
-11.34363842010498
-11.345585823059082
-11.346071243286133
-11.346445083618164
-11.343289375305176
-11.34847354888916
-11.344629287719727
-11.351347923278809
-11.349764823913574
-11.346981048583984
-11.34148120880127
-11.347478866577148
-11.336119651794434
-11.338790893554688
-11.344995498657227
-11.344592094421387
-11.348224639892578
-11.353153228759766
-11.347760200500488
-11.34087085723877
-11.337028503417969
-11.329198837280273
-11.337008476257324
-11.344484329223633
-11.343295097351074
-11.337528228759766
-11.333937644958496
-11.338473320007324
-11.34433364868164
-11.34809398651123
-11.342551231384277
-11.34220027923584
-11.337410926818848
-11.342001914978027
-11.34030532836914
-11.346688270568848
-11.335741996765137
-11.324976921081543
-11.329310417175293
-11.340566635131836
-11.34698486328125
-11.34992504119873
-11.338981628417969
-11.327860832214355
-11.326369285583496
-11.329244613647461
-11.329364776611328
-11.3392333984375
-11.342041015625
-11.347877502441406
-11.35299015045166
-11.355001449584961
-11.347700119018555
-11.3533353805542
-11.346097946166992
-11.345073699951172
-11.345458030700684
-11.353178977966309
-11.358150482177734
-11.350489616394043
-11.347844123840332
-11.344078063964844
-11.34763240814209
-11.353874206542969
-11.353355407714844
-11.349720001220703
-11.355668067932129
-11.351606369018555
-11.355193138122559
-11.350119590759277
-11.355311393737793
-11.353196144104004
-11.354705810546875
-11.348620414733887
-11.354120254516602
-11.353694915771484
-11.351916313171387
-11.352090835571289
-11.355667114257812
-11.354891777038574
-11.344094276428223
-11.346844673156738
-11.349706649780273
-11.352228164672852
-11.35342788696289
-11.349552154541016
-11.352727890014648
-11.358489990234375
-11.347904205322266
-11.345841407775879
-11.35128116607666
-11.350688934326172
-11.35073184967041
-11.349934577941895
-11.354044914245605
-11.354705810546875
-11.352425575256348
-11.354423522949219
-11.354084968566895
-11.360852241516113
-11.358570098876953
-11.359967231750488
-11.35537052154541
-11.360468864440918
-11.35522174835205
-11.356999397277832
-11.355486869812012
-11.358085632324219
-11.359755516052246
-11.355940818786621
-11.355079650878906
-11.357624053955078
-11.356629371643066
-11.355631828308105
-11.360926628112793
-11.356588363647461
-11.353362083435059
-11.353796005249023
-11.353849411010742
-11.356019973754883
-11.359280586242676
-11.3560152053833
-11.34730052947998
-11.348590850830078
-11.347103118896484
-11.344802856445312
-11.344913482666016
-11.34642505645752
-11.348456382751465
-11.351743698120117
-11.354192733764648
-11.355500221252441
-11.359561920166016
-11.35903263092041
-11.351608276367188
-11.348017692565918
-11.32983112335205
-11.323531150817871
-11.341730117797852
-11.356361389160156
-11.357701301574707
-11.345826148986816
-11.31153392791748
-11.307579040527344
-11.308958053588867
-11.325386047363281
-11.34237003326416
-11.357900619506836
-11.348978042602539
-11.320793151855469
-11.296216011047363
-11.285237312316895
-11.285970687866211
-11.310940742492676
-11.339040756225586
-11.353593826293945
-11.355975151062012
-11.342602729797363
-11.324235916137695
-11.321374893188477
-11.319530487060547
-11.340904235839844
-11.348152160644531
-11.35588264465332
-11.353731155395508
-11.345505714416504
-11.304859161376953
-11.279793739318848
-11.279990196228027
-11.316333770751953
-11.341351509094238
-11.358625411987305
-11.355340957641602
-11.351500511169434
-11.349896430969238
-11.352910041809082
-11.358630180358887
-11.359233856201172
-11.353564262390137
-11.355841636657715
-11.353797912597656
-11.35458755493164
-11.360207557678223
-11.35783576965332
-11.353073120117188
-11.338138580322266
-11.321066856384277
-11.31434154510498
-11.306177139282227
-11.32018756866455
-11.335834503173828
-11.357890129089355
-11.360673904418945
-11.349540710449219
-11.343074798583984
-11.346356391906738
-11.356380462646484
-11.363947868347168
-11.349471092224121
-11.321525573730469
-11.30134391784668
-11.311810493469238
-11.351311683654785
-11.356890678405762
-11.347329139709473
-11.30606460571289
-11.276087760925293
-11.303772926330566
-11.336382865905762
-11.360163688659668
-11.350817680358887
-11.335753440856934
-11.32009220123291
-11.32666015625
-11.344164848327637
-11.343144416809082
-11.345995903015137
-11.352025032043457
-11.353536605834961
-11.352832794189453
-11.343409538269043
-11.334360122680664
-11.337946891784668
-11.345563888549805
-11.348098754882812
-11.336475372314453
-11.320023536682129
-11.311179161071777
-11.311087608337402
-11.327934265136719
-11.345773696899414
-11.353461265563965
-11.353340148925781
-11.353123664855957
-11.349076271057129
-11.34743881225586
-11.334803581237793
-11.332253456115723
-11.340128898620605
-11.342406272888184
-11.349360466003418
-11.353029251098633
-11.3582181930542
-11.353278160095215
-11.34396743774414
-11.3317232131958
-11.326870918273926
-11.336732864379883
-11.35241985321045
-11.3544340133667
-11.364590644836426
-11.356184959411621
-11.346155166625977
-11.341438293457031
-11.334091186523438
-11.33864688873291
-11.34555721282959
-11.354406356811523
-11.366766929626465
-11.356743812561035
-11.347884178161621
-11.3408784866333
-11.33104133605957
-11.342802047729492
-11.349740982055664
-11.361431121826172
-11.358010292053223
-11.352081298828125
-11.349359512329102
-11.345440864562988
-11.344414710998535
-11.343411445617676
-11.347373962402344
-11.358378410339355
-11.366323471069336
-11.354769706726074
-11.342546463012695
-11.307066917419434
-11.318136215209961
-11.334671974182129
-11.358511924743652
-11.319109916687012
-11.266304016113281
-11.311107635498047
-11.334827423095703
-11.254420280456543
-11.16994857788086
-11.30867862701416
-11.337061882019043
-11.241297721862793
-11.2406644821167
-11.356298446655273
-11.316019058227539
-11.195244789123535
-11.251368522644043
-11.358920097351074
-11.319811820983887
-11.20273494720459
-11.257749557495117
-11.334517478942871
-11.349735260009766
-11.329081535339355
-11.338730812072754
-11.351738929748535
-11.3547945022583
-11.35439395904541
-11.354147911071777
-11.345187187194824
-11.35055923461914
-11.356080055236816
-11.356356620788574
-11.340378761291504
-11.334619522094727
-11.344956398010254
-11.357552528381348
-11.3602933883667
-11.355205535888672
-11.360367774963379
-11.35194206237793
-11.355026245117188
-11.360238075256348
-11.361680030822754
-11.348188400268555
-11.361140251159668
-11.358685493469238
-11.362874031066895
-11.362264633178711
-11.3637113571167
-11.360960006713867
-11.361719131469727
-11.364982604980469
-11.35737133026123
-11.363058090209961
-11.362403869628906
-11.365161895751953
-11.366349220275879
-11.361674308776855
-11.370488166809082
-11.367652893066406
-11.366364479064941
-11.367277145385742
-11.363207817077637
-11.362401008605957
-11.366311073303223
-11.364681243896484
-11.365086555480957
-11.36131477355957
-11.361860275268555
-11.36163330078125
-11.362061500549316
-11.371641159057617
-11.368721008300781
-11.359822273254395
-11.363883018493652
-11.355365753173828
-11.364204406738281
-11.364619255065918
-11.365389823913574
-11.369231224060059
-11.36104965209961
-11.363808631896973
-11.365835189819336
-11.366439819335938
-11.368569374084473
-11.365849494934082
-11.375104904174805
-11.365453720092773
-11.370304107666016
-11.362606048583984
-11.369048118591309
-11.367812156677246
-11.369531631469727
-11.362565994262695
-11.36977481842041
-11.369800567626953
-11.368809700012207
-11.37099838256836
-11.372191429138184
-11.366554260253906
-11.368826866149902
-11.365789413452148
-11.371946334838867
-11.36671257019043
-11.36984634399414
-11.369342803955078
-11.370453834533691
-11.36800765991211
-11.371201515197754
-11.374881744384766
-11.37148666381836
-11.36928939819336
-11.37309455871582
-11.369682312011719
-11.373621940612793
-11.371431350708008
-11.370734214782715
-11.368382453918457
-11.370285034179688
-11.36243724822998
-11.361605644226074
-11.361547470092773
-11.362086296081543
-11.365801811218262
-11.364652633666992
-11.365327835083008
-11.370662689208984
-11.37094783782959
-11.373856544494629
-11.369818687438965
-11.370198249816895
-11.370107650756836
-11.363897323608398
-11.373544692993164
-11.371594429016113
-11.374095916748047
-11.372926712036133
-11.3748197555542
-11.370089530944824
-11.364147186279297
-11.359611511230469
-11.358739852905273
-11.359827995300293
-11.361878395080566
-11.36435317993164
-11.35579776763916
-11.29653549194336
-11.304366111755371
-11.328136444091797
-11.319148063659668
-11.323196411132812
-11.24097728729248
-11.307918548583984
-11.335015296936035
-11.31082534790039
-11.256963729858398
-11.154325485229492
-11.32540225982666
-11.33532428741455
-11.131065368652344
-11.137619018554688
-11.2978515625
-11.294855117797852
-11.089507102966309
-11.210615158081055
-11.338529586791992
-11.289901733398438
-11.227930068969727
-11.30125617980957
-11.349390029907227
-11.304471015930176
-11.295866966247559
-11.331267356872559
-11.316737174987793
-11.237356185913086
-11.247387886047363
-11.330065727233887
-11.279243469238281
-11.226518630981445
-11.32289981842041
-11.360042572021484
-11.250571250915527
-11.23990249633789
-11.356761932373047
-11.342852592468262
-11.245128631591797
-11.302010536193848
-11.369630813598633
-11.315325736999512
-11.257795333862305
-11.324549674987793
-11.368688583374023
-11.326131820678711
-11.28634262084961
-11.332073211669922
-11.345268249511719
-11.355223655700684
-11.3688325881958
-11.342494010925293
-11.349841117858887
-11.374237060546875
-11.363450050354004
-11.361271858215332
-11.367975234985352
-11.35744857788086
-11.347681045532227
-11.360557556152344
-11.368000030517578
-11.363855361938477
-11.354640007019043
-11.360688209533691
-11.365066528320312
-11.36783504486084
-11.369819641113281
-11.366561889648438
-11.367592811584473
-11.375030517578125
-11.375908851623535
-11.37229061126709
-11.371349334716797
-11.370996475219727
-11.376331329345703
-11.37368392944336
-11.371316909790039
-11.375234603881836
-11.375292778015137
-11.37264347076416
-11.374631881713867
-11.377367973327637
-11.374363899230957
-11.372715950012207
-11.37757682800293
-11.371284484863281
-11.373188018798828
-11.374428749084473
-11.372923851013184
-11.374565124511719
-11.375418663024902
-11.369813919067383
-11.372225761413574
-11.37492561340332
-11.377825736999512
-11.370878219604492
-11.380890846252441
-11.378458976745605
-11.374347686767578
-11.378171920776367
-11.372766494750977
-11.375262260437012
-11.375771522521973
-11.378824234008789
-11.37750244140625
-11.375370025634766
-11.375797271728516
-11.37740421295166
-11.378714561462402
-11.381672859191895
-11.379793167114258
-11.377645492553711
-11.37882137298584
-11.376790046691895
-11.380501747131348
-11.378228187561035
-11.380064010620117
-11.375532150268555
-11.38054370880127
-11.380708694458008
-11.376969337463379
-11.380520820617676
-11.378948211669922
-11.379077911376953
-11.378256797790527
-11.378449440002441
-11.384326934814453
-11.377813339233398
-11.377903938293457
-11.379463195800781
-11.378447532653809
-11.379684448242188
-11.38035774230957
-11.380653381347656
-11.378904342651367
-11.378381729125977
-11.373878479003906
-11.376450538635254
-11.3760404586792
-11.37718677520752
-11.377035140991211
-11.377654075622559
-11.379916191101074
-11.3807954788208
-11.379265785217285
-11.382688522338867
-11.380462646484375
-11.379803657531738
-11.381343841552734
-11.38125991821289
-11.382794380187988
-11.377813339233398
-11.383563995361328
-11.37541675567627
-11.380547523498535
-11.376252174377441
-11.379280090332031
-11.38089370727539
-11.38379192352295
-11.37643814086914
-11.377191543579102
-11.374521255493164
-11.372295379638672
-11.377928733825684
-11.373610496520996
-11.379900932312012
-11.381465911865234
-11.374836921691895
-11.380805969238281
-11.384414672851562
-11.379328727722168
-11.380748748779297
-11.375005722045898
-11.377056121826172
-11.373661994934082
-11.36995792388916
-11.370409965515137
-11.370687484741211
-11.370976448059082
-11.369607925415039
-11.37346363067627
-11.377594947814941
-11.379293441772461
-11.380016326904297
-11.369107246398926
-11.345783233642578
-11.334776878356934
-11.358304023742676
-11.376697540283203
-11.34742546081543
-11.315421104431152
-11.318584442138672
-11.349514961242676
-11.330877304077148
-11.354217529296875
-11.374852180480957
-11.3601713180542
-11.368066787719727
-11.359376907348633
-11.342768669128418
-11.356668472290039
-11.376667022705078
-11.364818572998047
-11.32519817352295
-11.336074829101562
-11.371880531311035
-11.381806373596191
-11.376163482666016
-11.369316101074219
-11.368207931518555
-11.370612144470215
-11.376862525939941
-11.382210731506348
-11.376445770263672
-11.381573677062988
-11.374003410339355
-11.358405113220215
-11.356429100036621
-11.368267059326172
-11.377812385559082
-11.382737159729004
-11.381820678710938
-11.378578186035156
-11.368461608886719
-11.3695068359375
-11.364948272705078
-11.361708641052246
-11.363262176513672
-11.36618423461914
-11.37757682800293
-11.376076698303223
-11.379701614379883
-11.380090713500977
-11.373039245605469
-11.372368812561035
-11.377838134765625
-11.381790161132812
-11.380990982055664
-11.379670143127441
-11.377004623413086
-11.377983093261719
-11.370057106018066
-11.377401351928711
-11.380450248718262
-11.386094093322754
-11.38127613067627
-11.37625503540039
-11.369610786437988
-11.364026069641113
-11.36115837097168
-11.362820625305176
-11.373184204101562
-11.380812644958496
-11.38337516784668
-11.38460922241211
-11.38016128540039
-11.376256942749023
-11.373016357421875
-11.370280265808105
-11.370733261108398
-11.369219779968262
-11.373109817504883
-11.37742805480957
-11.380074501037598
-11.381778717041016
-11.382131576538086
-11.383867263793945
-11.385643005371094
-11.384844779968262
-11.377286911010742
-11.382442474365234
-11.382040023803711
-11.381024360656738
-11.378257751464844
-11.373268127441406
-11.368995666503906
-11.361247062683105
-11.361063003540039
-11.3638916015625
-11.37061882019043
-11.378475189208984
-11.382442474365234
-11.381973266601562
-11.386873245239258
-11.382363319396973
-11.375204086303711
-11.381050109863281
-11.377076148986816
-11.380138397216797
-11.381755828857422
-11.38338851928711
-11.381514549255371
-11.38438892364502
-11.38293170928955
-11.38126277923584
-11.383206367492676
-11.378984451293945
-11.373899459838867
-11.371245384216309
-11.360908508300781
-11.352927207946777
-11.342476844787598
-11.34438419342041
-11.356167793273926
-11.369128227233887
-11.37629508972168
-11.3818998336792
-11.386812210083008
-11.385958671569824
-11.380871772766113
-11.379745483398438
-11.375555992126465
-11.368462562561035
-11.366127967834473
-11.363414764404297
-11.358710289001465
-11.362395286560059
-11.347953796386719
-11.345351219177246
-11.350980758666992
-11.35436725616455
-11.367852210998535
-11.377774238586426
-11.373112678527832
-11.379261016845703
-11.381091117858887
-11.379477500915527
-11.376825332641602
-11.370978355407715
-11.357170104980469
-11.342326164245605
-11.346338272094727
-11.36420726776123
-11.37800121307373
-11.385639190673828
-11.38235092163086
-11.38515567779541
-11.3798246383667
