loss_u
-4.0936598777771
-4.084492206573486
-4.19409704208374
-4.1061110496521
-4.176245212554932
-4.0951948165893555
-4.189394950866699
-4.175969123840332
-4.159116744995117
-4.260190963745117
-4.306124210357666
-4.361617088317871
-4.222373008728027
-4.318784713745117
-4.314397811889648
-4.314993381500244
-4.378734588623047
-4.511221885681152
-4.408484935760498
-4.516903877258301
-4.425638198852539
-4.497109413146973
-4.636866569519043
-4.649886608123779
-4.581190586090088
-4.6052565574646
-4.705913543701172
-4.738340377807617
-4.800444602966309
-4.934428691864014
-4.989867687225342
-4.8877787590026855
-4.924937725067139
-4.994255065917969
-5.113282203674316
-5.098282337188721
-5.240697383880615
-5.244603157043457
-5.361538410186768
-5.398748397827148
-5.487853527069092
-5.538570404052734
-5.593214988708496
-5.652951717376709
-5.7039031982421875
-5.775277614593506
-5.704556465148926
-5.647202491760254
-5.662478446960449
-5.655689239501953
-5.685074329376221
-5.65641975402832
-5.669870853424072
-5.649678707122803
-5.636821746826172
-5.771209716796875
-5.799000263214111
-5.736347198486328
-5.776848793029785
-5.76633882522583
-5.77338171005249
-5.732183933258057
-5.711669921875
-5.789086818695068
-5.759273052215576
-5.77686882019043
-5.80964469909668
-5.809587478637695
-5.888152599334717
-5.862280368804932
-5.838409900665283
-5.83492374420166
-5.850712299346924
-5.873976707458496
-5.903095245361328
-5.8763108253479
-5.922817230224609
-5.92245626449585
-5.994461536407471
-5.94974422454834
-5.952335357666016
-5.963571071624756
-5.928504943847656
-6.0099778175354
-5.985860824584961
-6.016520023345947
-6.021696090698242
-6.021849155426025
-6.049749851226807
-6.088249206542969
-6.0839033126831055
-6.136712551116943
-6.103428840637207
-6.123980522155762
-6.1539506912231445
-6.207211971282959
-6.224167823791504
-6.211710453033447
-6.286739349365234
-6.321394920349121
-6.336321830749512
-6.352350234985352
-6.364720344543457
-6.488136291503906
-6.505166053771973
-6.523343563079834
-6.576885223388672
-6.731921672821045
-6.635285377502441
-6.654080867767334
-6.781164169311523
-6.788594722747803
-6.930056571960449
-6.923587322235107
-6.891855239868164
-6.969801425933838
-6.967690467834473
-7.1953864097595215
-7.253817558288574
-7.274416923522949
-7.268392086029053
-7.442868232727051
-7.338428497314453
-7.416269302368164
-7.480261325836182
-7.4612135887146
-7.562026500701904
-7.456776142120361
-7.548980236053467
-7.459631443023682
-7.5189619064331055
-7.5713887214660645
-7.68580436706543
-7.527055263519287
-7.62924861907959
-7.693660259246826
-7.67380428314209
-7.475958824157715
-7.7030558586120605
-7.703764915466309
-7.7222723960876465
-7.784639835357666
-7.753668308258057
-7.766671180725098
-7.91084623336792
-7.79877233505249
-7.8803253173828125
-7.95138692855835
-7.921291351318359
-7.817677974700928
-8.032134056091309
-8.003894805908203
-8.018705368041992
-7.979996204376221
-7.992544174194336
-8.026975631713867
-8.072595596313477
-8.140799522399902
-8.042954444885254
-8.130526542663574
-8.208168029785156
-8.293343544006348
-8.337374687194824
-8.127906799316406
-8.204166412353516
-8.215909957885742
-8.270674705505371
-8.27292537689209
-8.331402778625488
-8.238505363464355
-8.246061325073242
-8.324673652648926
-8.306724548339844
-8.328859329223633
-8.357772827148438
-8.353979110717773
-8.364840507507324
-8.45417594909668
-8.473127365112305
-8.472055435180664
-8.366939544677734
-8.508097648620605
-8.464183807373047
-8.634429931640625
-8.5413818359375
-8.640338897705078
-8.559931755065918
-8.651515007019043
-8.545221328735352
-8.517898559570312
-8.58802604675293
-8.61403751373291
-8.772002220153809
-8.72097110748291
-8.693061828613281
-8.674382209777832
-8.66450023651123
-9.079432487487793
-8.834977149963379
-8.916614532470703
-8.773143768310547
-8.937909126281738
-8.82260799407959
-8.925092697143555
-8.90107536315918
-9.00500774383545
-8.879383087158203
-8.972558975219727
-8.97962474822998
-9.028048515319824
-9.027853012084961
-9.090636253356934
-9.088768005371094
-9.033075332641602
-9.159808158874512
-9.20256233215332
-9.12900161743164
-9.26675033569336
-9.217548370361328
-9.10971450805664
-9.095340728759766
-9.170259475708008
-9.250353813171387
-9.2114896774292
-9.276880264282227
-9.195961952209473
-9.313977241516113
-9.274588584899902
-9.309233665466309
-9.319515228271484
-9.254785537719727
-9.306697845458984
-9.344720840454102
-9.20125961303711
-9.490521430969238
-9.294654846191406
-9.346529006958008
-9.450773239135742
-9.442282676696777
-9.395408630371094
-9.190583229064941
-9.29395580291748
-9.527822494506836
-9.319927215576172
-9.53433609008789
-9.539135932922363
-9.450481414794922
-9.527069091796875
-9.428722381591797
-9.499715805053711
-9.456039428710938
-9.453818321228027
-9.462480545043945
-9.395699501037598
-9.604687690734863
-9.655740737915039
-9.516785621643066
-9.672147750854492
-9.669713020324707
-9.440864562988281
-9.612154960632324
-9.523722648620605
-9.629082679748535
-9.49669361114502
-9.639955520629883
-9.476651191711426
-9.85970687866211
-9.48878002166748
-9.708369255065918
-9.753890037536621
-9.788412094116211
-9.802614212036133
-9.600836753845215
-9.693102836608887
-9.626373291015625
-9.771899223327637
-9.688737869262695
-9.866750717163086
-9.75362491607666
-9.764551162719727
-9.742642402648926
-9.760249137878418
-9.753958702087402
-9.735919952392578
-9.91840648651123
-9.87380313873291
-9.805073738098145
-9.79680061340332
-9.842506408691406
-9.880373001098633
-9.80819320678711
-9.788528442382812
-9.980631828308105
-10.01346206665039
-9.970269203186035
-10.041922569274902
-9.975658416748047
-9.939936637878418
-9.831993103027344
-9.891779899597168
-10.005952835083008
-9.950469017028809
-9.997946739196777
-9.943275451660156
-10.102190971374512
-10.011829376220703
-10.096251487731934
-10.003480911254883
-9.995335578918457
-9.929644584655762
-10.03014087677002
-10.104991912841797
-9.953727722167969
-10.07188606262207
-9.941717147827148
-10.069829940795898
-10.041132926940918
-9.991777420043945
-10.136279106140137
-10.04101848602295
-10.005013465881348
-10.123353958129883
-10.05918025970459
-10.15343952178955
-10.19861125946045
-10.135222434997559
-10.160639762878418
-10.19715690612793
-10.139176368713379
-10.268464088439941
-10.244718551635742
-10.2559232711792
-10.232467651367188
-10.210431098937988
-10.229662895202637
-10.201168060302734
-10.26273250579834
-10.215307235717773
-10.25586223602295
-10.296570777893066
-10.325289726257324
-10.1539945602417
-10.184983253479004
-10.307031631469727
-10.19408893585205
-10.254068374633789
-10.31007194519043
-10.24492359161377
-10.382440567016602
-10.393281936645508
-10.370196342468262
-10.404478073120117
-10.375008583068848
-10.38193416595459
-10.442083358764648
-10.384847640991211
-10.421818733215332
-10.37510871887207
-10.473532676696777
-10.39771842956543
-10.410578727722168
-10.435226440429688
-10.361212730407715
-10.32847785949707
-10.532658576965332
-10.368415832519531
-10.236709594726562
-10.41920280456543
-10.386730194091797
-10.205522537231445
-10.4493989944458
-10.444539070129395
-10.31394100189209
-10.414769172668457
-10.480511665344238
-10.388849258422852
-10.438104629516602
-10.498662948608398
-10.411356925964355
-10.432354927062988
-10.539008140563965
-10.540498733520508
-10.495349884033203
-10.49620246887207
-10.549402236938477
-10.475768089294434
-10.426673889160156
-10.507168769836426
-10.47796630859375
-10.50728702545166
-10.549863815307617
-10.683329582214355
-10.526535034179688
-10.49154281616211
-10.636222839355469
-10.50876235961914
-10.469474792480469
-10.594657897949219
-10.472607612609863
-10.514205932617188
-10.607781410217285
-10.4764986038208
-10.56418514251709
-10.652729988098145
-10.506246566772461
-10.534308433532715
-10.631237030029297
-10.55259895324707
-10.689837455749512
-10.66106128692627
-10.555206298828125
-10.641544342041016
-10.6430025100708
-10.677328109741211
-10.57853889465332
-10.67831802368164
-10.677847862243652
-10.68900203704834
-10.684371948242188
-10.691143989562988
-10.69649600982666
-10.707797050476074
-10.743618965148926
-10.674260139465332
-10.676441192626953
-10.709046363830566
-10.696690559387207
-10.711142539978027
-10.686458587646484
-10.732110023498535
-10.687627792358398
-10.710380554199219
-10.637320518493652
-10.806132316589355
-10.747672080993652
-10.748764038085938
-10.719635009765625
-10.757611274719238
-10.798583984375
-10.756890296936035
-10.675429344177246
-10.716468811035156
-10.794412612915039
-10.688742637634277
-10.684977531433105
-10.759570121765137
-10.77305793762207
-10.738704681396484
-10.784514427185059
-10.802326202392578
-10.721003532409668
-10.739556312561035
-10.785835266113281
-10.821137428283691
-10.869613647460938
-10.726618766784668
-10.777910232543945
-10.77469253540039
-10.738874435424805
-10.834962844848633
-10.774672508239746
-10.778657913208008
-10.767193794250488
-10.742175102233887
-10.766538619995117
-10.806299209594727
-10.824576377868652
-10.80904483795166
-10.74181079864502
-10.798792839050293
-10.830251693725586
-10.755783081054688
-10.828580856323242
-10.844581604003906
-10.819700241088867
-10.794981956481934
-10.819640159606934
-10.837700843811035
-10.748851776123047
-10.793828964233398
-10.847451210021973
-10.75721263885498
-10.833986282348633
-10.79035758972168
-10.765790939331055
-10.794240951538086
-10.7681303024292
-10.840933799743652
-10.836995124816895
-10.857806205749512
-10.820866584777832
-10.740640640258789
-10.684175491333008
-10.83261775970459
-10.826752662658691
-10.787712097167969
-10.802831649780273
-10.706076622009277
-10.759819030761719
-10.82481861114502
-10.84768295288086
-10.766313552856445
-10.763648986816406
-10.798957824707031
-10.86694622039795
-10.83411693572998
-10.773542404174805
-10.775146484375
-10.76858901977539
-10.897317886352539
-10.874699592590332
-10.909308433532715
-10.756294250488281
-10.783693313598633
-10.833209037780762
-10.846263885498047
-10.77592658996582
-10.838577270507812
-10.875324249267578
-10.801600456237793
-10.852059364318848
-10.877989768981934
-10.839130401611328
-10.920414924621582
-10.855083465576172
-10.916926383972168
-10.881985664367676
-10.880204200744629
-10.868844985961914
-10.892561912536621
-10.859660148620605
-10.880001068115234
-10.828475952148438
-10.83462142944336
-10.832693099975586
-10.887300491333008
-10.906487464904785
-10.884657859802246
-10.887685775756836
-10.925312995910645
-10.838967323303223
-10.867792129516602
-10.926508903503418
-10.909667015075684
-10.92298412322998
-10.864699363708496
-10.921133041381836
-10.916561126708984
-10.967114448547363
-10.885948181152344
-10.840051651000977
-10.85304069519043
-10.947790145874023
-10.958516120910645
-10.923822402954102
-10.892430305480957
-10.83757495880127
-10.91067886352539
-10.861090660095215
-10.935884475708008
-10.892664909362793
-10.901681900024414
-10.9414701461792
-10.887351989746094
-10.911694526672363
-10.923332214355469
-10.944308280944824
-10.946846008300781
-10.841367721557617
-10.947279930114746
-10.953157424926758
-10.909689903259277
-10.912303924560547
-10.939804077148438
-10.931292533874512
-10.896478652954102
-10.919157028198242
-10.963680267333984
-10.915974617004395
-10.955109596252441
-10.914437294006348
-10.900723457336426
-10.933516502380371
-10.932943344116211
-10.95623779296875
-10.929946899414062
-10.89138126373291
-10.949759483337402
-10.907861709594727
-10.958818435668945
-10.923199653625488
-10.928064346313477
-10.941631317138672
-10.926894187927246
-10.973038673400879
-11.005090713500977
-10.878067970275879
-10.88406753540039
-10.867424011230469
-10.892481803894043
-10.962408065795898
-10.943818092346191
-10.893274307250977
-10.874419212341309
-10.945801734924316
-10.979331970214844
-10.995747566223145
-10.915763854980469
-10.939788818359375
-10.91392707824707
-10.938275337219238
-10.924223899841309
-10.994282722473145
-10.943506240844727
-10.945087432861328
-10.977524757385254
-10.893684387207031
-10.9741792678833
-10.978025436401367
-10.971776008605957
-10.976761817932129
-10.961844444274902
-11.014101028442383
-11.020455360412598
-10.953307151794434
-10.980607986450195
-10.957489013671875
-10.95002269744873
-10.983735084533691
-11.020236015319824
-10.98176097869873
-11.003976821899414
-11.00477409362793
-10.939952850341797
-10.979284286499023
-10.946617126464844
-10.842222213745117
-10.914617538452148
-11.046964645385742
-10.928627014160156
-10.9509916305542
-10.862131118774414
-11.015876770019531
-10.956503868103027
-11.006035804748535
-10.98991584777832
-10.951658248901367
-10.962769508361816
-10.995479583740234
-10.942119598388672
-10.977437019348145
-10.97665786743164
-10.961037635803223
-10.98466968536377
-11.002779006958008
-10.96928882598877
-10.91616153717041
-10.973593711853027
-10.942215919494629
-10.952133178710938
-11.024083137512207
-10.95595645904541
-11.018248558044434
-11.035346984863281
-10.960831642150879
-10.943519592285156
-10.996087074279785
-10.97043228149414
-10.922983169555664
-11.068476676940918
-11.022603988647461
-11.018495559692383
-10.940357208251953
-10.978960037231445
-10.940526008605957
-10.995237350463867
-10.951128959655762
-10.979193687438965
-11.000606536865234
-10.989252090454102
-10.937264442443848
-11.026596069335938
-11.003196716308594
-11.033480644226074
-11.034213066101074
-10.98735237121582
-10.999176025390625
-10.9586181640625
-10.89743709564209
-10.92586898803711
-11.015849113464355
-11.006224632263184
-10.987679481506348
-10.997034072875977
-10.878719329833984
-10.879758834838867
-11.006939888000488
-11.004322052001953
-10.870944023132324
-10.895387649536133
-11.055883407592773
-11.036880493164062
-10.982474327087402
-10.930009841918945
-10.915332794189453
-10.983935356140137
-11.071765899658203
-10.907291412353516
-10.898000717163086
-10.998370170593262
-11.0116548538208
-10.956575393676758
-10.881278991699219
-10.866398811340332
-11.009998321533203
-11.042109489440918
-10.981681823730469
-10.925105094909668
-11.013136863708496
-10.988730430603027
-10.990097045898438
-10.938212394714355
-10.984054565429688
-11.017498970031738
-11.067474365234375
-11.051125526428223
-10.936413764953613
-10.93951416015625
-11.02069091796875
-11.088590621948242
-10.986729621887207
-10.976777076721191
-10.956167221069336
-11.005270957946777
-10.993202209472656
-11.004602432250977
-10.999740600585938
-11.000003814697266
-11.029775619506836
-11.004878044128418
-10.95592975616455
-10.965253829956055
-11.01346492767334
-11.036600112915039
-11.011372566223145
-10.98163890838623
-11.040520668029785
-11.070054054260254
-11.053022384643555
-11.02273178100586
-10.981396675109863
-10.99319839477539
-10.953974723815918
-11.06217098236084
-11.03691291809082
-11.036768913269043
-11.055339813232422
-11.064852714538574
-11.010950088500977
-11.001208305358887
-11.050326347351074
-11.010001182556152
-11.052772521972656
-11.017714500427246
-10.959417343139648
-11.097306251525879
-11.037174224853516
-11.061012268066406
-11.074241638183594
-11.041410446166992
-11.051613807678223
-11.02700424194336
-11.087027549743652
-11.026952743530273
-11.016489028930664
-11.032698631286621
-11.036014556884766
-11.029027938842773
-10.984596252441406
-10.960168838500977
-11.026199340820312
-11.069388389587402
-10.999835968017578
-10.934730529785156
-11.022270202636719
-11.022292137145996
-11.01502799987793
-11.00634765625
-11.035510063171387
-11.036521911621094
-11.1057710647583
-11.037008285522461
-11.017885208129883
-11.046819686889648
-11.057476043701172
-11.06788158416748
-11.067914962768555
-11.061253547668457
-11.01431941986084
-11.122018814086914
-11.055269241333008
-11.008894920349121
-11.047475814819336
-11.023676872253418
-11.037647247314453
-11.079554557800293
-11.073507308959961
-11.040489196777344
-11.024932861328125
-11.038372039794922
-11.059446334838867
-11.072121620178223
-11.078393936157227
-11.072102546691895
-11.048616409301758
-11.026447296142578
-11.035804748535156
-11.038792610168457
-11.000334739685059
-11.094862937927246
-11.04515552520752
-11.040765762329102
-11.041156768798828
-10.995294570922852
-11.060380935668945
-11.015777587890625
-11.066723823547363
-11.078141212463379
-11.108038902282715
-11.078634262084961
-11.032069206237793
-11.024076461791992
-11.00380802154541
-11.072408676147461
-11.083295822143555
-11.020120620727539
-11.024666786193848
-11.02052116394043
-11.017938613891602
-11.076106071472168
-11.08358097076416
-11.05724811553955
-11.067944526672363
-11.096980094909668
-10.997350692749023
-11.003015518188477
-11.065332412719727
-11.049773216247559
-11.084589004516602
-11.02102279663086
-11.024259567260742
-11.051095962524414
-11.079363822937012
-11.051827430725098
-11.107254028320312
-11.10201358795166
-11.064306259155273
-11.048069953918457
-11.05225944519043
-11.066675186157227
-11.05797290802002
-11.079554557800293
-11.024417877197266
-11.100232124328613
-11.086939811706543
-11.096511840820312
-11.114828109741211
-11.052133560180664
-11.088936805725098
-11.039223670959473
-11.046589851379395
-11.109158515930176
-11.098793983459473
-11.060863494873047
-11.127273559570312
-11.049651145935059
-11.058368682861328
-11.05411434173584
-11.104544639587402
-11.078676223754883
-11.08788776397705
-11.048404693603516
-11.099395751953125
-11.045469284057617
-11.083719253540039
-11.126260757446289
-11.122271537780762
-11.050069808959961
-11.126453399658203
-11.081867218017578
-11.096784591674805
-11.072920799255371
-11.07963752746582
-11.073458671569824
-11.048806190490723
-11.071432113647461
-11.068059921264648
-11.126009941101074
-11.100213050842285
-11.110526084899902
-11.12961196899414
-11.146163940429688
-11.081157684326172
-11.060787200927734
-11.10479736328125
-11.146557807922363
-11.116729736328125
-11.12672233581543
-11.110395431518555
-11.091670036315918
-11.098819732666016
-11.06971263885498
-11.017770767211914
-11.021354675292969
-11.069475173950195
-11.079926490783691
-11.155536651611328
-11.106492042541504
-11.11542797088623
-11.103486061096191
-11.105939865112305
-11.073272705078125
-11.057772636413574
-11.025014877319336
-11.036349296569824
-11.080820083618164
-11.077859878540039
-11.142139434814453
-11.084510803222656
-11.076117515563965
-10.97784423828125
-11.058384895324707
-11.085932731628418
-11.116744995117188
-11.0975341796875
-11.028271675109863
-11.031243324279785
-11.050540924072266
-11.050032615661621
-11.126856803894043
-11.1038179397583
-11.112399101257324
-11.076831817626953
-11.116992950439453
-11.083374977111816
-11.077291488647461
-11.117718696594238
-11.159215927124023
-11.111494064331055
-11.116990089416504
-11.125040054321289
-11.14531421661377
-11.097808837890625
-11.081069946289062
-11.059621810913086
-11.027713775634766
-11.05368709564209
-11.007826805114746
-11.10290813446045
-11.093194007873535
-11.049899101257324
-10.979472160339355
-11.029545783996582
-11.070475578308105
-11.081042289733887
-11.154568672180176
-11.106532096862793
-11.088943481445312
-10.989686012268066
-11.06952953338623
-11.109485626220703
-11.13315200805664
-11.136795997619629
-11.144984245300293
-11.072912216186523
-11.094289779663086
-11.046319007873535
-11.060513496398926
-11.116848945617676
-11.149410247802734
-11.121332168579102
-11.086188316345215
-11.085704803466797
-11.15123462677002
-11.0715913772583
-11.10964584350586
-11.16089916229248
-11.157103538513184
-11.156256675720215
-11.124618530273438
-11.115913391113281
-11.112467765808105
-11.142672538757324
-11.127776145935059
-11.127487182617188
-11.135967254638672
-11.133885383605957
-11.142544746398926
-11.150588035583496
-11.129959106445312
-11.14858627319336
-11.135418891906738
-11.15522575378418
-11.141579627990723
-11.142714500427246
-11.170411109924316
-11.139391899108887
-11.15822696685791
-11.158440589904785
-11.12880802154541
-11.172523498535156
-11.14636516571045
-11.145432472229004
-11.144953727722168
-11.143941879272461
-11.09050178527832
-11.128310203552246
-11.104877471923828
-11.128016471862793
-11.1276216506958
-11.122476577758789
-11.101516723632812
-11.106974601745605
-11.126724243164062
-11.127318382263184
-11.145546913146973
-11.083404541015625
-11.129095077514648
-11.1358060836792
-11.131132125854492
-11.131242752075195
-11.083126068115234
-11.107988357543945
-11.168551445007324
-11.141531944274902
-11.153672218322754
-11.160070419311523
-11.134054183959961
-11.13453197479248
-11.165811538696289
-11.149571418762207
-11.122842788696289
-11.132157325744629
-11.155470848083496
-11.145794868469238
-11.165718078613281
-11.113564491271973
-11.122764587402344
-11.12502384185791
-11.097405433654785
-11.10807991027832
-11.086376190185547
-11.101785659790039
-11.12340259552002
-11.162308692932129
-11.122415542602539
-11.164336204528809
-11.132691383361816
-11.094200134277344
-11.066591262817383
-11.108943939208984
-11.130409240722656
-11.174418449401855
-11.158126831054688
-11.138450622558594
-11.120641708374023
-11.077241897583008
-11.054827690124512
-11.127073287963867
-11.173688888549805
-11.174639701843262
-11.153162956237793
-11.102105140686035
-11.125175476074219
-11.116960525512695
-11.170063972473145
-11.151315689086914
-11.141005516052246
-11.15034008026123
-11.139169692993164
-11.144094467163086
-11.143294334411621
-11.170931816101074
-11.145549774169922
-11.127253532409668
-11.145907402038574
-11.179255485534668
-11.160250663757324
-11.148979187011719
-11.136551856994629
-11.146722793579102
-11.182580947875977
-11.16810417175293
-11.165185928344727
-11.18255615234375
-11.15507698059082
-11.170266151428223
-11.155569076538086
-11.129626274108887
-11.191669464111328
-11.170916557312012
-11.149144172668457
-11.11766242980957
-11.132377624511719
-11.147181510925293
-11.152837753295898
-11.168601989746094
-11.153308868408203
-11.200400352478027
-11.186528205871582
-11.180533409118652
-11.150016784667969
-11.168037414550781
-11.133819580078125
-11.111126899719238
-11.128486633300781
-11.127318382263184
-11.174560546875
-11.193177223205566
-11.193041801452637
-11.1513671875
-11.177250862121582
-11.174450874328613
-11.149658203125
-11.150958061218262
-11.131609916687012
-11.14621639251709
-11.144015312194824
-11.135528564453125
-11.17965316772461
-11.165614128112793
-11.190840721130371
-11.154891967773438
-11.194869995117188
-11.156665802001953
-11.152731895446777
-11.170178413391113
-11.146271705627441
-11.16964340209961
-11.193780899047852
-11.132844924926758
-11.125531196594238
-11.106249809265137
-11.15536117553711
-11.192768096923828
-11.17418384552002
-11.181407928466797
-11.166313171386719
-11.190546035766602
-11.190814018249512
-11.161211967468262
-11.156737327575684
-11.189976692199707
-11.164693832397461
-11.206053733825684
-11.149574279785156
-11.131734848022461
-11.176164627075195
-11.182640075683594
-11.185544967651367
-11.181857109069824
-11.154044151306152
-11.177253723144531
-11.183513641357422
-11.179766654968262
-11.199210166931152
-11.15836238861084
-11.103455543518066
-11.076796531677246
-11.153223991394043
-11.182971954345703
-11.187372207641602
-11.183954238891602
-11.187446594238281
-11.13353157043457
-11.140892028808594
-11.113606452941895
-11.118687629699707
-11.13443660736084
-11.126402854919434
-11.14958667755127
-11.176779747009277
-11.16502857208252
-11.182729721069336
-11.143454551696777
-11.130756378173828
-11.061056137084961
-11.077975273132324
-11.151762008666992
-11.183822631835938
-11.180094718933105
-11.162018775939941
-11.181634902954102
-11.17195987701416
-11.179773330688477
-11.197261810302734
-11.175347328186035
-11.178044319152832
-11.202648162841797
-11.213229179382324
-11.192353248596191
-11.193614959716797
-11.178587913513184
-11.17595100402832
-11.16994857788086
-11.188114166259766
-11.191518783569336
-11.219797134399414
-11.233610153198242
-11.196176528930664
-11.185032844543457
-11.20890998840332
-11.204526901245117
-11.212631225585938
-11.21368408203125
-11.210054397583008
-11.193087577819824
-11.216338157653809
-11.158368110656738
-11.175631523132324
-11.173958778381348
-11.131646156311035
-11.13131046295166
-11.172591209411621
-11.18768310546875
-11.188055992126465
-11.191956520080566
-11.202780723571777
-11.193241119384766
-11.205570220947266
-11.197964668273926
-11.172842025756836
-11.172176361083984
-11.145236015319824
-11.15641975402832
-11.1448335647583
-11.198473930358887
-11.204641342163086
-11.196684837341309
-11.195491790771484
-11.21728229522705
-11.218636512756348
-11.210552215576172
-11.198612213134766
-11.191863059997559
-11.197111129760742
-11.175549507141113
-11.159605979919434
-11.151567459106445
-11.174239158630371
-11.210832595825195
-11.192765235900879
-11.226357460021973
-11.198981285095215
-11.218161582946777
-11.218504905700684
-11.233587265014648
-11.228928565979004
-11.200519561767578
-11.201217651367188
-11.194799423217773
-11.212533950805664
-11.190057754516602
-11.205742835998535
-11.18341064453125
-11.151286125183105
-11.148957252502441
-11.146819114685059
-11.183084487915039
-11.167952537536621
-10.97277545928955
-10.960989952087402
-11.148309707641602
-11.211217880249023
-11.203433990478516
-11.125972747802734
-11.065001487731934
-11.115078926086426
-11.176923751831055
-11.203664779663086
-11.208968162536621
-11.183327674865723
-11.142637252807617
-11.152748107910156
-11.18397331237793
-11.206125259399414
-11.179214477539062
-11.19221019744873
-11.214030265808105
-11.146038055419922
-11.141345977783203
-11.146799087524414
-11.17321491241455
-11.222636222839355
-11.195489883422852
-11.215291023254395
-11.205573081970215
-11.208670616149902
-11.20799732208252
-11.197654724121094
-11.20279598236084
-11.201543807983398
-11.204360008239746
-11.232738494873047
-11.177227020263672
-11.195761680603027
-11.189867973327637
-11.182805061340332
-11.20649242401123
-11.202834129333496
-11.23483657836914
-11.218177795410156
-11.226040840148926
-11.200906753540039
-11.212259292602539
-11.203819274902344
-11.197007179260254
-11.196728706359863
-11.225457191467285
-11.191627502441406
-11.232490539550781
-11.218807220458984
-11.208805084228516
-11.220954895019531
-11.224575996398926
-11.21454906463623
-11.229544639587402
-11.21290111541748
-11.2027587890625
-11.194734573364258
-11.190759658813477
-11.17873477935791
-11.180685043334961
-11.216937065124512
-11.194238662719727
-11.23766040802002
-11.197287559509277
-11.222278594970703
-11.202512741088867
-11.166509628295898
-11.207656860351562
-11.18346881866455
-11.223005294799805
-11.236434936523438
-11.238529205322266
-11.237343788146973
-11.22121810913086
-11.227542877197266
-11.217952728271484
-11.200404167175293
-11.241268157958984
-11.216680526733398
-11.217297554016113
-11.218510627746582
-11.223763465881348
-11.224835395812988
-11.216358184814453
-11.218307495117188
-11.19691276550293
-11.184062957763672
-11.211787223815918
-11.200165748596191
-11.215739250183105
-11.229825019836426
-11.238858222961426
-11.205784797668457
-11.203935623168945
-11.208183288574219
-11.215982437133789
-11.199725151062012
-11.223145484924316
-11.224302291870117
-11.228316307067871
-11.22571849822998
-11.245530128479004
-11.222979545593262
-11.209980964660645
-11.239944458007812
-11.232076644897461
-11.230717658996582
-11.243194580078125
-11.222972869873047
-11.231619834899902
-11.201658248901367
-11.195963859558105
-11.153131484985352
-11.165238380432129
-11.201101303100586
-11.211858749389648
-11.2446870803833
-11.237730979919434
-11.243775367736816
-11.223250389099121
-11.235339164733887
-11.199206352233887
-11.187217712402344
-11.20119857788086
-11.192023277282715
-11.201826095581055
-11.233409881591797
-11.227375030517578
-11.255398750305176
-11.249102592468262
-11.24118423461914
-11.2053861618042
-11.189366340637207
-11.173186302185059
-11.204886436462402
-11.22244930267334
-11.220660209655762
-11.243945121765137
-11.236526489257812
-11.251873016357422
-11.244322776794434
-11.211276054382324
-11.223262786865234
-11.229595184326172
-11.251485824584961
-11.232085227966309
-11.23547077178955
-11.22281551361084
-11.224279403686523
-11.24340534210205
-11.23520278930664
-11.223624229431152
-11.2286376953125
-11.244915962219238
-11.248092651367188
-11.225096702575684
-11.22721004486084
-11.255114555358887
-11.241090774536133
-11.227899551391602
-11.172475814819336
-11.145218849182129
-11.16188907623291
-11.186805725097656
-11.251686096191406
-11.241332054138184
-11.251716613769531
-11.226970672607422
-11.20174789428711
-11.211247444152832
-11.21850299835205
-11.22969913482666
-11.260976791381836
-11.226156234741211
-11.25895881652832
-11.243463516235352
-11.244485855102539
-11.241703987121582
-11.237367630004883
-11.247164726257324
-11.20902156829834
-11.233111381530762
-11.21938419342041
-11.220194816589355
-11.2103910446167
-11.228643417358398
-11.227839469909668
-11.223310470581055
-11.2153902053833
-11.226119041442871
-11.25774097442627
-11.272676467895508
-11.254985809326172
-11.237166404724121
-11.218818664550781
-11.198771476745605
-11.21902847290039
-11.20159912109375
-11.214277267456055
-11.261279106140137
-11.238133430480957
-11.246134757995605
-11.249363899230957
-11.214887619018555
-11.229262351989746
-11.226229667663574
-11.202988624572754
-11.242738723754883
-11.230550765991211
-11.265395164489746
-11.214250564575195
-11.233855247497559
-11.212002754211426
-11.191858291625977
-11.220528602600098
-11.22881031036377
-11.252201080322266
-11.263362884521484
-11.230785369873047
-11.213249206542969
-11.17844009399414
-11.199676513671875
-11.213122367858887
-11.234298706054688
-11.251838684082031
-11.240612983703613
-11.211376190185547
-11.195262908935547
-11.21064281463623
-11.24168586730957
-11.252042770385742
-11.25809097290039
-11.2322359085083
-11.23166561126709
-11.249180793762207
-11.259600639343262
-11.239691734313965
-11.226839065551758
-11.21463394165039
-11.205273628234863
-11.261154174804688
-11.252898216247559
-11.24459171295166
-11.209946632385254
-11.17927360534668
-11.1887845993042
-11.232367515563965
-11.266816139221191
-11.257610321044922
-11.220504760742188
-11.203006744384766
-11.204876899719238
-11.23313045501709
-11.26712703704834
-11.259381294250488
-11.252152442932129
-11.247179985046387
-11.27519416809082
-11.257767677307129
-11.26261043548584
-11.269585609436035
-11.257007598876953
-11.240326881408691
-11.26053524017334
-11.246193885803223
-11.225722312927246
-11.244499206542969
-11.224915504455566
-11.224523544311523
-11.246939659118652
-11.242274284362793
-11.254645347595215
-11.276208877563477
-11.265826225280762
-11.2661714553833
-11.262596130371094
-11.254748344421387
-11.257731437683105
-11.241913795471191
-11.238951683044434
-11.236112594604492
-11.235140800476074
-11.2468900680542
-11.260233879089355
-11.258152961730957
-11.260808944702148
-11.269963264465332
-11.253819465637207
-11.22645378112793
-11.204075813293457
-11.21776008605957
-11.250985145568848
-11.26038646697998
-11.259632110595703
-11.237789154052734
-11.175634384155273
-11.190921783447266
-11.229435920715332
-11.250696182250977
-11.26583480834961
-11.268156051635742
-11.237147331237793
-11.218156814575195
-11.241622924804688
-11.253331184387207
-11.240943908691406
-11.252665519714355
-11.254441261291504
-11.260498046875
-11.24682903289795
-11.258659362792969
-11.276597023010254
-11.257773399353027
-11.257230758666992
-11.266799926757812
-11.262004852294922
-11.279656410217285
-11.251689910888672
-11.262371063232422
-11.25744915008545
-11.272258758544922
-11.261322021484375
-11.26683235168457
-11.261189460754395
-11.277878761291504
-11.265063285827637
-11.261994361877441
-11.240715026855469
-11.228719711303711
-11.239328384399414
-11.245261192321777
-11.261529922485352
-11.277217864990234
-11.270696640014648
-11.261337280273438
-11.279292106628418
-11.232882499694824
-11.279531478881836
-11.246308326721191
-11.233725547790527
-11.209053039550781
-11.226607322692871
-11.213565826416016
-11.273573875427246
-11.283890724182129
-11.26096248626709
-11.24638843536377
-11.215957641601562
-11.218657493591309
-11.236150741577148
-11.244770050048828
-11.24968147277832
-11.289546012878418
-11.248381614685059
-11.225375175476074
-11.217466354370117
-11.216192245483398
-11.247955322265625
-11.255745887756348
-11.288328170776367
-11.264871597290039
-11.279085159301758
-11.277490615844727
-11.273930549621582
-11.259377479553223
-11.258173942565918
-11.255064964294434
-11.268594741821289
-11.25635051727295
-11.236007690429688
-11.239006042480469
-11.239665985107422
-11.239202499389648
-11.257975578308105
-11.282801628112793
-11.272979736328125
-11.302159309387207
-11.273481369018555
-11.265161514282227
-11.254432678222656
-11.246950149536133
-11.220447540283203
-11.231284141540527
-11.269143104553223
-11.272502899169922
-11.270734786987305
-11.284147262573242
-11.278471946716309
-11.260137557983398
-11.272845268249512
-11.249089241027832
-11.219402313232422
-11.234289169311523
-11.210347175598145
-11.244898796081543
-11.276944160461426
-11.277657508850098
-11.248866081237793
-11.243949890136719
-11.215941429138184
-11.222895622253418
-11.269598960876465
-11.288472175598145
-11.263016700744629
-11.21603012084961
-11.192434310913086
-11.205816268920898
-11.253957748413086
-11.293535232543945
-11.282475471496582
-11.24056339263916
-11.214203834533691
-11.202081680297852
-11.245702743530273
-11.255729675292969
-11.273369789123535
-11.279183387756348
-11.273917198181152
-11.26207160949707
-11.289569854736328
-11.269061088562012
-11.285099983215332
-11.282206535339355
-11.287790298461914
-11.285113334655762
-11.264084815979004
-11.272966384887695
-11.27880573272705
-11.280495643615723
-11.254185676574707
-11.26977252960205
-11.28215503692627
-11.271968841552734
-11.27268123626709
-11.283537864685059
-11.275678634643555
-11.299281120300293
-11.286395072937012
-11.287445068359375
-11.287330627441406
-11.278818130493164
-11.272721290588379
-11.257716178894043
-11.257221221923828
-11.279659271240234
-11.27380084991455
-11.27169418334961
-11.27421760559082
-11.2918062210083
-11.285884857177734
-11.300714492797852
-11.297430038452148
-11.288265228271484
-11.275420188903809
-11.287632942199707
-11.256767272949219
-11.244218826293945
-11.26598072052002
-11.279385566711426
-11.28214168548584
-11.286619186401367
-11.274649620056152
-11.274677276611328
-11.269377708435059
-11.281359672546387
-11.286039352416992
-11.288501739501953
-11.281465530395508
-11.283838272094727
-11.271703720092773
-11.26832103729248
-11.258910179138184
-11.246943473815918
-11.215228080749512
-11.246082305908203
-11.250187873840332
-11.273016929626465
-11.291499137878418
-11.29339599609375
-11.288705825805664
-11.251079559326172
-11.243624687194824
-11.252196311950684
-11.258142471313477
-11.268168449401855
-11.284730911254883
-11.285333633422852
-11.28785228729248
-11.286531448364258
-11.235342025756836
-11.20350170135498
-11.196073532104492
-11.259669303894043
-11.285696983337402
-11.256268501281738
-11.209203720092773
-11.244199752807617
-11.280160903930664
-11.291374206542969
-11.263474464416504
-11.201000213623047
-11.201539039611816
-11.253907203674316
-11.271554946899414
-11.296134948730469
-11.28725528717041
-11.234281539916992
-11.202280044555664
-11.223649024963379
-11.28914737701416
-11.306231498718262
-11.255983352661133
-11.23536205291748
-11.220209121704102
-11.259593963623047
-11.285037994384766
-11.30595588684082
-11.289375305175781
-11.267369270324707
-11.249246597290039
-11.216975212097168
-11.26795768737793
-11.282182693481445
-11.303548812866211
-11.279326438903809
-11.258776664733887
-11.270733833312988
-11.265439987182617
-11.254247665405273
-11.25639533996582
-11.270401000976562
-11.310778617858887
-11.310044288635254
-11.286481857299805
-11.280198097229004
-11.234579086303711
-11.234622955322266
-11.263142585754395
-11.279997825622559
-11.303726196289062
-11.309720993041992
-11.31840991973877
-11.284436225891113
-11.277262687683105
-11.255921363830566
-11.257391929626465
-11.283546447753906
-11.289202690124512
-11.294389724731445
-11.3021821975708
-11.28441333770752
-11.28377914428711
-11.261920928955078
-11.267687797546387
-11.253198623657227
-11.26815128326416
-11.283458709716797
-11.303677558898926
-11.293661117553711
-11.296210289001465
-11.27899169921875
-11.271858215332031
-11.260126113891602
-11.223271369934082
-11.203930854797363
-11.245743751525879
-11.295469284057617
-11.309934616088867
-11.297825813293457
-11.239677429199219
-11.24615478515625
-11.28113842010498
-11.310108184814453
-11.294900894165039
-11.24028491973877
-11.223407745361328
-11.255675315856934
-11.261612892150879
-11.309428215026855
-11.310101509094238
-11.310688018798828
-11.289022445678711
-11.28793716430664
-11.276227951049805
-11.284456253051758
-11.298995018005371
-11.30709457397461
-11.30815315246582
-11.307384490966797
-11.283434867858887
-11.29830265045166
-11.296538352966309
-11.307379722595215
-11.302739143371582
-11.278058052062988
-11.262373924255371
-11.277440071105957
-11.288729667663574
-11.298857688903809
-11.309515953063965
-11.293262481689453
-11.288796424865723
-11.286229133605957
-11.278877258300781
-11.276740074157715
-11.274085998535156
-11.299897193908691
-11.309900283813477
-11.30940055847168
-11.299455642700195
-11.294144630432129
-11.280517578125
-11.296939849853516
-11.303471565246582
-11.286406517028809
-11.30754280090332
-11.312214851379395
-11.30465030670166
-11.307624816894531
-11.307554244995117
-11.3025541305542
-11.304317474365234
-11.31556224822998
-11.303817749023438
-11.281538963317871
-11.29022216796875
-11.283567428588867
-11.28276538848877
-11.270040512084961
-11.300479888916016
-11.309353828430176
-11.308324813842773
-11.29232120513916
-11.261038780212402
-11.240357398986816
-11.236052513122559
-11.266996383666992
-11.287076950073242
-11.303725242614746
-11.323821067810059
-11.32592487335205
-11.300058364868164
-11.309184074401855
-11.287958145141602
-11.286672592163086
-11.28862190246582
-11.29057788848877
-11.304720878601074
-11.302589416503906
-11.311569213867188
-11.309699058532715
-11.320068359375
-11.303045272827148
-11.316451072692871
-11.325922966003418
-11.311040878295898
-11.308109283447266
-11.301397323608398
-11.307600975036621
-11.306585311889648
-11.293821334838867
-11.287236213684082
-11.278592109680176
-11.269004821777344
-11.22671890258789
-11.187664031982422
-11.216760635375977
-11.27743148803711
-11.302642822265625
-11.281304359436035
-11.187034606933594
-11.202804565429688
-11.290960311889648
-11.31003189086914
-11.307616233825684
-11.2457857131958
-11.209748268127441
-11.244975090026855
-11.285152435302734
-11.311049461364746
-11.272781372070312
-11.196784973144531
-11.176892280578613
-11.25082778930664
-11.313977241516113
-11.201794624328613
-11.141905784606934
-11.267518043518066
-11.287078857421875
-11.243191719055176
-11.184171676635742
-11.270584106445312
-11.316219329833984
-11.287912368774414
-11.244823455810547
-11.240045547485352
-11.294679641723633
-11.324728965759277
-11.282000541687012
-11.209800720214844
-11.214950561523438
-11.273274421691895
-11.305025100708008
-11.320015907287598
-11.307826042175293
-11.2578706741333
-11.234002113342285
-11.250777244567871
-11.305810928344727
-11.296451568603516
-11.253151893615723
-11.195473670959473
-11.260295867919922
-11.3240385055542
-11.288801193237305
-11.191299438476562
-11.204730987548828
-11.300268173217773
-11.307211875915527
-11.250934600830078
-11.204081535339355
-11.253138542175293
-11.305026054382324
-11.315977096557617
-11.312134742736816
-11.310700416564941
-11.319628715515137
-11.324850082397461
-11.316059112548828
-11.323596000671387
-11.312405586242676
-11.2909517288208
-11.281082153320312
-11.307927131652832
-11.309870719909668
-11.319875717163086
-11.282330513000488
-11.255216598510742
-11.296117782592773
-11.312843322753906
-11.317304611206055
-11.310193061828613
-11.273547172546387
-11.291229248046875
-11.308126449584961
-11.316937446594238
-11.299615859985352
-11.261862754821777
-11.258310317993164
-11.28115463256836
-11.323213577270508
-11.32472038269043
-11.308221817016602
-11.260101318359375
-11.248712539672852
-11.275447845458984
-11.309910774230957
-11.32492733001709
-11.298651695251465
-11.289045333862305
-11.298728942871094
-11.31724739074707
-11.319113731384277
-11.332579612731934
-11.327364921569824
-11.326705932617188
-11.32150936126709
-11.311515808105469
-11.317747116088867
-11.324254989624023
-11.328713417053223
-11.339753150939941
-11.346014976501465
-11.334636688232422
-11.327320098876953
-11.341626167297363
-11.324426651000977
-11.333337783813477
-11.328141212463379
-11.326155662536621
-11.334092140197754
-11.335795402526855
-11.338420867919922
-11.33517074584961
-11.338726043701172
-11.33862590789795
-11.331887245178223
-11.347192764282227
-11.323687553405762
-11.329288482666016
-11.333035469055176
-11.336383819580078
-11.344115257263184
-11.334997177124023
-11.338427543640137
-11.332611083984375
-11.335264205932617
-11.319283485412598
-11.315896034240723
-11.31334400177002
-11.308954238891602
-11.322927474975586
-11.333154678344727
-11.347322463989258
-11.349791526794434
-11.332329750061035
-11.34415340423584
-11.336016654968262
-11.328512191772461
-11.339656829833984
-11.335674285888672
-11.332379341125488
-11.345419883728027
-11.319209098815918
-11.319873809814453
-11.322742462158203
-11.332551002502441
-11.340292930603027
-11.32026195526123
-11.334397315979004
-11.335461616516113
-11.34000015258789
-11.337739944458008
-11.350059509277344
-11.351502418518066
-11.349920272827148
-11.341808319091797
-11.338277816772461
-11.328208923339844
-11.331743240356445
-11.335135459899902
-11.330327987670898
-11.332840919494629
-11.327576637268066
-11.343305587768555
-11.347090721130371
-11.33792781829834
-11.344154357910156
-11.343101501464844
-11.333504676818848
-11.348050117492676
-11.34164810180664
-11.333534240722656
-11.343196868896484
-11.350762367248535
-11.336687088012695
-11.338215827941895
-11.323038101196289
-11.331583976745605
-11.353073120117188
-11.337034225463867
-11.327945709228516
-11.325774192810059
-11.342720985412598
-11.338438034057617
-11.327349662780762
-11.327444076538086
-11.33267879486084
-11.324960708618164
-11.333590507507324
-11.331547737121582
-11.344254493713379
-11.346541404724121
-11.340805053710938
-11.332587242126465
-11.336446762084961
-11.344901084899902
-11.34166145324707
-11.347616195678711
-11.350525856018066
-11.355856895446777
-11.359441757202148
-11.337685585021973
-11.347444534301758
-11.348034858703613
-11.34914779663086
-11.3383207321167
-11.346162796020508
-11.331596374511719
-11.340876579284668
-11.335780143737793
-11.328545570373535
-11.328104972839355
-11.30940055847168
-11.30704402923584
-11.302279472351074
-11.323272705078125
-11.324057579040527
-11.338833808898926
-11.346989631652832
-11.354248046875
-11.336621284484863
-11.342290878295898
-11.33057689666748
-11.303071022033691
-11.304327011108398
-11.296019554138184
-11.314620018005371
-11.325054168701172
-11.330279350280762
-11.328547477722168
-11.328290939331055
-11.326807975769043
-11.340789794921875
-11.323989868164062
-11.326827049255371
-11.309819221496582
-11.277554512023926
-11.28542423248291
-11.298885345458984
-11.311544418334961
-11.340791702270508
-11.338550567626953
-11.347716331481934
-11.32945728302002
-11.343774795532227
-11.337182998657227
-11.349174499511719
-11.346120834350586
-11.348322868347168
-11.349230766296387
-11.351202964782715
-11.33772087097168
-11.337302207946777
-11.319700241088867
-11.292118072509766
-11.285486221313477
-11.282720565795898
-11.30801010131836
-11.331300735473633
-11.338791847229004
-11.3146333694458
-11.249156951904297
-11.256498336791992
-11.315550804138184
-11.339520454406738
-11.339845657348633
-11.316373825073242
-11.296121597290039
-11.281506538391113
-11.297449111938477
-11.314949989318848
-11.338580131530762
-11.345582008361816
-11.342440605163574
-11.3040189743042
-11.253288269042969
-11.261605262756348
-11.329717636108398
-11.345240592956543
-11.322381019592285
-11.31818675994873
-11.326592445373535
-11.344550132751465
-11.359757423400879
-11.353239059448242
-11.344531059265137
-11.334722518920898
-11.328104019165039
-11.30529499053955
-11.298916816711426
-11.309017181396484
-11.323441505432129
-11.34646224975586
-11.350213050842285
-11.356355667114258
-11.343870162963867
-11.354850769042969
-11.353045463562012
-11.358097076416016
-11.337454795837402
-11.359902381896973
-11.3555269241333
-11.350192070007324
-11.35150146484375
-11.342744827270508
-11.332825660705566
-11.32470417022705
-11.34102725982666
-11.342019081115723
-11.315296173095703
-11.2621488571167
-11.263509750366211
-11.307493209838867
-11.343034744262695
-11.296895027160645
-11.257153511047363
-11.270357131958008
-11.35641860961914
-11.341584205627441
-11.279332160949707
-11.2435884475708
-11.249909400939941
-11.274497985839844
-11.308632850646973
-11.351800918579102
-11.33886432647705
-11.30886173248291
-11.307973861694336
-11.287633895874023
-11.260276794433594
-11.288581848144531
-11.343207359313965
-11.351842880249023
-11.349801063537598
-11.34388542175293
-11.318170547485352
-11.289045333862305
-11.287405014038086
-11.31964111328125
-11.359591484069824
-11.3638277053833
-11.354046821594238
-11.335820198059082
-11.324455261230469
-11.31640911102295
-11.332901954650879
-11.3540620803833
-11.362696647644043
-11.355055809020996
-11.35273551940918
-11.36463737487793
-11.350773811340332
-11.350847244262695
-11.33607006072998
-11.345932006835938
-11.355457305908203
-11.351264953613281
-11.358299255371094
-11.361542701721191
-11.362533569335938
-11.358904838562012
-11.361573219299316
-11.355823516845703
-11.349608421325684
-11.360515594482422
-11.362847328186035
-11.35155200958252
-11.342537879943848
-11.343138694763184
-11.344071388244629
-11.367020606994629
-11.355393409729004
-11.36186695098877
-11.355098724365234
-11.365347862243652
-11.361474990844727
-11.353571891784668
-11.357670783996582
-11.357409477233887
-11.351133346557617
-11.349687576293945
-11.3554048538208
-11.35562515258789
-11.342045783996582
-11.345627784729004
-11.34872817993164
-11.330007553100586
-11.335394859313965
-11.3405122756958
-11.340043067932129
-11.347100257873535
-11.348708152770996
-11.363861083984375
-11.364413261413574
-11.343911170959473
-11.341553688049316
-11.34085464477539
-11.353617668151855
-11.345054626464844
-11.351778984069824
-11.3632173538208
-11.367169380187988
-11.356961250305176
-11.357887268066406
-11.364799499511719
-11.363621711730957
-11.35389232635498
-11.34992790222168
-11.361990928649902
-11.360030174255371
-11.34859561920166
-11.354619026184082
-11.365477561950684
-11.358165740966797
-11.35983943939209
-11.356480598449707
-11.349262237548828
-11.342473983764648
-11.335719108581543
-11.335125923156738
-11.342514991760254
-11.355116844177246
-11.34935188293457
-11.358806610107422
-11.362662315368652
-11.353607177734375
-11.35809326171875
-11.361778259277344
-11.357705116271973
-11.365385055541992
-11.35335636138916
-11.35421371459961
-11.337611198425293
-11.307022094726562
-11.277227401733398
-11.294122695922852
-11.320391654968262
-11.347522735595703
-11.357219696044922
-11.350186347961426
-11.28847599029541
-11.231095314025879
-11.275334358215332
-11.334928512573242
-11.36143970489502
-11.347527503967285
-11.313360214233398
-11.293600082397461
-11.313121795654297
-11.343323707580566
-11.35958480834961
-11.361515998840332
-11.35219955444336
-11.344375610351562
-11.334033012390137
-11.34739875793457
-11.356067657470703
-11.360198974609375
-11.355704307556152
-11.366948127746582
-11.368339538574219
-11.358198165893555
-11.340583801269531
-11.341973304748535
-11.326899528503418
-11.314300537109375
-11.314208030700684
-11.329947471618652
-11.325309753417969
-11.35335636138916
-11.367254257202148
-11.378133773803711
-11.356689453125
-11.34861946105957
-11.348899841308594
-11.358307838439941
-11.36623764038086
-11.365405082702637
-11.367755889892578
-11.36335563659668
-11.359393119812012
-11.359983444213867
-11.363283157348633
-11.356846809387207
-11.355003356933594
-11.345629692077637
-11.340597152709961
-11.327106475830078
-11.342226028442383
-11.343158721923828
-11.366497039794922
-11.353816032409668
-11.329556465148926
-11.31594467163086
-11.311076164245605
-11.31664752960205
-11.353436470031738
-11.35838794708252
-11.362335205078125
-11.361429214477539
-11.365694046020508
-11.367040634155273
-11.346270561218262
-11.342521667480469
-11.335378646850586
-11.335110664367676
-11.319130897521973
-11.328902244567871
-11.343029022216797
-11.34640121459961
-11.363761901855469
-11.359526634216309
-11.365290641784668
-11.361900329589844
-11.360654830932617
-11.327306747436523
-11.311342239379883
-11.303670883178711
-11.320609092712402
-11.341852188110352
-11.351337432861328
-11.366917610168457
-11.360570907592773
-11.355202674865723
-11.335169792175293
-11.319003105163574
-11.3212890625
-11.34476089477539
-11.35693645477295
-11.360568046569824
-11.366862297058105
-11.372215270996094
-11.360339164733887
-11.353948593139648
-11.340604782104492
-11.328605651855469
-11.328105926513672
-11.328836441040039
-11.351740837097168
-11.370452880859375
-11.367969512939453
-11.365079879760742
-11.360401153564453
-11.353010177612305
-11.352462768554688
-11.346948623657227
-11.35940170288086
-11.337467193603516
-11.319960594177246
-11.316190719604492
-11.336583137512207
-11.36052131652832
-11.374424934387207
-11.36514949798584
-11.361458778381348
-11.355016708374023
-11.340627670288086
-11.331600189208984
-11.33503532409668
-11.353377342224121
-11.367390632629395
-11.368843078613281
-11.369178771972656
-11.363720893859863
-11.349267959594727
-11.344172477722168
-11.3355073928833
-11.336813926696777
-11.368829727172852
-11.367613792419434
-11.379682540893555
-11.36475944519043
-11.366610527038574
-11.346129417419434
-11.337918281555176
-11.326004981994629
-11.337607383728027
-11.350117683410645
-11.36263370513916
-11.334844589233398
-11.282671928405762
-11.288420677185059
-11.33244800567627
-11.353708267211914
-11.291439056396484
-11.205550193786621
-11.268329620361328
-11.34730052947998
-11.346039772033691
-11.266885757446289
-11.217394828796387
-11.277325630187988
-11.348444938659668
-11.361695289611816
-11.31270694732666
-11.274904251098633
-11.299440383911133
-11.34040641784668
-11.339747428894043
-11.277738571166992
-11.239008903503418
-11.293371200561523
-11.351503372192383
-11.359365463256836
-11.371193885803223
-11.36362361907959
-11.362897872924805
-11.356679916381836
-11.364140510559082
-11.361845970153809
-11.36888313293457
-11.37610149383545
-11.363018035888672
-11.371856689453125
-11.359625816345215
-11.376326560974121
-11.3756685256958
-11.367154121398926
-11.370220184326172
-11.366406440734863
-11.373313903808594
-11.375164985656738
-11.37589168548584
-11.367398262023926
-11.363861083984375
-11.365243911743164
-11.360036849975586
-11.361102104187012
-11.373910903930664
-11.372459411621094
-11.370789527893066
-11.368484497070312
-11.36240291595459
-11.359274864196777
-11.361696243286133
-11.363716125488281
-11.367536544799805
-11.368965148925781
-11.376618385314941
-11.374734878540039
-11.366978645324707
-11.370767593383789
-11.360684394836426
-11.351994514465332
-11.347289085388184
-11.352432250976562
-11.367012977600098
-11.377378463745117
-11.376617431640625
-11.378911972045898
-11.378687858581543
-11.359477043151855
-11.36000919342041
-11.354704856872559
-11.368215560913086
-11.375065803527832
-11.373123168945312
-11.350297927856445
-11.323158264160156
-11.315679550170898
-11.33584213256836
-11.369453430175781
-11.37431812286377
-11.370659828186035
-11.367134094238281
-11.343708992004395
-11.335738182067871
-11.334758758544922
-11.35981559753418
-11.369770050048828
-11.367870330810547
-11.349199295043945
-11.305036544799805
-11.284863471984863
-11.32359504699707
-11.366387367248535
-11.375057220458984
-11.369153022766113
-11.376385688781738
-11.368673324584961
-11.354511260986328
-11.3456449508667
-11.335451126098633
-11.350183486938477
-11.36639404296875
-11.38046932220459
-11.372365951538086
-11.36948299407959
-11.357674598693848
-11.344949722290039
-11.35140609741211
-11.35058879852295
-11.366497039794922
-11.366724967956543
-11.376749038696289
-11.368816375732422
-11.378277778625488
-11.369312286376953
-11.385590553283691
-11.372103691101074
-11.372495651245117
-11.377466201782227
-11.380584716796875
-11.37563705444336
-11.37928295135498
-11.376132011413574
-11.373485565185547
-11.377476692199707
-11.37917709350586
-11.374943733215332
-11.380936622619629
-11.370309829711914
-11.376870155334473
-11.373778343200684
-11.372797012329102
-11.382317543029785
-11.376349449157715
-11.38676929473877
-11.378523826599121
-11.377573013305664
-11.375985145568848
-11.3826265335083
-11.37800121307373
-11.382121086120605
-11.373217582702637
-11.374156951904297
-11.368279457092285
-11.35879898071289
-11.3619966506958
-11.363517761230469
-11.370654106140137
-11.37067699432373
-11.376540184020996
-11.3680419921875
-11.374347686767578
-11.362019538879395
-11.344242095947266
-11.351205825805664
-11.359275817871094
-11.350750923156738
-11.376243591308594
-11.378951072692871
-11.370716094970703
-11.375983238220215
-11.363321304321289
-11.3580961227417
-11.356072425842285
-11.362760543823242
-11.375205993652344
-11.382139205932617
-11.385171890258789
-11.382532119750977
-11.375115394592285
-11.377477645874023
-11.379809379577637
-11.382104873657227
-11.384306907653809
-11.379084587097168
-11.376523971557617
-11.375116348266602
-11.3778657913208
-11.367648124694824
-11.346125602722168
-11.331007957458496
-11.334232330322266
-11.345163345336914
-11.362000465393066
-11.367197036743164
-11.367942810058594
-11.376483917236328
-11.36996841430664
-11.363846778869629
-11.353585243225098
-11.355650901794434
-11.35741901397705
-11.355570793151855
-11.364969253540039
-11.365842819213867
-11.37409496307373
-11.376673698425293
-11.37601089477539
-11.358301162719727
-11.347609519958496
-11.332655906677246
-11.32064437866211
-11.31957721710205
-11.344782829284668
-11.357057571411133
-11.367951393127441
-11.382711410522461
-11.384581565856934
-11.373136520385742
-11.379496574401855
-11.380494117736816
-11.38635540008545
-11.38040542602539
-11.380091667175293
-11.37919807434082
-11.364960670471191
-11.35845947265625
-11.34056282043457
-11.329971313476562
-11.336496353149414
-11.35603141784668
-11.363484382629395
-11.373527526855469
-11.379714965820312
-11.383026123046875
-11.37829303741455
-11.381010055541992
-11.371874809265137
-11.374916076660156
-11.368736267089844
-11.360149383544922
-11.365448951721191
-11.368624687194824
-11.375446319580078
-11.366110801696777
-11.376174926757812
-11.378508567810059
-11.376178741455078
-11.387855529785156
-11.370819091796875
-11.366117477416992
-11.359603881835938
-11.33696174621582
-11.320704460144043
-11.326200485229492
-11.342103004455566
-11.323471069335938
-11.310447692871094
-11.338257789611816
-11.367599487304688
-11.383071899414062
-11.355035781860352
-11.292671203613281
-11.24871826171875
-11.305913925170898
-11.361684799194336
-11.3842134475708
-11.370843887329102
-11.348849296569824
-11.327634811401367
-11.333715438842773
-11.357537269592285
-11.386302947998047
-11.371973037719727
-11.334092140197754
-11.281298637390137
-11.294425010681152
-11.341108322143555
-11.348660469055176
-11.29897689819336
-11.195103645324707
-11.28842830657959
-11.36529541015625
-11.346536636352539
-11.268814086914062
-11.265472412109375
-11.3527250289917
-11.379363059997559
-11.34990119934082
-11.325418472290039
-11.340346336364746
-11.36867618560791
-11.382665634155273
-11.380969047546387
-11.367443084716797
-11.349032402038574
-11.320048332214355
-11.33838939666748
-11.372577667236328
-11.345067024230957
-11.248600006103516
-11.27483081817627
-11.355685234069824
-11.380167007446289
-11.344435691833496
-11.299506187438965
-11.319079399108887
-11.377148628234863
-11.376458168029785
-11.33599853515625
-11.296648025512695
-11.313187599182129
-11.36147689819336
-11.380239486694336
-11.370537757873535
-11.333525657653809
-11.316034317016602
-11.349245071411133
-11.37134838104248
-11.38356876373291
-11.379829406738281
-11.348883628845215
-11.336356163024902
-11.345840454101562
-11.362103462219238
-11.383700370788574
-11.387407302856445
-11.365848541259766
-11.376026153564453
-11.37769603729248
-11.380505561828613
-11.370199203491211
-11.348535537719727
-11.323647499084473
-11.356121063232422
-11.382576942443848
-11.379556655883789
-11.376256942749023
-11.362333297729492
-11.356669425964355
-11.363296508789062
-11.370672225952148
-11.381433486938477
-11.384880065917969
-11.382965087890625
-11.37180233001709
-11.37200927734375
-11.379122734069824
-11.38115119934082
-11.375596046447754
-11.387550354003906
-11.385831832885742
-11.390446662902832
-11.384632110595703
-11.38161849975586
-11.382902145385742
-11.389050483703613
-11.385722160339355
-11.388032913208008
-11.374530792236328
-11.382363319396973
-11.381260871887207
-11.380295753479004
-11.387307167053223
-11.389276504516602
-11.38742446899414
-11.391674041748047
-11.384675979614258
-11.380533218383789
-11.383116722106934
-11.377771377563477
-11.383018493652344
-11.37879753112793
-11.376206398010254
-11.379411697387695
-11.38608169555664
-11.387115478515625
-11.383023262023926
-11.392240524291992
-11.383645057678223
-11.389108657836914
-11.37335205078125
-11.362417221069336
-11.35528564453125
-11.35151195526123
-11.3645658493042
-11.37924575805664
-11.38458251953125
-11.389304161071777
-11.381024360656738
-11.389918327331543
-11.383890151977539
-11.37701416015625
-11.38797664642334
-11.38636589050293
-11.384716033935547
-11.38763427734375
-11.383040428161621
-11.388494491577148
-11.391153335571289
-11.386693954467773
-11.390738487243652
-11.384358406066895
-11.39065933227539
-11.38343334197998
-11.3875093460083
-11.38355541229248
-11.380166053771973
-11.38618278503418
-11.381701469421387
-11.374956130981445
-11.368194580078125
-11.367565155029297
-11.376547813415527
-11.370818138122559
-11.380009651184082
-11.377396583557129
-11.379701614379883
-11.392366409301758
-11.391160011291504
-11.3840970993042
-11.382655143737793
-11.392822265625
-11.391469955444336
-11.388032913208008
-11.3858642578125
-11.387348175048828
-11.384465217590332
-11.379631996154785
-11.377852439880371
-11.375434875488281
-11.379775047302246
-11.383974075317383
-11.383090019226074
-11.375131607055664
-11.366755485534668
-11.362957000732422
-11.359017372131348
-11.36287784576416
-11.37707233428955
-11.37646198272705
-11.375304222106934
-11.378341674804688
-11.386524200439453
-11.388826370239258
-11.385287284851074
-11.381400108337402
-11.379018783569336
-11.371867179870605
-11.367684364318848
-11.35854721069336
-11.363480567932129
-11.371500015258789
-11.375069618225098
-11.380867958068848
-11.37883472442627
-11.379764556884766
-11.370315551757812
-11.36529541015625
-11.357699394226074
-11.366143226623535
-11.371294975280762
-11.378093719482422
-11.382067680358887
-11.392176628112793
-11.39133358001709
-11.385793685913086
-11.385695457458496
-11.383610725402832
-11.384217262268066
-11.389190673828125
-11.383163452148438
-11.391141891479492
-11.392084121704102
-11.389161109924316
-11.385871887207031
-11.378203392028809
-11.375899314880371
-11.362629890441895
-11.356477737426758
-11.334324836730957
-11.33313274383545
-11.350081443786621
