loss_s
-2.1322519779205322
-2.077655553817749
-2.1057167053222656
-2.074711799621582
-2.138327121734619
-2.095768451690674
-2.125901699066162
-2.1463828086853027
-2.1181201934814453
-2.1271262168884277
-2.1458535194396973
-2.1513893604278564
-2.2111880779266357
-2.1841421127319336
-2.1399495601654053
-2.1435673236846924
-2.2114224433898926
-2.205824613571167
-2.1972804069519043
-2.2361719608306885
-2.266002655029297
-2.2405550479888916
-2.241772413253784
-2.292287826538086
-2.264326572418213
-2.2802960872650146
-2.304262161254883
-2.280634880065918
-2.333770990371704
-2.3898911476135254
-2.4165124893188477
-2.520045518875122
-2.480830430984497
-2.5342178344726562
-2.6383275985717773
-2.730631113052368
-2.7645621299743652
-2.8104498386383057
-3.0049009323120117
-3.2714288234710693
-3.2859487533569336
-3.499237537384033
-3.719391345977783
-3.9459381103515625
-3.791994094848633
-4.170002460479736
-4.067813396453857
-3.8811490535736084
-3.7594635486602783
-4.008768558502197
-3.905318021774292
-3.9321658611297607
-3.9764461517333984
-4.226052761077881
-4.301218032836914
-4.318581581115723
-4.402674674987793
-4.339170455932617
-4.543685436248779
-4.243405342102051
-4.427875518798828
-4.345887660980225
-4.5632710456848145
-4.636338233947754
-4.552722930908203
-4.688474178314209
-4.70558500289917
-4.703130722045898
-4.699210166931152
-4.7390594482421875
-4.723665714263916
-4.773536205291748
-4.851883411407471
-4.778209209442139
-4.905961513519287
-4.969812393188477
-4.766923427581787
-4.834389686584473
-5.016195297241211
-4.95636510848999
-5.025606155395508
-5.041921615600586
-5.071924686431885
-5.0852766036987305
-5.009570598602295
-5.078571796417236
-5.111698627471924
-5.115296363830566
-5.143553733825684
-5.2016754150390625
-5.256916046142578
-5.211531639099121
-5.209225177764893
-5.234184265136719
-5.288036823272705
-5.274096965789795
-5.31871223449707
-5.341613292694092
-5.363632678985596
-5.358893394470215
-5.405381679534912
-5.400310039520264
-5.409839153289795
-5.397990703582764
-5.435537338256836
-5.408171653747559
-5.4640212059021
-5.473400115966797
-5.498570919036865
-5.5072550773620605
-5.521894931793213
-5.550839424133301
-5.5578083992004395
-5.539949893951416
-5.591491222381592
-5.5919647216796875
-5.624611854553223
-5.625194072723389
-5.6665472984313965
-5.679074287414551
-5.687456130981445
-5.718990325927734
-5.767543792724609
-5.761529445648193
-5.782855033874512
-5.827974796295166
-5.850181579589844
-5.8817853927612305
-5.900748252868652
-5.951326370239258
-5.991440296173096
-6.0143585205078125
-6.080323219299316
-6.098933219909668
-6.175989151000977
-6.206143379211426
-6.267309188842773
-6.304414749145508
-6.361462593078613
-6.506118297576904
-6.558148384094238
-6.609061241149902
-6.712529182434082
-6.817803382873535
-6.917531490325928
-7.018524646759033
-7.03619384765625
-7.181160926818848
-7.147850513458252
-7.316943168640137
-7.3741960525512695
-7.329533100128174
-7.467397689819336
-7.473562240600586
-7.517518043518066
-7.508765697479248
-7.51527214050293
-7.553744792938232
-7.4267473220825195
-7.532649517059326
-7.487740993499756
-7.464509010314941
-7.49252462387085
-7.466918468475342
-7.498396396636963
-7.499972820281982
-7.513173580169678
-7.477512359619141
-7.556612014770508
-7.546937465667725
-7.463369369506836
-7.523906230926514
-7.530288219451904
-7.596106052398682
-7.422237873077393
-7.6232781410217285
-7.57029914855957
-7.590620517730713
-7.56730842590332
-7.547386169433594
-7.619208335876465
-7.547027587890625
-7.622775077819824
-7.554238796234131
-7.615004539489746
-7.599684238433838
-7.640468597412109
-7.615643501281738
-7.638466835021973
-7.602728366851807
-7.612026691436768
-7.654646873474121
-7.6105875968933105
-7.634422779083252
-7.553308486938477
-7.620690822601318
-7.614562034606934
-7.615164279937744
-7.6293745040893555
-7.562609672546387
-7.644681930541992
-7.613030910491943
-7.517518043518066
-7.673058032989502
-7.491936206817627
-7.656883239746094
-7.576510906219482
-7.580647945404053
-7.719461441040039
-7.610991477966309
-7.679714679718018
-7.64164924621582
-7.601552486419678
-7.707721710205078
-7.637130260467529
-7.657162189483643
-7.6869730949401855
-7.683803081512451
-7.68284797668457
-7.684634685516357
-7.685454368591309
-7.713184833526611
-7.683914661407471
-7.69722318649292
-7.6460185050964355
-7.685665130615234
-7.688868045806885
-7.714909076690674
-7.667264938354492
-7.721889495849609
-7.7037553787231445
-7.6902055740356445
-7.7242326736450195
-7.709821701049805
-7.729366779327393
-7.714817047119141
-7.6438517570495605
-7.720161437988281
-7.696590423583984
-7.719317436218262
-7.705076694488525
-7.730446815490723
-7.723114013671875
-7.694286346435547
-7.746944904327393
-7.7324700355529785
-7.713250160217285
-7.7157392501831055
-7.712852954864502
-7.744080066680908
-7.7660627365112305
-7.732627868652344
-7.715080738067627
-7.739440441131592
-7.729836940765381
-7.699462890625
-7.791012287139893
-7.629235744476318
-7.770274639129639
-7.741137504577637
-7.684903621673584
-7.728211402893066
-7.746985912322998
-7.748934268951416
-7.761831283569336
-7.772938251495361
-7.741659164428711
-7.766770839691162
-7.794153213500977
-7.785190105438232
-7.766037940979004
-7.820286273956299
-7.786712646484375
-7.753183841705322
-7.782500743865967
-7.761367321014404
-7.749894618988037
-7.757481098175049
-7.764834403991699
-7.777364730834961
-7.7775397300720215
-7.799854755401611
-7.766322612762451
-7.764386177062988
-7.794863224029541
-7.804682731628418
-7.796954154968262
-7.8014116287231445
-7.799589157104492
-7.792477130889893
-7.757269859313965
-7.818666458129883
-7.655879974365234
-7.815614700317383
-7.707520484924316
-7.723043441772461
-7.752481937408447
-7.700250625610352
-7.823681831359863
-7.705410957336426
-7.779921531677246
-7.800931453704834
-7.708423137664795
-7.818270683288574
-7.732040882110596
-7.811699390411377
-7.779098987579346
-7.716232776641846
-7.824750900268555
-7.745362281799316
-7.761911869049072
-7.806088924407959
-7.689092636108398
-7.794389724731445
-7.829020977020264
-7.816489219665527
-7.8789381980896
-7.837741851806641
-7.834577560424805
-7.879301071166992
-7.848654270172119
-7.886104583740234
-7.826798439025879
-7.863654136657715
-7.888363361358643
-7.8827996253967285
-7.883112907409668
-7.8879523277282715
-7.858689785003662
-7.891183853149414
-7.851038932800293
-7.907533168792725
-7.872625827789307
-7.881074905395508
-7.884531497955322
-7.8681111335754395
-7.8813090324401855
-7.9236249923706055
-7.889528751373291
-7.88493537902832
-7.8394927978515625
-7.855545997619629
-7.857153415679932
-7.910395622253418
-7.8820037841796875
-7.852148056030273
-7.90522575378418
-7.849642276763916
-7.883256912231445
-7.85695219039917
-7.8689374923706055
-7.84302282333374
-7.885222434997559
-7.801632404327393
-7.949789047241211
-7.905867099761963
-7.900578022003174
-7.884365081787109
-7.8987627029418945
-7.882223606109619
-7.832888126373291
-7.931568145751953
-7.8821001052856445
-7.872652053833008
-7.898756980895996
-7.941154479980469
-7.918118953704834
-7.8953447341918945
-7.8846211433410645
-7.911315441131592
-7.944289684295654
-7.940047740936279
-7.889040946960449
-7.919061660766602
-7.913357257843018
-7.9181599617004395
-7.902713775634766
-7.917285442352295
-7.883542060852051
-7.945223808288574
-7.877435684204102
-7.926772117614746
-7.897004127502441
-7.886678218841553
-7.940258979797363
-7.8582963943481445
-7.961938858032227
-7.908946990966797
-7.936674118041992
-7.937718391418457
-7.8910908699035645
-7.922940254211426
-7.908225059509277
-7.95246696472168
-7.99063777923584
-7.847494602203369
-7.872885704040527
-7.858503818511963
-7.852057456970215
-7.920190334320068
-7.833630561828613
-7.882545471191406
-7.849148273468018
-7.837488651275635
-7.97416353225708
-7.841299057006836
-7.938826084136963
-7.952207565307617
-7.9030442237854
-7.9388108253479
-7.916288375854492
-7.89585018157959
-7.9497857093811035
-7.860931396484375
-7.925929069519043
-7.927651405334473
-7.902318477630615
-7.954758167266846
-7.949264049530029
-7.927786827087402
-7.98621129989624
-7.9553351402282715
-7.957550048828125
-7.982237815856934
-7.977292060852051
-7.94406270980835
-7.995174884796143
-7.899003982543945
-7.908525466918945
-7.954305648803711
-7.9297075271606445
-7.971821308135986
-7.965514183044434
-7.919404983520508
-7.978672027587891
-7.935428619384766
-7.926090717315674
-7.918663024902344
-7.9608378410339355
-7.945558071136475
-7.905729293823242
-7.889449596405029
-7.998387336730957
-7.967003345489502
-7.912626266479492
-7.943345546722412
-7.979493618011475
-7.920589923858643
-7.9745588302612305
-7.965521335601807
-7.9664998054504395
-7.962398529052734
-7.906071662902832
-7.997782230377197
-7.93428373336792
-7.970849990844727
-7.931260108947754
-7.988148212432861
-7.978015422821045
-7.964649200439453
-7.956926345825195
-7.981723785400391
-7.996237277984619
-7.974300861358643
-7.982834815979004
-7.990445137023926
-7.9737467765808105
-8.008988380432129
-7.986749649047852
-7.999382495880127
-8.033641815185547
-7.97075891494751
-8.008606910705566
-7.984598636627197
-7.991917133331299
-8.001590728759766
-8.009417533874512
-7.970849990844727
-7.981308937072754
-7.955979824066162
-7.980087757110596
-7.9834723472595215
-7.984638214111328
-7.987162113189697
-7.955895900726318
-7.906079292297363
-7.9799675941467285
-7.967729568481445
-7.978229999542236
-7.99135160446167
-7.950373649597168
-7.983213901519775
-7.9888458251953125
-7.965217590332031
-7.971735954284668
-7.984676361083984
-7.997356414794922
-8.008872032165527
-7.998523235321045
-8.01345443725586
-7.965349197387695
-8.029088020324707
-8.011716842651367
-8.006231307983398
-8.001703262329102
-8.016550064086914
-8.006192207336426
-8.026849746704102
-8.026969909667969
-8.008261680603027
-8.017910957336426
-7.953057765960693
-8.022775650024414
-7.929930686950684
-7.968837261199951
-8.00743579864502
-7.990509510040283
-7.952199459075928
-8.000391960144043
-7.948612213134766
-8.01386547088623
-8.019756317138672
-7.939085006713867
-8.054823875427246
-8.025449752807617
-7.924318790435791
-8.042595863342285
-7.946535110473633
-8.023164749145508
-8.004091262817383
-7.968229293823242
-8.053752899169922
-7.895966053009033
-7.980128765106201
-7.988638401031494
-7.949263572692871
-8.036111831665039
-7.950313568115234
-8.012490272521973
-7.983616352081299
-7.931039333343506
-8.031249046325684
-8.016438484191895
-7.933848857879639
-8.049870491027832
-7.913915157318115
-7.985702991485596
-7.990711212158203
-7.9501729011535645
-8.046828269958496
-7.992370128631592
-8.025134086608887
-8.033182144165039
-8.028236389160156
-8.05702018737793
-7.962707042694092
-8.059666633605957
-7.932799339294434
-8.076702117919922
-8.057890892028809
-7.959630489349365
-8.060280799865723
-8.08651351928711
-8.000144004821777
-8.058435440063477
-8.065138816833496
-8.058277130126953
-8.056842803955078
-8.089160919189453
-8.056818962097168
-8.070173263549805
-8.045083999633789
-8.053908348083496
-7.99790096282959
-8.079017639160156
-8.044646263122559
-8.032113075256348
-8.045492172241211
-8.009048461914062
-8.038660049438477
-8.036890983581543
-8.038987159729004
-8.034579277038574
-8.002861022949219
-8.065302848815918
-8.041107177734375
-8.063920974731445
-7.993008136749268
-8.057727813720703
-8.027402877807617
-8.029598236083984
-8.057910919189453
-8.05575180053711
-8.052414894104004
-8.072230339050293
-8.05836009979248
-8.052597999572754
-8.054360389709473
-8.084099769592285
-8.058145523071289
-8.07255744934082
-8.073896408081055
-8.070924758911133
-8.045634269714355
-8.088326454162598
-8.07165241241455
-8.066940307617188
-8.094772338867188
-8.085174560546875
-8.072166442871094
-8.111445426940918
-8.062605857849121
-8.0818452835083
-8.115694999694824
-8.084529876708984
-8.068174362182617
-8.093866348266602
-8.107641220092773
-8.096365928649902
-8.122803688049316
-8.021958351135254
-8.040938377380371
-8.030512809753418
-8.048684120178223
-8.079039573669434
-8.049979209899902
-8.059660911560059
-8.026215553283691
-8.0911283493042
-8.074301719665527
-8.094725608825684
-8.1033935546875
-8.12009334564209
-8.073253631591797
-8.070305824279785
-8.090544700622559
-8.110164642333984
-8.101337432861328
-8.110175132751465
-8.093416213989258
-8.11429500579834
-8.099270820617676
-8.076711654663086
-8.074923515319824
-8.123619079589844
-8.057929039001465
-8.085137367248535
-8.095052719116211
-8.018289566040039
-8.110071182250977
-8.09433650970459
-7.910066604614258
-8.119614601135254
-7.933657646179199
-8.130963325500488
-8.05978775024414
-8.094939231872559
-8.135435104370117
-8.02427864074707
-8.044342994689941
-8.097236633300781
-8.075494766235352
-8.085929870605469
-8.068888664245605
-8.067093849182129
-8.131211280822754
-8.11202335357666
-8.051639556884766
-8.074019432067871
-8.014143943786621
-8.04828929901123
-8.12246322631836
-8.061771392822266
-8.043033599853516
-8.00982666015625
-7.968934535980225
-8.112086296081543
-7.9761433601379395
-7.908548831939697
-8.14079761505127
-8.064241409301758
-7.872673988342285
-8.142942428588867
-7.911647796630859
-7.858903408050537
-8.132413864135742
-8.02100658416748
-7.99392032623291
-8.119789123535156
-8.003069877624512
-8.124784469604492
-8.095582962036133
-8.075580596923828
-8.15728759765625
-8.10922622680664
-8.114412307739258
-8.15578842163086
-8.032906532287598
-8.105010986328125
-8.12768840789795
-8.102405548095703
-8.149378776550293
-8.071290016174316
-8.101971626281738
-8.119351387023926
-8.072891235351562
-8.138055801391602
-8.146117210388184
-8.113640785217285
-8.174263954162598
-8.10758113861084
-8.123469352722168
-8.106173515319824
-8.130328178405762
-8.101678848266602
-8.084030151367188
-8.13747787475586
-8.077554702758789
-8.155705451965332
-8.134635925292969
-8.051070213317871
-8.129127502441406
-8.09423542022705
-8.14201831817627
-8.149072647094727
-8.11214828491211
-8.153597831726074
-8.110153198242188
-8.111116409301758
-8.150279998779297
-8.098877906799316
-8.141928672790527
-8.185076713562012
-8.10799503326416
-8.129351615905762
-8.075017929077148
-8.090420722961426
-8.150492668151855
-8.081650733947754
-8.145029067993164
-8.137033462524414
-8.114232063293457
-8.121952056884766
-8.086347579956055
-8.155411720275879
-8.13629150390625
-8.087363243103027
-8.157772064208984
-8.129447937011719
-8.14391803741455
-8.187248229980469
-8.072585105895996
-8.147324562072754
-8.125500679016113
-8.090787887573242
-8.14122486114502
-8.130796432495117
-8.133825302124023
-8.143423080444336
-8.138725280761719
-8.164700508117676
-8.165579795837402
-8.150795936584473
-8.192194938659668
-8.157990455627441
-8.188705444335938
-8.183807373046875
-8.135255813598633
-8.062663078308105
-8.159090042114258
-8.138270378112793
-8.120705604553223
-8.134527206420898
-8.129899024963379
-8.170384407043457
-8.087210655212402
-8.170537948608398
-8.193083763122559
-8.158089637756348
-8.178221702575684
-8.171123504638672
-8.005480766296387
-8.171307563781738
-8.131072044372559
-8.165820121765137
-8.192534446716309
-8.140504837036133
-8.178893089294434
-8.173974990844727
-8.183900833129883
-8.183805465698242
-8.146499633789062
-8.130364418029785
-8.179676055908203
-8.182042121887207
-8.186564445495605
-8.160120964050293
-8.163681983947754
-8.165247917175293
-8.162910461425781
-8.191947937011719
-8.178149223327637
-8.160893440246582
-8.203041076660156
-8.195479393005371
-8.190451622009277
-8.16949462890625
-8.172085762023926
-8.189330101013184
-8.188011169433594
-8.190059661865234
-8.196834564208984
-8.1470947265625
-8.194433212280273
-8.201739311218262
-8.165509223937988
-8.151758193969727
-8.186358451843262
-8.11805248260498
-8.203791618347168
-8.148036003112793
-8.152166366577148
-8.171601295471191
-8.089048385620117
-8.2098970413208
-8.14962387084961
-8.166475296020508
-8.158347129821777
-8.102757453918457
-8.145735740661621
-8.216561317443848
-8.178685188293457
-8.187010765075684
-8.148183822631836
-8.201881408691406
-8.111531257629395
-8.162757873535156
-8.199798583984375
-8.193156242370605
-8.153352737426758
-8.224589347839355
-8.196863174438477
-8.171024322509766
-8.195323944091797
-8.19432544708252
-8.206477165222168
-8.195711135864258
-8.204774856567383
-8.202938079833984
-8.159541130065918
-8.240873336791992
-8.20474624633789
-8.213863372802734
-8.219255447387695
-8.212905883789062
-8.18325138092041
-8.22152042388916
-8.199014663696289
-8.206613540649414
-8.230485916137695
-8.258397102355957
-8.214933395385742
-8.14539623260498
-8.1744384765625
-8.140851974487305
-8.233428955078125
-8.119976043701172
-8.198046684265137
-8.182485580444336
-8.207230567932129
-8.185295104980469
-8.169191360473633
-8.225808143615723
-8.20531940460205
-8.154695510864258
-8.199137687683105
-8.144832611083984
-8.220995903015137
-8.165863037109375
-8.184635162353516
-8.21757698059082
-8.22787094116211
-8.196910858154297
-8.223590850830078
-8.165746688842773
-8.22071361541748
-8.121213912963867
-8.148508071899414
-8.238170623779297
-8.099513053894043
-8.241689682006836
-8.210451126098633
-8.197619438171387
-8.197831153869629
-8.13113784790039
-8.223567962646484
-8.156011581420898
-8.239102363586426
-8.20507526397705
-8.223140716552734
-8.205269813537598
-8.187466621398926
-8.183262825012207
-8.215522766113281
-8.20641803741455
-8.243746757507324
-8.237641334533691
-8.240859985351562
-8.22960376739502
-8.206001281738281
-8.249723434448242
-8.237137794494629
-8.214315414428711
-8.252574920654297
-8.237862586975098
-8.230052947998047
-8.24643325805664
-8.255075454711914
-8.240339279174805
-8.225528717041016
-8.235207557678223
-8.23336124420166
-8.21165657043457
-8.24207592010498
-8.208385467529297
-8.221912384033203
-8.124878883361816
-8.258855819702148
-8.192017555236816
-8.215500831604004
-8.144669532775879
-8.220553398132324
-8.22082805633545
-8.26356029510498
-8.215959548950195
-8.242452621459961
-8.212821960449219
-8.245609283447266
-8.192310333251953
-8.220264434814453
-8.251625061035156
-8.211421966552734
-8.22128677368164
-8.1865873336792
-8.235575675964355
-8.22078800201416
-8.253400802612305
-8.284245491027832
-8.129361152648926
-8.194868087768555
-8.197598457336426
-8.157933235168457
-8.217499732971191
-8.122801780700684
-8.24540901184082
-8.106464385986328
-8.199618339538574
-8.130025863647461
-8.109376907348633
-8.21864128112793
-8.140170097351074
-8.199289321899414
-8.24069595336914
-8.082625389099121
-8.244150161743164
-8.265703201293945
-8.24366283416748
-8.260976791381836
-8.205645561218262
-8.221941947937012
-8.225811004638672
-8.159738540649414
-8.243752479553223
-8.138670921325684
-8.212221145629883
-8.225037574768066
-8.149500846862793
-8.257274627685547
-8.173397064208984
-8.14854907989502
-8.230127334594727
-8.080732345581055
-8.18862533569336
-8.206705093383789
-8.022704124450684
-8.271866798400879
-8.192909240722656
-8.22537612915039
-8.257248878479004
-8.242035865783691
-8.171379089355469
-8.278030395507812
-8.222105979919434
-8.23149585723877
-8.188041687011719
-8.258821487426758
-8.211458206176758
-8.243463516235352
-8.139246940612793
-8.228662490844727
-8.219711303710938
-8.183647155761719
-8.205839157104492
-8.192045211791992
-8.222293853759766
-8.234560012817383
-8.225375175476074
-8.239439964294434
-8.238119125366211
-8.208040237426758
-8.21064281463623
-8.269633293151855
-8.188373565673828
-8.251630783081055
-8.220946311950684
-8.23794937133789
-8.259688377380371
-8.23026180267334
-8.164471626281738
-8.257415771484375
-8.127496719360352
-8.241870880126953
-8.098555564880371
-8.10545825958252
-8.247380256652832
-8.16446304321289
-8.175835609436035
-8.231161117553711
-8.21341323852539
-8.231961250305176
-8.223978996276855
-8.197174072265625
-8.260552406311035
-8.177637100219727
-8.254741668701172
-8.201347351074219
-8.191203117370605
-8.25202465057373
-8.164284706115723
-8.10228157043457
-8.25561809539795
-8.134872436523438
-8.164401054382324
-8.231407165527344
-8.25385856628418
-8.259222984313965
-8.263998031616211
-8.184085845947266
-8.19731616973877
-8.270085334777832
-8.163229942321777
-8.226096153259277
-8.274125099182129
-8.09135913848877
-8.24203872680664
-8.245201110839844
-8.217717170715332
-8.275671005249023
-8.189277648925781
-8.255598068237305
-8.255850791931152
-8.233341217041016
-8.285587310791016
-8.271563529968262
-8.25153923034668
-8.278626441955566
-8.28977108001709
-8.263906478881836
-8.224767684936523
-8.28226089477539
-8.28394889831543
-8.211423873901367
-8.274468421936035
-8.246764183044434
-8.265273094177246
-8.255636215209961
-8.236156463623047
-8.271720886230469
-8.262656211853027
-8.27028751373291
-8.235931396484375
-8.28921890258789
-8.266942977905273
-8.280494689941406
-8.285500526428223
-8.286705017089844
-8.305299758911133
-8.17437744140625
-8.267958641052246
-8.202463150024414
-8.221551895141602
-8.254315376281738
-8.160722732543945
-8.244258880615234
-8.188715934753418
-8.114737510681152
-8.247095108032227
-8.203203201293945
-8.176828384399414
-8.258927345275879
-8.220357894897461
-8.260604858398438
-8.254128456115723
-8.250883102416992
-8.27560806274414
-8.241279602050781
-8.191889762878418
-8.234270095825195
-8.28033447265625
-8.211980819702148
-8.271904945373535
-8.223013877868652
-8.266858100891113
-8.263412475585938
-8.156179428100586
-8.260042190551758
-8.204584121704102
-8.20405387878418
-8.249103546142578
-8.218772888183594
-8.21886920928955
-8.271331787109375
-8.197944641113281
-8.189004898071289
-8.265235900878906
-8.158265113830566
-8.243096351623535
-8.270295143127441
-8.236858367919922
-8.265881538391113
-8.2621488571167
-8.250982284545898
-8.278132438659668
-8.157588005065918
-8.274190902709961
-8.22684097290039
-8.261115074157715
-8.253571510314941
-8.224883079528809
-8.273670196533203
-8.255839347839355
-8.269631385803223
-8.281064987182617
-8.234898567199707
-8.287158012390137
-8.273595809936523
-8.192580223083496
-8.268564224243164
-8.195691108703613
-8.220781326293945
-8.292401313781738
-8.287172317504883
-8.229453086853027
-8.255749702453613
-8.273819923400879
-8.274077415466309
-8.253458976745605
-8.188228607177734
-8.246774673461914
-8.168968200683594
-8.272258758544922
-8.223875045776367
-8.250998497009277
-8.24734115600586
-8.311149597167969
-8.232702255249023
-8.291743278503418
-8.229329109191895
-8.248700141906738
-8.291074752807617
-8.285070419311523
-8.265437126159668
-8.220024108886719
-8.277273178100586
-8.28795337677002
-8.262297630310059
-8.2723388671875
-8.276905059814453
-8.294928550720215
-8.27869701385498
-8.258328437805176
-8.265596389770508
-8.257383346557617
-8.291670799255371
-8.255565643310547
-8.280742645263672
-8.214985847473145
-8.241000175476074
-8.221614837646484
-8.228913307189941
-8.23976993560791
-8.21961498260498
-8.257527351379395
-8.263813972473145
-8.254279136657715
-8.264801979064941
-8.263463973999023
-8.277107238769531
-8.225309371948242
-8.188170433044434
-8.298988342285156
-8.152935028076172
-8.20704460144043
-8.170449256896973
-7.998723030090332
-8.206069946289062
-8.254059791564941
-8.184449195861816
-8.278937339782715
-8.240570068359375
-8.172842979431152
-8.256083488464355
-8.182100296020508
-8.280840873718262
-8.253206253051758
-8.276473045349121
-8.29886531829834
-8.282675743103027
-8.293205261230469
-8.272505760192871
-8.283879280090332
-8.229209899902344
-8.259904861450195
-8.276658058166504
-8.283120155334473
-8.249454498291016
-8.222996711730957
-8.213942527770996
-8.275344848632812
-8.261042594909668
-8.277289390563965
-8.263936996459961
-8.301872253417969
-8.221661567687988
-8.276301383972168
-8.246587753295898
-8.273665428161621
-8.275105476379395
-8.276779174804688
-8.269522666931152
-8.289600372314453
-8.280895233154297
-8.280762672424316
-8.263528823852539
-8.287824630737305
-8.255741119384766
-8.249858856201172
-8.28286075592041
-8.288796424865723
-8.27542495727539
-8.292682647705078
-8.291020393371582
-8.244762420654297
-8.295060157775879
-8.289562225341797
-8.297603607177734
-8.253979682922363
-8.292969703674316
-8.252537727355957
-8.24350643157959
-8.299369812011719
-8.211769104003906
-8.286870956420898
-8.214794158935547
-8.232399940490723
-8.284502029418945
-8.154064178466797
-8.254064559936523
-8.196273803710938
-8.276753425598145
-8.294597625732422
-8.255969047546387
-8.261306762695312
-8.298304557800293
-8.243029594421387
-8.278218269348145
-8.290693283081055
-8.177392959594727
-8.259690284729004
-8.293624877929688
-8.224319458007812
-8.231772422790527
-8.249253273010254
-8.194427490234375
-8.245209693908691
-8.203044891357422
-8.152711868286133
-8.284721374511719
-8.163930892944336
-8.198373794555664
-8.274919509887695
-8.204305648803711
-8.272951126098633
-8.285011291503906
-8.218131065368652
-8.196568489074707
-8.248137474060059
-8.154745101928711
-8.308579444885254
-8.26749038696289
-8.20490837097168
-8.28647232055664
-8.291494369506836
-8.253460884094238
-8.29550552368164
-8.273520469665527
-8.285638809204102
-8.291924476623535
-8.27393913269043
-8.282258033752441
-8.26812744140625
-8.270792961120605
-8.265905380249023
-8.308581352233887
-8.327446937561035
-8.207180976867676
-8.286355018615723
-8.281595230102539
-8.265981674194336
-8.288726806640625
-8.277055740356445
-8.265776634216309
-8.266629219055176
-8.26032829284668
-8.298172950744629
-8.29679012298584
-8.28416633605957
-8.328988075256348
-8.297736167907715
-8.251876831054688
-8.279844284057617
-8.276469230651855
-8.248453140258789
-8.295980453491211
-8.211898803710938
-8.290925979614258
-8.276976585388184
-8.25151538848877
-8.268656730651855
-8.200608253479004
-8.217700958251953
-8.287698745727539
-8.16547679901123
-8.28625202178955
-8.306447982788086
-8.195026397705078
-8.230189323425293
-8.238908767700195
-8.202326774597168
-8.275405883789062
-8.306122779846191
-8.202192306518555
-8.281991958618164
-8.195574760437012
-8.293102264404297
-8.222509384155273
-8.232575416564941
-8.224590301513672
-8.305599212646484
-8.264080047607422
-8.276533126831055
-8.262595176696777
-8.286114692687988
-8.20726490020752
-8.298933029174805
-8.190361976623535
-8.27674388885498
-8.275309562683105
-8.259486198425293
-8.266416549682617
-8.241251945495605
-8.203116416931152
-8.275980949401855
-8.202999114990234
-8.304407119750977
-8.253920555114746
-8.287687301635742
-8.298896789550781
-8.31635570526123
-8.286625862121582
-8.286575317382812
-8.28580379486084
-8.317557334899902
-8.31877613067627
-8.273109436035156
-8.282073020935059
-8.18983268737793
-8.302809715270996
-8.257285118103027
-8.28666877746582
-8.277512550354004
-8.28622055053711
-8.292754173278809
-8.297186851501465
-8.297830581665039
-8.316132545471191
-8.275534629821777
-8.283048629760742
-8.27763557434082
-8.309925079345703
-8.29403018951416
-8.275656700134277
-8.289027214050293
-8.276387214660645
-8.283679962158203
-8.295943260192871
-8.29998779296875
-8.300905227661133
-8.291216850280762
-8.278779029846191
-8.304691314697266
-8.291050910949707
-8.313150405883789
-8.287689208984375
-8.289826393127441
-8.306229591369629
-8.220222473144531
-8.286605834960938
-8.246777534484863
-8.293663024902344
-8.261896133422852
-8.323741912841797
-8.222573280334473
-8.286767959594727
-8.261519432067871
-8.156293869018555
-8.27993392944336
-8.195393562316895
-8.226683616638184
-8.28845500946045
-8.160018920898438
-8.25352668762207
-8.170363426208496
-8.146875381469727
-8.308568954467773
-8.115260124206543
-8.253929138183594
-8.23127269744873
-8.177156448364258
-8.30008602142334
-8.30727767944336
-8.26518726348877
-8.320754051208496
-8.170833587646484
-8.27072525024414
-8.291062355041504
-8.237308502197266
-8.31344985961914
-8.303512573242188
-8.252812385559082
-8.312972068786621
-8.306180953979492
-8.303974151611328
-8.317510604858398
-8.287363052368164
-8.202960014343262
-8.302604675292969
-8.278433799743652
-8.326390266418457
-8.310173988342285
-8.301664352416992
-8.288933753967285
-8.3026762008667
-8.290687561035156
-8.322827339172363
-8.289388656616211
-8.297228813171387
-8.263508796691895
-8.25504207611084
-8.309012413024902
-8.243927001953125
-8.294698715209961
-8.273601531982422
-8.293068885803223
-8.277730941772461
-8.311356544494629
-8.26913833618164
-8.291794776916504
-8.28554630279541
-8.260560989379883
-8.299596786499023
-8.304738998413086
-8.315778732299805
-8.301680564880371
-8.291982650756836
-8.286344528198242
-8.303055763244629
-8.327127456665039
-8.319746017456055
-8.291269302368164
-8.338553428649902
-8.275605201721191
-8.330336570739746
-8.247342109680176
-8.310522079467773
-8.263830184936523
-8.288061141967773
-8.208447456359863
-8.270541191101074
-8.33593463897705
-8.309059143066406
-8.21557331085205
-8.258278846740723
-8.232827186584473
-8.242741584777832
-8.20508861541748
-8.213122367858887
-8.300284385681152
-8.212565422058105
-8.201288223266602
-8.27321720123291
-8.215126991271973
-8.27485466003418
-8.26953411102295
-8.225189208984375
-8.229872703552246
-8.28626823425293
-8.328295707702637
-8.263769149780273
-8.24887466430664
-8.277749061584473
-8.235573768615723
-8.271944046020508
-8.298250198364258
-8.294144630432129
-8.32043743133545
-8.278937339782715
-8.299232482910156
-8.240950584411621
-8.305648803710938
-8.310300827026367
-8.253829002380371
-8.291058540344238
-8.27828598022461
-8.302000999450684
-8.278035163879395
-8.32398796081543
-8.287473678588867
-8.308536529541016
-8.312349319458008
-8.29668140411377
-8.291805267333984
-8.309597969055176
-8.273491859436035
-8.323468208312988
-8.303388595581055
-8.28812313079834
-8.307455062866211
-8.28952407836914
-8.317262649536133
-8.310104370117188
-8.277141571044922
-8.314620971679688
-8.254634857177734
-8.239045143127441
-8.311352729797363
-8.275959968566895
-8.283223152160645
-8.306682586669922
-8.316085815429688
-8.271197319030762
-8.283425331115723
-8.306556701660156
-8.28353500366211
-8.301666259765625
-8.27285385131836
-8.313067436218262
-8.305196762084961
-8.328597068786621
-8.28279972076416
-8.323317527770996
-8.297911643981934
-8.293505668640137
-8.265024185180664
-8.27862548828125
-8.248915672302246
-8.244366645812988
-8.303685188293457
-8.30510139465332
-8.245526313781738
-8.290419578552246
-8.29239273071289
-8.316591262817383
-8.29055404663086
-8.28068733215332
-8.322386741638184
-8.331184387207031
-8.301908493041992
-8.276396751403809
-8.318867683410645
-8.30809497833252
-8.276032447814941
-8.27026653289795
-8.297819137573242
-8.310616493225098
-8.312959671020508
-8.288018226623535
-8.281116485595703
-8.278036117553711
-8.315300941467285
-8.262818336486816
-8.299427032470703
-8.31856632232666
-8.121644020080566
-8.315763473510742
-8.23371696472168
-8.278840065002441
-8.289252281188965
-8.23115062713623
-8.302262306213379
-8.297957420349121
-8.256563186645508
-8.258390426635742
-8.299238204956055
-8.295112609863281
-8.242668151855469
-8.232786178588867
-8.29387378692627
-8.144341468811035
-8.289290428161621
-8.245744705200195
-8.241387367248535
-8.325151443481445
-8.252303123474121
-8.250561714172363
-8.307064056396484
-8.26041030883789
-8.251507759094238
-8.315910339355469
-8.213173866271973
-8.26840877532959
-8.278082847595215
-8.298864364624023
-8.290717124938965
-8.305625915527344
-8.210440635681152
-8.257227897644043
-8.309806823730469
-8.130346298217773
-8.285676002502441
-8.280732154846191
-8.135322570800781
-8.31190013885498
-8.269828796386719
-8.125205039978027
-8.295838356018066
-8.225486755371094
-8.325394630432129
-8.285313606262207
-8.296146392822266
-8.327476501464844
-8.261590957641602
-8.303997039794922
-8.300215721130371
-8.272602081298828
-8.300294876098633
-8.254844665527344
-8.287353515625
-8.23759937286377
-8.15622329711914
-8.311473846435547
-8.201716423034668
-8.266793251037598
-8.299248695373535
-8.172243118286133
-8.32670783996582
-8.112164497375488
-8.2052001953125
-8.289998054504395
-8.117453575134277
-8.278430938720703
-8.255105018615723
-8.151756286621094
-8.294343948364258
-8.160221099853516
-8.183942794799805
-8.308216094970703
-8.192195892333984
-8.097000122070312
-8.228090286254883
-8.124911308288574
-8.324481010437012
-8.267163276672363
-8.254576683044434
-8.240095138549805
-8.139326095581055
-8.264632225036621
-8.321163177490234
-8.26053237915039
-8.267139434814453
-8.32373332977295
-8.212750434875488
-8.305992126464844
-8.317091941833496
-8.319816589355469
-8.302629470825195
-8.305217742919922
-8.293004989624023
-8.301745414733887
-8.311755180358887
-8.308222770690918
-8.281091690063477
-8.293084144592285
-8.306893348693848
-8.273179054260254
-8.273420333862305
-8.3384428024292
-8.311386108398438
-8.297467231750488
-8.302960395812988
-8.225380897521973
-8.278989791870117
-8.242206573486328
-8.282247543334961
-8.302630424499512
-8.298677444458008
-8.28427505493164
-8.303292274475098
-8.23299503326416
-8.294139862060547
-8.291733741760254
-8.28021240234375
-8.297287940979004
-8.290616989135742
-8.303468704223633
-8.320259094238281
-8.311392784118652
-8.310270309448242
-8.300128936767578
-8.309157371520996
-8.297296524047852
-8.25609016418457
-8.318119049072266
-8.287714958190918
-8.296980857849121
-8.274646759033203
-8.269390106201172
-8.27857494354248
-8.272992134094238
-8.317216873168945
-8.32254409790039
-8.317960739135742
-8.319220542907715
-8.30702018737793
-8.326848983764648
-8.308420181274414
-8.30394172668457
-8.290732383728027
-8.306119918823242
-8.280462265014648
-8.338878631591797
-8.29298210144043
-8.312867164611816
-8.32418155670166
-8.311576843261719
-8.320630073547363
-8.327106475830078
-8.316450119018555
-8.336061477661133
-8.209726333618164
-8.278321266174316
-8.307717323303223
-8.083666801452637
-8.266136169433594
-8.235980987548828
-8.109310150146484
-8.32813835144043
-8.105616569519043
-8.029739379882812
-8.335437774658203
-8.161131858825684
-8.249411582946777
-8.32632064819336
-8.256587982177734
-8.272202491760254
-8.306099891662598
-8.318280220031738
-8.295166969299316
-8.305960655212402
-8.325345039367676
-8.27713394165039
-8.32643985748291
-8.322789192199707
-8.326388359069824
-8.318023681640625
-8.276803016662598
-8.319558143615723
-8.320171356201172
-8.264945983886719
-8.317299842834473
-8.280179977416992
-8.266140937805176
-8.31586742401123
-8.294832229614258
-8.262571334838867
-8.31055736541748
-8.276497840881348
-8.26694107055664
-8.321979522705078
-8.24177360534668
-8.259695053100586
-8.29177474975586
-8.24394702911377
-8.311166763305664
-8.30526351928711
-8.249717712402344
-8.291119575500488
-8.248345375061035
-8.213031768798828
-8.30798053741455
-8.292024612426758
-8.31448745727539
-8.310798645019531
-8.321775436401367
-8.281855583190918
-8.285788536071777
-8.313546180725098
-8.24010181427002
-8.34436321258545
-8.318868637084961
-8.326099395751953
-8.281242370605469
-8.28982925415039
-8.34200668334961
-8.277873992919922
-8.305377960205078
-8.318376541137695
-8.322556495666504
-8.324106216430664
-8.292882919311523
-8.313962936401367
-8.313841819763184
-8.307289123535156
-8.301010131835938
-8.321038246154785
-8.30648422241211
-8.321270942687988
-8.327242851257324
-8.285691261291504
-8.324953079223633
-8.30860424041748
-8.322566032409668
-8.320900917053223
-8.304976463317871
-8.291529655456543
-8.322497367858887
-8.313847541809082
-8.32339859008789
-8.318300247192383
-8.303133010864258
-8.31743335723877
-8.218388557434082
-8.286667823791504
-8.28685188293457
-8.302916526794434
-8.271618843078613
-8.190731048583984
-8.272224426269531
-8.314250946044922
-8.287981033325195
-8.26338005065918
-8.318547248840332
-8.240015029907227
-8.329596519470215
-8.253373146057129
-8.271564483642578
-8.294548988342285
-8.219306945800781
-8.313133239746094
-8.23824691772461
-8.33761978149414
-8.29563045501709
-8.297529220581055
-8.205820083618164
-8.324506759643555
-8.204839706420898
-8.309014320373535
-8.298981666564941
-8.241472244262695
-8.299773216247559
-8.297262191772461
-8.33126449584961
-8.32076358795166
-8.298802375793457
-8.277892112731934
-8.33510684967041
-8.116950035095215
-8.29830265045166
-8.103227615356445
-8.16775131225586
-8.293880462646484
-8.250919342041016
-8.11874771118164
-8.32404899597168
-8.10735034942627
-8.172178268432617
-8.314090728759766
-8.192169189453125
-8.242772102355957
-8.245840072631836
-8.1992826461792
-8.334695816040039
-8.278651237487793
-8.223602294921875
-8.302425384521484
-8.142308235168457
-8.31813907623291
-8.31068229675293
-8.292705535888672
-8.340628623962402
-8.31856918334961
-8.316805839538574
-8.249958992004395
-8.323380470275879
-8.33405876159668
-8.302305221557617
-8.315296173095703
-8.283975601196289
-8.31885814666748
-8.283835411071777
-8.324357986450195
-8.318574905395508
-8.304933547973633
-8.276968002319336
-8.327247619628906
-8.244760513305664
-8.304420471191406
-8.309099197387695
-8.22618293762207
-8.30473804473877
-8.24336051940918
-8.342216491699219
-8.309571266174316
-8.300869941711426
-8.313637733459473
-8.276924133300781
-8.305230140686035
-8.229907989501953
-8.309501647949219
-8.302183151245117
-8.312541007995605
-8.322779655456543
-8.304441452026367
-8.29988956451416
-8.326395034790039
-8.29090404510498
-8.329150199890137
-8.314122200012207
-8.336864471435547
-8.293525695800781
-8.30776309967041
-8.324837684631348
-8.324994087219238
-8.321918487548828
-8.328566551208496
-8.332084655761719
-8.321513175964355
-8.338841438293457
-8.327079772949219
-8.307953834533691
-8.31600570678711
-8.291291236877441
-8.336662292480469
-8.30624008178711
-8.32426929473877
-8.304951667785645
-8.32595157623291
-8.342377662658691
-8.269850730895996
-8.328920364379883
-8.254373550415039
-8.328085899353027
-8.320874214172363
-8.29551887512207
-8.338071823120117
-8.289604187011719
-8.2755708694458
-8.305161476135254
-8.271327018737793
-8.291163444519043
-8.289108276367188
-8.235238075256348
-8.290173530578613
-8.244479179382324
-8.251187324523926
-8.316495895385742
-8.215216636657715
-8.330598831176758
-8.272750854492188
-8.326276779174805
-8.331232070922852
-8.2803373336792
-8.332773208618164
-8.275419235229492
-8.338743209838867
-8.286948204040527
-8.304668426513672
-8.354511260986328
-8.2879056930542
-8.310235977172852
-8.298656463623047
-8.320335388183594
-8.281030654907227
-8.34223747253418
-8.332762718200684
-8.301153182983398
-8.288538932800293
-8.315220832824707
-8.3275785446167
-8.335638046264648
-8.232755661010742
-8.32205867767334
-8.282875061035156
-8.322549819946289
-8.325234413146973
-8.293356895446777
-8.337320327758789
-8.334778785705566
-8.329955101013184
-8.329760551452637
-8.304457664489746
-8.31787109375
-8.323379516601562
-8.341254234313965
-8.306774139404297
-8.329143524169922
-8.31554889678955
-8.304537773132324
-8.326513290405273
-8.330450057983398
-8.288459777832031
-8.305536270141602
-8.310202598571777
-8.284104347229004
-8.319299697875977
-8.302671432495117
-8.285102844238281
-8.31264877319336
-8.2556791305542
-8.292217254638672
-8.33375358581543
-8.10390853881836
-8.260136604309082
-8.1612548828125
-8.237066268920898
-8.309776306152344
-8.194117546081543
-8.23820972442627
-8.299700736999512
-8.227412223815918
-8.209332466125488
-8.292610168457031
-8.218374252319336
-8.290580749511719
-8.284423828125
-8.155517578125
-8.29997730255127
-8.232566833496094
-8.171552658081055
-8.301717758178711
-8.203904151916504
-8.215387344360352
-8.312272071838379
-8.14819622039795
-8.287572860717773
-8.295937538146973
-8.217029571533203
-8.260784149169922
-8.273521423339844
-8.12939453125
-8.340840339660645
-8.238347053527832
-8.20933723449707
-8.29807186126709
-8.218355178833008
-8.261122703552246
-8.359063148498535
-8.210955619812012
-8.276039123535156
-8.30160903930664
-8.262362480163574
-8.279204368591309
-8.296957969665527
-8.212797164916992
-8.236475944519043
-8.3143892288208
-8.205517768859863
-8.281732559204102
-8.319531440734863
-8.118231773376465
-8.239006042480469
-8.201421737670898
-8.24824333190918
-8.331735610961914
-8.294017791748047
-8.323676109313965
-8.333366394042969
-8.302000999450684
-8.308144569396973
-8.342166900634766
-8.296062469482422
-8.36469554901123
-8.319740295410156
-8.271013259887695
-8.324702262878418
-8.3253173828125
-8.314309120178223
-8.287334442138672
-8.32624626159668
-8.321648597717285
-8.3010892868042
-8.30113697052002
-8.299968719482422
-8.277549743652344
-8.329566955566406
-8.243232727050781
-8.296103477478027
-8.321063995361328
-8.275647163391113
-8.307865142822266
-8.302741050720215
-8.291464805603027
-8.341262817382812
-8.210044860839844
-8.277100563049316
-8.2688627243042
-8.292195320129395
-8.310938835144043
-8.327455520629883
-8.323166847229004
-8.310647964477539
-8.308786392211914
-8.264912605285645
-8.324678421020508
-8.324747085571289
-8.319181442260742
-8.281746864318848
-8.256959915161133
-8.339068412780762
-8.270391464233398
-8.302070617675781
-8.308709144592285
-8.328919410705566
-8.29878044128418
-8.31147289276123
-8.279068946838379
-8.357768058776855
-8.318345069885254
-8.32342529296875
-8.304911613464355
-8.339503288269043
-8.306343078613281
-8.338722229003906
-8.320497512817383
-8.320945739746094
-8.327430725097656
-8.308862686157227
-8.3228120803833
-8.355302810668945
-8.334267616271973
-8.333880424499512
-8.331745147705078
-8.292072296142578
-8.291565895080566
-8.305861473083496
-8.339004516601562
-8.351545333862305
-8.327048301696777
-8.327519416809082
-8.329178810119629
-8.24925422668457
-8.282470703125
-8.26683235168457
-8.322649955749512
-8.298439025878906
-8.287919044494629
-8.341081619262695
-8.275671005249023
-8.317721366882324
-8.256050109863281
-8.313117980957031
-8.318338394165039
-8.328592300415039
-8.32502269744873
-8.297783851623535
-8.320216178894043
-8.326661109924316
-8.316764831542969
-8.309261322021484
-8.33195686340332
-8.295357704162598
-8.346329689025879
-8.310309410095215
-8.322713851928711
-8.244181632995605
-8.329344749450684
-8.304278373718262
-8.35233211517334
-8.297171592712402
-8.329206466674805
-8.330277442932129
-8.282803535461426
-8.330729484558105
-8.282025337219238
-8.314728736877441
-8.271394729614258
-8.29251480102539
-8.339518547058105
-8.318175315856934
-8.314846992492676
-8.33679485321045
-8.323958396911621
-8.281756401062012
-8.347999572753906
-8.192076683044434
-8.253379821777344
-8.324630737304688
-8.100934982299805
-8.30621337890625
-8.345257759094238
-8.239778518676758
-8.303789138793945
-8.324982643127441
-8.148876190185547
-8.337180137634277
-8.205878257751465
-8.172897338867188
-8.311254501342773
-8.198614120483398
-8.313715934753418
-8.362314224243164
-8.237515449523926
-8.247541427612305
-8.283088684082031
-8.166160583496094
-8.336505889892578
-8.23008918762207
-8.266488075256348
-8.334317207336426
-8.2754487991333
-8.304936408996582
-8.281126976013184
-8.32080078125
-8.324660301208496
-8.331406593322754
-8.31580924987793
-8.340166091918945
-8.237354278564453
-8.325770378112793
-8.235052108764648
-8.320064544677734
-8.338319778442383
-8.307103157043457
-8.313959121704102
-8.331462860107422
-8.262665748596191
-8.328425407409668
-8.321916580200195
-8.337742805480957
-8.314791679382324
-8.30288314819336
-8.30690860748291
-8.331250190734863
-8.291377067565918
-8.310980796813965
-8.28789234161377
-8.334471702575684
-8.323420524597168
-8.295562744140625
-8.33864974975586
-8.353854179382324
-8.322373390197754
-8.319581985473633
-8.348981857299805
-8.258773803710938
-8.318124771118164
-8.30413818359375
-8.336614608764648
-8.325058937072754
-8.329627990722656
-8.357186317443848
-8.29934310913086
-8.342682838439941
-8.30181884765625
-8.332849502563477
-8.321075439453125
-8.30003833770752
-8.333645820617676
-8.30942153930664
-8.315970420837402
-8.323068618774414
-8.317336082458496
-8.329571723937988
-8.330126762390137
-8.332530975341797
-8.329132080078125
-8.30447769165039
-8.32652759552002
-8.313776016235352
-8.319499969482422
-8.325173377990723
-8.315954208374023
-8.32738208770752
-8.283193588256836
-8.319497108459473
-8.30499267578125
-8.30116081237793
-8.324726104736328
-8.299612045288086
-8.308453559875488
-8.32501220703125
-8.286163330078125
-8.302979469299316
-8.260478019714355
-8.293152809143066
-8.32381534576416
-8.30622386932373
-8.341326713562012
-8.335983276367188
-8.327133178710938
-8.334084510803223
-8.333309173583984
-8.283061027526855
-8.35229778289795
-8.256211280822754
-8.260729789733887
-8.292875289916992
-8.117509841918945
-8.351624488830566
-8.310628890991211
-8.271647453308105
-8.33252239227295
-8.315605163574219
-8.331130981445312
-8.347057342529297
-8.329896926879883
-8.334649085998535
-8.309776306152344
-8.307421684265137
-8.289774894714355
-8.29235553741455
-8.276853561401367
-8.307181358337402
-8.28528118133545
-8.290677070617676
-8.261279106140137
-8.360198020935059
-8.32966423034668
-8.27440357208252
-8.326102256774902
-8.23048210144043
-8.33426284790039
-8.294116973876953
-8.333566665649414
-8.313754081726074
-8.347023010253906
-8.327354431152344
-8.324906349182129
-8.329474449157715
-8.318337440490723
-8.361361503601074
-8.314253807067871
-8.328877449035645
-8.306440353393555
-8.289286613464355
-8.342735290527344
-8.268202781677246
-8.302355766296387
-8.23747444152832
-8.321057319641113
-8.336047172546387
-8.277327537536621
-8.30329418182373
-8.31356430053711
-8.311015129089355
-8.326680183410645
-8.332355499267578
-8.293099403381348
-8.343822479248047
-8.31816577911377
-8.341976165771484
-8.34883975982666
-8.345968246459961
-8.305899620056152
-8.306418418884277
-8.303325653076172
-8.342283248901367
-8.334546089172363
-8.337197303771973
-8.331473350524902
-8.341429710388184
-8.339272499084473
-8.318501472473145
-8.320768356323242
-8.321335792541504
-8.325915336608887
-8.300023078918457
-8.31330394744873
-8.321117401123047
-8.337528228759766
-8.295446395874023
-8.296571731567383
-8.30982494354248
-8.313809394836426
-8.327559471130371
-8.29876708984375
-8.334893226623535
-8.328428268432617
-8.282012939453125
-8.317900657653809
-8.351014137268066
-8.293879508972168
-8.285151481628418
-8.294596672058105
-8.244284629821777
-8.321505546569824
-8.183189392089844
-8.286871910095215
-8.293746948242188
-8.302652359008789
-8.373800277709961
-8.328359603881836
-8.3179931640625
-8.296649932861328
-8.32109260559082
-8.325935363769531
-8.28268051147461
-8.320428848266602
-8.290565490722656
-8.281825065612793
-8.291044235229492
-8.322036743164062
-8.319157600402832
-8.325562477111816
-8.319903373718262
-8.182117462158203
-8.28074836730957
-8.332736015319824
-8.244698524475098
-8.285747528076172
-8.299097061157227
-8.230875968933105
-8.347867012023926
-8.313968658447266
-8.3197021484375
-8.34788990020752
-8.3234281539917
-8.321598052978516
-8.323968887329102
-8.314851760864258
-8.324872016906738
-8.31179141998291
-8.324617385864258
-8.345587730407715
-8.32845401763916
-8.33632755279541
-8.33426284790039
-8.322967529296875
-8.346436500549316
-8.326960563659668
-8.33234977722168
-8.349156379699707
-8.296232223510742
-8.329666137695312
-8.319181442260742
-8.333783149719238
-8.321785926818848
-8.334993362426758
-8.320449829101562
-8.324609756469727
-8.310029029846191
-8.33524227142334
-8.331351280212402
-8.339201927185059
-8.287461280822754
-8.296235084533691
-8.334542274475098
-8.346935272216797
-8.28735065460205
-8.297383308410645
-8.304964065551758
-8.290849685668945
-8.327249526977539
-8.289491653442383
-8.245088577270508
-8.337495803833008
-8.146031379699707
-8.34936809539795
-8.313953399658203
-8.329537391662598
-8.335564613342285
-8.322481155395508
-8.336174011230469
-8.319467544555664
-8.348687171936035
-8.330404281616211
-8.336149215698242
-8.327197074890137
-8.325875282287598
-8.343448638916016
-8.350815773010254
-8.344736099243164
-8.323830604553223
-8.324115753173828
-8.302313804626465
-8.348114013671875
-8.359225273132324
-8.344857215881348
-8.327737808227539
-8.330859184265137
-8.355630874633789
-8.323454856872559
-8.309638977050781
-8.304875373840332
-8.340044021606445
-8.372171401977539
-8.304357528686523
-8.342684745788574
-8.316997528076172
-8.338288307189941
-8.3286714553833
-8.346426963806152
-8.344332695007324
-8.338597297668457
-8.345880508422852
-8.342984199523926
-8.351131439208984
-8.330456733703613
-8.346579551696777
-8.335123062133789
-8.317008972167969
-8.281882286071777
-8.34171199798584
-8.335211753845215
-8.31514835357666
-8.359733581542969
-8.312300682067871
-8.319499015808105
-8.285314559936523
-8.324006080627441
-8.344793319702148
-8.314812660217285
-8.345172882080078
-8.323657989501953
-8.315617561340332
-8.318284034729004
-8.307991981506348
-8.321682929992676
-8.315462112426758
-8.34506607055664
-8.319272994995117
-8.326883316040039
-8.30695915222168
-8.329068183898926
-8.34614086151123
-8.328083992004395
-8.316678047180176
-8.322405815124512
-8.31308650970459
-8.3414888381958
-8.296473503112793
-8.308304786682129
-8.297025680541992
-8.282628059387207
-8.333464622497559
-8.318343162536621
-8.326202392578125
-8.324923515319824
-8.332046508789062
-8.286526679992676
-8.331949234008789
-8.204191207885742
-8.336933135986328
-8.307415962219238
-8.312310218811035
-8.338140487670898
-8.357351303100586
-8.334633827209473
-8.340204238891602
-8.335341453552246
-8.34273910522461
-8.337297439575195
-8.319866180419922
-8.336491584777832
-8.342423439025879
-8.344605445861816
-8.324202537536621
-8.329072952270508
-8.343180656433105
-8.33803939819336
-8.33682632446289
-8.295610427856445
-8.345518112182617
-8.351308822631836
-8.324033737182617
-8.349187850952148
-8.28445053100586
-8.341207504272461
-8.25097942352295
-8.303726196289062
-8.29505443572998
-8.195183753967285
-8.317971229553223
-8.198623657226562
-8.3125638961792
-8.33582878112793
-8.285131454467773
-8.270440101623535
-8.348008155822754
-8.202726364135742
-8.361434936523438
-8.255884170532227
-8.245707511901855
-8.354452133178711
-8.126065254211426
-8.296625137329102
-8.327348709106445
-8.234421730041504
-8.3531494140625
-8.325274467468262
-8.311149597167969
-8.32926082611084
-8.262121200561523
-8.259255409240723
-8.260565757751465
-8.25206184387207
-8.320115089416504
-8.202404022216797
-8.306164741516113
-8.36059284210205
-8.328570365905762
-8.216111183166504
-8.329937934875488
-8.221620559692383
-8.300509452819824
-8.346061706542969
-8.224334716796875
-8.328560829162598
-8.309160232543945
-8.158172607421875
-8.336109161376953
-8.2743558883667
-8.345844268798828
-8.340496063232422
-8.312674522399902
-8.359707832336426
-8.293781280517578
-8.33646011352539
-8.295334815979004
-8.339173316955566
-8.304055213928223
-8.279850959777832
-8.338427543640137
-8.286782264709473
-8.278443336486816
-8.355735778808594
-8.247159957885742
-8.313581466674805
-8.26874828338623
-8.316756248474121
-8.312819480895996
-8.292208671569824
-8.32643985748291
-8.30812931060791
-8.321189880371094
-8.333922386169434
-8.386618614196777
-8.267695426940918
-8.358531951904297
-8.331144332885742
-8.282853126525879
-8.366047859191895
-8.319000244140625
-8.24372386932373
-8.316649436950684
-8.310362815856934
-8.33661937713623
-8.335886001586914
-8.3277587890625
-8.296346664428711
-8.32429027557373
-8.301277160644531
-8.335049629211426
-8.334314346313477
-8.366520881652832
-8.328670501708984
-8.28506851196289
-8.264315605163574
-8.31854248046875
-8.32461166381836
-8.279505729675293
-8.300271987915039
-8.270807266235352
-8.310513496398926
-8.22797966003418
-8.272799491882324
-8.341897964477539
-8.320945739746094
-8.308708190917969
-8.310223579406738
-8.3196382522583
-8.341259956359863
-8.344223976135254
-8.335254669189453
-8.325569152832031
-8.340169906616211
-8.34375286102295
-8.345487594604492
-8.340886116027832
-8.34786319732666
-8.306623458862305
-8.347258567810059
-8.333773612976074
-8.317891120910645
-8.278421401977539
-8.334903717041016
-8.337759971618652
-8.347339630126953
-8.325311660766602
-8.344017028808594
-8.333374977111816
-8.324877738952637
-8.32693099975586
-8.333410263061523
-8.344210624694824
-8.345102310180664
-8.337342262268066
-8.284964561462402
-8.328612327575684
-8.343240737915039
-8.352274894714355
-8.349038124084473
-8.334572792053223
-8.33359432220459
-8.34552001953125
-8.338240623474121
-8.314645767211914
-8.3136625289917
-8.341394424438477
-8.29161548614502
-8.336668014526367
-8.290584564208984
-8.332332611083984
-8.341567039489746
-8.269564628601074
-8.349736213684082
-8.282812118530273
-8.356498718261719
-8.330492973327637
-8.306861877441406
-8.330490112304688
-8.366048812866211
-8.300097465515137
-8.332758903503418
-8.35276985168457
-8.347837448120117
-8.31342887878418
-8.356742858886719
-8.348612785339355
-8.335872650146484
-8.334514617919922
-8.362425804138184
-8.287052154541016
-8.342906951904297
-8.305781364440918
-8.347607612609863
-8.321809768676758
-8.339049339294434
-8.326083183288574
-8.322861671447754
-8.307880401611328
-8.358375549316406
-8.246764183044434
-8.293972969055176
-8.293399810791016
-8.330558776855469
-8.289234161376953
-8.332901954650879
-8.29348087310791
-8.318561553955078
-8.39183521270752
-8.251935005187988
-8.334734916687012
-8.271279335021973
-8.3405179977417
-8.348220825195312
-8.326457977294922
-8.307748794555664
-8.305014610290527
-8.320734977722168
-8.342819213867188
-8.323751449584961
-8.333253860473633
-8.336479187011719
-8.31849479675293
-8.341634750366211
-8.331222534179688
-8.347932815551758
-8.293506622314453
-8.351174354553223
-8.30264949798584
-8.341941833496094
-8.349281311035156
-8.3190279006958
-8.331988334655762
-8.353242874145508
-8.33867359161377
-8.318634986877441
-8.350728034973145
-8.335968017578125
-8.294485092163086
-8.356719970703125
-8.30898666381836
-8.35803508758545
-8.342789649963379
-8.354223251342773
-8.283510208129883
-8.348548889160156
-8.34157943725586
-8.37256145477295
-8.289575576782227
-8.33087158203125
-8.311589241027832
-8.321277618408203
-8.294275283813477
-8.313826560974121
-8.3444185256958
-8.28725814819336
-8.338212013244629
-8.310373306274414
-8.319841384887695
-8.342531204223633
-8.324319839477539
-8.332267761230469
-8.352835655212402
-8.344916343688965
-8.319864273071289
-8.340322494506836
-8.344876289367676
-8.319093704223633
-8.332975387573242
-8.24186897277832
-8.313924789428711
-8.330693244934082
-8.206549644470215
-8.368242263793945
-8.343806266784668
-8.24560832977295
-8.337910652160645
-8.265189170837402
-8.359864234924316
-8.342876434326172
-8.287845611572266
-8.335822105407715
-8.321045875549316
-8.34953498840332
-8.345460891723633
-8.335293769836426
-8.340664863586426
-8.334848403930664
-8.302515029907227
-8.32031536102295
-8.328401565551758
-8.313809394836426
-8.362323760986328
-8.321830749511719
-8.322892189025879
-8.345829010009766
-8.329780578613281
-8.344202995300293
-8.345141410827637
-8.35495376586914
-8.351408004760742
-8.31302261352539
-8.342310905456543
-8.354211807250977
-8.328459739685059
-8.251331329345703
-8.307239532470703
-8.342506408691406
-8.339634895324707
-8.254746437072754
-8.332023620605469
-8.290075302124023
-8.302006721496582
-8.344684600830078
-8.307635307312012
-8.343334197998047
-8.344819068908691
-8.309743881225586
-8.320939064025879
-8.26088809967041
-8.338215827941895
-8.26650619506836
-8.326459884643555
-8.343759536743164
-8.310982704162598
-8.29349422454834
-8.356568336486816
-8.210725784301758
-8.323040962219238
-8.30732536315918
-8.264347076416016
-8.361732482910156
-8.213510513305664
-8.256824493408203
-8.33955192565918
-8.193206787109375
-8.258858680725098
-8.200427055358887
-8.242315292358398
-8.342304229736328
-8.255585670471191
-8.329773902893066
-8.333484649658203
-8.331835746765137
-8.284394264221191
-8.338541030883789
-8.269354820251465
-8.34681510925293
-8.21278190612793
-8.20583724975586
-8.292914390563965
-8.159699440002441
-8.30431842803955
-8.217609405517578
-8.242481231689453
-8.314051628112793
-8.227134704589844
-8.087092399597168
-8.340413093566895
-8.16416072845459
-8.059126853942871
-8.3501558303833
-8.176390647888184
-8.2632417678833
-8.343602180480957
-8.276092529296875
-8.341985702514648
-8.319247245788574
-8.291751861572266
-8.337288856506348
-8.285614013671875
-8.350247383117676
-8.343961715698242
-8.316388130187988
-8.35788631439209
-8.338469505310059
-8.357878684997559
-8.339998245239258
-8.339507102966309
-8.337372779846191
-8.345636367797852
-8.358095169067383
-8.316245079040527
-8.347172737121582
-8.311453819274902
-8.3560791015625
-8.3194580078125
-8.319910049438477
-8.330667495727539
-8.336989402770996
-8.297114372253418
-8.347880363464355
-8.303024291992188
-8.294031143188477
-8.319060325622559
-8.28636360168457
-8.349470138549805
-8.339866638183594
-8.30363655090332
-8.341876029968262
-8.343117713928223
-8.331643104553223
-8.34412956237793
-8.351378440856934
-8.349039077758789
-8.334685325622559
-8.334477424621582
-8.26593017578125
-8.349104881286621
-8.354819297790527
-8.326608657836914
-8.342331886291504
-8.293885231018066
-8.319973945617676
-8.359031677246094
-8.352348327636719
-8.35303020477295
-8.334784507751465
-8.328550338745117
-8.330973625183105
-8.3673095703125
-8.342921257019043
-8.358348846435547
-8.358795166015625
-8.333989143371582
-8.35081958770752
-8.355368614196777
-8.33800220489502
