loss_v
-7.02484655380249
-6.996675968170166
-6.931494235992432
-7.0755934715271
-7.094900608062744
-7.10304069519043
-7.194485187530518
-6.944298267364502
-7.06744384765625
-7.00023889541626
-7.080434799194336
-6.938594341278076
-7.175337791442871
-7.282544136047363
-7.08479642868042
-7.307361125946045
-7.348002910614014
-7.1155219078063965
-7.152360916137695
-7.220287799835205
-7.434769630432129
-7.106476783752441
-7.355690956115723
-7.4125847816467285
-7.510241985321045
-7.387667179107666
-7.465731620788574
-7.415175437927246
-7.48672342300415
-7.22922420501709
-7.319216728210449
-7.4446845054626465
-7.435741424560547
-7.532293796539307
-7.419269561767578
-7.34071159362793
-7.576351642608643
-7.291086673736572
-7.440491199493408
-7.5482330322265625
-7.527964115142822
-7.41569185256958
-7.546423435211182
-7.409948825836182
-7.548013687133789
-7.571403980255127
-7.65535306930542
-7.5989789962768555
-7.689486980438232
-7.784032821655273
-7.477296829223633
-7.523324012756348
-7.775416374206543
-7.719482421875
-7.827846527099609
-7.825699329376221
-7.441201210021973
-7.489252090454102
-7.7433180809021
-7.648362159729004
-7.469959735870361
-7.873284816741943
-7.793355941772461
-7.877986907958984
-7.823559284210205
-7.733938217163086
-7.755037784576416
-7.9417219161987305
-7.882391929626465
-7.803182601928711
-7.77083683013916
-8.062844276428223
-7.867858409881592
-7.910598278045654
-7.935604095458984
-8.008519172668457
-8.010102272033691
-8.088726997375488
-7.96714448928833
-8.120010375976562
-8.049720764160156
-7.954574108123779
-8.003937721252441
-8.085186958312988
-8.091691017150879
-8.137898445129395
-8.037711143493652
-8.255904197692871
-8.275155067443848
-8.2866849899292
-8.227890014648438
-8.069159507751465
-8.149455070495605
-8.241646766662598
-8.238546371459961
-8.261848449707031
-8.286202430725098
-8.282135009765625
-8.472475051879883
-8.341720581054688
-8.304057121276855
-8.333824157714844
-8.35750961303711
-8.374009132385254
-8.323620796203613
-8.407951354980469
-8.421156883239746
-8.422500610351562
-8.470735549926758
-8.459992408752441
-8.440001487731934
-8.385361671447754
-8.479024887084961
-8.457369804382324
-8.477371215820312
-8.410815238952637
-8.491887092590332
-8.514863967895508
-8.510013580322266
-8.478727340698242
-8.483879089355469
-8.48511791229248
-8.477785110473633
-8.475168228149414
-8.539835929870605
-8.51414680480957
-8.511902809143066
-8.511608123779297
-8.497654914855957
-8.456701278686523
-8.498756408691406
-8.458551406860352
-8.52154541015625
-8.454401969909668
-8.500641822814941
-8.48472785949707
-8.50780963897705
-8.521848678588867
-8.510577201843262
-8.540936470031738
-8.455245018005371
-8.508849143981934
-8.53235912322998
-8.5432767868042
-8.531808853149414
-8.532387733459473
-8.523929595947266
-8.46396255493164
-8.519453048706055
-8.559849739074707
-8.52667236328125
-8.531355857849121
-8.533533096313477
-8.507743835449219
-8.522048950195312
-8.543370246887207
-8.551362991333008
-8.51932144165039
-8.546956062316895
-8.541641235351562
-8.523518562316895
-8.552257537841797
-8.54440975189209
-8.550104141235352
-8.530184745788574
-8.556218147277832
-8.51656436920166
-8.509747505187988
-8.555245399475098
-8.539984703063965
-8.559956550598145
-8.576911926269531
-8.526639938354492
-8.586600303649902
-8.56044864654541
-8.566999435424805
-8.557994842529297
-8.5684175491333
-8.579733848571777
-8.559208869934082
-8.591447830200195
-8.570101737976074
-8.557021141052246
-8.583622932434082
-8.575379371643066
-8.598398208618164
-8.57776165008545
-8.577851295471191
-8.575788497924805
-8.589158058166504
-8.574161529541016
-8.591937065124512
-8.579585075378418
-8.58862018585205
-8.598184585571289
-8.614481925964355
-8.60800838470459
-8.598971366882324
-8.611047744750977
-8.605326652526855
-8.600896835327148
-8.616082191467285
-8.617691993713379
-8.620577812194824
-8.625663757324219
-8.62131118774414
-8.643087387084961
-8.647085189819336
-8.628082275390625
-8.639023780822754
-8.641739845275879
-8.66098403930664
-8.659554481506348
-8.66810417175293
-8.677999496459961
-8.673834800720215
-8.684542655944824
-8.697073936462402
-8.69364070892334
-8.709587097167969
-8.70887565612793
-8.720817565917969
-8.732285499572754
-8.750353813171387
-8.765365600585938
-8.7660551071167
-8.788243293762207
-8.795845985412598
-8.818214416503906
-8.830307960510254
-8.855889320373535
-8.88194465637207
-8.908184051513672
-8.917570114135742
-8.945322036743164
-8.974552154541016
-9.01998519897461
-9.053414344787598
-9.034677505493164
-9.10784912109375
-9.095365524291992
-9.177046775817871
-9.246005058288574
-9.215995788574219
-9.320152282714844
-9.368617057800293
-9.349238395690918
-9.458978652954102
-9.552287101745605
-9.654297828674316
-9.575610160827637
-9.677926063537598
-9.777824401855469
-9.607643127441406
-9.855178833007812
-9.909225463867188
-9.843245506286621
-9.856115341186523
-9.962883949279785
-9.975296020507812
-10.026591300964355
-9.931299209594727
-9.999475479125977
-10.084698677062988
-10.105138778686523
-10.017596244812012
-10.084549903869629
-10.131462097167969
-10.121341705322266
-10.068500518798828
-10.102377891540527
-10.178437232971191
-10.141871452331543
-10.120648384094238
-10.171279907226562
-10.235548973083496
-10.229728698730469
-10.197358131408691
-10.245150566101074
-10.25860595703125
-10.231925010681152
-10.280121803283691
-10.271703720092773
-10.253808975219727
-10.280647277832031
-10.273330688476562
-10.30473804473877
-10.294171333312988
-10.271097183227539
-10.304122924804688
-10.320186614990234
-10.334325790405273
-10.313692092895508
-10.320603370666504
-10.285928726196289
-10.324569702148438
-10.359672546386719
-10.348678588867188
-10.354769706726074
-10.372848510742188
-10.388834953308105
-10.34190559387207
-10.317727088928223
-10.307600021362305
-10.390891075134277
-10.413962364196777
-10.371459007263184
-10.375194549560547
-10.300674438476562
-10.39279556274414
-10.420942306518555
-10.3851318359375
-10.344749450683594
-10.363765716552734
-10.419840812683105
-10.414835929870605
-10.388494491577148
-10.359525680541992
-10.439261436462402
-10.44555377960205
-10.460723876953125
-10.388602256774902
-10.451972007751465
-10.468266487121582
-10.458992958068848
-10.407410621643066
-10.438788414001465
-10.467904090881348
-10.448869705200195
-10.41179370880127
-10.431133270263672
-10.43267822265625
-10.45627498626709
-10.444275856018066
-10.441763877868652
-10.461841583251953
-10.491230010986328
-10.472331047058105
-10.504703521728516
-10.496633529663086
-10.501426696777344
-10.50146198272705
-10.476552963256836
-10.488821029663086
-10.500748634338379
-10.508450508117676
-10.47703742980957
-10.49725341796875
-10.496037483215332
-10.51400089263916
-10.505997657775879
-10.482207298278809
-10.491178512573242
-10.508066177368164
-10.523569107055664
-10.530364990234375
-10.538535118103027
-10.512667655944824
-10.539682388305664
-10.525788307189941
-10.513976097106934
-10.548466682434082
-10.535699844360352
-10.5298490524292
-10.509462356567383
-10.524155616760254
-10.513688087463379
-10.557902336120605
-10.514351844787598
-10.500861167907715
-10.522918701171875
-10.559226989746094
-10.544123649597168
-10.512861251831055
-10.530957221984863
-10.549177169799805
-10.577207565307617
-10.531322479248047
-10.504079818725586
-10.535865783691406
-10.553340911865234
-10.539411544799805
-10.552528381347656
-10.566487312316895
-10.565483093261719
-10.551010131835938
-10.550951957702637
-10.567235946655273
-10.573640823364258
-10.565972328186035
-10.584349632263184
-10.58338451385498
-10.579530715942383
-10.593976974487305
-10.604394912719727
-10.583314895629883
-10.603120803833008
-10.629842758178711
-10.58394718170166
-10.594828605651855
-10.600630760192871
-10.598519325256348
-10.584348678588867
-10.614473342895508
-10.596721649169922
-10.60193920135498
-10.60184097290039
-10.581804275512695
-10.626482009887695
-10.609408378601074
-10.611087799072266
-10.603662490844727
-10.59583854675293
-10.58197021484375
-10.618199348449707
-10.61365032196045
-10.622217178344727
-10.558845520019531
-10.444849967956543
-10.563584327697754
-10.65389633178711
-10.564301490783691
-10.529060363769531
-10.594359397888184
-10.619564056396484
-10.61465072631836
-10.606464385986328
-10.612163543701172
-10.607438087463379
-10.642242431640625
-10.597146034240723
-10.601970672607422
-10.638725280761719
-10.643569946289062
-10.627812385559082
-10.615571022033691
-10.582099914550781
-10.650256156921387
-10.63652515411377
-10.62928581237793
-10.620862007141113
-10.640156745910645
-10.608603477478027
-10.648451805114746
-10.625692367553711
-10.631574630737305
-10.634604454040527
-10.626729965209961
-10.627528190612793
-10.636763572692871
-10.665217399597168
-10.657124519348145
-10.693360328674316
-10.639138221740723
-10.604047775268555
-10.692841529846191
-10.66685962677002
-10.63892650604248
-10.679423332214355
-10.64621639251709
-10.657398223876953
-10.663742065429688
-10.657021522521973
-10.68370532989502
-10.670760154724121
-10.665170669555664
-10.690296173095703
-10.677433967590332
-10.667731285095215
-10.64536190032959
-10.653871536254883
-10.677903175354004
-10.66392993927002
-10.66280460357666
-10.671332359313965
-10.694504737854004
-10.685535430908203
-10.669543266296387
-10.681551933288574
-10.667967796325684
-10.691388130187988
-10.715797424316406
-10.709049224853516
-10.696882247924805
-10.689996719360352
-10.693432807922363
-10.68932056427002
-10.671601295471191
-10.694908142089844
-10.707193374633789
-10.71994400024414
-10.700840950012207
-10.718851089477539
-10.683549880981445
-10.693283081054688
-10.686177253723145
-10.71517562866211
-10.724997520446777
-10.687209129333496
-10.695615768432617
-10.70012092590332
-10.709619522094727
-10.708675384521484
-10.693432807922363
-10.715232849121094
-10.7324800491333
-10.723981857299805
-10.686125755310059
-10.67982292175293
-10.710549354553223
-10.705204010009766
-10.727714538574219
-10.705442428588867
-10.720962524414062
-10.703360557556152
-10.697239875793457
-10.686203956604004
-10.712808609008789
-10.699867248535156
-10.711800575256348
-10.718060493469238
-10.728928565979004
-10.735003471374512
-10.706786155700684
-10.736518859863281
-10.733022689819336
-10.733558654785156
-10.711350440979004
-10.727441787719727
-10.730677604675293
-10.723371505737305
-10.720109939575195
-10.755288124084473
-10.750161170959473
-10.737834930419922
-10.742559432983398
-10.737407684326172
-10.735231399536133
-10.720553398132324
-10.740513801574707
-10.712251663208008
-10.746699333190918
-10.761665344238281
-10.758551597595215
-10.75690746307373
-10.73494815826416
-10.720498085021973
-10.669617652893066
-10.678640365600586
-10.733630180358887
-10.751054763793945
-10.761305809020996
-10.759871482849121
-10.73851203918457
-10.724005699157715
-10.709904670715332
-10.723249435424805
-10.763215065002441
-10.756800651550293
-10.732880592346191
-10.726424217224121
-10.736384391784668
-10.73974895477295
-10.753664016723633
-10.77749252319336
-10.767045974731445
-10.773514747619629
-10.761285781860352
-10.74539852142334
-10.787921905517578
-10.7814359664917
-10.771215438842773
-10.790108680725098
-10.778566360473633
-10.78173542022705
-10.739500999450684
-10.738654136657715
-10.757177352905273
-10.784923553466797
-10.796960830688477
-10.782308578491211
-10.80517578125
-10.786675453186035
-10.767206192016602
-10.733111381530762
-10.773661613464355
-10.788790702819824
-10.812482833862305
-10.795381546020508
-10.800858497619629
-10.800500869750977
-10.776630401611328
-10.793821334838867
-10.74200439453125
-10.78154182434082
-10.797350883483887
-10.810327529907227
-10.83028507232666
-10.80492877960205
-10.81755542755127
-10.824738502502441
-10.79693603515625
-10.818570137023926
-10.825199127197266
-10.82090950012207
-10.815094947814941
-10.824302673339844
-10.821873664855957
-10.828922271728516
-10.814519882202148
-10.806501388549805
-10.818992614746094
-10.821548461914062
-10.832683563232422
-10.843643188476562
-10.831534385681152
-10.772132873535156
-10.759644508361816
-10.749212265014648
-10.812793731689453
-10.838443756103516
-10.828676223754883
-10.795701026916504
-10.756696701049805
-10.773425102233887
-10.812345504760742
-10.82661247253418
-10.815881729125977
-10.796761512756348
-10.764463424682617
-10.784775733947754
-10.846062660217285
-10.826070785522461
-10.853663444519043
-10.813308715820312
-10.820237159729004
-10.823053359985352
-10.837823867797852
-10.841970443725586
-10.80461597442627
-10.82976245880127
-10.836080551147461
-10.875475883483887
-10.84769058227539
-10.79529094696045
-10.827165603637695
-10.85362434387207
-10.863713264465332
-10.823663711547852
-10.83829116821289
-10.831022262573242
-10.870450973510742
-10.852417945861816
-10.856491088867188
-10.879044532775879
-10.875823974609375
-10.827413558959961
-10.870699882507324
-10.856771469116211
-10.876371383666992
-10.859757423400879
-10.882140159606934
-10.863704681396484
-10.875725746154785
-10.852865219116211
-10.882964134216309
-10.868550300598145
-10.886503219604492
-10.867278099060059
-10.905211448669434
-10.866640090942383
-10.868786811828613
-10.874053001403809
-10.859122276306152
-10.900556564331055
-10.888827323913574
-10.888047218322754
-10.881621360778809
-10.905877113342285
-10.89858341217041
-10.88437557220459
-10.8911714553833
-10.897993087768555
-10.911538124084473
-10.89692211151123
-10.900416374206543
-10.883753776550293
-10.88332748413086
-10.873863220214844
-10.89742374420166
-10.905250549316406
-10.88181209564209
-10.897829055786133
-10.887587547302246
-10.884831428527832
-10.876235008239746
-10.888263702392578
-10.8885498046875
-10.902036666870117
-10.88718032836914
-10.925055503845215
-10.914938926696777
-10.89979076385498
-10.881179809570312
-10.890246391296387
-10.879404067993164
-10.898698806762695
-10.9203519821167
-10.899805068969727
-10.91182804107666
-10.90662670135498
-10.918508529663086
-10.919118881225586
-10.922296524047852
-10.896903038024902
-10.914583206176758
-10.904635429382324
-10.900493621826172
-10.891371726989746
-10.899145126342773
-10.922374725341797
-10.922033309936523
-10.940054893493652
-10.911377906799316
-10.909887313842773
-10.891047477722168
-10.922640800476074
-10.943978309631348
-10.960264205932617
-10.95402717590332
-10.945308685302734
-10.939620018005371
-10.931724548339844
-10.934619903564453
-10.953880310058594
-10.953157424926758
-10.95559024810791
-10.939557075500488
-10.948904037475586
-10.95166301727295
-10.929591178894043
-10.907611846923828
-10.92919921875
-10.920475006103516
-10.927841186523438
-10.952641487121582
-10.961812019348145
-10.933340072631836
-10.930032730102539
-10.95376205444336
-10.957064628601074
-10.953243255615234
-10.955669403076172
-10.978395462036133
-10.95854377746582
-10.96566104888916
-10.951913833618164
-10.954286575317383
-10.933906555175781
-10.929191589355469
-10.923158645629883
-10.932599067687988
-10.932544708251953
-10.939136505126953
-10.946968078613281
-10.970588684082031
-10.959966659545898
-10.959893226623535
-10.964261054992676
-10.973041534423828
-10.98403263092041
-10.97110652923584
-10.986684799194336
-10.993790626525879
-10.98015022277832
-10.970084190368652
-10.998015403747559
-10.95743179321289
-10.946864128112793
-10.956130981445312
-10.98436450958252
-10.96303939819336
-10.976271629333496
-10.973867416381836
-10.960827827453613
-10.939626693725586
-10.924161911010742
-10.919942855834961
-10.969185829162598
-10.963557243347168
-10.979928970336914
-11.00457763671875
-10.984109878540039
-10.964797019958496
-10.983244895935059
-10.980801582336426
-10.970149993896484
-10.978744506835938
-10.960860252380371
-10.969197273254395
-10.966811180114746
-10.986090660095215
-11.005912780761719
-10.983085632324219
-10.992104530334473
-10.98948860168457
-10.9941987991333
-10.985300064086914
-11.013936042785645
-11.002937316894531
-11.003462791442871
-11.024679183959961
-11.005414009094238
-11.022530555725098
-10.997665405273438
-11.014586448669434
-10.988027572631836
-10.995318412780762
-11.002984046936035
-10.999731063842773
-11.00151538848877
-11.0198974609375
-11.03532600402832
-11.014912605285645
-10.997137069702148
-10.989680290222168
-10.987868309020996
-10.976340293884277
-11.000639915466309
-11.010364532470703
-11.012939453125
-11.026006698608398
-11.017574310302734
-11.023826599121094
-11.019942283630371
-11.028450012207031
-11.013739585876465
-11.023356437683105
-11.031454086303711
-11.029555320739746
-11.020238876342773
-11.007205963134766
-11.008158683776855
-10.994394302368164
-11.006672859191895
-11.013361930847168
-11.025346755981445
-11.015822410583496
-11.046918869018555
-11.032118797302246
-11.037652015686035
-11.020495414733887
-11.050006866455078
-11.045217514038086
-11.037476539611816
-11.032158851623535
-11.025755882263184
-11.037372589111328
-11.075054168701172
-11.044053077697754
-11.014190673828125
-10.999235153198242
-11.003301620483398
-10.98985767364502
-11.019879341125488
-11.030831336975098
-11.028987884521484
-11.015883445739746
-10.991718292236328
-10.984294891357422
-11.016998291015625
-11.036127090454102
-11.061090469360352
-11.054545402526855
-11.058835983276367
-11.022833824157715
-11.018071174621582
-11.026114463806152
-11.048884391784668
-11.046489715576172
-11.048868179321289
-11.03016185760498
-11.002019882202148
-11.027579307556152
-11.041024208068848
-11.05614185333252
-11.082858085632324
-11.069352149963379
-11.033312797546387
-11.046345710754395
-11.071945190429688
-11.086061477661133
-11.075325012207031
-11.039336204528809
-11.044496536254883
-11.039144515991211
-11.06775188446045
-11.061537742614746
-11.07436752319336
-11.065333366394043
-11.083918571472168
-11.072690963745117
-11.086710929870605
-11.092475891113281
-11.066996574401855
-11.062402725219727
-11.089285850524902
-11.089946746826172
-11.088557243347168
-11.07442855834961
-11.044102668762207
-11.086762428283691
-11.072638511657715
-11.074793815612793
-11.078018188476562
-11.06602954864502
-11.116398811340332
-11.087584495544434
-11.080126762390137
-11.085530281066895
-11.0740385055542
-11.088120460510254
-11.088398933410645
-11.087385177612305
-11.092440605163574
-11.09028434753418
-11.089276313781738
-11.093276023864746
-11.087896347045898
-11.098959922790527
-11.082921981811523
-11.084052085876465
-11.091971397399902
-11.103318214416504
-11.107460975646973
-11.090353965759277
-11.09991455078125
-11.094491958618164
-11.1050386428833
-11.073667526245117
-11.088884353637695
-11.09026050567627
-11.099796295166016
-11.109088897705078
-11.08791732788086
-11.080846786499023
-11.088008880615234
-11.06291389465332
-11.069655418395996
-11.09599494934082
-11.114032745361328
-11.102174758911133
-11.101202964782715
-11.101975440979004
-11.10794448852539
-11.117352485656738
-11.118171691894531
-11.124062538146973
-11.072114944458008
-11.066107749938965
-11.093043327331543
-11.103796005249023
-11.131540298461914
-11.092677116394043
-11.085930824279785
-11.069756507873535
-11.060760498046875
-11.080774307250977
-11.110527992248535
-11.112259864807129
-11.104045867919922
-11.101395606994629
-11.097026824951172
-11.122076034545898
-11.135884284973145
-11.10341739654541
-11.09816837310791
-11.118623733520508
-11.118072509765625
-11.128395080566406
-11.117326736450195
-11.117828369140625
-11.100672721862793
-11.10521125793457
-11.114230155944824
-11.117585182189941
-11.131621360778809
-11.137155532836914
-11.13298511505127
-11.112645149230957
-11.123285293579102
-11.127802848815918
-11.099568367004395
-11.105238914489746
-11.136639595031738
-11.123946189880371
-11.12511157989502
-11.122214317321777
-11.103842735290527
-11.11564826965332
-11.112354278564453
-11.128805160522461
-11.128482818603516
-11.1310453414917
-11.106795310974121
-11.1095552444458
-11.102275848388672
-11.12035083770752
-11.130082130432129
-11.114697456359863
-11.128667831420898
-11.107730865478516
-11.111897468566895
-11.136441230773926
-11.142562866210938
-11.131993293762207
-11.134989738464355
-11.141474723815918
-11.131023406982422
-11.142857551574707
-11.139938354492188
-11.137510299682617
-11.10912799835205
-11.129474639892578
-11.14843463897705
-11.128288269042969
-11.127313613891602
-11.1384916305542
-11.13925552368164
-11.122746467590332
-11.1533784866333
-11.149961471557617
-11.126813888549805
-11.155232429504395
-11.151686668395996
-11.16079044342041
-11.14378547668457
-11.146533012390137
-11.13732624053955
-11.135830879211426
-11.141654968261719
-11.153177261352539
-11.14980411529541
-11.134918212890625
-11.13020133972168
-11.1483736038208
-11.133621215820312
-11.135246276855469
-11.152848243713379
-11.149981498718262
-11.136821746826172
-11.14201545715332
-11.155346870422363
-11.162229537963867
-11.147234916687012
-11.14622688293457
-11.159703254699707
-11.156176567077637
-11.149444580078125
-11.156518936157227
-11.156792640686035
-11.143869400024414
-11.150474548339844
-11.168438911437988
-11.156172752380371
-11.147058486938477
-11.14588451385498
-11.13598918914795
-11.145875930786133
-11.130441665649414
-11.152896881103516
-11.164493560791016
-11.149883270263672
-11.163887023925781
-11.162529945373535
-11.163311958312988
-11.16132926940918
-11.165882110595703
-11.1674222946167
-11.155776977539062
-11.158299446105957
-11.164671897888184
-11.151712417602539
-11.155654907226562
-11.161881446838379
-11.144430160522461
-11.133766174316406
-11.140219688415527
-11.14594554901123
-11.148248672485352
-11.157450675964355
-11.142108917236328
-11.164643287658691
-11.142491340637207
-11.135289192199707
-11.176158905029297
-11.170581817626953
-11.180092811584473
-11.17282485961914
-11.1668062210083
-11.169910430908203
-11.170781135559082
-11.168657302856445
-11.16355037689209
-11.166067123413086
-11.162434577941895
-11.170531272888184
-11.176563262939453
-11.165169715881348
-11.15932559967041
-11.156908988952637
-11.149234771728516
-11.14753532409668
-11.144730567932129
-11.168009757995605
-11.190237045288086
-11.183204650878906
-11.184828758239746
-11.154563903808594
-11.158985137939453
-11.163241386413574
-11.175734519958496
-11.166065216064453
-11.168869018554688
-11.18129825592041
-11.1781644821167
-11.174235343933105
-11.169350624084473
-11.172205924987793
-11.164521217346191
-11.170215606689453
-11.167387008666992
-11.15925407409668
-11.156769752502441
-11.142426490783691
-11.155707359313965
-11.169320106506348
-11.176533699035645
-11.183191299438477
-11.182744979858398
-11.1882963180542
-11.175817489624023
-11.174592971801758
-11.183456420898438
-11.184961318969727
-11.1754732131958
-11.178315162658691
-11.187063217163086
-11.169503211975098
-11.191149711608887
-11.181839942932129
-11.203451156616211
-11.177421569824219
-11.179798126220703
-11.156707763671875
-11.127195358276367
-11.134912490844727
-11.133522033691406
-11.174762725830078
-11.186200141906738
-11.177888870239258
-11.171080589294434
-11.165258407592773
-11.158585548400879
-11.137001991271973
-11.149853706359863
-11.167218208312988
-11.1641206741333
-11.170846939086914
-11.18889045715332
-11.187360763549805
-11.18697452545166
-11.164186477661133
-11.16884994506836
-11.133451461791992
-11.14362907409668
-11.153385162353516
-11.169299125671387
-11.1963472366333
-11.17475414276123
-11.137505531311035
-11.131404876708984
-11.15189266204834
-11.183456420898438
-11.177879333496094
-11.17940616607666
-11.150245666503906
-11.148078918457031
-11.15530776977539
-11.170644760131836
-11.186310768127441
-11.158228874206543
-11.161397933959961
-11.171722412109375
-11.172093391418457
-11.190463066101074
-11.197710990905762
-11.193696975708008
-11.16323471069336
-11.147224426269531
-11.157838821411133
-11.164548873901367
-11.178056716918945
-11.18770694732666
-11.18752384185791
-11.183547973632812
-11.181818008422852
-11.172672271728516
-11.192550659179688
-11.197155952453613
-11.190166473388672
-11.2078218460083
-11.2011137008667
-11.18552017211914
-11.182236671447754
-11.194927215576172
-11.200430870056152
-11.203917503356934
-11.200380325317383
-11.19593334197998
-11.202230453491211
-11.203203201293945
-11.194740295410156
-11.194972038269043
-11.185617446899414
-11.200542449951172
-11.196906089782715
-11.201399803161621
-11.196473121643066
-11.203938484191895
-11.19425106048584
-11.199265480041504
-11.202587127685547
-11.1961669921875
-11.200182914733887
-11.207465171813965
-11.195144653320312
-11.208066940307617
-11.18776798248291
-11.20407485961914
-11.185544967651367
-11.196309089660645
-11.19129467010498
-11.20848560333252
-11.207282066345215
-11.198480606079102
-11.208843231201172
-11.196534156799316
-11.201988220214844
-11.195155143737793
-11.19434928894043
-11.18945598602295
-11.194580078125
-11.200136184692383
-11.202791213989258
-11.209646224975586
-11.219905853271484
-11.200563430786133
-11.207427978515625
-11.220831871032715
-11.212763786315918
-11.204439163208008
-11.216360092163086
-11.200685501098633
-11.206210136413574
-11.209526062011719
-11.211971282958984
-11.210172653198242
-11.21117115020752
-11.198410987854004
-11.189934730529785
-11.183557510375977
-11.194384574890137
-11.20649242401123
-11.191760063171387
-11.20616340637207
-11.213017463684082
-11.211678504943848
-11.206633567810059
-11.207807540893555
-11.210334777832031
-11.201461791992188
-11.205972671508789
-11.210028648376465
-11.204153060913086
-11.160871505737305
-11.151093482971191
-11.129372596740723
-11.155130386352539
-11.214422225952148
-11.200028419494629
-11.208970069885254
-11.203095436096191
-11.216700553894043
-11.211042404174805
-11.205973625183105
-11.21375560760498
-11.209993362426758
-11.21488094329834
-11.216531753540039
-11.209014892578125
-11.20775032043457
-11.221121788024902
-11.211068153381348
-11.199244499206543
-11.219758987426758
-11.216951370239258
-11.185324668884277
-11.184918403625488
-11.183516502380371
-11.178071975708008
-11.209185600280762
-11.207355499267578
-11.187817573547363
-11.15723705291748
-11.135905265808105
-11.190171241760254
-11.210293769836426
-11.184475898742676
-11.135457038879395
-11.134803771972656
-11.150116920471191
-11.201028823852539
-11.198713302612305
-11.183941841125488
-11.16061782836914
-11.167664527893066
-11.2091646194458
-11.215811729431152
-11.201260566711426
-11.185153007507324
-11.173798561096191
-11.189443588256836
-11.221491813659668
-11.20948600769043
-11.191040992736816
-11.156353950500488
-11.156100273132324
-11.212800025939941
-11.228385925292969
-11.194994926452637
-11.164052963256836
-11.163671493530273
-11.204376220703125
-11.219611167907715
-11.204672813415527
-11.180737495422363
-11.188421249389648
-11.207664489746094
-11.219646453857422
-11.209732055664062
-11.199067115783691
-11.196560859680176
-11.219352722167969
-11.210461616516113
-11.203394889831543
-11.229438781738281
-11.205126762390137
-11.216649055480957
-11.214345932006836
-11.220415115356445
-11.219754219055176
-11.209330558776855
-11.217803001403809
-11.211238861083984
-11.217199325561523
-11.215412139892578
-11.215935707092285
-11.22622013092041
-11.229970932006836
-11.221672058105469
-11.228988647460938
-11.231582641601562
-11.222033500671387
-11.218961715698242
-11.220819473266602
-11.21538257598877
-11.226709365844727
-11.213345527648926
-11.220869064331055
-11.207747459411621
-11.22690200805664
-11.212560653686523
-11.214444160461426
-11.22063159942627
-11.233139991760254
-11.226227760314941
-11.229288101196289
-11.213608741760254
-11.221964836120605
-11.226799011230469
-11.230011940002441
-11.2181396484375
-11.225564002990723
-11.223052024841309
-11.224799156188965
-11.224139213562012
-11.23658275604248
-11.223220825195312
-11.222801208496094
-11.225520133972168
-11.224427223205566
-11.22907829284668
-11.235764503479004
-11.223540306091309
-11.231192588806152
-11.220307350158691
-11.227404594421387
-11.22469711303711
-11.23237419128418
-11.22042465209961
-11.217828750610352
-11.235738754272461
-11.234264373779297
-11.228628158569336
-11.217334747314453
-11.22720718383789
-11.228370666503906
-11.232646942138672
-11.232556343078613
-11.216279983520508
-11.233800888061523
-11.243309020996094
-11.226367950439453
-11.22288990020752
-11.222700119018555
-11.227222442626953
-11.231407165527344
-11.222402572631836
-11.228327751159668
-11.218120574951172
-11.228574752807617
-11.229303359985352
-11.229363441467285
-11.216775894165039
-11.218615531921387
