loss_v
-5.503222942352295
-5.482792854309082
-5.639580726623535
-5.798579692840576
-5.6368207931518555
-5.757812976837158
-6.079135894775391
-5.944798946380615
-5.959540367126465
-6.096311092376709
-6.195206642150879
-6.189562797546387
-6.1553544998168945
-6.254002571105957
-6.424622058868408
-6.055222034454346
-6.483302116394043
-6.30782413482666
-6.705964088439941
-6.494056701660156
-6.562552452087402
-6.631590366363525
-6.914051532745361
-6.759599208831787
-6.759199142456055
-6.872101783752441
-6.950807094573975
-6.832482814788818
-7.212901592254639
-6.949700355529785
-7.083499431610107
-7.060061454772949
-7.303037166595459
-7.058372974395752
-7.447071552276611
-7.51733922958374
-7.582456588745117
-7.644351005554199
-7.715276718139648
-7.450433254241943
-7.558122158050537
-7.605808258056641
-7.815667629241943
-7.86480712890625
-7.805527687072754
-8.071537971496582
-7.81784725189209
-8.000706672668457
-8.000329971313477
-8.042914390563965
-8.096245765686035
-7.875917434692383
-8.208220481872559
-7.99570894241333
-8.185417175292969
-8.232551574707031
-8.405542373657227
-8.173015594482422
-8.199836730957031
-8.288331985473633
-8.385469436645508
-8.252514839172363
-8.263444900512695
-8.268775939941406
-8.203927993774414
-8.381442070007324
-8.211517333984375
-8.420385360717773
-8.35794448852539
-8.328944206237793
-8.384705543518066
-8.413134574890137
-8.446196556091309
-8.567054748535156
-8.261351585388184
-8.44510555267334
-8.4531888961792
-8.318085670471191
-8.403831481933594
-8.464323043823242
-8.424481391906738
-8.4102144241333
-8.577418327331543
-8.414782524108887
-8.467446327209473
-8.381773948669434
-8.389886856079102
-8.451885223388672
-8.525626182556152
-8.445378303527832
-8.553115844726562
-8.491259574890137
-8.43648910522461
-8.56883716583252
-8.525636672973633
-8.46461296081543
-8.48129940032959
-8.419755935668945
-8.597182273864746
-8.538518905639648
-8.57320785522461
-8.532964706420898
-8.611419677734375
-8.522492408752441
-8.538203239440918
-8.642513275146484
-8.535853385925293
-8.567956924438477
-8.583284378051758
-8.576685905456543
-8.546502113342285
-8.613249778747559
-8.596470832824707
-8.551823616027832
-8.541444778442383
-8.662252426147461
-8.645990371704102
-8.549062728881836
-8.61394214630127
-8.61810302734375
-8.606712341308594
-8.65494441986084
-8.689447402954102
-8.703507423400879
-8.631497383117676
-8.654000282287598
-8.681025505065918
-8.608346939086914
-8.659098625183105
-8.66430950164795
-8.651802062988281
-8.690133094787598
-8.69040298461914
-8.697860717773438
-8.760713577270508
-8.770488739013672
-8.762481689453125
-8.739463806152344
-8.766221046447754
-8.726147651672363
-8.730328559875488
-8.780235290527344
-8.830154418945312
-8.739461898803711
-8.904003143310547
-8.80191421508789
-8.84364128112793
-8.82236385345459
-8.867243766784668
-8.931772232055664
-8.928760528564453
-8.903098106384277
-8.90944766998291
-9.004742622375488
-9.071050643920898
-8.99642562866211
-9.029569625854492
-9.219260215759277
-9.076335906982422
-9.167104721069336
-9.079453468322754
-9.230340003967285
-9.258140563964844
-9.237799644470215
-9.269476890563965
-9.349400520324707
-9.438725471496582
-9.357495307922363
-9.58781909942627
-9.525688171386719
-9.733552932739258
-9.395896911621094
-9.574803352355957
-9.409286499023438
-9.181451797485352
-9.732894897460938
-9.556783676147461
-9.4611234664917
-9.808610916137695
-9.512860298156738
-9.754974365234375
-9.81035327911377
-9.515420913696289
-9.670601844787598
-9.941274642944336
-9.478062629699707
-9.661687850952148
-10.043475151062012
-9.46024227142334
-9.57478141784668
-9.98807144165039
-9.74729061126709
-9.556358337402344
-9.777174949645996
-9.847322463989258
-9.631674766540527
-9.61893081665039
-10.01275634765625
-9.646578788757324
-9.550456047058105
-10.087175369262695
-9.901848793029785
-9.558626174926758
-9.933944702148438
-9.967657089233398
-9.72726821899414
-10.119291305541992
-9.911534309387207
-9.842765808105469
-9.933586120605469
-9.976503372192383
-9.919086456298828
-9.71972370147705
-9.687620162963867
-9.7852201461792
-9.540194511413574
-9.708765029907227
-10.234603881835938
-9.917604446411133
-9.81736946105957
-10.20993709564209
-9.844419479370117
-9.994163513183594
-9.987382888793945
-9.975072860717773
-10.194991111755371
-10.273701667785645
-9.949930191040039
-10.022316932678223
-10.12105941772461
-10.040006637573242
-10.204431533813477
-10.096592903137207
-9.908119201660156
-10.18683910369873
-10.094415664672852
-10.17489242553711
-10.157536506652832
-10.035982131958008
-10.19700813293457
-10.097413063049316
-10.009356498718262
-10.004960060119629
-10.19555950164795
-10.184163093566895
-10.305846214294434
-10.189168930053711
-10.070531845092773
-10.000513076782227
-10.185137748718262
-10.080883979797363
-10.118471145629883
-10.070326805114746
-9.877933502197266
-10.082015991210938
-10.039196968078613
-10.228161811828613
-10.26689338684082
-10.370636940002441
-10.343415260314941
-10.215191841125488
-10.1661376953125
-10.236671447753906
-10.218917846679688
-10.232946395874023
-10.192774772644043
-10.14592170715332
-10.05881404876709
-10.218189239501953
-10.097832679748535
-10.355161666870117
-10.361515045166016
-10.162911415100098
-10.133722305297852
-10.340381622314453
-10.245744705200195
-10.354948043823242
-10.385247230529785
-10.541173934936523
-10.304276466369629
-10.3384428024292
-10.32365894317627
-10.347649574279785
-10.314728736877441
-10.406804084777832
-10.345151901245117
-10.395721435546875
-10.391582489013672
-10.297231674194336
-10.436960220336914
-10.275338172912598
-10.363057136535645
-10.270133972167969
-10.418557167053223
-10.329671859741211
-10.23228931427002
-10.313722610473633
-10.27425765991211
-10.448112487792969
-10.383567810058594
-10.482364654541016
-10.44113540649414
-10.297465324401855
-10.358132362365723
-10.437544822692871
-10.43971061706543
-10.422516822814941
-10.4462890625
-10.414259910583496
-10.271585464477539
-10.467546463012695
-10.435709953308105
-10.261516571044922
-10.3818998336792
-10.177892684936523
-10.210610389709473
-10.360750198364258
-10.399918556213379
-10.37308406829834
-10.419322967529297
-10.256768226623535
-10.356769561767578
-10.532148361206055
-10.303462028503418
-10.473360061645508
-10.441198348999023
-10.561258316040039
-10.451626777648926
-10.526121139526367
-10.395686149597168
-10.53801155090332
-10.544520378112793
-10.536270141601562
-10.54401969909668
-10.343802452087402
-10.496295928955078
-10.4865140914917
-10.485628128051758
-10.522110939025879
-10.55988597869873
-10.565664291381836
-10.556963920593262
-10.600605964660645
-10.535085678100586
-10.504776000976562
-10.502036094665527
-10.396567344665527
-10.665550231933594
-10.625471115112305
-10.437837600708008
-10.718000411987305
-10.533849716186523
-10.597423553466797
-10.359871864318848
-10.429368019104004
-10.633964538574219
-10.547426223754883
-10.612860679626465
-10.6282320022583
-10.565665245056152
-10.734758377075195
-10.543547630310059
-10.588976860046387
-10.600446701049805
-10.624716758728027
-10.627790451049805
-10.5433988571167
-10.649473190307617
-10.664495468139648
-10.52936840057373
-10.554706573486328
-10.681386947631836
-10.660661697387695
-10.691800117492676
-10.605613708496094
-10.711627960205078
-10.644684791564941
-10.587221145629883
-10.690692901611328
-10.639238357543945
-10.695512771606445
-10.66824722290039
-10.514394760131836
-10.688732147216797
-10.600887298583984
-10.676836013793945
-10.670541763305664
-10.486918449401855
-10.689367294311523
-10.738852500915527
-10.692120552062988
-10.714597702026367
-10.636151313781738
-10.688858032226562
-10.744355201721191
-10.537337303161621
-10.694650650024414
-10.711256980895996
-10.680516242980957
-10.713150024414062
-10.728225708007812
-10.80117416381836
-10.739323616027832
-10.682575225830078
-10.662479400634766
-10.775904655456543
-10.652382850646973
-10.753083229064941
-10.816068649291992
-10.743083953857422
-10.802770614624023
-10.772039413452148
-10.686259269714355
-10.726171493530273
-10.753236770629883
-10.79129409790039
-10.791667938232422
-10.778564453125
-10.669715881347656
-10.754338264465332
-10.806496620178223
-10.796412467956543
-10.801405906677246
-10.797123908996582
-10.782816886901855
-10.859231948852539
-10.820335388183594
-10.836082458496094
-10.796263694763184
-10.83061695098877
-10.891840934753418
-10.846234321594238
-10.809098243713379
-10.836519241333008
-10.874234199523926
-10.89089584350586
-10.862491607666016
-10.842376708984375
-10.860369682312012
-10.843396186828613
-10.860983848571777
-10.820298194885254
-10.883362770080566
-10.790074348449707
-10.823551177978516
-10.915472030639648
-10.841927528381348
-10.830435752868652
-10.908920288085938
-10.89258098602295
-10.870708465576172
-10.79096794128418
-10.888680458068848
-10.78476333618164
-10.799103736877441
-10.857980728149414
-10.882884979248047
-10.883679389953613
-10.878583908081055
-10.92122745513916
-10.80042839050293
-10.875329971313477
-10.844348907470703
-10.888177871704102
-10.930935859680176
-10.864663124084473
-10.904071807861328
-10.873433113098145
-10.87590503692627
-10.883479118347168
-10.800407409667969
-10.863565444946289
-10.831762313842773
-10.777359962463379
-10.953068733215332
-10.851856231689453
-10.909387588500977
-10.839920043945312
-10.883399963378906
-10.941338539123535
-10.821385383605957
-10.944197654724121
-10.943502426147461
-10.884021759033203
-10.903305053710938
-10.880277633666992
-10.949042320251465
-10.951626777648926
-10.967879295349121
-10.956524848937988
-10.908121109008789
-10.945032119750977
-10.966165542602539
-10.926475524902344
-10.9623384475708
-10.963284492492676
-10.937468528747559
-10.978205680847168
-10.929520606994629
-10.98735237121582
-10.938246726989746
-11.007405281066895
-10.976259231567383
-10.983901023864746
-10.94430160522461
-10.969930648803711
-10.971574783325195
-10.995942115783691
-10.928062438964844
-10.987996101379395
-10.98086929321289
-10.981252670288086
-10.990568161010742
-11.001336097717285
-10.978250503540039
-10.96955394744873
-10.998860359191895
-10.99479866027832
-10.99776554107666
-10.991857528686523
-10.993694305419922
-10.991677284240723
-11.014569282531738
-11.026305198669434
-11.021214485168457
-11.018434524536133
-10.988189697265625
-11.03154182434082
-11.02338695526123
-11.009106636047363
-11.037464141845703
-11.013409614562988
-11.00243854522705
-11.027499198913574
-11.044052124023438
-10.995963096618652
-10.994471549987793
-11.015114784240723
-11.024309158325195
-11.038322448730469
-10.998658180236816
-11.011678695678711
-11.026620864868164
-11.030876159667969
-11.021276473999023
-11.047118186950684
-11.038576126098633
-11.041232109069824
-11.027558326721191
-11.043970108032227
-11.059637069702148
-11.058652877807617
-11.040983200073242
-11.0624418258667
-11.062472343444824
-11.063163757324219
-11.060282707214355
-11.0592041015625
-11.04896354675293
-11.038542747497559
-11.047714233398438
-11.024299621582031
-11.034933090209961
-11.012761116027832
-11.04271125793457
-11.06282901763916
-11.040854454040527
-11.01795482635498
-11.03125
-11.03710651397705
-11.050188064575195
-11.061867713928223
-11.05962085723877
-11.070695877075195
-11.051864624023438
-11.049694061279297
-11.057658195495605
-11.070378303527832
-11.082683563232422
-11.085676193237305
-11.047937393188477
-11.064738273620605
-11.046062469482422
-11.073182106018066
-11.063647270202637
-11.060991287231445
-11.068533897399902
-11.06523609161377
-11.092926979064941
-11.088082313537598
-11.08437442779541
-11.08974838256836
-11.0817289352417
-11.078755378723145
-11.06201457977295
-11.065852165222168
-11.084005355834961
-11.076519012451172
-11.092164039611816
-11.08426284790039
-11.079283714294434
-11.077445030212402
-11.059931755065918
-11.098057746887207
-11.089900970458984
-11.09083080291748
-11.078681945800781
-11.089740753173828
-11.08332347869873
-11.078678131103516
-11.091703414916992
-11.101143836975098
-11.080567359924316
-11.102103233337402
-11.088020324707031
-11.103506088256836
-11.055438041687012
-11.094696998596191
-11.079829216003418
-11.100025177001953
-11.091723442077637
-11.089699745178223
-11.117894172668457
-11.113687515258789
-11.10363483428955
-11.11095905303955
-11.106645584106445
-11.090461730957031
-11.084311485290527
-11.121280670166016
-11.105981826782227
-11.096071243286133
-11.120145797729492
-11.103139877319336
-11.099556922912598
-11.101731300354004
-11.093114852905273
-11.090482711791992
-11.096620559692383
-11.102810859680176
-11.088488578796387
-11.122300148010254
-11.114006996154785
-11.116968154907227
-11.121417999267578
-11.097066879272461
-11.12153148651123
-11.113432884216309
-11.109930038452148
-11.105376243591309
-11.097112655639648
-11.120256423950195
-11.139453887939453
-11.118184089660645
-11.104351997375488
-11.120706558227539
-11.124144554138184
-11.13317584991455
-11.123400688171387
-11.126025199890137
-11.131278991699219
-11.137619972229004
-11.126264572143555
-11.12502384185791
-11.124560356140137
-11.131026268005371
-11.115845680236816
-11.105712890625
-11.132235527038574
-11.151795387268066
-11.104625701904297
-11.12165355682373
-11.115767478942871
-11.129444122314453
-11.155654907226562
-11.141934394836426
-11.147738456726074
-11.110910415649414
-11.121411323547363
-11.117755889892578
-11.146836280822754
-11.135828971862793
-11.11412239074707
-11.134146690368652
-11.13207721710205
-11.129707336425781
-11.10560131072998
-11.136802673339844
-11.091402053833008
-11.150745391845703
-11.119596481323242
-11.140077590942383
-11.125993728637695
-11.143728256225586
-11.148954391479492
-11.127488136291504
-11.138653755187988
-11.10944938659668
-11.151956558227539
-11.137979507446289
-11.162137031555176
-11.128292083740234
-11.150247573852539
-11.159619331359863
-11.145057678222656
-11.166177749633789
-11.161757469177246
-11.136330604553223
-11.147092819213867
-11.142417907714844
-11.134379386901855
-11.110831260681152
-11.167695045471191
-11.149505615234375
-11.14079475402832
-11.170820236206055
-11.16331672668457
-11.156396865844727
-11.15165901184082
-11.155818939208984
-11.147806167602539
-11.157279968261719
-11.14763069152832
-11.159431457519531
-11.154626846313477
-11.13814926147461
-11.152022361755371
-11.139986038208008
-11.149247169494629
-11.1619873046875
-11.15493106842041
-11.140597343444824
-11.152817726135254
-11.163115501403809
-11.14578914642334
-11.15699291229248
-11.1489896774292
-11.175135612487793
-11.137141227722168
-11.160822868347168
-11.16370677947998
-11.151114463806152
-11.154088973999023
-11.168392181396484
-11.153965950012207
-11.158929824829102
-11.176671028137207
-11.161336898803711
-11.154173851013184
-11.159103393554688
-11.156498908996582
-11.171469688415527
-11.16895580291748
-11.139543533325195
-11.163025856018066
-11.158368110656738
-11.175637245178223
-11.155834197998047
-11.187504768371582
-11.161114692687988
-11.181285858154297
-11.177350997924805
-11.162863731384277
-11.171656608581543
-11.167749404907227
-11.185949325561523
-11.157968521118164
-11.184530258178711
-11.182197570800781
-11.182963371276855
-11.171664237976074
-11.17578125
-11.180081367492676
-11.161125183105469
-11.185033798217773
-11.178791046142578
-11.161246299743652
-11.159300804138184
-11.178339958190918
-11.190858840942383
-11.176030158996582
-11.172040939331055
-11.177868843078613
-11.180122375488281
-11.172484397888184
-11.179837226867676
-11.18608570098877
-11.161005020141602
-11.164383888244629
-11.158753395080566
-11.175044059753418
-11.161178588867188
-11.182380676269531
-11.171530723571777
-11.180052757263184
-11.159018516540527
-11.178646087646484
-11.201170921325684
-11.185417175292969
-11.181863784790039
-11.191940307617188
-11.172269821166992
-11.168304443359375
-11.19748306274414
-11.177152633666992
-11.181093215942383
-11.176667213439941
-11.187973976135254
-11.177846908569336
-11.171892166137695
-11.194153785705566
-11.187341690063477
-11.169635772705078
-11.174400329589844
-11.188112258911133
-11.18038272857666
-11.177018165588379
-11.199352264404297
-11.188299179077148
-11.200754165649414
-11.175482749938965
-11.20315933227539
-11.184475898742676
-11.18932819366455
-11.198415756225586
-11.190154075622559
-11.188521385192871
-11.189760208129883
-11.186535835266113
-11.194950103759766
-11.207067489624023
-11.196067810058594
-11.205971717834473
-11.202889442443848
-11.194133758544922
-11.203790664672852
-11.184510231018066
-11.197650909423828
-11.179808616638184
-11.179461479187012
-11.212833404541016
-11.189218521118164
-11.182361602783203
-11.18883228302002
-11.209001541137695
-11.197919845581055
-11.209800720214844
-11.207571029663086
-11.192096710205078
-11.204849243164062
-11.193614959716797
-11.19914722442627
-11.206753730773926
-11.198089599609375
-11.217082023620605
-11.202341079711914
-11.188053131103516
-11.213385581970215
-11.190315246582031
-11.217086791992188
-11.210206985473633
-11.199002265930176
-11.19211483001709
-11.201741218566895
-11.193194389343262
-11.213619232177734
-11.208527565002441
-11.219046592712402
-11.204636573791504
-11.214292526245117
-11.197376251220703
-11.196222305297852
-11.206842422485352
-11.21530818939209
-11.206132888793945
-11.204482078552246
-11.217863082885742
-11.187907218933105
-11.2021484375
-11.217459678649902
-11.23019790649414
-11.205093383789062
-11.217217445373535
-11.228994369506836
-11.19675064086914
-11.219497680664062
-11.206061363220215
-11.21552848815918
-11.202657699584961
-11.216136932373047
-11.200285911560059
-11.2084321975708
-11.208980560302734
-11.227460861206055
-11.206293106079102
-11.20561408996582
-11.220809936523438
-11.225202560424805
-11.198248863220215
-11.218880653381348
-11.197555541992188
-11.22987174987793
-11.217924118041992
-11.21123218536377
-11.21953010559082
-11.219975471496582
-11.221029281616211
-11.217480659484863
-11.204533576965332
-11.22065258026123
-11.223299026489258
-11.220305442810059
-11.225815773010254
-11.195639610290527
-11.21800708770752
-11.221794128417969
-11.210047721862793
-11.22142219543457
-11.216242790222168
-11.231268882751465
-11.224213600158691
-11.23110580444336
-11.230501174926758
-11.223363876342773
-11.231877326965332
-11.225034713745117
-11.222650527954102
-11.233102798461914
-11.233159065246582
-11.219951629638672
-11.23215389251709
-11.209060668945312
-11.220141410827637
-11.231372833251953
-11.242781639099121
-11.221735954284668
-11.241438865661621
-11.221040725708008
-11.221502304077148
-11.24440860748291
-11.21473503112793
-11.233173370361328
-11.230162620544434
-11.235113143920898
-11.23872184753418
-11.210983276367188
-11.225637435913086
-11.218850135803223
-11.229331016540527
-11.230372428894043
-11.239718437194824
-11.234821319580078
-11.230990409851074
-11.232800483703613
-11.235342025756836
-11.232901573181152
-11.22808837890625
-11.230945587158203
-11.205764770507812
-11.241694450378418
-11.235947608947754
-11.232380867004395
-11.224681854248047
-11.254048347473145
-11.237831115722656
-11.2155179977417
-11.234820365905762
-11.231175422668457
-11.224552154541016
-11.255884170532227
-11.239151000976562
-11.240941047668457
-11.219691276550293
-11.250473976135254
-11.222346305847168
-11.234965324401855
-11.23874568939209
-11.22728157043457
-11.243537902832031
-11.240904808044434
-11.25028133392334
-11.234193801879883
-11.251031875610352
-11.241067886352539
-11.24301815032959
-11.233600616455078
-11.232972145080566
-11.226616859436035
-11.251065254211426
-11.242250442504883
-11.237642288208008
-11.243919372558594
-11.244165420532227
-11.252965927124023
-11.243623733520508
-11.231000900268555
-11.24738597869873
-11.258458137512207
-11.23286247253418
-11.261834144592285
-11.244512557983398
-11.243843078613281
-11.23629093170166
-11.242008209228516
-11.237845420837402
-11.240161895751953
-11.231489181518555
-11.233292579650879
-11.244013786315918
-11.245123863220215
-11.240335464477539
-11.249341011047363
-11.254502296447754
-11.247381210327148
-11.235584259033203
-11.249595642089844
-11.235965728759766
-11.2506742477417
-11.231488227844238
-11.249836921691895
-11.246720314025879
-11.228693962097168
-11.256316184997559
-11.256209373474121
-11.247676849365234
-11.243654251098633
-11.234862327575684
-11.241182327270508
-11.24934196472168
-11.25592041015625
-11.254179954528809
-11.241107940673828
-11.251363754272461
-11.265442848205566
-11.258307456970215
-11.25005054473877
-11.247594833374023
-11.243866920471191
-11.248738288879395
-11.257274627685547
-11.263352394104004
-11.247450828552246
-11.233833312988281
-11.251005172729492
-11.260478019714355
-11.248054504394531
-11.254071235656738
-11.250839233398438
-11.23948860168457
-11.260777473449707
-11.269868850708008
-11.272614479064941
-11.25701904296875
-11.245116233825684
-11.249152183532715
-11.264410018920898
-11.266461372375488
-11.269317626953125
-11.252608299255371
-11.252686500549316
-11.263726234436035
-11.249478340148926
-11.254422187805176
-11.255857467651367
-11.263802528381348
-11.27731990814209
-11.25986099243164
-11.254522323608398
-11.265948295593262
-11.257166862487793
-11.265487670898438
-11.260178565979004
-11.250337600708008
-11.271228790283203
-11.243565559387207
-11.260649681091309
-11.277203559875488
-11.25904369354248
-11.25778579711914
-11.26280403137207
-11.262185096740723
-11.264666557312012
-11.265122413635254
-11.265487670898438
-11.261198997497559
-11.2692289352417
-11.272919654846191
-11.279472351074219
-11.265841484069824
-11.260110855102539
-11.26771068572998
-11.271468162536621
-11.260421752929688
-11.263617515563965
-11.269024848937988
-11.268956184387207
-11.274029731750488
-11.272218704223633
-11.261758804321289
-11.265342712402344
-11.272273063659668
-11.27332592010498
-11.26042366027832
-11.2598237991333
-11.274731636047363
-11.256767272949219
-11.262279510498047
-11.271294593811035
-11.264474868774414
-11.272079467773438
-11.26837158203125
-11.265780448913574
-11.268662452697754
-11.268624305725098
-11.270139694213867
-11.269539833068848
-11.248664855957031
-11.262411117553711
-11.26611614227295
-11.26455020904541
-11.262190818786621
-11.255093574523926
-11.26226806640625
-11.248711585998535
-11.257474899291992
-11.26229476928711
-11.270705223083496
-11.261514663696289
-11.251458168029785
-11.26523494720459
-11.290221214294434
-11.282377243041992
-11.283379554748535
-11.266040802001953
-11.252752304077148
-11.241950035095215
-11.263002395629883
-11.277994155883789
-11.279953956604004
-11.281675338745117
-11.263263702392578
-11.248339653015137
-11.264809608459473
-11.266144752502441
-11.277175903320312
-11.265164375305176
-11.27397346496582
-11.279603004455566
-11.276949882507324
-11.284783363342285
-11.277803421020508
-11.277152061462402
-11.273452758789062
-11.274663925170898
-11.280202865600586
-11.270108222961426
-11.279471397399902
-11.280279159545898
-11.285399436950684
-11.277398109436035
-11.271553039550781
-11.275556564331055
-11.27402114868164
-11.279743194580078
-11.290346145629883
-11.283650398254395
-11.289682388305664
-11.269455909729004
-11.273025512695312
-11.282447814941406
-11.277630805969238
-11.269397735595703
-11.287583351135254
-11.279107093811035
-11.272290229797363
-11.282410621643066
-11.271472930908203
-11.287773132324219
-11.277791976928711
-11.26534366607666
-11.269050598144531
-11.267706871032715
-11.264451026916504
-11.27692699432373
-11.281015396118164
-11.275716781616211
-11.26877212524414
-11.262567520141602
-11.27257251739502
-11.262779235839844
-11.277122497558594
-11.270709991455078
-11.277087211608887
-11.276652336120605
-11.263519287109375
-11.258512496948242
-11.283394813537598
-11.288476943969727
-11.282816886901855
-11.273021697998047
-11.273963928222656
-11.28477668762207
-11.277097702026367
-11.293803215026855
-11.281522750854492
-11.272562026977539
-11.284482955932617
-11.277514457702637
-11.280714988708496
-11.281120300292969
-11.288944244384766
-11.278952598571777
-11.261212348937988
-11.27326488494873
-11.282276153564453
-11.289163589477539
-11.286355972290039
-11.26068115234375
-11.265400886535645
-11.271052360534668
-11.291091918945312
-11.285503387451172
-11.266303062438965
-11.270655632019043
-11.290810585021973
-11.30168628692627
-11.288000106811523
-11.280865669250488
-11.28000545501709
-11.28788948059082
-11.285469055175781
-11.296582221984863
-11.288107872009277
-11.28215217590332
-11.280767440795898
-11.293403625488281
-11.291703224182129
-11.284442901611328
-11.281668663024902
-11.288688659667969
-11.288280487060547
-11.292859077453613
-11.2921724319458
-11.288527488708496
-11.291006088256836
-11.27937126159668
-11.287212371826172
-11.293644905090332
-11.290244102478027
-11.29554271697998
-11.2925386428833
-11.2905912399292
-11.288410186767578
-11.2930269241333
-11.297664642333984
-11.294134140014648
-11.281439781188965
-11.293947219848633
-11.290284156799316
-11.301338195800781
-11.295997619628906
-11.291786193847656
-11.295919418334961
-11.291013717651367
-11.305960655212402
-11.29195499420166
-11.284049034118652
-11.301833152770996
-11.300434112548828
-11.294872283935547
-11.29727554321289
-11.302038192749023
-11.295843124389648
-11.297680854797363
-11.28844165802002
-11.289894104003906
-11.292793273925781
-11.297605514526367
-11.291762351989746
-11.287721633911133
-11.298781394958496
-11.286012649536133
-11.30256175994873
-11.290212631225586
-11.294171333312988
-11.295599937438965
-11.299449920654297
-11.298105239868164
-11.297431945800781
-11.299482345581055
-11.296975135803223
-11.30140495300293
-11.29715633392334
-11.305388450622559
-11.299101829528809
-11.296517372131348
-11.296140670776367
-11.29365348815918
-11.305809020996094
-11.30420207977295
-11.311601638793945
-11.300134658813477
-11.299958229064941
-11.303433418273926
-11.295639991760254
-11.303282737731934
-11.293418884277344
-11.296731948852539
-11.310562133789062
-11.304527282714844
-11.297012329101562
-11.296570777893066
-11.30656909942627
-11.301796913146973
-11.29422664642334
-11.284089088439941
-11.307172775268555
-11.311477661132812
-11.297143936157227
-11.303723335266113
-11.300597190856934
-11.299039840698242
-11.301878929138184
-11.29619312286377
-11.307957649230957
-11.304346084594727
-11.296467781066895
-11.312031745910645
-11.301443099975586
-11.306680679321289
-11.308534622192383
-11.308161735534668
-11.304245948791504
-11.298237800598145
-11.295158386230469
-11.3048734664917
-11.297654151916504
-11.298659324645996
-11.30740737915039
-11.312826156616211
-11.305254936218262
-11.30750846862793
-11.310059547424316
-11.299620628356934
-11.302103042602539
-11.297415733337402
-11.300616264343262
-11.295408248901367
-11.299981117248535
-11.29841136932373
-11.306252479553223
-11.308450698852539
-11.304293632507324
-11.302879333496094
-11.28558349609375
-11.279940605163574
-11.291485786437988
-11.295376777648926
-11.307848930358887
-11.301373481750488
-11.29313850402832
-11.31048583984375
-11.309648513793945
-11.309253692626953
-11.308130264282227
-11.29847526550293
-11.29793930053711
-11.27936840057373
-11.291934967041016
-11.284035682678223
-11.301716804504395
-11.316247940063477
-11.313759803771973
-11.298964500427246
-11.302943229675293
-11.300182342529297
-11.288915634155273
-11.29120922088623
-11.296610832214355
-11.304848670959473
-11.302139282226562
-11.304669380187988
-11.296814918518066
-11.297623634338379
-11.296304702758789
-11.308345794677734
-11.313735008239746
-11.311744689941406
-11.30341911315918
-11.299885749816895
-11.296762466430664
-11.285070419311523
-11.292284965515137
-11.316067695617676
-11.317178726196289
-11.31155776977539
-11.301066398620605
-11.309917449951172
-11.315316200256348
-11.310075759887695
-11.32052230834961
-11.309115409851074
-11.316940307617188
-11.312276840209961
-11.302236557006836
-11.322317123413086
-11.321035385131836
-11.31212043762207
-11.316312789916992
-11.306995391845703
-11.306678771972656
-11.318984985351562
-11.321345329284668
-11.314610481262207
-11.309195518493652
-11.320115089416504
-11.30770492553711
-11.308073997497559
-11.3114013671875
-11.319543838500977
-11.311333656311035
-11.314435958862305
-11.312881469726562
-11.314090728759766
-11.306764602661133
-11.313924789428711
-11.318510055541992
-11.318493843078613
-11.312081336975098
-11.308798789978027
-11.297457695007324
-11.287626266479492
-11.283137321472168
-11.31162166595459
-11.326833724975586
-11.310506820678711
-11.301676750183105
-11.306410789489746
-11.301596641540527
-11.307852745056152
-11.308655738830566
-11.318099975585938
-11.324220657348633
-11.314912796020508
-11.314403533935547
-11.305868148803711
-11.315402030944824
-11.318536758422852
-11.311506271362305
-11.310768127441406
-11.308066368103027
-11.310099601745605
-11.313305854797363
-11.325758934020996
-11.314048767089844
-11.31811237335205
-11.303845405578613
-11.304840087890625
-11.301115036010742
-11.314438819885254
-11.309919357299805
-11.315828323364258
-11.322919845581055
-11.308728218078613
-11.314223289489746
-11.315919876098633
-11.32201099395752
-11.315247535705566
-11.31743335723877
-11.309624671936035
-11.305912017822266
-11.30539608001709
-11.311792373657227
-11.32040023803711
-11.31771469116211
-11.319957733154297
-11.305071830749512
-11.31114673614502
-11.312760353088379
-11.328348159790039
-11.3235502243042
-11.3171968460083
-11.32088565826416
-11.314542770385742
-11.323613166809082
-11.32520580291748
-11.32494831085205
-11.33375072479248
-11.315591812133789
-11.323354721069336
-11.324695587158203
-11.317981719970703
-11.329343795776367
-11.315573692321777
-11.318509101867676
-11.319347381591797
-11.317623138427734
-11.323119163513184
-11.316218376159668
-11.320294380187988
