loss_s
-2.0201573371887207
-2.0517704486846924
-2.1004645824432373
-2.10581636428833
-2.0486624240875244
-2.093005418777466
-2.14521861076355
-2.1806085109710693
-2.1416187286376953
-2.167048454284668
-2.1762454509735107
-2.197598457336426
-2.224074363708496
-2.2187118530273438
-2.2253246307373047
-2.2968173027038574
-2.2884981632232666
-2.305140972137451
-2.3728187084198
-2.34970760345459
-2.4161880016326904
-2.479248285293579
-2.5131640434265137
-2.5575051307678223
-2.584463119506836
-2.6331255435943604
-2.728243589401245
-2.790363311767578
-2.8267364501953125
-2.944411277770996
-3.182929039001465
-3.3586294651031494
-3.4365124702453613
-3.511122465133667
-3.761413097381592
-4.068698883056641
-4.3093767166137695
-4.44644021987915
-4.767608165740967
-4.901700973510742
-4.888492107391357
-4.541440010070801
-4.609416484832764
-4.476162910461426
-4.606927394866943
-4.853412628173828
-4.973506927490234
-5.0050201416015625
-5.071355819702148
-5.103732109069824
-5.063869953155518
-4.997192859649658
-5.014523029327393
-5.023775577545166
-5.036612510681152
-5.209131717681885
-5.166565895080566
-5.262174129486084
-5.248619079589844
-5.2267680168151855
-5.289092540740967
-5.161626815795898
-5.248554229736328
-5.312892913818359
-5.336267471313477
-5.381346702575684
-5.392575740814209
-5.39938497543335
-5.398172855377197
-5.4265336990356445
-5.450338363647461
-5.468440055847168
-5.4953203201293945
-5.4885573387146
-5.529877185821533
-5.53642463684082
-5.541454315185547
-5.55925989151001
-5.565194606781006
-5.578263282775879
-5.585318565368652
-5.612492561340332
-5.612162113189697
-5.635495662689209
-5.643909454345703
-5.644140243530273
-5.6617021560668945
-5.662084579467773
-5.686799049377441
-5.714436054229736
-5.7224273681640625
-5.733179569244385
-5.75784969329834
-5.782340049743652
-5.799590110778809
-5.838794708251953
-5.832584381103516
-5.84151029586792
-5.884171485900879
-5.895353317260742
-5.917475700378418
-5.95570707321167
-5.952083110809326
-5.999134063720703
-6.011350631713867
-6.050438404083252
-6.05835485458374
-6.113677501678467
-6.119832515716553
-6.188800811767578
-6.237668514251709
-6.259768962860107
-6.282735824584961
-6.365401744842529
-6.375674247741699
-6.430361270904541
-6.490141868591309
-6.5161285400390625
-6.621008396148682
-6.6633477210998535
-6.740750789642334
-6.769226551055908
-6.86884069442749
-6.925498008728027
-6.985825538635254
-7.047823905944824
-7.11902379989624
-7.1464433670043945
-7.159708023071289
-7.1684651374816895
-7.2972307205200195
-7.264875411987305
-7.311956882476807
-7.274420261383057
-7.113400459289551
-7.247060298919678
-7.237977504730225
-7.3144850730896
-7.200362205505371
-7.2762041091918945
-7.15894889831543
-7.259614944458008
-7.316473484039307
-7.192651748657227
-7.386457920074463
-7.263218879699707
-7.343633651733398
-7.348973751068115
-7.322871208190918
-7.3975300788879395
-7.412008285522461
-7.406115531921387
-7.445351600646973
-7.383633613586426
-7.433196067810059
-7.419559955596924
-7.414226055145264
-7.430254936218262
-7.419496536254883
-7.410489559173584
-7.459220886230469
-7.281728267669678
-7.414330959320068
-7.390782833099365
-7.3164753913879395
-7.487549781799316
-7.127866744995117
-7.492635250091553
-7.420892238616943
-7.392758846282959
-7.4621357917785645
-7.422515392303467
-7.466963291168213
-7.493623733520508
-7.483558177947998
-7.483023166656494
-7.476558685302734
-7.482335090637207
-7.470770359039307
-7.5085129737854
-7.461084842681885
-7.541537284851074
-7.551206588745117
-7.519397258758545
-7.536488056182861
-7.550683498382568
-7.566442966461182
-7.543476104736328
-7.55275821685791
-7.578296661376953
-7.560540676116943
-7.521515846252441
-7.521164894104004
-7.5746259689331055
-7.502167224884033
-7.54290246963501
-7.58567476272583
-7.60836935043335
-7.571166038513184
-7.606682777404785
-7.579158782958984
-7.601121425628662
-7.5855913162231445
-7.5814361572265625
-7.55797004699707
-7.607549667358398
-7.646091938018799
-7.564578533172607
-7.632977485656738
-7.633703708648682
-7.578921794891357
-7.603483200073242
-7.617543697357178
-7.638421058654785
-7.5847954750061035
-7.5817484855651855
-7.5958452224731445
-7.626001358032227
-7.600599765777588
-7.6732001304626465
-7.5418806076049805
-7.620873928070068
-7.55717658996582
-7.644437313079834
-7.677812576293945
-7.635123252868652
-7.685604095458984
-7.633317470550537
-7.631025314331055
-7.642929553985596
-7.654080867767334
-7.580580234527588
-7.579880714416504
-7.652760028839111
-7.679183483123779
-7.539607048034668
-7.656090259552002
-7.4362382888793945
-7.674111843109131
-7.65814208984375
-7.526433944702148
-7.665526866912842
-7.642258167266846
-7.682446479797363
-7.679444313049316
-7.698581695556641
-7.690771579742432
-7.682738780975342
-7.705883026123047
-7.714890956878662
-7.684364318847656
-7.7247772216796875
-7.6548566818237305
-7.698369979858398
-7.645497798919678
-7.693870544433594
-7.70136022567749
-7.700960159301758
-7.730441570281982
-7.710541725158691
-7.716515064239502
-7.7374420166015625
-7.730413436889648
-7.710508823394775
-7.737416744232178
-7.740142345428467
-7.733689308166504
-7.734775543212891
-7.740190029144287
-7.729851722717285
-7.750432968139648
-7.740906715393066
-7.731881141662598
-7.763855934143066
-7.740157127380371
-7.754067420959473
-7.6739630699157715
-7.736852645874023
-7.710312366485596
-7.724172592163086
-7.753920078277588
-7.593331336975098
-7.766885757446289
-7.641019821166992
-7.7460126876831055
-7.742255210876465
-7.758106231689453
-7.580386638641357
-7.747051239013672
-7.694760322570801
-7.708434104919434
-7.582704544067383
-7.618034362792969
-7.740438461303711
-7.668809413909912
-7.774700164794922
-7.6915106773376465
-7.692420482635498
-7.769096374511719
-7.74928617477417
-7.768479347229004
-7.760529518127441
-7.732402324676514
-7.775041580200195
-7.739872932434082
-7.7292280197143555
-7.804173946380615
-7.6430745124816895
-7.78633451461792
-7.605478763580322
-7.793394565582275
-7.766687393188477
-7.801760673522949
-7.783086776733398
-7.787847995758057
-7.800314903259277
-7.783806800842285
-7.786617755889893
-7.74194860458374
-7.761086940765381
-7.74616813659668
-7.803237438201904
-7.658153533935547
-7.8281989097595215
-7.786697864532471
-7.777205944061279
-7.769700050354004
-7.788549900054932
-7.81912088394165
-7.776382923126221
-7.797880172729492
-7.806471824645996
-7.817630290985107
-7.823901176452637
-7.840174198150635
-7.8008713722229
-7.841212272644043
-7.827127456665039
-7.836385250091553
-7.814901351928711
-7.823066711425781
-7.748651504516602
-7.750817775726318
-7.764532566070557
-7.701664924621582
-7.814429759979248
-7.744749546051025
-7.799696922302246
-7.7197699546813965
-7.8174004554748535
-7.747715473175049
-7.83937931060791
-7.781375408172607
-7.829254150390625
-7.846372604370117
-7.820788383483887
-7.822508811950684
-7.847336292266846
-7.830409049987793
-7.8479509353637695
-7.828639507293701
-7.834164142608643
-7.839947700500488
-7.852092742919922
-7.835018634796143
-7.852653503417969
-7.802695274353027
-7.869196891784668
-7.85835075378418
-7.87089729309082
-7.835962295532227
-7.8690948486328125
-7.8550004959106445
-7.893457412719727
-7.881891250610352
-7.898453235626221
-7.917654037475586
-7.852431297302246
-7.820706367492676
-7.897836685180664
-7.854372024536133
-7.875534534454346
-7.813755512237549
-7.901424407958984
-7.828948974609375
-7.922189712524414
-7.897261619567871
-7.909735679626465
-7.879542350769043
-7.908663272857666
-7.900521278381348
-7.908313274383545
-7.928713798522949
-7.774649620056152
-7.897853851318359
-7.846848487854004
-7.917701721191406
-7.8606462478637695
-7.892122745513916
-7.8943562507629395
-7.793382167816162
-7.886673450469971
-7.734207630157471
-7.9311065673828125
-7.6497602462768555
-7.950316905975342
-7.76129150390625
-7.942604064941406
-7.946061134338379
-7.955189228057861
-7.92287015914917
-7.913929462432861
-7.919261932373047
-7.95582389831543
-7.97382926940918
-7.8967976570129395
-7.95719575881958
-7.92032527923584
-7.946645736694336
-7.910956859588623
-7.974914073944092
-7.875043869018555
-7.9179606437683105
-7.831791877746582
-7.960690975189209
-7.734549522399902
-7.9016900062561035
-7.7408857345581055
-7.850069522857666
-7.934634208679199
-7.868028163909912
-7.970968246459961
-7.893949031829834
-7.9460368156433105
-7.919758319854736
-7.886908054351807
-7.941572666168213
-7.936892032623291
-7.961600303649902
-7.9543046951293945
-7.938058376312256
-7.881543159484863
-7.8924970626831055
-7.826041221618652
-7.769443511962891
-7.952027797698975
-7.89028787612915
-7.971494197845459
-7.911627292633057
-7.957122325897217
-7.995560169219971
-7.894108295440674
-7.989720344543457
-7.878676891326904
-7.96782112121582
-7.999332427978516
-7.957664966583252
-7.97956657409668
-7.996889591217041
-7.961996555328369
-8.017047882080078
-7.964146614074707
-7.996557235717773
-7.992129802703857
-7.984755516052246
-7.9928765296936035
-8.00977611541748
-7.964890480041504
-7.956106185913086
-7.973864555358887
-8.007468223571777
-7.962996482849121
-8.009086608886719
-7.972814083099365
-8.021440505981445
-7.959407806396484
-8.009296417236328
-7.924050807952881
-7.912531852722168
-8.023906707763672
-8.024548530578613
-7.992445945739746
-8.029462814331055
-8.014585494995117
-8.025293350219727
-8.034584999084473
-8.030491828918457
-8.005127906799316
-8.036595344543457
-8.001638412475586
-8.030595779418945
-8.01122760772705
-8.026728630065918
-7.9960432052612305
-8.010760307312012
-7.99636173248291
-8.026609420776367
-8.020166397094727
-8.020649909973145
-7.929182529449463
-8.041749000549316
-8.020376205444336
-8.028768539428711
-8.019451141357422
-8.007506370544434
-8.033018112182617
-8.02686595916748
-8.024164199829102
-7.941323280334473
-7.96568489074707
-8.051863670349121
-8.02933120727539
-8.024848937988281
-8.037425994873047
-8.009593963623047
-8.037962913513184
-7.952330112457275
-8.035853385925293
-7.99301290512085
-8.00324535369873
-7.938920974731445
-7.983032703399658
-7.999640464782715
-7.93311071395874
-8.023070335388184
-7.973202228546143
-8.050299644470215
-7.941781044006348
-8.053149223327637
-7.772284030914307
-7.984856605529785
-7.841585636138916
-7.860886573791504
-8.057900428771973
-7.784769058227539
-7.976956367492676
-7.942874908447266
-7.88247013092041
-7.992856502532959
-8.010148048400879
-8.020500183105469
-7.981764793395996
-7.921750068664551
-8.044904708862305
-7.762099266052246
-8.001184463500977
-7.9717817306518555
-7.6208014488220215
-8.053884506225586
-7.770033359527588
-7.924060821533203
-7.861096382141113
-7.825113296508789
-8.044045448303223
-7.886722087860107
-7.958797931671143
-7.9729766845703125
-7.876901149749756
-8.053143501281738
-7.977341651916504
-8.055767059326172
-8.05660629272461
-8.048991203308105
-8.060977935791016
-8.045172691345215
-8.027411460876465
-8.027643203735352
-8.04149055480957
-8.060449600219727
-8.035648345947266
-8.023391723632812
-8.045509338378906
-8.027142524719238
-8.04455280303955
-7.9782257080078125
-8.03435230255127
-8.061501502990723
-7.971038341522217
-8.062625885009766
-8.00375747680664
-8.036904335021973
-8.05755615234375
-8.012558937072754
-8.051291465759277
-8.074162483215332
-7.990267276763916
-8.064380645751953
-8.023333549499512
-8.08144474029541
-8.060837745666504
-8.008193969726562
-8.084267616271973
-7.920000076293945
-8.064238548278809
-8.048750877380371
-8.026267051696777
-8.070351600646973
-8.078304290771484
-8.055171966552734
-8.055121421813965
-8.039732933044434
-8.031449317932129
-8.040912628173828
-8.031609535217285
-8.029826164245605
-8.084318161010742
-7.9841790199279785
-8.03209114074707
-8.073335647583008
-8.071208953857422
-8.064502716064453
-8.069467544555664
-8.010805130004883
-8.050905227661133
-8.079405784606934
-7.958792686462402
-7.998498916625977
-7.961731910705566
-8.080221176147461
-8.010269165039062
-8.002201080322266
-8.06312370300293
-7.981320381164551
-8.046518325805664
-7.965361595153809
-7.900243759155273
-8.06845474243164
-8.019574165344238
-8.046493530273438
-8.097589492797852
-7.957329750061035
-8.063361167907715
-7.982759952545166
-7.912348747253418
-8.082162857055664
-7.839144706726074
-7.956528663635254
-8.010964393615723
-7.821712970733643
-8.00439167022705
-7.865357398986816
-7.950672626495361
-8.072290420532227
-7.99298620223999
-8.024469375610352
-8.066333770751953
-8.001700401306152
-8.06706714630127
-8.06360149383545
-8.060675621032715
-8.043121337890625
-8.059252738952637
-8.066526412963867
-8.083316802978516
-8.021379470825195
-8.055621147155762
-7.970199108123779
-8.052764892578125
-8.01607894897461
-7.9816741943359375
-8.044266700744629
-7.957780838012695
-8.065520286560059
-8.0064115524292
-8.080575942993164
-8.056373596191406
-8.082344055175781
-8.078238487243652
-8.088260650634766
-8.065370559692383
-8.11384391784668
-8.056668281555176
-8.0117769241333
-8.083818435668945
-8.067906379699707
-8.050942420959473
-8.07512092590332
-8.002561569213867
-8.019970893859863
-8.055558204650879
-8.06507396697998
-8.033434867858887
-8.085312843322754
-7.968677043914795
-8.075627326965332
-8.061314582824707
-8.021785736083984
-8.068342208862305
-7.987459182739258
-8.022492408752441
-8.094014167785645
-8.016733169555664
-7.991486072540283
-7.992569923400879
-7.870360374450684
-8.088846206665039
-7.847523212432861
-7.995668411254883
-7.965099334716797
-7.954021453857422
-8.085517883300781
-8.031717300415039
-8.035111427307129
-8.02492904663086
-7.968828201293945
-8.099675178527832
-7.938295841217041
-8.043844223022461
-8.038243293762207
-8.071171760559082
-8.03012752532959
-8.080866813659668
-8.088001251220703
-8.01626205444336
-8.045258522033691
-7.960565567016602
-8.039864540100098
-8.005964279174805
-8.028478622436523
-8.087030410766602
-7.9615478515625
-8.035810470581055
-8.021109580993652
-7.895471096038818
-8.077323913574219
-7.959826469421387
-8.023695945739746
-7.99883508682251
-7.9457526206970215
-8.069852828979492
-7.98155403137207
-8.075084686279297
-8.01215648651123
-8.033308029174805
-8.046622276306152
-8.011212348937988
-8.052680015563965
-8.025628089904785
-8.066822052001953
-8.062746047973633
-8.084304809570312
-8.083781242370605
-8.09233283996582
-7.983495235443115
-8.101689338684082
-8.085265159606934
-8.049437522888184
-8.084973335266113
-8.052692413330078
-8.024627685546875
-8.080177307128906
-8.005606651306152
-8.000606536865234
-8.036445617675781
-7.965262413024902
-8.07424259185791
-7.980956077575684
-7.964977741241455
-8.087455749511719
-8.017156600952148
-8.056594848632812
-8.084723472595215
-8.025394439697266
-8.075210571289062
-8.073461532592773
-8.060044288635254
-8.094566345214844
-8.076895713806152
-8.0909423828125
-8.07935905456543
-8.077774047851562
-8.078493118286133
-8.087225914001465
-8.055642127990723
-8.078778266906738
-8.0877685546875
-8.089385986328125
-8.083226203918457
-8.076325416564941
-8.077319145202637
-8.065961837768555
-8.098258972167969
-8.105113983154297
-8.073169708251953
-8.079830169677734
-8.052355766296387
-8.044644355773926
-8.080887794494629
-7.970993995666504
-8.107733726501465
-8.028288841247559
-8.032492637634277
-8.11082649230957
-7.845620155334473
-8.111026763916016
-8.103605270385742
-8.07938003540039
-8.088310241699219
-8.066912651062012
-8.062627792358398
-8.068138122558594
-8.076079368591309
-8.098085403442383
-8.086191177368164
-8.088118553161621
-8.059659004211426
-8.063759803771973
-8.101768493652344
-8.05015754699707
-8.075819969177246
-8.0753755569458
-8.091509819030762
-8.106026649475098
-7.994406700134277
-8.07420825958252
-7.930909633636475
-8.01858901977539
-8.037741661071777
-8.05135726928711
-8.08777904510498
-8.03039264678955
-8.091727256774902
-8.110844612121582
-8.016414642333984
-7.982052803039551
-8.062211036682129
-7.917591571807861
-7.976550579071045
-8.011198043823242
-7.837811470031738
-8.06497859954834
-7.964094638824463
-7.947566032409668
-8.101668357849121
-7.996737003326416
-7.959705829620361
-8.00927734375
-7.834229469299316
-8.0252046585083
-7.939826965332031
-7.860073089599609
-8.068803787231445
-7.926504135131836
-7.839374542236328
-8.020989418029785
-8.00528621673584
-7.757222652435303
-8.12855052947998
-8.078473091125488
-7.9976806640625
-8.059794425964355
-8.060827255249023
-8.019387245178223
-8.080710411071777
-8.04204273223877
-8.079683303833008
-8.057670593261719
-8.088201522827148
-8.060572624206543
-8.061566352844238
-7.999075412750244
-8.086824417114258
-8.044976234436035
-8.025040626525879
-8.094598770141602
-8.036211013793945
-8.05958080291748
-7.995460033416748
-8.055569648742676
-8.086084365844727
-8.087797164916992
-8.065319061279297
-8.093684196472168
-8.074045181274414
-8.091394424438477
-8.111010551452637
-8.062934875488281
-8.096688270568848
-8.059320449829102
-8.046030044555664
-8.073251724243164
-8.014500617980957
-8.060969352722168
-8.030102729797363
-7.952598571777344
-8.073890686035156
-8.011795043945312
-8.090559959411621
-8.059182167053223
-8.094830513000488
-8.09868049621582
-8.080851554870605
-8.110946655273438
-8.087383270263672
-8.110605239868164
-8.090567588806152
-8.06680965423584
-8.087995529174805
-8.113637924194336
-8.031368255615234
-8.101068496704102
-8.045533180236816
-8.078557014465332
-8.09237003326416
-8.10036849975586
-8.047389030456543
-8.100055694580078
-8.088380813598633
-8.096518516540527
-8.090718269348145
-8.058077812194824
-8.103543281555176
-8.109725952148438
-8.057391166687012
-8.110519409179688
-8.097867965698242
-8.06783390045166
-8.071159362792969
-8.08199691772461
-8.094315528869629
-8.093855857849121
-8.0934476852417
-8.094228744506836
-8.084152221679688
-8.099345207214355
-8.091354370117188
-8.093442916870117
-8.057024955749512
-8.088346481323242
-8.098875045776367
-8.073698997497559
-8.09787368774414
-8.035330772399902
-8.114092826843262
-8.08676815032959
-8.038642883300781
-8.081612586975098
-7.977450847625732
-8.081542015075684
-8.074311256408691
-8.083505630493164
-8.063780784606934
-7.985627174377441
-8.036983489990234
-8.094220161437988
-8.046669960021973
-8.057355880737305
-8.097668647766113
-7.985674858093262
-8.052023887634277
-8.023859024047852
-8.053650856018066
-8.07680892944336
-8.093570709228516
-8.058995246887207
-8.08222484588623
-8.036914825439453
-8.064385414123535
-8.02697467803955
-8.093501091003418
-8.09065055847168
-8.087538719177246
-8.092740058898926
-8.104747772216797
-8.095672607421875
-8.107757568359375
-8.07833480834961
-8.102049827575684
-8.003994941711426
-8.085860252380371
-8.029864311218262
-8.033580780029297
-8.092068672180176
-8.003608703613281
-8.093147277832031
-8.064128875732422
-8.105650901794434
-8.105903625488281
-8.088539123535156
-8.07817554473877
-8.035005569458008
-7.999700546264648
-8.097932815551758
-7.962590217590332
-8.107528686523438
-8.079754829406738
-8.093368530273438
-8.073290824890137
-8.058076858520508
-8.084614753723145
-8.023271560668945
-8.084562301635742
-8.073363304138184
-8.101566314697266
-8.058916091918945
-8.114666938781738
-8.081825256347656
-8.099635124206543
-8.1112642288208
-8.0907564163208
-8.096158027648926
-8.088678359985352
-8.096990585327148
-8.111793518066406
-8.067211151123047
-8.097026824951172
-8.038023948669434
-8.095296859741211
-8.102018356323242
-8.098069190979004
-8.077832221984863
-7.956869125366211
-8.020124435424805
-8.122481346130371
-7.997724533081055
-7.956667423248291
-8.108783721923828
-7.783205032348633
-7.9472432136535645
-8.08375072479248
-7.959768295288086
-7.971662998199463
-8.095953941345215
-7.918241024017334
-8.01264476776123
-8.081911087036133
-7.960740089416504
-8.100242614746094
-8.109025001525879
-7.9767231941223145
-8.064653396606445
-8.0673189163208
-8.055459022521973
-8.107988357543945
-8.104043960571289
-8.102408409118652
-8.046159744262695
-8.108162879943848
-8.002872467041016
-8.080751419067383
-8.094058990478516
-8.099090576171875
-8.09440803527832
-8.096738815307617
-8.110223770141602
-8.05803394317627
-8.102478981018066
-8.071362495422363
-8.08676528930664
-8.103781700134277
-8.098872184753418
-8.097236633300781
-8.09908676147461
-8.074939727783203
-8.067798614501953
-8.102346420288086
-8.107382774353027
-8.103626251220703
-8.105761528015137
-8.114913940429688
-8.121577262878418
-8.086756706237793
-8.0946626663208
-8.138078689575195
-8.046211242675781
-8.049946784973145
-8.0848970413208
-8.046525001525879
-8.082551956176758
-8.043111801147461
-8.11764144897461
-8.096476554870605
-8.043554306030273
-8.118741989135742
-8.072981834411621
-8.098609924316406
-8.077343940734863
-8.09766960144043
-8.094185829162598
-8.088479042053223
-8.113907814025879
-8.094325065612793
-8.10927677154541
-8.094738960266113
-8.087048530578613
-8.119552612304688
-8.074861526489258
-8.081182479858398
-8.011970520019531
-8.078119277954102
-8.078737258911133
-8.114161491394043
-8.068408966064453
-8.034716606140137
-8.053173065185547
-8.086836814880371
-8.073034286499023
-8.107442855834961
-8.1180419921875
-8.092891693115234
-8.09005069732666
-8.058856964111328
-8.101187705993652
-8.027536392211914
-8.115328788757324
-8.03885555267334
-8.099501609802246
-8.102103233337402
-8.029266357421875
-8.092299461364746
-8.032754898071289
-8.00745677947998
-8.104049682617188
-7.971202373504639
-8.110747337341309
-8.09741497039795
-8.117290496826172
-8.101466178894043
-8.101799011230469
-8.084695816040039
-8.078489303588867
-8.09005069732666
-8.10076904296875
-8.072827339172363
-8.10251235961914
-8.045249938964844
-8.03363037109375
-8.037453651428223
-8.064399719238281
-8.10109806060791
-8.027506828308105
-8.081697463989258
-8.07386589050293
-8.111647605895996
-8.09685230255127
-8.095402717590332
-8.041864395141602
-8.09043025970459
-8.069817543029785
-8.0885648727417
-8.13769817352295
-8.008044242858887
-7.917551040649414
-8.062370300292969
-7.9311676025390625
-8.106900215148926
-8.0465087890625
-8.044045448303223
-8.102521896362305
-8.058648109436035
-8.068714141845703
-8.108415603637695
-8.044129371643066
-8.08511734008789
-8.03715705871582
-8.102134704589844
-8.099350929260254
-8.110142707824707
-8.063472747802734
-8.097416877746582
-8.066847801208496
-8.073189735412598
-8.098464965820312
-8.109854698181152
-8.060877799987793
-8.113037109375
-8.059288024902344
-8.094576835632324
-8.110875129699707
-8.096954345703125
-8.113272666931152
-8.07986831665039
-8.056718826293945
-8.11728286743164
-8.043339729309082
-8.106409072875977
-8.106249809265137
-8.104310035705566
-8.064046859741211
-8.096080780029297
-8.058886528015137
-8.011957168579102
-8.104985237121582
-8.082380294799805
-8.090648651123047
-8.108600616455078
-8.036901473999023
-8.099891662597656
-8.06612491607666
-8.110345840454102
-8.105360984802246
-8.107673645019531
-8.070169448852539
-8.100442886352539
-8.012364387512207
-8.066346168518066
-8.035213470458984
-8.080390930175781
-8.116630554199219
-8.02188777923584
-8.106045722961426
-8.090508460998535
-8.056167602539062
-8.114178657531738
-8.072867393493652
-8.060287475585938
-8.095155715942383
-8.088793754577637
-8.112425804138184
-8.114655494689941
-8.1245698928833
-8.092473030090332
-8.105112075805664
-8.098855972290039
-8.101871490478516
-8.103802680969238
-8.101846694946289
-8.091750144958496
-8.0779447555542
-8.085408210754395
-8.115852355957031
-8.118033409118652
-8.093815803527832
-8.094573020935059
-8.06041145324707
-8.106245994567871
-8.077902793884277
-8.050321578979492
-8.064501762390137
-8.119741439819336
-8.086395263671875
-8.10784912109375
-8.070223808288574
-8.116329193115234
-8.090462684631348
-8.07834243774414
-8.102169036865234
-8.05708122253418
-8.101532936096191
-8.085580825805664
-8.050628662109375
-8.107227325439453
-8.103362083435059
-8.063966751098633
-8.09521484375
-7.9892578125
-8.1189603805542
-7.999301433563232
-8.130975723266602
-8.11442756652832
-8.127768516540527
-8.020328521728516
-8.11984634399414
-7.931543827056885
-8.094825744628906
-8.047384262084961
-7.986939430236816
-8.113943099975586
-8.041196823120117
-8.086433410644531
-8.003808975219727
-8.095917701721191
-8.08080768585205
-8.093740463256836
-8.09796142578125
-8.062933921813965
-8.116798400878906
-8.112297058105469
-8.098554611206055
-8.119985580444336
-8.107560157775879
-8.12667179107666
-8.10619831085205
-8.097709655761719
-8.082802772521973
-8.099224090576172
-8.116765022277832
-8.110721588134766
-8.120756149291992
-8.112261772155762
-8.109134674072266
-8.10238265991211
-8.116811752319336
-8.116202354431152
-8.069476127624512
-8.123523712158203
-8.09934139251709
-8.099102973937988
-8.109575271606445
-8.115867614746094
-8.115435600280762
-8.105855941772461
-8.110536575317383
-8.119595527648926
-8.105569839477539
-8.107084274291992
-8.070904731750488
-8.10076904296875
-8.084216117858887
-8.102211952209473
-8.094738006591797
-8.118653297424316
-8.065332412719727
-8.107450485229492
-8.043535232543945
-8.070183753967285
-8.099930763244629
-8.02315616607666
-8.041131973266602
-8.088288307189941
-8.018647193908691
-8.101634979248047
-8.030195236206055
-8.102581977844238
-8.11501407623291
-8.062686920166016
-8.116385459899902
-8.12578296661377
-8.134916305541992
-8.087994575500488
-8.075043678283691
-8.104096412658691
-8.089568138122559
-8.113798141479492
-8.062376976013184
-8.106413841247559
-7.991230010986328
-8.113533973693848
-7.966807842254639
-8.039706230163574
-8.081040382385254
-7.9999799728393555
-8.124924659729004
-8.103397369384766
-8.113653182983398
-8.056731224060059
-8.094854354858398
-8.046847343444824
-8.067011833190918
-8.070396423339844
-7.897458076477051
-8.09821891784668
-8.039188385009766
-8.084773063659668
-8.077413558959961
-8.102347373962402
-8.113916397094727
-8.059536933898926
-8.112415313720703
-8.128520011901855
-8.040767669677734
-8.05421257019043
-8.054742813110352
-8.025108337402344
-8.090115547180176
-7.999011516571045
-8.034078598022461
-8.061570167541504
-8.09544563293457
-8.093023300170898
-8.101388931274414
-8.048320770263672
-8.098735809326172
-8.042198181152344
-7.942636966705322
-8.09659194946289
-8.027321815490723
-8.08626651763916
-8.054917335510254
-8.02478313446045
-8.098532676696777
-8.041778564453125
-7.934602737426758
-8.112759590148926
-7.946756362915039
-8.097070693969727
-8.120270729064941
-8.035794258117676
-8.079166412353516
-8.027935981750488
-7.992252349853516
-8.101140975952148
-8.002288818359375
-8.118607521057129
-8.057490348815918
-8.052583694458008
-8.113286972045898
-8.047771453857422
-8.06650161743164
-8.106791496276855
-8.0061674118042
-8.105287551879883
-8.086845397949219
-8.03965950012207
-8.105254173278809
-8.051916122436523
-8.039003372192383
-8.10159969329834
-8.020048141479492
-8.102302551269531
-8.10046100616455
-8.081591606140137
-8.123900413513184
-8.118509292602539
-8.067619323730469
-8.119338035583496
-8.103045463562012
-8.111470222473145
-8.113911628723145
-8.127265930175781
-8.049833297729492
-8.108748435974121
-8.104573249816895
-8.083995819091797
-8.123940467834473
-8.112863540649414
-8.089045524597168
-8.11715316772461
-8.127821922302246
-8.111538887023926
-8.117895126342773
-8.136542320251465
-8.050271034240723
-8.09229564666748
-8.115699768066406
-8.042875289916992
-8.107196807861328
-8.112433433532715
-8.053983688354492
-8.101592063903809
-8.081186294555664
-8.093806266784668
-8.109566688537598
-8.037413597106934
-8.079947471618652
-8.06441879272461
-8.062010765075684
-8.127171516418457
-8.128196716308594
-8.090198516845703
-8.09371280670166
-8.092827796936035
-8.016007423400879
-8.110257148742676
-8.071906089782715
-8.080077171325684
-8.116216659545898
-8.044611930847168
-8.012320518493652
-7.950465202331543
-8.005768775939941
-8.093608856201172
-8.03283405303955
-8.020082473754883
-8.110978126525879
-7.949227333068848
-8.030499458312988
-8.10422134399414
-8.04073429107666
-8.037492752075195
-8.10079574584961
-7.93679141998291
-8.0906982421875
-8.073226928710938
-8.093173027038574
-8.097046852111816
-8.101634979248047
-8.057798385620117
-8.12857723236084
-8.125290870666504
-8.098095893859863
-8.04439640045166
-8.098579406738281
-8.135066986083984
-8.033185958862305
-8.10170841217041
-8.11684799194336
-8.042479515075684
-8.066361427307129
-8.142163276672363
-8.030503273010254
-8.107826232910156
-8.079493522644043
-8.094769477844238
-8.08487606048584
-8.058927536010742
-8.116971015930176
-8.100706100463867
-8.105109214782715
-8.120675086975098
-8.069026947021484
-8.112335205078125
-8.111322402954102
-8.140986442565918
-8.074737548828125
-8.108747482299805
-8.054632186889648
-8.102495193481445
-8.052045822143555
-8.116029739379883
-8.01032543182373
-8.125445365905762
-8.053154945373535
-8.106725692749023
-8.080269813537598
-8.089937210083008
-8.106805801391602
-8.109652519226074
-8.051543235778809
-8.127662658691406
-7.920267581939697
-8.072456359863281
-8.10175609588623
-8.050884246826172
-8.095946311950684
-8.123979568481445
-8.11063289642334
-8.040170669555664
-8.12021255493164
-7.9395318031311035
-8.053278923034668
-8.08987045288086
-7.99711799621582
-8.119306564331055
-8.109440803527832
-8.06299114227295
-8.098928451538086
-8.091442108154297
-8.099778175354004
-8.084921836853027
-8.061957359313965
-8.084686279296875
-8.112184524536133
-8.125284194946289
-8.098773956298828
-8.104857444763184
-8.12605094909668
-8.13096809387207
-8.138421058654785
-8.115638732910156
-8.097476959228516
-8.070815086364746
-8.09023666381836
-8.081859588623047
-8.078203201293945
-8.099743843078613
-7.998508930206299
-7.961800575256348
-8.119933128356934
-7.890625953674316
-8.051018714904785
-8.106635093688965
-8.046963691711426
-8.007402420043945
-8.07504653930664
-8.058306694030762
-8.100311279296875
-8.107723236083984
-8.046480178833008
-8.092538833618164
-8.08029556274414
-8.0155611038208
-8.099703788757324
-8.074884414672852
-8.089509010314941
-8.127630233764648
-8.129097938537598
-8.033687591552734
-8.09557056427002
-8.074883460998535
-8.106277465820312
-8.096911430358887
-8.05993366241455
-8.102593421936035
-8.091146469116211
-8.132235527038574
-8.120838165283203
-8.120514869689941
-8.079923629760742
-8.12066650390625
-8.126724243164062
-8.112412452697754
-8.122641563415527
-8.116622924804688
-8.113605499267578
-8.118107795715332
-8.115175247192383
-8.10591983795166
-8.098410606384277
-8.107603073120117
-8.102555274963379
-8.122171401977539
-8.10390853881836
-8.123579978942871
-8.118913650512695
-8.122389793395996
-8.10755729675293
-8.08860969543457
-8.111696243286133
-8.116419792175293
-8.012530326843262
-8.110366821289062
-8.114537239074707
-8.101410865783691
-8.105121612548828
-8.100847244262695
-8.109662055969238
-8.099592208862305
-8.05473518371582
-8.103595733642578
-8.091789245605469
-8.09792709350586
-8.118104934692383
-8.00903034210205
-8.091663360595703
-8.010313987731934
-7.993292331695557
-8.133743286132812
-8.096085548400879
-8.0991792678833
-8.098223686218262
-8.074641227722168
-7.997303009033203
-8.103689193725586
-8.068873405456543
-8.10308837890625
-8.077905654907227
-7.983682632446289
-7.966562271118164
-8.085807800292969
-7.947242736816406
-8.070915222167969
-8.081914901733398
-8.03674030303955
-8.107043266296387
-8.087437629699707
-8.030851364135742
-8.10747241973877
-8.097153663635254
-8.085479736328125
-8.115118026733398
-8.09935188293457
-8.054177284240723
-8.134564399719238
-7.993014812469482
-8.096750259399414
-8.087021827697754
-8.06532096862793
-8.123053550720215
-8.046815872192383
-8.06544303894043
-8.064538955688477
-8.048480987548828
-8.113923072814941
-8.079216003417969
-8.006080627441406
-8.106891632080078
-7.982706546783447
-8.118481636047363
-8.083057403564453
-8.128344535827637
-8.129548072814941
-8.12045955657959
-8.121322631835938
-8.126734733581543
-8.063359260559082
-8.121819496154785
-8.122471809387207
-8.121115684509277
-8.12083625793457
-8.108196258544922
-8.117537498474121
-8.125459671020508
-8.120502471923828
-8.13538646697998
-8.067695617675781
-8.122550010681152
-8.083128929138184
-8.119264602661133
-8.130041122436523
-8.1043701171875
-8.123398780822754
-8.137460708618164
-8.077845573425293
-8.129032135009766
-8.095087051391602
-8.127338409423828
-8.113211631774902
-8.111001968383789
-8.121389389038086
-8.119324684143066
-8.122103691101074
-8.118852615356445
-8.11922836303711
-8.11618709564209
-8.117055892944336
-8.137701034545898
-8.122669219970703
-8.124109268188477
-8.11080551147461
-8.115217208862305
-8.109944343566895
-8.13995361328125
-8.050661087036133
-8.108060836791992
-8.109612464904785
-8.0576810836792
-8.135775566101074
-8.090978622436523
-8.024131774902344
-8.060440063476562
-8.118046760559082
-8.102282524108887
-8.126399040222168
-8.115156173706055
-8.119102478027344
-8.096054077148438
-8.125969886779785
-8.124963760375977
-8.098062515258789
-8.102555274963379
-8.107742309570312
-8.107331275939941
-8.12785530090332
-8.112565040588379
-8.130239486694336
-8.098943710327148
-8.12096881866455
-8.104552268981934
-8.086481094360352
-8.105597496032715
-8.10098934173584
-8.07629680633545
-8.130276679992676
-8.095819473266602
-8.131763458251953
-8.106401443481445
-8.123125076293945
-8.121626853942871
-8.049349784851074
-8.083812713623047
-8.14195442199707
-8.044631004333496
-8.101806640625
-7.987935543060303
-8.110503196716309
-8.050810813903809
-8.076793670654297
-8.111083030700684
-8.073906898498535
-8.097587585449219
-8.08704948425293
-8.137962341308594
-8.106093406677246
-8.120617866516113
-8.111194610595703
-8.113853454589844
-8.1089448928833
-8.109945297241211
-8.12025260925293
-8.105026245117188
-8.123184204101562
-8.114335060119629
-8.12241268157959
-8.126931190490723
-8.114126205444336
-8.10864543914795
-8.086679458618164
-8.10342025756836
-8.086947441101074
-8.10639762878418
-8.090127944946289
-8.092062950134277
-8.129215240478516
-8.084879875183105
-8.052932739257812
-8.134833335876465
-8.010908126831055
-8.068328857421875
-8.10947322845459
-7.988088607788086
-8.079339027404785
-8.02016544342041
-8.061017036437988
-8.116908073425293
-8.033461570739746
-8.119182586669922
-8.123075485229492
-8.046102523803711
-8.103686332702637
-8.077035903930664
-8.029630661010742
-8.133277893066406
-8.106476783752441
-8.126646041870117
-8.099156379699707
-8.123587608337402
-8.107759475708008
-8.130026817321777
-8.121752738952637
-8.119597434997559
-8.132509231567383
-8.092596054077148
-8.128255844116211
-8.121654510498047
-8.118398666381836
-8.14480972290039
-8.102274894714355
-8.051546096801758
-8.075819969177246
-7.8581342697143555
-8.097951889038086
-7.997196197509766
-7.940776348114014
-8.107949256896973
-8.009282112121582
-8.07730770111084
-8.124547004699707
-8.075217247009277
-8.031624794006348
-8.113199234008789
-7.948063373565674
-8.125798225402832
-8.146239280700684
-8.054831504821777
-8.117244720458984
-8.045968055725098
-8.16212272644043
-8.07906723022461
-8.113384246826172
-8.126527786254883
-8.103395462036133
-8.104144096374512
-8.157266616821289
-8.065936088562012
-8.104081153869629
-8.110363960266113
-8.033122062683105
-8.10771369934082
-8.028660774230957
-8.027316093444824
-8.115255355834961
-8.038888931274414
-8.047492980957031
-8.130999565124512
-7.974959373474121
-8.051082611083984
-8.09704875946045
-7.953124523162842
-8.104381561279297
-7.988001823425293
-8.005863189697266
-8.134904861450195
-8.017927169799805
-8.113189697265625
-8.118549346923828
-8.078113555908203
-8.043166160583496
-8.133929252624512
-8.050652503967285
-8.113908767700195
-8.116392135620117
-8.106329917907715
-8.122135162353516
-8.104437828063965
-8.124577522277832
-8.131720542907715
-8.12821102142334
-8.053862571716309
-8.133952140808105
-8.037590980529785
-8.076367378234863
-8.142319679260254
-8.05146598815918
-8.101330757141113
-8.13941478729248
-7.947696685791016
-8.070060729980469
-8.09698486328125
-7.870782852172852
-8.058059692382812
-8.035316467285156
-7.899862766265869
-8.094977378845215
-8.052003860473633
-7.980889320373535
-8.129849433898926
-8.09087085723877
-8.01052188873291
-8.089282989501953
-8.076615333557129
-8.107603073120117
-8.130763053894043
-8.114059448242188
-8.121459007263184
-8.125186920166016
-8.120424270629883
-8.051146507263184
-8.092621803283691
-8.09223461151123
-8.083423614501953
-8.115961074829102
-8.091780662536621
-8.145608901977539
-8.138361930847168
-8.125235557556152
-8.123983383178711
-8.114577293395996
-8.026179313659668
-8.1228609085083
-8.067188262939453
-8.054641723632812
-8.112245559692383
-8.012065887451172
-8.116323471069336
-8.074625968933105
-8.090078353881836
-8.114372253417969
-8.119187355041504
-8.027801513671875
-8.132375717163086
-8.063050270080566
-8.009976387023926
-8.14018726348877
-8.07333755493164
-8.023303985595703
-8.118134498596191
-8.05831527709961
-8.038079261779785
-8.123525619506836
-8.088711738586426
-8.05821704864502
-8.109856605529785
-8.102836608886719
-8.051173210144043
-8.131372451782227
-8.07150650024414
-8.07675552368164
-8.130494117736816
-8.09521770477295
-7.99271297454834
-8.142753601074219
-8.087953567504883
-8.027835845947266
-8.135051727294922
-8.02791976928711
-8.032971382141113
-8.123088836669922
-8.030083656311035
-8.117501258850098
-8.132463455200195
-8.144994735717773
-8.089079856872559
-8.120440483093262
-8.120009422302246
-8.114765167236328
-8.134014129638672
-8.097440719604492
-8.112176895141602
-8.167691230773926
-7.968441963195801
-8.06756591796875
-8.086407661437988
-7.99506950378418
-8.122899055480957
-8.039348602294922
-8.012614250183105
-8.131433486938477
-8.082151412963867
-8.05372428894043
-8.11739730834961
-8.074146270751953
-8.096171379089355
-8.103941917419434
-8.069652557373047
-8.124753952026367
-8.135542869567871
-8.134982109069824
-8.125956535339355
-8.125561714172363
-8.120872497558594
-8.13448715209961
-8.105652809143066
-8.12375259399414
-8.120779991149902
-8.111907958984375
-8.131625175476074
-8.082473754882812
-8.129692077636719
-8.121190071105957
-8.117192268371582
-8.098570823669434
-8.125322341918945
-8.112956047058105
-8.132659912109375
-8.046772003173828
-8.12149715423584
-8.11563491821289
-8.079760551452637
-8.130167961120605
-8.088821411132812
-8.1182222366333
-8.127615928649902
-8.143672943115234
-8.091439247131348
-8.139128684997559
-7.9116973876953125
-8.123326301574707
-8.113883972167969
-8.061378479003906
-8.137351989746094
-8.136072158813477
-8.040613174438477
-8.145476341247559
-8.137395858764648
-8.120871543884277
-8.124650001525879
-8.136752128601074
-8.135607719421387
-8.093393325805664
-8.13558292388916
-8.141592025756836
-8.141999244689941
-8.109675407409668
-8.116645812988281
-8.126809120178223
-8.079776763916016
-8.101236343383789
-8.09244441986084
-8.089683532714844
-8.094715118408203
-8.029892921447754
-8.095990180969238
-8.050453186035156
-8.092700004577637
-8.05413818359375
-8.0786771774292
-8.14566421508789
-8.106671333312988
-8.123000144958496
-8.1193265914917
-8.106424331665039
-8.052143096923828
-8.125685691833496
-8.003183364868164
-8.107284545898438
-8.150720596313477
-8.056511878967285
-8.09022045135498
-8.050582885742188
-8.088157653808594
-8.109193801879883
-8.086983680725098
-8.099533081054688
-8.115714073181152
-8.102068901062012
-8.119189262390137
-8.079397201538086
-8.128094673156738
-8.12840461730957
-8.074134826660156
-8.14210319519043
-8.071925163269043
-8.046218872070312
-8.104915618896484
-8.127151489257812
-8.06771469116211
-8.131393432617188
-8.087015151977539
-8.111472129821777
-8.078932762145996
-8.115949630737305
-8.127819061279297
-8.135051727294922
-8.138861656188965
-8.133573532104492
-8.144575119018555
-8.104312896728516
-8.074297904968262
-8.126654624938965
-8.109658241271973
-8.12295150756836
-8.119376182556152
-8.08530330657959
-8.113777160644531
-8.112360000610352
-8.094670295715332
-8.126343727111816
-8.095331192016602
-8.128439903259277
-8.117323875427246
-8.112022399902344
-8.126176834106445
-8.023677825927734
-8.155900955200195
-8.13490104675293
-8.121211051940918
-8.157780647277832
-8.131385803222656
-8.104909896850586
-8.103904724121094
-8.139034271240234
-8.120819091796875
-8.069729804992676
-8.14551067352295
-8.129202842712402
-8.116065979003906
-8.121170997619629
-8.125417709350586
-8.151541709899902
-7.99645471572876
-8.133316993713379
-8.084449768066406
-8.039408683776855
-8.118985176086426
-8.095499038696289
-8.130167007446289
-8.153350830078125
-8.065320014953613
-8.136702537536621
-8.12314224243164
-8.04619026184082
-8.133851051330566
-8.12943172454834
-8.132962226867676
-8.129131317138672
-8.122997283935547
-8.12137222290039
-8.127704620361328
-8.10089111328125
-8.144455909729004
-8.078864097595215
-8.126657485961914
-8.077022552490234
-8.089143753051758
-8.123562812805176
-8.083821296691895
-8.112959861755371
-8.14426326751709
-8.091432571411133
-8.099581718444824
-8.122599601745605
-8.135725975036621
-8.125314712524414
-8.12480354309082
-8.156726837158203
-8.10720443725586
-8.125296592712402
-8.092259407043457
-8.061736106872559
-8.107734680175781
-8.07274341583252
-8.119805335998535
-8.134868621826172
-8.074161529541016
-8.132181167602539
-8.148061752319336
-8.11089038848877
-8.114999771118164
-8.132137298583984
-8.09101390838623
-8.128572463989258
-8.103581428527832
-8.12376594543457
-8.124804496765137
-8.114398956298828
-8.130500793457031
-8.047017097473145
-8.084070205688477
-8.124652862548828
-8.003161430358887
-8.125865936279297
-8.093301773071289
-8.072932243347168
-8.139287948608398
-8.14270305633545
-8.113348960876465
-8.124579429626465
-8.111404418945312
-8.113821029663086
-8.149574279785156
-8.071318626403809
-8.08059024810791
-8.108848571777344
-8.119637489318848
-8.096929550170898
-8.10974407196045
-8.133781433105469
-8.121393203735352
-8.145295143127441
-8.132757186889648
-8.09280776977539
-8.124926567077637
-8.12726879119873
-8.134149551391602
-8.118278503417969
-8.11546802520752
-8.078434944152832
-8.132122993469238
-8.11326789855957
-8.11688232421875
-8.100823402404785
-8.123268127441406
-8.123746871948242
-8.133899688720703
-8.159274101257324
-8.058683395385742
-8.13842487335205
-8.111594200134277
-8.07524299621582
-8.11955738067627
-8.051606178283691
-8.131436347961426
-8.113463401794434
-8.099858283996582
-8.123064994812012
-8.104684829711914
-8.060750007629395
-8.116507530212402
-8.095013618469238
-8.124711036682129
-8.126891136169434
-8.101653099060059
-8.117263793945312
-8.136311531066895
-8.107148170471191
-8.097214698791504
-8.074712753295898
-8.061381340026855
-8.134811401367188
-8.088101387023926
-8.105546951293945
-8.064927101135254
-8.096551895141602
-8.138458251953125
-8.072750091552734
-8.117203712463379
-8.100581169128418
-8.133105278015137
-8.1100492477417
-8.145421981811523
-8.015023231506348
-8.137130737304688
-8.130695343017578
-8.024521827697754
-8.133816719055176
-8.056612014770508
-8.10203742980957
-8.14955997467041
-8.040263175964355
-8.10631275177002
-8.058327674865723
-8.13436222076416
-8.137566566467285
-8.027997970581055
-8.13672924041748
-8.124344825744629
-8.157663345336914
-8.119393348693848
-8.129261016845703
-8.108695030212402
-8.139470100402832
-8.120294570922852
-8.127474784851074
-8.111313819885254
-8.10854721069336
-8.099682807922363
-8.130252838134766
-8.133676528930664
-8.12828540802002
-8.119543075561523
-8.139784812927246
-8.066865921020508
-8.1309814453125
-8.124817848205566
-8.04919147491455
-8.149063110351562
-8.125289916992188
-8.129936218261719
-8.122191429138184
-8.133337020874023
-8.098443031311035
-8.123982429504395
-8.139862060546875
-8.13815689086914
-8.141339302062988
-8.11678695678711
-8.144124984741211
-8.136468887329102
-8.149624824523926
-8.103410720825195
-8.138330459594727
-8.133426666259766
-8.122750282287598
-8.127899169921875
-8.127345085144043
-8.132975578308105
-8.138833045959473
-8.118423461914062
-8.134251594543457
-8.136638641357422
-8.1197509765625
-8.075322151184082
-8.095532417297363
-8.13379955291748
-8.033379554748535
-8.11734390258789
-8.095009803771973
-8.03919506072998
-8.132017135620117
-8.080252647399902
-8.02588939666748
-8.121942520141602
-8.129121780395508
-8.059284210205078
-8.105264663696289
-8.054262161254883
-8.035663604736328
-8.132832527160645
-7.996426105499268
-8.135751724243164
-8.11943244934082
-8.07174015045166
-8.09084701538086
-8.124133110046387
-8.145440101623535
-8.12942886352539
-8.10974407196045
-8.105405807495117
-8.115191459655762
-8.109325408935547
-8.131719589233398
-8.134921073913574
-8.142584800720215
-8.140270233154297
-8.135327339172363
-8.142273902893066
-8.098814964294434
-8.140893936157227
-8.10828971862793
-8.114161491394043
-8.107595443725586
-8.11062240600586
-8.124088287353516
-8.11579418182373
-8.10089111328125
-8.105745315551758
-8.139629364013672
-8.080851554870605
-8.1019926071167
-8.133475303649902
-8.094649314880371
-8.11959457397461
-8.1246919631958
-8.067495346069336
-8.119553565979004
-8.111920356750488
-8.124621391296387
-8.108814239501953
-8.126426696777344
-8.059610366821289
-8.136880874633789
-8.124349594116211
-8.113838195800781
-8.120736122131348
-8.124269485473633
-8.156989097595215
-8.036715507507324
-8.12056827545166
-8.085598945617676
-8.101655960083008
-8.101816177368164
-8.072736740112305
-8.140159606933594
-8.010468482971191
-8.117506980895996
-8.076948165893555
-8.110152244567871
-8.064522743225098
-8.083939552307129
-7.995541572570801
-8.10062313079834
-8.061559677124023
-8.061042785644531
-8.10932445526123
-8.061445236206055
-8.038664817810059
-8.110936164855957
-8.102852821350098
-8.141132354736328
-8.128656387329102
-8.149343490600586
-8.13422966003418
-8.142851829528809
-8.147921562194824
-8.109782218933105
-8.132207870483398
-8.106256484985352
-8.100944519042969
-8.114053726196289
-8.038558006286621
-8.116219520568848
-8.138117790222168
-7.967683792114258
-8.118721961975098
-8.072378158569336
-7.937831401824951
-8.142067909240723
-8.121829986572266
-8.071539878845215
-8.119725227355957
-8.117720603942871
-8.08220100402832
-8.128353118896484
-8.093199729919434
-8.13296890258789
-8.1447114944458
-8.128196716308594
-8.126321792602539
-8.129511833190918
-8.0901517868042
-8.153399467468262
-8.14253044128418
-8.121973991394043
-8.123818397521973
-8.121539115905762
-8.128355026245117
-8.136436462402344
-8.139013290405273
-8.112634658813477
-8.122149467468262
-8.135177612304688
-8.110218048095703
-8.118297576904297
-8.078062057495117
-8.134843826293945
-8.133805274963379
-8.140761375427246
-8.05187702178955
-8.122169494628906
-8.130722999572754
-8.099475860595703
-8.124958992004395
-8.10494327545166
-8.1322021484375
-8.127511978149414
-8.114323616027832
-8.140231132507324
-8.12459945678711
-8.095220565795898
-8.126891136169434
-8.165050506591797
-8.131793022155762
-8.134134292602539
-8.131073951721191
-8.133956909179688
-8.143401145935059
-8.164904594421387
-8.086403846740723
-8.137594223022461
-8.098438262939453
-8.096855163574219
-8.06632137298584
-8.11789608001709
-8.140978813171387
-8.102482795715332
-8.149045944213867
-8.149063110351562
-8.08022689819336
-8.122472763061523
-8.11857795715332
-8.132254600524902
-8.1118803024292
-8.135344505310059
-8.077146530151367
-8.116883277893066
-8.137833595275879
-8.138879776000977
-8.130781173706055
-8.139534950256348
-8.126114845275879
-8.153558731079102
-8.105392456054688
-8.076080322265625
-8.08714485168457
-8.137258529663086
-8.028223991394043
-8.126676559448242
-8.11756420135498
-8.028711318969727
-8.129426002502441
-8.115813255310059
-7.977299690246582
-8.076197624206543
-8.097697257995605
-8.035476684570312
-8.141802787780762
-8.076966285705566
-8.09665584564209
-8.123356819152832
-8.1383695602417
-8.151350021362305
-8.10269832611084
-8.117607116699219
-8.102668762207031
-8.157581329345703
-8.122453689575195
-8.137097358703613
-8.118332862854004
-8.116827011108398
-8.001518249511719
-8.116950988769531
-8.057760238647461
-8.067039489746094
-8.122406959533691
-8.051305770874023
-8.112777709960938
-8.141498565673828
-8.098833084106445
-8.130084991455078
-8.156673431396484
-8.161453247070312
-8.099381446838379
-8.120936393737793
-8.102469444274902
-8.130182266235352
-8.137470245361328
-8.138301849365234
-8.115681648254395
-8.124259948730469
-8.137137413024902
-8.090614318847656
-8.134411811828613
-8.058401107788086
-8.103164672851562
-8.050398826599121
-8.111513137817383
-8.117199897766113
-8.098958015441895
-8.04096508026123
-8.11815071105957
-8.08259105682373
-8.13056755065918
-8.031906127929688
-8.1011323928833
-8.117267608642578
-8.084515571594238
-8.129714965820312
-8.144389152526855
-8.140552520751953
-8.133687973022461
-8.141717910766602
-8.143986701965332
-8.118715286254883
-8.124105453491211
-8.103355407714844
-8.14144515991211
-8.106918334960938
-8.139801025390625
-8.094466209411621
-8.135884284973145
-8.15064811706543
-8.132264137268066
-8.141801834106445
-8.137248992919922
-8.09595775604248
-8.149133682250977
-8.136219024658203
-8.127728462219238
-8.103919982910156
-8.048824310302734
-8.121482849121094
-8.129351615905762
-8.1007719039917
-8.13778018951416
-8.115297317504883
-8.127152442932129
-8.145910263061523
-8.105048179626465
-8.109889030456543
-8.079070091247559
-8.06151008605957
-8.100135803222656
-8.077208518981934
-8.059613227844238
-8.124049186706543
-7.923974990844727
-7.9873857498168945
-8.106264114379883
-8.034628868103027
-7.816040992736816
-8.10695743560791
-8.024263381958008
-7.992708206176758
-8.152631759643555
-8.117532730102539
-8.023028373718262
-8.078963279724121
-8.070687294006348
-8.058517456054688
-8.095035552978516
-8.086846351623535
-8.06466007232666
-8.108305931091309
-8.095423698425293
-8.139976501464844
-8.123300552368164
-8.133841514587402
-8.126657485961914
-8.152587890625
-8.092070579528809
-8.140974998474121
-8.111543655395508
-8.122838973999023
-8.132515907287598
-8.057122230529785
-8.126778602600098
-8.127755165100098
-8.050419807434082
-8.137605667114258
-8.106086730957031
-8.124429702758789
-8.077862739562988
-8.137462615966797
-8.056166648864746
-8.008598327636719
-8.103354454040527
-8.08798599243164
-8.122398376464844
-8.114884376525879
-8.044673919677734
-8.1595458984375
-8.090176582336426
-8.133505821228027
-8.13427448272705
-8.13570499420166
-8.147185325622559
-8.128787994384766
-8.138606071472168
-8.11213207244873
-8.135197639465332
-8.135978698730469
-8.146023750305176
-8.142358779907227
-8.038082122802734
-8.12047004699707
-8.064690589904785
-8.134870529174805
-8.078971862792969
-8.133379936218262
-8.143646240234375
-8.155144691467285
-8.131400108337402
-8.146862983703613
-8.132416725158691
-8.085702896118164
-8.146003723144531
-8.165199279785156
-8.037978172302246
-8.135183334350586
-8.10590648651123
-8.11202621459961
-8.119905471801758
-8.091064453125
-8.071654319763184
-8.117669105529785
-8.073772430419922
-8.009422302246094
-8.14271068572998
-8.101341247558594
-8.101800918579102
-8.13669490814209
-8.079245567321777
-8.082366943359375
-8.14271354675293
-8.109989166259766
-8.117904663085938
-8.140987396240234
-8.098784446716309
-8.145193099975586
-8.133312225341797
-8.129791259765625
-8.140477180480957
-8.13617992401123
-8.145702362060547
-8.124794960021973
-8.141541481018066
-8.138111114501953
-8.111940383911133
-8.134732246398926
-8.135296821594238
-8.128042221069336
-8.13249397277832
-8.131572723388672
-8.127138137817383
-8.146768569946289
-8.148401260375977
-8.137554168701172
-8.137208938598633
-8.14008903503418
-8.130939483642578
-8.13737964630127
-8.134821891784668
-8.137900352478027
-8.128169059753418
-8.147917747497559
-8.151268005371094
-8.08333969116211
-8.107333183288574
-8.093717575073242
-8.134780883789062
-8.064847946166992
-8.056615829467773
-8.121010780334473
-8.016535758972168
-8.128247261047363
-8.077197074890137
-8.099258422851562
-8.13321304321289
-8.117091178894043
-8.031144142150879
-8.138148307800293
-8.113673210144043
-8.066484451293945
-8.122138023376465
-8.125066757202148
-7.9523396492004395
-8.166679382324219
-8.095864295959473
-8.121996879577637
-8.129931449890137
-8.146383285522461
-8.124002456665039
-8.116039276123047
-8.097376823425293
-8.085304260253906
-8.065909385681152
-8.155699729919434
-8.061905860900879
-8.163002014160156
-8.134023666381836
-8.12353801727295
-8.136837005615234
-8.11170768737793
-8.150864601135254
-8.087624549865723
-8.09981632232666
-8.104665756225586
-8.048746109008789
-8.123844146728516
-8.111711502075195
-8.088153839111328
-8.130478858947754
-8.108585357666016
-8.1262788772583
-8.134931564331055
-8.114922523498535
-8.135821342468262
-8.132697105407715
-8.121550559997559
-8.129759788513184
-8.126885414123535
-8.14765739440918
-8.134521484375
-8.152941703796387
-8.083442687988281
-8.109447479248047
-8.100106239318848
-8.119428634643555
-8.113438606262207
-8.159229278564453
-8.01461124420166
-8.119932174682617
-8.15761661529541
-8.022333145141602
-8.139750480651855
-8.123664855957031
-8.102034568786621
-8.111767768859863
-8.139276504516602
-8.124979019165039
-8.156034469604492
-8.113090515136719
-8.116604804992676
-8.099712371826172
-8.130790710449219
-8.116973876953125
-8.11269760131836
-8.12993049621582
-8.131909370422363
-8.139851570129395
-8.13768196105957
-8.14272403717041
-8.14536190032959
-8.148554801940918
-8.130805015563965
-8.142219543457031
-8.11417293548584
-8.142239570617676
-8.111917495727539
-8.141552925109863
-8.121793746948242
-8.123661041259766
-8.115483283996582
-8.099348068237305
-8.150429725646973
-8.098716735839844
-8.099772453308105
-8.131969451904297
-8.072750091552734
-8.133017539978027
-8.061253547668457
-8.13303279876709
-8.130044937133789
-8.152928352355957
-8.122969627380371
-8.142040252685547
-8.10538101196289
-8.145867347717285
-8.102777481079102
-8.103424072265625
-8.139902114868164
-8.05353832244873
-8.136752128601074
-8.110038757324219
-8.13448429107666
-8.115026473999023
-8.097075462341309
-8.136475563049316
-8.104320526123047
-8.111416816711426
-8.130859375
-8.126935958862305
-8.119342803955078
-8.12523365020752
-8.130035400390625
-8.128060340881348
-8.091695785522461
-8.150382041931152
-8.122830390930176
-8.11467456817627
-8.15772533416748
-8.118948936462402
-8.110250473022461
-8.139203071594238
-8.138599395751953
-8.140816688537598
-8.131945610046387
-8.152326583862305
-8.139758110046387
-8.126801490783691
-8.057827949523926
-8.156801223754883
-8.084073066711426
-8.117701530456543
-8.13849925994873
-8.096043586730957
-8.142134666442871
-8.126445770263672
-8.125462532043457
-8.151344299316406
-8.129356384277344
-8.1376953125
-8.116353988647461
-8.124208450317383
-8.140898704528809
-8.143433570861816
-8.132001876831055
-8.148741722106934
-8.15614128112793
-8.07275676727295
-8.151782035827637
-8.071208000183105
-8.0731201171875
-8.110038757324219
-8.004923820495605
-8.138605117797852
-8.034488677978516
-8.024892807006836
-8.140865325927734
-7.9766645431518555
-8.033454895019531
-8.13648509979248
-8.029813766479492
-8.153820037841797
-8.139827728271484
-8.096726417541504
-8.131563186645508
-8.126955032348633
-8.115349769592285
-8.15811824798584
-8.141332626342773
-8.165236473083496
-8.114459991455078
-8.102594375610352
-8.130287170410156
-8.075928688049316
-8.156715393066406
-8.109610557556152
-8.121726989746094
-8.122261047363281
-8.135787963867188
-8.142621994018555
-8.127436637878418
-8.145150184631348
-8.104687690734863
-8.129411697387695
-8.13758373260498
-8.115679740905762
-8.147300720214844
-8.13316822052002
-8.10911750793457
-8.122593879699707
-8.073974609375
-8.094470024108887
-8.127429008483887
-8.078125
-8.136445999145508
-8.079907417297363
-8.1296968460083
-8.128843307495117
-8.113432884216309
-8.115400314331055
-8.083112716674805
-8.079294204711914
-8.107009887695312
-8.064016342163086
-8.131367683410645
-8.144320487976074
-8.14743423461914
-8.127044677734375
-8.133637428283691
-8.13356876373291
-8.14067268371582
-8.122293472290039
-8.135775566101074
-8.15579605102539
-8.153040885925293
-8.124075889587402
-8.133439064025879
-8.1613130569458
-8.115639686584473
-8.089268684387207
-8.119136810302734
-8.081626892089844
-8.116171836853027
-8.141359329223633
-8.053647994995117
-8.145464897155762
-8.031195640563965
-8.042495727539062
-8.102622032165527
-8.005646705627441
-8.111584663391113
-8.111329078674316
-8.06231689453125
-8.121917724609375
-8.09281063079834
-8.13128662109375
-8.139485359191895
-8.073807716369629
-8.10766315460205
-8.139107704162598
-8.114498138427734
-8.122337341308594
-8.128913879394531
-8.108451843261719
-8.148659706115723
-8.134737968444824
-8.123909950256348
-8.134294509887695
-8.0868501663208
-8.122589111328125
-8.111152648925781
-8.089241027832031
-8.087142944335938
-8.107261657714844
-8.146642684936523
-8.171448707580566
-8.0274658203125
-8.056975364685059
-8.064177513122559
-7.946384906768799
-8.150601387023926
-8.101688385009766
-8.141947746276855
-8.148563385009766
-8.1306791305542
-8.100836753845215
-8.133011817932129
-8.120434761047363
-8.137834548950195
-8.146585464477539
-8.088010787963867
-8.147331237792969
-8.135231971740723
-8.103742599487305
-8.135580062866211
-8.104400634765625
-8.111145973205566
